20 A C D E F G H I K L M N P Q R S T V W Y
2048
0.007514532822912236 0.0654412563224215 0.0246587463780488 0.0559949708771302 0.0632052644062884 0.0488980110180230 0.0571611165743794 0.0289021987602579 0.0575173105709054 0.0591125091205833 0.0809943205150864 0.0231205488896112 0.0487360477595565 0.0406754515495896 0.0490670799364263 0.0588620078761551 0.0639146337538817 0.0564405332494960 0.0663698784398454 0.0136553372134464 0.0372727767888678
0.0056828414973884986 0.0612623216560853 0.0063874724059854 0.0567247325118721 0.0615035780464493 0.0498725153757147 0.0613307688747917 0.0263181982941476 0.0564124760293009 0.0641660758352108 0.0738665824183672 0.0207888945722754 0.0535367673067813 0.0450017669040966 0.0517827296056308 0.0579831295886754 0.0628354073731389 0.0589376907960143 0.0658634288646565 0.0157822189965315 0.0496432445442744
0.0056649588763582805 0.0631472590906222 0.0199320386841352 0.0529880687589268 0.0624791359019639 0.0391854199084165 0.0586639212300801 0.0264388356069991 0.0599692502101922 0.0608440941890561 0.1251408892449581 0.0210441196611760 0.0346660286671207 0.0356943298758133 0.0495885556749242 0.0592809313404006 0.0641227249589347 0.0557057597553419 0.0654565475696765 0.0158260729397328 0.0298260167315291
0.0054950739765712115 0.0645086795630982 0.0162168559972684 0.0528567123709940 0.0647636400636787 0.0367993685577962 0.0527692153560731 0.0243204916044980 0.0603306398818204 0.0615477561726291 0.1550207418456929 0.0232520182325760 0.0462097984578789 0.0276933164255032 0.0463200047922521 0.0534917270189648 0.0610446193000801 0.0542060168399890 0.0612743279062357 0.0077077059597210 0.0296663636532500
0.005105488304127181 0.0640999827206534 0.0170778605687135 0.0581497361835502 0.0692114108142378 0.0385041230861829 0.0564763832294974 0.0315990919246266 0.0600900075180888 0.0671281160216836 0.0801149417193802 0.0228946938945252 0.0550110942995088 0.0326387442111790 0.0549459002931043 0.0618953158848684 0.0690408901322612 0.0586966678123816 0.0642667164005307 0.0057895784123797 0.0323687448726466
0.004947099375002395 0.0696684601691914 0.0167554816657068 0.0533499325457975 0.0599191032505281 0.0347855203761680 0.0615872256958852 0.0239055657332680 0.0599446401896060 0.0549002869220489 0.0856517376558142 0.0200461265841936 0.0372647045295000 0.0334707490236737 0.0381526750053831 0.1181902656889977 0.0621173315485244 0.0573921989936138 0.0686534251277333 0.0132685613130261 0.0309760079813399
0.0047899877759511955 0.0656044261463966 0.0141266016405291 0.0589577947735072 0.0608645015410486 0.0335395704101330 0.1175331685528840 0.0235807221420664 0.0539952261105396 0.0579045964689491 0.0776931232881316 0.0191199221165613 0.0478114049842581 0.0432059913087239 0.0387992123209248 0.0576286700381587 0.0629212847403747 0.0567022954092017 0.0640909716203731 0.0166389977053986 0.0292815186818401
0.004786155785730435 0.0654253818856213 0.0151580382039206 0.0558205746995027 0.0625602628823986 0.0336824010637563 0.0592000233928127 0.0229064336762953 0.0592148409336727 0.1128365017918086 0.0822639462587654 0.0212469625952343 0.0476206797459865 0.0327610263882258 0.0446672224542289 0.0612305761437345 0.0609118067664459 0.0560220924811383 0.0643280726027963 0.0125061660334467 0.0296369900002087
0.004704406661020868 0.0681659751130002 0.0174698149645371 0.0545403545583909 0.0603414643401328 0.0388003993735983 0.0610304615625159 0.0265466152568112 0.0595979609781224 0.0578267257703273 0.0831395902423721 0.0220734448043638 0.0373684976527921 0.0343812910149860 0.0398680430346076 0.0587013583372022 0.0644902481897699 0.0583747591710185 0.0660832419880057 0.0579139609438059 0.0332857927036401
0.0046047749152810825 0.0644563946283317 0.0197361328354726 0.0519818031942356 0.0645520047474005 0.0389874710142571 0.0516730476341103 0.0247959735235565 0.0659846338865093 0.0604359939970169 0.1155141350593569 0.0278234451159338 0.0506775852419705 0.0291053821083240 0.0477578828494926 0.0572592328991683 0.0661685208966934 0.0573533634172224 0.0690686338027318 0.0057021791301509 0.0309661840180646
0.0044348900154940136 0.0684018546874671 0.0142042939762376 0.0535101658774257 0.0599060064661267 0.0335786440204060 0.0622329046316904 0.0222908250908877 0.0553754604653447 0.0529578466913105 0.0801064857565816 0.0201781289924605 0.0346375823718472 0.1086133522727430 0.0441284953685929 0.0577785310339029 0.0629417696805028 0.0587880057277986 0.0652757321627714 0.0151777735337556 0.0299161411921468
0.004353140890784446 0.0677220391724011 0.0230273910026913 0.0538969015920825 0.0598488355155946 0.0355326387323750 0.0580178027896309 0.0266056346149800 0.0555709399705638 0.0587794171621647 0.0804989577624747 0.0200254947729564 0.0513102780512083 0.0328236344774773 0.0411101017180156 0.0564346914003892 0.1119115355997416 0.0616635843563712 0.0632177748937320 0.0125237885460444 0.0294785578691055
0.004212634582689878 0.0683876984187407 0.0154765435870162 0.0545188971837715 0.0630069269654074 0.0331061191475836 0.0575020789924635 0.0229365995297013 0.0577856961340912 0.0578696810041307 0.0809388438032487 0.0200639531805059 0.0479035135337626 0.0342652049654792 0.0460673437978601 0.0579650757274883 0.0655642605746247 0.1109701929230286 0.0650042301981924 0.0125205313235199 0.0281466090093838
0.004055522983638679 0.1118565970251810 0.0120500142633053 0.0579790849621288 0.0656995493457483 0.0361077378488290 0.0621633672991292 0.0244616599586719 0.0565285048777218 0.0612227537433221 0.0748537961073096 0.0184893184876686 0.0444916139297955 0.0379363629524517 0.0477087765362852 0.0574551443659531 0.0622694777941195 0.0574851536676453 0.0650634942219264 0.0149508881157519 0.0312267044970557
0.00402103507165183 0.0674318749368971 0.0131233328332420 0.0604492217557165 0.1143174037330874 0.0343545588728517 0.0598569724675337 0.0242441748707061 0.0562689825727478 0.0614835726308932 0.0774320364983068 0.0194784927762125 0.0441564028065718 0.0353562887619289 0.0478167484900301 0.0564808844847897 0.0610513966984746 0.0567575098847238 0.0629753584731770 0.0158369642262326 0.0311278222258767
0.00396610987848759 0.0647098400770147 0.0062545285799385 0.0539362881488935 0.0594619597077542 0.0482281868705901 0.0579244282171089 0.0228068651649183 0.0566649788638559 0.0566737737360104 0.1207726173062963 0.0237477230797527 0.0472964028068718 0.0458740417515285 0.0473447523453571 0.0556175977737548 0.0582443463094427 0.0586807901247672 0.0675287746833868 0.0143729063467370 0.0338591981060205
0.003879251433483675 0.0711707856992390 0.0130998040678597 0.0546923377379149 0.0587263381354741 0.0352056636991762 0.0611877738150724 0.0239491975019208 0.0597436686494629 0.0562350404954096 0.0823865377594344 0.0214274283367068 0.1165742678334460 0.0295816450455887 0.0358134255838742 0.0531342807305022 0.0613995218999688 0.0564104485997386 0.0658549636395480 0.0117329276678580 0.0316739431018050
0.0038511501718647614 0.0669219385459712 0.0149494925153263 0.0544330813107464 0.0595167296269708 0.0376150001589061 0.0619767973192206 0.0233049336190695 0.0632658248096009 0.0552846999627877 0.0770749970528653 0.0211601125539132 0.0356668428485132 0.0472820031318409 0.0333563873519474 0.0584254861224435 0.0606035648013259 0.0594344627210087 0.1201489789758053 0.0171012304370993 0.0324774361346375
0.00377961968774389 0.0638758191854364 0.0152409141615376 0.0635083628582236 0.1171710284627050 0.0321554079177513 0.0556218685608315 0.0220211911626172 0.0618678844990321 0.0597287428528306 0.0967764419050598 0.0224786566920770 0.0467816208643086 0.0276435402461677 0.0476117568506630 0.0504315902986304 0.0621146075361212 0.0538603050978791 0.0663478694932844 0.0071992979236799 0.0275630934311636
0.0036876519224456274 0.1122303074745046 0.0136766581791888 0.0580290457356804 0.0671816019097191 0.0270113605451700 0.0563860423435880 0.0259251521454260 0.0572722917834544 0.0569677293755666 0.0904765143521018 0.0214161542095246 0.0506256408392147 0.0294453814277808 0.0549385962360890 0.0614498973085537 0.0655816455191574 0.0560986934872757 0.0656055131633968 0.0054591167374059 0.0242226572272013
0.003482001780598123 0.0652035673004709 0.0139476790077620 0.0501128776278434 0.0568834728030632 0.0414345553471185 0.0536908796636623 0.0226895623099553 0.0541436660061380 0.0529387653665645 0.1982958012939807 0.0224986182561009 0.0420553521873647 0.0268517023092270 0.0442017671549619 0.0523407416395174 0.0575274248705079 0.0497084314183985 0.0604235398022649 0.0088148496338834 0.0262367460012143
0.0034449592084641 0.0676501011458347 0.0143995992843284 0.1122787346951306 0.0614968498767382 0.0342480506272487 0.0640221446688581 0.0249086947904163 0.0547564463008194 0.0578217500370899 0.0766160170374016 0.0191227673817346 0.0526969475941811 0.0361911479476335 0.0367319924740362 0.0568452458662222 0.0615969986314342 0.0578346833491597 0.0634029828219808 0.0159093062962682 0.0314695391734838
0.00343218590772823 0.0680285365700116 0.0147343325132465 0.0503614221547354 0.0597068347210418 0.0590018595626521 0.0562182176753544 0.0233120497607465 0.0609413836934503 0.0571966379919795 0.0846666167565143 0.0217621547710237 0.0383869754993059 0.0280174626326930 0.0316778690208935 0.0504375641690546 0.0599219342347419 0.0523540526502703 0.0658768255882156 0.0075740192703921 0.1098232507636770
0.003418135276918773 0.0655593104339298 0.0168369472727343 0.0545498615645642 0.0645515291732923 0.0402874114214044 0.0569163296693248 0.0235507095777687 0.1058982584465490 0.0634670184406082 0.0807928130650158 0.0240723029924233 0.0462702386347724 0.0328660785368448 0.0367478384549853 0.0547213538996892 0.0624734883693237 0.0578007767573016 0.0698214934597119 0.0110761862353556 0.0317400535944007
0.003411748626550838 0.0647696905195731 0.0149937099805429 0.0553133798843311 0.0660188320586283 0.0351532908999912 0.1155012497456774 0.0228028420838817 0.0648906723911812 0.0622543726643781 0.0871540214103034 0.0203962911347843 0.0500013168216005 0.0276015927833539 0.0450009219245754 0.0533505113746013 0.0609335806737104 0.0525690618198047 0.0669549423626918 0.0062543030331540 0.0280854164332352
0.0033146715409582274 0.0687524752322077 0.0141540174707132 0.0534824305959619 0.0637974670609829 0.1085840790644344 0.0552870027054542 0.0237559196065747 0.0605723007413026 0.0598461547288140 0.0776685678949718 0.0199881331620057 0.0441170834631225 0.0295028020371319 0.0350631390486066 0.0531671289376609 0.0637903521962775 0.0550106314376118 0.0646064347207842 0.0066729440967200 0.0421809357986616
0.0032022664944825726 0.0662406390239127 0.0146605811138654 0.0558843936509981 0.0540252176409334 0.0414673872500769 0.1691912047372130 0.0240958522223808 0.0563449963852308 0.0499590817263839 0.0754580258963787 0.0201138956876639 0.0383822959880232 0.0304550065453048 0.0312559691342304 0.0561779431479017 0.0563378980699330 0.0517744791661316 0.0642593391367748 0.0131075567901906 0.0308082366864724
0.003198434504261812 0.1115912635515811 0.0146009333657435 0.0581804000548890 0.0604132899360822 0.0324736173049838 0.0664698213950855 0.0277614135016940 0.0525646497788731 0.0262990756582213 0.1173099599940431 0.0192642863948573 0.0258090959774468 0.0446479568203604 0.0499082907008377 0.0712877699205477 0.0551266935738830 0.0559676105794756 0.0697835358689104 0.0161114736960242 0.0244288619264604
0.0031371226607296364 0.1583870788989558 0.0158752454632092 0.0531110744625242 0.0595970773106701 0.0353628879336297 0.0605646573257713 0.0258390439821534 0.0545403934063962 0.0379720617135687 0.0814787739977355 0.0202260381545461 0.0309627515504604 0.0286505769395322 0.0502683614332630 0.0597357565803877 0.0642108606205551 0.0554502889904304 0.0634895074303986 0.0141147924644105 0.0301627713414021
0.003082197467565396 0.0736040125414764 0.0120343382803978 0.0507343092975964 0.0545080215514481 0.0442028144226502 0.0605733096959587 0.0239632462496256 0.0556005897835613 0.0313790610987172 0.1712598038723358 0.0217338589493509 0.0301774123673056 0.0365706633830372 0.0463178101958239 0.0623628880820513 0.0560107154211382 0.0544100265075495 0.0650598561602244 0.0217528767539769 0.0277443853857745
0.003065592176608765 0.0750296031081898 0.0131997672033548 0.0553883296065161 0.0634135551414487 0.0290661145646872 0.0584236930695513 0.0269869706092551 0.0518224593435913 0.0600563035612237 0.0750637460335991 0.0200115542527947 0.0503793172662456 0.0297203413428728 0.1090393020958343 0.0615495940290924 0.0654193293723423 0.0584467475919562 0.0606620391197363 0.0103207934308640 0.0260004392568442
0.0030515415457993086 0.0662486978056112 0.0144650246728272 0.0502479667848293 0.0576886019601092 0.0337486401273621 0.0551276433514544 0.0220568852980096 0.0651257158478536 0.0530806126553981 0.1359283029884123 0.0210386786099128 0.0315682018811403 0.0301245590989832 0.0343659428526681 0.0534552838906772 0.0588236723931138 0.0576686122108939 0.1232243274042642 0.0096120909872429 0.0264005391792365
0.0029710697511633284 0.0702882697449667 0.0099773886018550 0.0673123700822050 0.1045339594936535 0.0263313034372820 0.0544833337858494 0.0268139623962025 0.0335887728297050 0.0988954386442229 0.0630394799448942 0.0160464386268412 0.0578542823093861 0.0285088682696375 0.0631074585321621 0.0642884837663283 0.0674259217488466 0.0614489552956883 0.0509897224184985 0.0091763144490722 0.0258892756227030
0.0028573873746140866 0.0672332031251935 0.0115052263878187 0.0599199919366606 0.1660300527969011 0.0300073847743735 0.0534550602011832 0.0224805087644806 0.0555411095265641 0.0650597681688560 0.0721445541507691 0.0191135447331990 0.0466940220614493 0.0258677440541900 0.0455960071907078 0.0532687974115232 0.0553565896165367 0.0541430283687089 0.0597267128670215 0.0090073008545668 0.0278493930092962
0.002811403491964955 0.0652073373751547 0.0060222267225222 0.0586827901778532 0.0638265176219470 0.0321114059836185 0.0629957108602767 0.0230762376159719 0.0511528568307905 0.0594002612962147 0.0734278862515326 0.0181068636157902 0.0565882265333075 0.0370721446404897 0.0481920723290769 0.0564523728220507 0.1162293031587279 0.0615192232612491 0.0616585319856843 0.0144259090691002 0.0338521218486415
0.0028075715017441944 0.0638662810466066 0.0148642709141348 0.0510207614000114 0.0604278199463980 0.0335431824387492 0.0556043409773577 0.0224374612442750 0.1191599063467611 0.0574372243335259 0.0788136911959854 0.0196889979776034 0.0342008371168775 0.0289217339733664 0.0319518170483578 0.0512711487572381 0.0580414958985711 0.0559575848646180 0.1231678779440620 0.0101941303821087 0.0294294361933918
0.0027577556288743018 0.0696640889220612 0.0124656163374949 0.0527294725460388 0.0553762511020649 0.0492185661423944 0.0561572681317891 0.1003811598237407 0.0437843735813076 0.0508073882287660 0.0682700622932667 0.0191948953287182 0.0493417997282383 0.0262570529987768 0.0456773104758457 0.0579975369877474 0.0605033000279692 0.0546103691388174 0.0591333754937493 0.0153535208095258 0.0530765919016875
0.0027539236386535408 0.0685747407095465 0.0186869992262670 0.0527817465350856 0.0657295601561006 0.0387256462212266 0.0514094159464107 0.0237881449904071 0.0658572905028268 0.0607319227595582 0.0811755255781694 0.0236776297685033 0.0452829394221631 0.0278775347673237 0.0393867350919868 0.0543699613598195 0.0665720121683091 0.0610518330413672 0.1207476122713410 0.0061316767799888 0.0274410727035991
0.00272454504696104 0.0674286001660210 0.0168758491456157 0.0578074166324039 0.0698515344523116 0.0266856428664077 0.0552337221532178 0.0260440430860965 0.0555488982959485 0.0660924530082410 0.0722124666968270 0.0218157951760253 0.0584684933395863 0.0282201786577265 0.0517999389650641 0.0525425250431211 0.1155358071394115 0.0671129034720040 0.0610966475449704 0.0045137313499797 0.0251133528090201
0.002715603736445931 0.0657380601910436 0.0116968079218511 0.0539424125205387 0.0617446807385968 0.0344932855460242 0.0571751609814786 0.0213225040693240 0.1189650213254458 0.0580324835550646 0.1323269015483963 0.0190110791247453 0.0419859446778006 0.0282227608479298 0.0326933683532493 0.0510613499335811 0.0557584763340555 0.0520417095258530 0.0655167194167842 0.0101300632478383 0.0281412101403992
0.0027015531056364746 0.0706096652569106 0.0168775333752229 0.0509367014624987 0.0547586468926576 0.0337238860087947 0.0563071332447651 0.0220143209178781 0.0720804815075187 0.0497027009785061 0.0771112717740201 0.0214062878401008 0.0332799123249587 0.0271380814587110 0.0313001620364733 0.0525517533564349 0.0560862142367931 0.0564188887463870 0.1814004338679858 0.0092736665786039 0.0270222581347788
0.0027002757755628876 0.0659019339409455 0.0140355991475540 0.1136808517702255 0.0667547834723469 0.0324817422675781 0.0561673198805726 0.0225101305986108 0.0648779995073600 0.0615879084079054 0.0930208417127929 0.0209819436009577 0.0485788360302732 0.0269140173221323 0.0443799875255887 0.0505634847735882 0.0622099674254114 0.0546223643363123 0.0675727555211525 0.0061712916010401 0.0269862411576517
0.0026325772816627774 0.1300260951478071 0.0137738585964382 0.0482237261498325 0.0568021672412279 0.0318751079953372 0.0570884894619604 0.0223652059354940 0.0621230938322090 0.0467862244845503 0.0771833016328132 0.0191230880374491 0.0289031430178533 0.0298675734283699 0.0324835446543064 0.0544067830543326 0.0588230524995303 0.0608459755452622 0.1323408930401322 0.0106347884310400 0.0263238878140540
0.002554660147173971 0.1179655382182562 0.0120957786391425 0.0576684552895771 0.0661023909272802 0.0260667528940151 0.0618642123386175 0.0267305633918654 0.0357682771817339 0.0358320645899714 0.0851415854691611 0.0170935565832164 0.0257003372406100 0.0305184331176251 0.0549527649115157 0.1351156996588684 0.0574731087698221 0.0578155136756124 0.0643023457947036 0.0109587782669595 0.0208338430414463
0.002529113545702231 0.1141500377886549 0.0102170948057843 0.0619142794464219 0.1211611792162106 0.0258371857042885 0.0581090627670746 0.0223484494368747 0.0499223454174325 0.0526438391390146 0.0786531027508320 0.0164889286892132 0.0293017223181285 0.0321303228903126 0.0518989216340783 0.0638766003358138 0.0599981602275422 0.0575702067407631 0.0615794132561571 0.0101824166104859 0.0220167308249168
0.0025022896141569046 0.0717072844552329 0.0132182995290375 0.0444127135538505 0.0512656339187523 0.0668804978831883 0.0540355708202020 0.0317621121238082 0.0509340607416031 0.0462957047556270 0.0760451175742844 0.0205000015497381 0.0338968662028694 0.0241130467935140 0.0325981212503020 0.0548201680703827 0.0579951543209315 0.0532243131352085 0.0630948084533910 0.0280372368728597 0.1251632879952168
0.0024397004405511424 0.0637680881329767 0.0126563498181836 0.0451520201453657 0.0575817573451940 0.0284357138846028 0.0522848978443541 0.0228219125889264 0.0543782662274140 0.1214247264008192 0.0749435813866475 0.0196469542342269 0.0408953031222400 0.0258225645573628 0.0465566966566238 0.1194930502352044 0.0579755063870424 0.0563406299716841 0.0625566230610552 0.0092626395736104 0.0280027184264660
0.0024384231104775554 0.1280082594952882 0.0115392137625905 0.0552645288504137 0.0584950324735070 0.0293520116022420 0.1221731663863434 0.0224103067109759 0.0516705343033089 0.0463498766723590 0.0768561596151025 0.0176921579421206 0.0347292398685247 0.0313466940018166 0.0423377916860666 0.0575995351025768 0.0653324448215643 0.0536820404351739 0.0609978832178279 0.0099346217527149 0.0242285012994826
0.0024320364601096204 0.0628116450756362 0.0132486209275829 0.0417769241336041 0.0539147802197757 0.0432044351351643 0.0460052194142171 0.0199665371414108 0.1072348915533932 0.0533422820769688 0.1824100341013521 0.0280599292673262 0.0295808696912809 0.0224718603581933 0.0337282666319963 0.0480276663341083 0.0537886160029100 0.0514147244560842 0.0746141428553775 0.0076183850757088 0.0267801695479096
0.002419263159373751 0.1082764520207232 0.0207971722273042 0.0566300282882198 0.0604136329784782 0.0238769400061835 0.0628782965154635 0.0313805283759502 0.0309146636340292 0.0298558274118307 0.0638325910151418 0.0172168525646428 0.0516414124414008 0.0652180954299006 0.0494143069482652 0.0608686466635595 0.1010136262423012 0.0685659080375671 0.0622694745591705 0.0102862563203278 0.0246492883195402
0.002370724616577445 0.0726910660804178 0.0118097544485636 0.0558286178735402 0.0657249803424845 0.0281012913687808 0.0523537960801026 0.0227519576124838 0.0558727153982447 0.0631768470523272 0.0772016907076100 0.0186187365020905 0.0478376449656104 0.1141078159951529 0.0458710009410191 0.0506043522876514 0.0695093199448864 0.0562364081668175 0.0620008057970226 0.0053168267007938 0.0243843717344002
0.002356673985767988 0.2081848866551044 0.0127785936171970 0.0555431989561903 0.0607453960048913 0.0286727472420931 0.0592210017407151 0.0245449068192881 0.0468402344440541 0.0420579924364015 0.0782329767633512 0.0175108775335436 0.0261981072762316 0.0261357990340240 0.0444900416273066 0.0616107841327977 0.0568070622751107 0.0527226009555867 0.0603810157569669 0.0136547002649181 0.0236670764642280
0.002355396655694401 0.0703902330467733 0.0045974668717428 0.0568071805907540 0.0634258119895003 0.0340086705696057 0.0572311744556522 0.0252076638545202 0.0547665373819949 0.0622343286977390 0.0797885449273090 0.0198407026971762 0.0494407614269211 0.0267532349342642 0.0502842333293098 0.1187458713933727 0.0617004987231057 0.0582841140877468 0.0641159700061424 0.0102302180481875 0.0321467829681821
0.002355396655694401 0.0638631475632047 0.0127152034392360 0.0535494953442087 0.0722970119303208 0.0269792365775230 0.0479204349681546 0.0231902436330053 0.0630684560208863 0.1212241149200263 0.0822253684332612 0.0242580045484643 0.0533512388716273 0.0226789787299475 0.0548686877944881 0.0608703809490807 0.0661022831345806 0.0585373970430155 0.0632008670332583 0.0038545302990769 0.0252449187666339
0.0023413460248849446 0.0713158347310841 0.0110773706157252 0.1550151797519389 0.0541022152955348 0.0353638729700125 0.0575544450413493 0.0211096987231197 0.0639566732450331 0.0551808342942336 0.0852159549777370 0.0222377133812805 0.0344036407504510 0.0295803613138301 0.0315009483980229 0.0520383877631791 0.0519317782760254 0.0535171934428691 0.0719390046468961 0.0116451619936994 0.0313137303879785
0.0023336820444434226 0.0652722891642192 0.0036491555328677 0.0542541135040408 0.0579794786034173 0.0435175336299251 0.0599953988292349 0.0190860393461728 0.0616056921803433 0.0552096494740136 0.0734048654078420 0.0194461046702800 0.0480232716398259 0.0381958338142816 0.0442998537450882 0.0511057784187667 0.0608002400710578 0.0603824551249124 0.1379031456471253 0.0135219544262610 0.0323471467703245
0.0023272953940754876 0.0640980366694699 0.0128672006181661 0.0532038815493694 0.0595314297837084 0.0304774526041155 0.0564616357936959 0.0217856095232152 0.0576365546541043 0.1668342076474512 0.0712510963822346 0.0198482787301868 0.0460015247416671 0.0276404656361523 0.0372743076422489 0.0630221235486206 0.0575830276960262 0.0535405066426006 0.0631157792804294 0.0097495387339663 0.0280773421225712
0.0023272953940754876 0.0737944271811220 0.0129085280953580 0.0532393603465616 0.0546586039693314 0.1213608027063489 0.0610830730540619 0.0269891694184219 0.0531283039045458 0.0459206087611800 0.0734565251137931 0.0218270355394222 0.0349923572980053 0.0293370730259007 0.0349856072340245 0.0556083823005005 0.0571413756586522 0.0541703502919731 0.0614965044530940 0.0219582256769238 0.0519436859707790
0.0022800341813527694 0.0661089165831089 0.0138133603759980 0.0500303296340483 0.0554452831968558 0.0311893241061482 0.0565652617789390 0.0240811146777023 0.0453980369549449 0.0504220670356796 0.0706249298059509 0.0182707409473297 0.0481242114356166 0.0251968854952528 0.0421592062462389 0.0545012461554429 0.1292937516425301 0.1224814178619007 0.0577516145707146 0.0114427332322299 0.0270995682633680
0.002240436949071573 0.0728400845981912 0.0137479626398906 0.0497128675625059 0.0568356086961897 0.0319974402418291 0.0555249444051907 0.0212218116218656 0.0531849870686926 0.0493325223509082 0.0728077666268591 0.0191929428706585 0.0323142458537522 0.1624679818730902 0.0374084946287506 0.0546891651433088 0.0589640254855142 0.0567919269888690 0.0622081223161610 0.0110820809912793 0.0276750180364936
0.002239159618997986 0.0683698534185917 0.0141056391580992 0.0526295144220807 0.0564538107836804 0.0308975352860944 0.0570760930857468 0.0242748403255858 0.0521428860651419 0.0534536815085283 0.0719459039033133 0.0202084886779141 0.0453892773173327 0.0282886259795121 0.0429634487504594 0.0559434767453082 0.0659225126995354 0.1618067067357084 0.0609863144591981 0.0107667784432864 0.0263746122348828
0.00222894097840929 0.0679628733156084 0.0031102705514591 0.0605705515044783 0.0563104297605937 0.0330812084075946 0.1403527850430617 0.0200150634629377 0.0508772239735725 0.0581195585910752 0.0718805200017509 0.0177907000605131 0.0491710288835640 0.0433497211759744 0.0464557861569925 0.0514638765260331 0.0603705515359456 0.0540549025467782 0.0599380445910031 0.0122677134721965 0.0428571904388674
0.0022212769979677678 0.0623448307002895 0.0103511413022338 0.0541423669577945 0.0567715964243703 0.0301007145483815 0.1883329725090025 0.0199988261505662 0.0699657208351547 0.0533925198420217 0.0871854652020757 0.0202583045341538 0.0426743702710565 0.0251386271711337 0.0316514832068838 0.0493091398478446 0.0525023008746135 0.0466610627870194 0.0699576785596624 0.0058922099058597 0.0233686683698822
0.0022110583573790718 0.0659570121265218 0.0100097233060391 0.1253546417120904 0.1233777908539396 0.0292444629222460 0.0532936357486759 0.0189172669000680 0.0533453635488354 0.0608366812040855 0.0726252514868019 0.0179217309138080 0.0464674958525942 0.0303431319688814 0.0414135131645949 0.0465384969136801 0.0559794314113097 0.0541309743529917 0.0589528353368626 0.0089045531281520 0.0263860071478220
0.002205949037084724 0.0805405721648276 0.0018095301528812 0.0583276606503054 0.0602731642469128 0.0431753085355480 0.0616334312176186 0.0223841850379594 0.0532788086189203 0.0594034850657119 0.0781306925885540 0.0212644226243817 0.0524193225209194 0.0449809161295824 0.0571441624638004 0.0589198233971860 0.0614070340243746 0.0618541533423929 0.0638767498884672 0.0162293818133505 0.0429471955163056
0.0021586878243620056 0.0712457859392146 0.0131125449177468 0.0945277554334682 0.1232229457101274 0.0165912282273096 0.0621761169308854 0.0302118511640015 0.0205211744114987 0.0746032827406449 0.0492287199282362 0.0122291898700611 0.0649634235879805 0.0435023860339053 0.0627434509476926 0.0612865052996547 0.0860317188041204 0.0585213805805545 0.0315545399511908 0.0057104929703622 0.0180155065513443
0.00213569588303744 0.0825796082022378 0.0134459986694312 0.0764476575594916 0.0771233221333376 0.0176465187341394 0.1195323489514287 0.0267588037403802 0.0238111148530396 0.0652320715786060 0.0506529855369429 0.0136372349409619 0.0641096446494931 0.0405026674645960 0.0550577762719465 0.0562495944929400 0.0914592191178005 0.0630796785213685 0.0393567057774922 0.0060062965664167 0.0173107522379496
0.002121645252227983 0.1880188266330136 0.0157065054123465 0.0468129369870566 0.0550661919862049 0.0241720947884046 0.0591245461907366 0.0207698597039966 0.0457133126240026 0.0487531628434391 0.0664527338478617 0.0171753451319537 0.0332469947343505 0.0270576447559587 0.0432728281418804 0.0488950611449289 0.1112587081225036 0.0602110464357540 0.0589400057687017 0.0076746270283064 0.0216775677185997
0.0020820480199467864 0.0648221278270200 0.0040936126696900 0.0594801334465047 0.0587858078900966 0.0314812389819058 0.0615433594180608 0.0189220107177454 0.0556301602359456 0.0610369616520517 0.0716863000611733 0.0169872793433961 0.0499263728163118 0.0469105688460371 0.0464917703484648 0.0539198488004894 0.0658365814433347 0.1203293521842538 0.0642950421390839 0.0121671193820162 0.0356543517964182
0.0020743840395052644 0.1396309897033841 0.0025636429744931 0.0602265459950607 0.0593121714283593 0.0299883934483668 0.0611943639961932 0.0180460797684410 0.0502363322080680 0.0613467777029107 0.0695786787473519 0.0172026901433834 0.0492399436390693 0.0489464930085223 0.0529858353109080 0.0524179234815048 0.0612223708186098 0.0600274259977901 0.0630984304600711 0.0128041266305948 0.0299307845369179
0.00206799738913733 0.0729932630665694 0.0166264261662773 0.0514218107720055 0.0685093075758765 0.0210255566685320 0.0513565212455481 0.0424484200260874 0.0302431555947728 0.0777109222959329 0.0650436992339016 0.0167146629917493 0.0545219551754700 0.0246072478775257 0.0638528171495471 0.1252827720198754 0.0775625767450227 0.0602255461077716 0.0524130966603402 0.0054853419160743 0.0219549007111204
0.002060333408695808 0.0679198127999572 0.0147642994306892 0.0527692906823674 0.0623245611905801 0.0349702329538116 0.0568744257230897 0.0212727090512110 0.1489298923961044 0.0609337953468658 0.0780154806860854 0.0249946106476997 0.0464240830662665 0.0257459815354456 0.0324214651800043 0.0503984754699793 0.0615446484340890 0.0542499013259211 0.0691982277189953 0.0068799740146433 0.0293681323461942
0.00205522408840146 0.0613566815967878 0.0110087850928666 0.0463944047914103 0.0515754434513349 0.0421481646723953 0.0521388815334744 0.0212056954675559 0.0563503234466579 0.0468725817058591 0.2577295347320993 0.0292614680070713 0.0277251085184670 0.0238283534203823 0.0336196194340237 0.0478414419729268 0.0505968431284810 0.0473389169013103 0.0581412928535484 0.0087758628176592 0.0260905964556884
0.002053946758327873 0.1314453175049960 0.0196635790705762 0.0456643237011691 0.0559755125502429 0.0302387669741441 0.0592592514514600 0.0234531328655912 0.0485521693811475 0.0499641729289653 0.0741703630060716 0.0185441508259412 0.0356496486623943 0.0250345278931594 0.0437558997598154 0.0528563687994466 0.1330131891992356 0.0575401113220651 0.0608664624244612 0.0077673970008727 0.0265856546782447
0.002024568166635372 0.0722416677823915 0.0066254711576323 0.0578499929812948 0.0614391911705778 0.0250667441379364 0.0559590497320490 0.0202821774034297 0.0441418324830182 0.0581668901434714 0.0591598064485219 0.0159006772802483 0.0415921091396709 0.1978828006967356 0.0415096606037230 0.0492292699355113 0.0557655368925387 0.0516111262991426 0.0553194675301822 0.0078008976778571 0.0224556305040673
0.002022013506488198 0.0663728685713152 0.0170782569990034 0.0261600746256875 0.0334354825449703 0.1089229413719295 0.0304813585253053 0.0295690799630578 0.0791642569267357 0.0322393810109357 0.1291360262552606 0.0313578307150014 0.0257630540604220 0.0218133882977843 0.0291264109663396 0.0412370260706917 0.0555719375842559 0.0524388578904618 0.0837807739386471 0.0251158354594786 0.0812351582227165
0.00201690418619385 0.0655075463523519 0.0133038050283299 0.0497846449238855 0.0514946415430647 0.0489486064390939 0.0595808755781480 0.0207959823108070 0.0550190664210745 0.0461568169398148 0.0768656394572203 0.0187474703534523 0.0491062610280807 0.0281876177208750 0.0306336158148079 0.0533236887521277 0.1694608709426418 0.0593551579851592 0.0622732648369816 0.0113614825553209 0.0300929450167625
0.002013072195973089 0.0743569804472875 0.0115136754522810 0.0656045978949891 0.1224074773371006 0.0208161955345384 0.0523068627598237 0.0240900253263423 0.0528868342761260 0.0739262227762277 0.0731379916657119 0.0183324695922377 0.0539680151709180 0.0257440557544316 0.0593503229518755 0.0592289819654869 0.0752485039604087 0.0572637303104618 0.0586791156451402 0.0023151334368640 0.0188228077417472
0.002006685545605154 0.0669383580608611 0.0025875915160682 0.0579141154159174 0.0640333844667279 0.0382198826014561 0.0610335852273257 0.0191131631219428 0.0550788947558040 0.0629896872396795 0.1505262801853258 0.0168577086041888 0.0516482516087507 0.0303156735121282 0.0487144093680137 0.0531916138547012 0.0593685799517135 0.0529219944299346 0.0591484119822799 0.0084731169479139 0.0409252971492672
0.002002853555384393 0.0608280836851003 0.0084478414712813 0.0499836333897617 0.0421441820319877 0.0256083381814373 0.3049797203539371 0.0179972837355588 0.0557022214971393 0.0425546167092087 0.0647674282366288 0.0164979343061108 0.0460103140616614 0.0229376115162934 0.0275245132102741 0.0413622058654180 0.0468901268252393 0.0418481405032039 0.0559995519579507 0.0074358889219890 0.0204803635398185
0.0019798616140598276 0.0652194967769595 0.0132016716504945 0.0502878797031035 0.0503550089489294 0.0304006932443210 0.2446910061401904 0.0206751033178533 0.0579051672994939 0.0507620162759453 0.0715821793310469 0.0182088054554954 0.0466962310628677 0.0224835447263492 0.0301046023791234 0.0475304632901976 0.0486481954924517 0.0446414639519764 0.0586943937706038 0.0059991994145516 0.0219128777680455
0.001959424332882436 0.0652479629380520 0.0156482483463939 0.0236749797919680 0.0301741343215884 0.0658045452127696 0.0307241152641570 0.0209819549895587 0.1085181950521738 0.0311825843438219 0.1419274081713614 0.0472112208482364 0.0225035874914756 0.0225194440174183 0.0267501730607904 0.0429273532133216 0.0525305333600943 0.0554096911473605 0.1227295672595935 0.0196399976556323 0.0538943035142322
0.001942819041925805 0.0722130527114102 0.0103664466091368 0.0507376461679433 0.0554646589938565 0.0279088498925561 0.0573135789821888 0.0228943916208904 0.0528360336356274 0.0577714315502717 0.0730566033941912 0.0190871211101320 0.0389583880531349 0.0250466103303768 0.0429684900063326 0.1829919405096650 0.0558388798836691 0.0554412828522753 0.0613440670284073 0.0092892335657352 0.0284712931021995
0.001942819041925805 0.0748847499361967 0.0079622571253641 0.0547767578775589 0.0512377214822746 0.0527833377599255 0.0598011894972089 0.0218010899993168 0.0521597417568964 0.0494441400172700 0.0692292825917605 0.0185839858626758 0.0450806769876329 0.0296385217493703 0.0328227753023062 0.0508946749960364 0.0592136811203864 0.0581878002279437 0.0622747836894695 0.1031903755504718 0.0460324564699347
0.001938987051705044 0.0702956724625396 0.0039388185309654 0.1137382540902896 0.0650263412156298 0.0335370279105335 0.0652259059606456 0.0227713105760947 0.0505401246970086 0.0642479087148750 0.0696946517075913 0.0173262596801758 0.0591250024977791 0.0353492501504824 0.0503632334829328 0.0526871567063849 0.0618640876480092 0.0573801667579890 0.0589398803857378 0.0117523432129455 0.0361966036113904
0.0019338777314106962 0.2637838239275917 0.0147039342068941 0.0453772623996703 0.0527753503543073 0.0270314021013089 0.0595266708633091 0.0217003887927278 0.0476889795182695 0.0424188019217920 0.0724570116344107 0.0187605312940173 0.0256563401720630 0.0215774153264899 0.0327490176219922 0.0544096914765056 0.0609420132964547 0.0497781144230846 0.0587212440017249 0.0080205506573528 0.0219214560100336
0.0019326004013371092 0.1335176542050002 0.0171430267085667 0.0431892443248851 0.0537955408018655 0.0305295431483205 0.0557376154387496 0.0204478398430417 0.0641828742571398 0.0461945904640574 0.1485389123028814 0.0262668444349927 0.0278616684924482 0.0225684794041673 0.0350912997163991 0.0526248621914393 0.0622002027688142 0.0559225426852228 0.0734654435589727 0.0069355623775885 0.0237862528754476
0.0019159951103804784 0.1581966194154572 0.0135423183685701 0.0520185327806773 0.0630405428047767 0.0232051494006837 0.0576438552602991 0.0211568994874553 0.0557499245095835 0.0625660707928559 0.0779248747519360 0.0222695900414215 0.0463965945381176 0.0219061745086075 0.0488828522618462 0.0555818216976247 0.0715533359960077 0.0575115669064609 0.0654173366740896 0.0034346115439432 0.0220013282595862
0.0019006671494974344 0.0676127488489704 0.0076266050832283 0.0606079281632180 0.1381545240225711 0.0233894670777792 0.0447950667168877 0.0184317867633266 0.0496144830869616 0.1326773874125347 0.0642905461232122 0.0160823571492368 0.0497833040139475 0.0211410759624425 0.0547060976476472 0.0550336542388369 0.0574970882989611 0.0555235901171834 0.0539555875862523 0.0060173715601107 0.0230593301266916
0.0018981124893502606 0.1285052811935575 0.0104260808510789 0.0545303237229818 0.0601691338714765 0.0268449401982392 0.0618717897292430 0.0214055738798205 0.0460288831807834 0.0362167124640730 0.0743132811711995 0.0161357804004662 0.0278361970335635 0.1259051888135836 0.0356505470866006 0.0592991661343069 0.0606364841402689 0.0558049344831114 0.0643412300402449 0.0113286720358017 0.0227497995695993
0.0018955578292030866 0.0679015202045311 0.0152297717063279 0.0259210474465153 0.0439332986598914 0.0444018843433989 0.0420353337732119 0.0186072514080273 0.1147954605922238 0.0304918236206312 0.1287918397021392 0.0294652938635678 0.0224831108419845 0.0239844352627228 0.0281871109202387 0.0466788604935047 0.0526893753792074 0.0586668129002071 0.1734304629876290 0.0087614169506240 0.0235438889434161
0.0018942804991294996 0.0645634186272615 0.0103985683884903 0.0481699297610667 0.0538569993182207 0.1301527147508289 0.0558865994069343 0.0215985624394187 0.0565278530911441 0.0489900357890993 0.1490115059503830 0.0233996519796234 0.0330232556432855 0.0230642152448691 0.0294393599297666 0.0490884583097301 0.0538924634612359 0.0508900019811511 0.0593976155759301 0.0077588460930698 0.0308899442584909
0.0018891711788351516 0.0734139957728538 0.1059073676635988 0.0469648847134570 0.0518511313692092 0.0360780427412964 0.0581629609082181 0.0235735955948496 0.0571712773847007 0.0504854166927523 0.0810405361314915 0.0213883909198384 0.0377323662810712 0.0279268709473393 0.0332394321557073 0.0570312576305341 0.0674764294874291 0.0611686990196026 0.0691108262908326 0.0112114449091809 0.0290650733860373
0.0018738432179521078 0.0724750590649516 0.0027207650743343 0.0621570774240063 0.1260129553956930 0.0291254088644064 0.0518223805134116 0.0218340595862244 0.0568528609095361 0.0662485382346586 0.0780575527677972 0.0204570210171745 0.0515828724035303 0.0262786030001278 0.0558157942237186 0.0590802391278069 0.0605608530742213 0.0591760194216927 0.0610923956028639 0.0088127730069561 0.0298367712868886
0.0018661792375105858 0.0606959919102238 0.0116556217541792 0.0307384618887949 0.0474753484218153 0.0399913564989642 0.0448109571510318 0.0177386881268314 0.1246290130632022 0.0467042810162154 0.2351314521312076 0.0261744101107292 0.0256142433807376 0.0175606438696465 0.0279579139571582 0.0475127100750173 0.0467795533690572 0.0456826881924790 0.0713485792176356 0.0082323937027654 0.0235656921623080
0.0018393553059652592 0.0600613143292548 0.0122218772244442 0.0238731707648770 0.0320688588931053 0.0575966482542587 0.0286009379128824 0.0168729969873399 0.1551898179905085 0.0381232332865985 0.1605733532281754 0.0520044538508076 0.0223769798742054 0.0192713332091953 0.0242681835854298 0.0292193302820970 0.0465240753688781 0.0526676174063542 0.1219747417947177 0.0094306654475665 0.0370804103093038
0.0018380779758916722 0.0949411059231615 0.0129612673642513 0.0431444980081557 0.0501318425150777 0.0282892893051587 0.0538003935355195 0.0148884775893460 0.0758820290509789 0.0452981876370747 0.0993611605261007 0.0237755332913708 0.0592967162207880 0.0407050098942443 0.0540489714974683 0.0337034765530141 0.0931634101770866 0.0744002755045651 0.0710451010384922 0.0061163301798989 0.0250469241882470
0.0018048673939784106 0.0707177338062493 0.0073128930231826 0.0571999721372304 0.0581776338014733 0.0442362313827260 0.0660155957865541 0.0202247825270163 0.1275382616892079 0.0592326979583344 0.0652485498903095 0.0152698026062079 0.0511836231811204 0.0346383600360628 0.0388487048153802 0.0528952025359045 0.0598394755867228 0.0567969635650014 0.0701841106562405 0.0144167573272324 0.0300226476878431
0.0018048673939784106 0.1192648600113491 0.0053272085542602 0.0591092214078422 0.0639437697223024 0.0265113494981353 0.0614030394202895 0.0195896934794934 0.0460264369925825 0.0604503274165008 0.0657022633520745 0.0165320108647228 0.0508130082370918 0.0323569609590734 0.0494490380489516 0.0513911084602258 0.1160488542502175 0.0626702823947343 0.0567848322471469 0.0107298834730220 0.0258958512099839
