# This script is generated automatically.
# Vector of amino acid stationary distributions.
distributions <- [
              [0.06521106441542389, 0.022741178167812234, 0.05765331191776273, 0.06393323360943856, 0.04416840058463045, 0.05702284128536028, 0.028501288580198538, 0.05990996861208891, 0.06059287303582012, 0.08007291488058745, 0.023050822292941565, 0.050500324639544104, 0.03829937652667186, 0.0520561403522484, 0.05979312877860404, 0.06651284723555095, 0.05843805986736604, 0.06598327674399511, 0.011902656093145416, 0.033656292380809465]
            , [0.06494837705665596, 0.017597116182549145, 0.05277003649327413, 0.06258996056040037, 0.038362558635731264, 0.056994878777905274, 0.02498457074974429, 0.06104059317814363, 0.06055537786430016, 0.13075973850889686, 0.021802762701876033, 0.03673568463219564, 0.033864266104922915, 0.052103688374749324, 0.058889837486807525, 0.06323303822807384, 0.0561101362508275, 0.06469177589670994, 0.013301501582705046, 0.028664100733531133]
            , [0.06427811274614818, 0.006022612578851841, 0.058706655904067734, 0.061589097049266746, 0.04648664079363743, 0.06234109581479954, 0.024238627542484625, 0.055783906041313946, 0.06130759117802522, 0.07571033185571627, 0.020580797109663904, 0.05366191375094441, 0.04577559243410165, 0.052478582074828764, 0.0580242563037585, 0.06509317796756485, 0.06222057554701112, 0.06644006389463347, 0.016189224172604186, 0.04307114524057741]
            , [0.06702732093214861, 0.01622006116666344, 0.055830514970620734, 0.06802777458622782, 0.04480879141665326, 0.055190387848687565, 0.02583789715961632, 0.0665223696738605, 0.06324422874632349, 0.09551518298303807, 0.02245558766826873, 0.05302206673476352, 0.029078289674998082, 0.05224901599825835, 0.05575425771534365, 0.06555983015075645, 0.058077308225153494, 0.06772148154733651, 0.004526324809955507, 0.03333130799132595]
            , [0.06907136681845855, 0.013106627635328426, 0.06280440985902262, 0.11854530208520739, 0.03266492273214169, 0.057392009488539765, 0.022446050199859586, 0.058882882196112624, 0.06142573833899076, 0.08488468410885175, 0.020324270167821158, 0.04511708985057558, 0.03046065797538817, 0.048801444233938535, 0.05417832432155849, 0.06057295602947279, 0.05564912887551792, 0.06483872921138692, 0.010301020917664425, 0.028532384954162947]
            , [0.11875770418031799, 0.013907158362312957, 0.058458329978135534, 0.06534184498272011, 0.03362782216448807, 0.06502043709739212, 0.02619461588068983, 0.054070043937561194, 0.0485894830996019, 0.08460700540003449, 0.018579851962663218, 0.03239178175613087, 0.03978870597310301, 0.05121552943987789, 0.06278268775829747, 0.060928128908097734, 0.05778843648699336, 0.06646960728900163, 0.014031390560496102, 0.027449434782084774]
            , [0.07138951930804464, 0.013579726907949799, 0.05352645692757797, 0.06168641937778191, 0.03198862697222691, 0.05903580470522747, 0.025064186154117454, 0.05635084075410181, 0.05768061582767916, 0.08446955863744071, 0.01938846825729307, 0.038838860783908656, 0.03049187113889907, 0.049811138469226475, 0.12099195764527865, 0.062252741446779496, 0.0575592784407152, 0.06594791160554873, 0.011120262174176223, 0.028825754466026653]
            , [0.06856788921665985, 0.017258908840346015, 0.057243567471082904, 0.06175707259324589, 0.04810741726135572, 0.0619733147304382, 0.02819945749704548, 0.05906558676794253, 0.057251297375726214, 0.08359465623280911, 0.021883793394986535, 0.037655705449665865, 0.035262477605782785, 0.04020965074827657, 0.06002304851485869, 0.06291304756532136, 0.058365843567730245, 0.06720987863387017, 0.03956017987311586, 0.033897206659740026]
            , [0.06613341748436925, 0.0144495320787627, 0.05929044882557949, 0.062055185457596404, 0.03420114162032, 0.1203832664858339, 0.023279964753716416, 0.05651906729992128, 0.05983914214035723, 0.07681388772921781, 0.019458496456217972, 0.0504760165901305, 0.034873986086028326, 0.03911584756383424, 0.056532893630487635, 0.06383530161104674, 0.05625516059458217, 0.06402036463560011, 0.012970348753391326, 0.029496530203006462]
            , [0.0665182567837639, 0.013755223087146069, 0.05505460865239487, 0.06600155500600384, 0.03210322227379218, 0.05653249552258846, 0.02296565859443408, 0.058681529952072146, 0.11384184753191424, 0.08114239694469973, 0.021106362305711574, 0.049691812911727765, 0.03020783868575379, 0.04923948194492992, 0.06363728383195717, 0.06159939542136394, 0.05618899894265762, 0.0625123982070502, 0.010186867655385573, 0.029032765744652522]
            , [0.07035340890974806, 0.013170318887116337, 0.12554380061547268, 0.06171323388338678, 0.033098097457651486, 0.06102202178573593, 0.023119154063801405, 0.05935167350013267, 0.05755844580449146, 0.08285425720971212, 0.01961198593039098, 0.0505053391941662, 0.03059940836839105, 0.03574118678982106, 0.05381355338169638, 0.06122119602005765, 0.05555891159996644, 0.06563242900363712, 0.010628408308677659, 0.028903169285946655]
            , [0.0682030910853334, 0.014401066422156657, 0.048956002531438, 0.055480918356061226, 0.045081209667531055, 0.05634838344990647, 0.02415610915948808, 0.05737680829652644, 0.047200852940231706, 0.1825963166197458, 0.022428736136677545, 0.032501548684779245, 0.030186952636068902, 0.04475690494442335, 0.057827742369523406, 0.05833998461014739, 0.05127755242140137, 0.062302520726568035, 0.012833967300828855, 0.027743331641162987]
            , [0.07283971861322835, 0.013069814409892681, 0.053968141719705216, 0.06117495651246109, 0.03224035864726606, 0.06040007247684889, 0.022040225093080717, 0.05515626347278268, 0.052253132828375945, 0.08031307395712574, 0.019620469906766243, 0.03509942019441136, 0.10920061724948574, 0.04435461385970618, 0.0568431123789525, 0.06529885330641091, 0.05906414820541813, 0.06622890962549371, 0.012348680827325646, 0.028485416715262342]
            , [0.06890041535170813, 0.015613884702544309, 0.0539050674545752, 0.06264542486740889, 0.03764700066571698, 0.0585615284788762, 0.023910503527145716, 0.06771989432077268, 0.057564598426603386, 0.07753055559160492, 0.021516168332901073, 0.03644259734907243, 0.035308357612615096, 0.03525508105511001, 0.056970204289544836, 0.06239866530281023, 0.061113521544827305, 0.12478099542845437, 0.011962769606910246, 0.03025276609079827]
            , [0.06888927895106713, 0.014332782787218971, 0.05320293018032688, 0.06137835290868009, 0.031560799712651987, 0.05680115311559378, 0.022385196257002225, 0.05966267885015314, 0.057488251123210786, 0.0791195296088687, 0.020524917562235557, 0.047319177013842306, 0.030110259182201487, 0.045888692106906, 0.05795389785805027, 0.06451467781852323, 0.12492419298264022, 0.06699505858020066, 0.010244248814115406, 0.026703924586511118]
            , [0.06963772264477117, 0.015968959936527232, 0.05349437298683616, 0.057200681110429814, 0.03671348145377654, 0.06075285151162966, 0.022570844046611378, 0.057217464594223943, 0.05085682899288499, 0.08701703834926014, 0.0193678912107678, 0.05022695508919765, 0.032361645371773856, 0.04372652605792602, 0.05561070034124443, 0.1171308852220254, 0.06404602861571217, 0.06461811770048463, 0.013151073881731732, 0.02832993088218563]
            , [0.06812057060198662, 0.012694590401936564, 0.05441194671492787, 0.06224275027456996, 0.04127911827520305, 0.058139064425970964, 0.02164540432990391, 0.12431256040996297, 0.061735213277106106, 0.07804957228155776, 0.020922990275314503, 0.047609533140805196, 0.030078718345195214, 0.03526689255013071, 0.05219968410565686, 0.06176956167452871, 0.059286423531484826, 0.0700424267879994, 0.010140928158667272, 0.03005205043709139]
            , [0.0708899260410908, 0.012335135087772509, 0.05363694962392333, 0.05994767459757318, 0.11646604978813492, 0.0577155464231232, 0.024143631209726932, 0.05841336184769068, 0.05612133085209928, 0.07630071555889831, 0.020740791496409585, 0.03965808874898041, 0.029334889087004132, 0.034655620829552154, 0.05301190567223988, 0.06090531520678479, 0.05417492508571432, 0.0634663748560721, 0.009723235951916482, 0.04835853203529307]
            , [0.0704398848525363, 0.011195649796355449, 0.05626993688974046, 0.05764486878621223, 0.034507432913022856, 0.06074711389199994, 0.023947559620791425, 0.057083575766352895, 0.05774997610244664, 0.07866985226898889, 0.02024333524625596, 0.12396778080133443, 0.028116506572107437, 0.04207561612809672, 0.052289470938371, 0.062007137832504416, 0.057999081400469395, 0.06302852484446562, 0.01072325557342521, 0.0312934397745228]
            , [0.06690533774188195, 0.015438063268653985, 0.050605775559340475, 0.06413780771452353, 0.03300382067519978, 0.04935997178070721, 0.022876796635302853, 0.06460136084310042, 0.06354330183123123, 0.14905384051595952, 0.026797724791392932, 0.05072816280579051, 0.022245045231312228, 0.049789042229761396, 0.05356688241845304, 0.06444604487867536, 0.056826680413855066, 0.06312264131745354, 0.004264187975338913, 0.02868751137206606]
            , [0.06622014845730477, 0.0047694465428793215, 0.05355976284684712, 0.056584238017185484, 0.045139670672645765, 0.061702589595334124, 0.020022673777802244, 0.056110127434322615, 0.05470599252156966, 0.13356435618187665, 0.019999025722655273, 0.04694516598985669, 0.04591432664524594, 0.04489343663912721, 0.054075921303974046, 0.06128902621931233, 0.05901705059127706, 0.06890973779296562, 0.011742366462995157, 0.03483493658482281]
            , [0.06895523841707644, 0.017765192775708535, 0.058434753209263626, 0.0669067769006603, 0.02684509311163903, 0.05545177969011516, 0.028031285163301695, 0.05176676257349453, 0.06818230971775219, 0.06835487547281839, 0.020249218545525582, 0.06151761768944762, 0.031167745022598867, 0.05293076838355613, 0.05593762878679562, 0.10903554618807618, 0.06837762769705681, 0.05977509902167984, 0.005002576871790241, 0.02531210476164337]
            , [0.06953525226600223, 0.013390046983480024, 0.05146679643306078, 0.05784306004078278, 0.060096402761845795, 0.056127873279179376, 0.025800895862487173, 0.057884034938575066, 0.05532852458084742, 0.08026842246287517, 0.02117484887269818, 0.03702171125816692, 0.0281577310306095, 0.03267649740136544, 0.05346988664846411, 0.059461350331792916, 0.05344922697890209, 0.06543184526799684, 0.0122603768813848, 0.10915521571948343]
            , [0.06684425508472838, 0.01549161671399063, 0.036830075718170575, 0.053363910876345066, 0.04522034413663222, 0.049924561955973445, 0.021867653288965953, 0.07651922217950967, 0.0515481773053372, 0.13440615977025502, 0.02496539159781649, 0.02921679401328643, 0.02754931140346894, 0.03338868949931556, 0.052902900287006366, 0.059726882352818166, 0.05857785799507622, 0.12422514726213353, 0.00958677354434863, 0.027844275014821424]
            , [0.12437054980447905, 0.013180034923519377, 0.05543732642668419, 0.06456719374941665, 0.024026470973060796, 0.05703299856902767, 0.02282271587807432, 0.05900153821957084, 0.05939367455902833, 0.08659506610991574, 0.022044211866642877, 0.052641636622262795, 0.02605635292215277, 0.05520272436417335, 0.0568275465828733, 0.06931397331276896, 0.05970128342649597, 0.06601125656739999, 0.00413432586317245, 0.021639119259280578]
            , [0.06598381082234485, 0.012282040429291144, 0.05446692996685538, 0.054705212108589106, 0.03602684434911276, 0.1801244112040118, 0.02283471618629106, 0.05725220134332853, 0.049851460114968806, 0.07554640567836324, 0.019792651373925774, 0.04074009748643868, 0.029203040175830863, 0.031135053343691554, 0.05570865087762537, 0.05696976550289974, 0.052161211202682245, 0.06476116238273202, 0.011400473140858444, 0.029053862310158662]
            , [0.1757643273516969, 0.015043134309987572, 0.05161941004800534, 0.058950263504810176, 0.03964529322465841, 0.058361063053981255, 0.025157470282160546, 0.054416357143420406, 0.04591578909303687, 0.07839387039940636, 0.018978083174245635, 0.029952320155961675, 0.025675615916930457, 0.04543295382330807, 0.05731241805202545, 0.06183696049320371, 0.05425491551375546, 0.06244628248161049, 0.012012888777148907, 0.02883058320064647]
            , [0.07058213653615174, 0.00851793004619483, 0.0602209916191326, 0.16317648423786893, 0.02777182724622371, 0.05553359839721587, 0.02152413861480116, 0.05451228321728192, 0.06561680161676176, 0.07073873091670292, 0.01829529801143283, 0.04594080672323916, 0.02617493146018501, 0.05170331941383903, 0.05340776813251527, 0.057366537758064405, 0.05540336359352991, 0.05873953846741541, 0.008401861708753976, 0.026371652282689808]
            , [0.061345041182928085, 0.012300641033572021, 0.04613956276923038, 0.05269986958383988, 0.044928478312451794, 0.05041929194100527, 0.020635544793748187, 0.06583428844522356, 0.05023940959898822, 0.22147796684844584, 0.03435886327815027, 0.03890770562059922, 0.020797431571300977, 0.03867181172100924, 0.04856950771396935, 0.05202355749216434, 0.04745274076525083, 0.06163726660363905, 0.006587668781841846, 0.02497335194264155]
            , [0.07039742206665027, 0.011076648504206397, 0.05332077958913086, 0.05623974687158391, 0.04363409995320014, 0.0526225426876247, 0.11658151483158356, 0.04315251095480983, 0.05454480546617562, 0.06726035626892639, 0.017493343110978367, 0.05392993977244108, 0.02331825531432271, 0.05246918667641721, 0.057101227960395434, 0.0594306107533213, 0.054317222280974256, 0.05677576038977051, 0.010115207544470324, 0.04621881900301725]
            , [0.07143531166057242, 0.009188864195112193, 0.07948128065359335, 0.10399044213064974, 0.020694945383922084, 0.05856863271298965, 0.02997231992869386, 0.024946216327455653, 0.08891721442967956, 0.054461984093158854, 0.014132179172798942, 0.06324536200573755, 0.030916810029976458, 0.0682749197893161, 0.06667255795158261, 0.0772686704400824, 0.06441929521032937, 0.0426179563310427, 0.008685522417896444, 0.0221095151354102]
            , [0.12145974581000232, 0.014767823953374717, 0.053376541377206134, 0.05914170312763934, 0.02563545303569658, 0.06163047835499012, 0.02327349756849152, 0.04341436688732153, 0.04940439517697954, 0.06699301389312741, 0.017196056590080527, 0.04903940008002605, 0.04044811266035584, 0.0488888079595244, 0.053928303670207595, 0.1163810818507903, 0.06340770976884962, 0.058480838713435186, 0.008789931759316548, 0.02434273776258486]
            , [0.06500553774938747, 0.01037860626594205, 0.049868339863220534, 0.05759738392299721, 0.04014298611607814, 0.054026943014431526, 0.019704022631798605, 0.12688485357695664, 0.05565886286844351, 0.14524610696527626, 0.022121158568721613, 0.03473106928568627, 0.02487063002249332, 0.03050952743971411, 0.04848448491589522, 0.054244837116713726, 0.05184858602413479, 0.07195551435509921, 0.008577585236267896, 0.028142964060741776]
            , [0.06380349898508147, 0.012212487984436205, 0.04954819951776322, 0.05730504436974961, 0.032354591109698703, 0.05411228752777508, 0.021108076307888524, 0.1309839751863967, 0.05797205330893851, 0.07645550956569831, 0.019624949353658522, 0.035019459517391806, 0.02611656037998088, 0.03157548977579282, 0.051391155981689265, 0.056771604012793776, 0.05780244946675613, 0.12893064372333307, 0.008633864912075113, 0.028278099013102184]
            , [0.0755871198428968, 0.009825185681382239, 0.05369359243569746, 0.06340385717102978, 0.02664680314461745, 0.0555149871651931, 0.024974969693139008, 0.050292089901845284, 0.06286653402816436, 0.07235081902230404, 0.019061343805225246, 0.0522757787177598, 0.02632626366550897, 0.13047473128538406, 0.06053717270412429, 0.06401116723259508, 0.06021154884336778, 0.05858147309379305, 0.009013336133169056, 0.024351226432803123]
            , [0.06320582501725518, 0.012338373541142643, 0.052506608795171744, 0.06145418247846457, 0.028392640549922375, 0.05411748150433221, 0.02122311057416247, 0.05966524033934319, 0.15724806723124699, 0.07230586494743702, 0.01946772858530454, 0.05080358748613308, 0.025710317710086535, 0.047717745077225385, 0.060384460018170334, 0.05966594446004615, 0.0559419032147993, 0.0652960498862228, 0.006723811737817391, 0.025831056845715936]
            , [0.12953329100045652, 0.012159073642217591, 0.05431492883121871, 0.060010120947054144, 0.030528491838972, 0.05976919429580733, 0.023643147479934557, 0.05217544677474522, 0.032257461811448236, 0.1418184278662619, 0.01919255659514317, 0.025395549833413866, 0.028873410460254195, 0.0499544459768486, 0.06534082881332687, 0.05751885794702118, 0.054836011050757284, 0.06788374080464912, 0.010785291931872483, 0.02400972209859691]
            , [0.06665194057676069, 0.010037162435153972, 0.04740818418084149, 0.06316424936505304, 0.021955805536279387, 0.04849187717726633, 0.027284811909613828, 0.041649648478378515, 0.11711783621129002, 0.06560904227607943, 0.017475138021504688, 0.05246117397463658, 0.022516319333565155, 0.059461394698999664, 0.12553544241218026, 0.0657077197813072, 0.06126382884933573, 0.055749375370784324, 0.007435528349137888, 0.023023521061831868]
            , [0.07701114930485584, 0.01211766630081239, 0.07053833241521522, 0.11156523366017858, 0.017939149300904126, 0.05376448980060627, 0.026023067625109603, 0.04101425445995848, 0.07462073038755289, 0.06595680728302436, 0.01667700691547801, 0.05885834438488466, 0.03235792780552486, 0.06358397180920007, 0.06112612056937383, 0.08277671355219048, 0.06092836656012414, 0.0528208409543429, 0.002543247343238724, 0.01777657956742451]
            , [0.1344071199465852, 0.003112820149644956, 0.06007896709448784, 0.057106375834835445, 0.03190591654719611, 0.06355239768187966, 0.015976655980182806, 0.05171139740232039, 0.059734093475804106, 0.06951065151384576, 0.01643641091650512, 0.054232556339879785, 0.04766545377333151, 0.05269962857330433, 0.048234596163458175, 0.06703384478704179, 0.06201487751677424, 0.06334767376999798, 0.013019313021737592, 0.02821924951118715]
            , [0.06927134640594632, 0.013954669689302654, 0.05417310196767102, 0.060302879423851624, 0.023594273518451225, 0.05264180671849401, 0.02348291464031087, 0.04690600715846278, 0.05665945566313223, 0.06412232891417925, 0.018161659527217336, 0.05369780516104829, 0.022973312284803732, 0.047541716033726575, 0.05324257440919687, 0.1215869007642816, 0.13042172135005148, 0.05773145340417824, 0.007664693783949623, 0.021869379181744104]
            , [0.06710453823882455, 0.013056272618097393, 0.050887855207274915, 0.053685291945544965, 0.04205207484788339, 0.05744166744244858, 0.021192477875771568, 0.06930727218390093, 0.05384945617441749, 0.07453435157640158, 0.020272415819364113, 0.03251270208320728, 0.02585210177270015, 0.033346958814380316, 0.05656738188461962, 0.05724645222032583, 0.055107343485945294, 0.1801111323705615, 0.009270050840010917, 0.02660220259831952]
            , [0.0731735378741317, 0.012693648676099968, 0.052457073559628836, 0.06130557933334698, 0.028028395940313446, 0.05408689399054992, 0.021671207698610737, 0.05428857458906309, 0.057164963202374595, 0.0703227573266151, 0.018066818219925097, 0.03591440172405236, 0.1537396118479074, 0.04213648936063729, 0.05187769195789773, 0.06147788515447407, 0.05630178928887794, 0.06272005288755586, 0.00775454932539861, 0.02481807804253915]
            , [0.07540961505961094, 0.001684378496171415, 0.06159052215245963, 0.0697699815622998, 0.045699600695467045, 0.060362707496011685, 0.021909458223290955, 0.056131125553794535, 0.06198517601553942, 0.07982499303880879, 0.02000634990893812, 0.05565257139269738, 0.030849247305158745, 0.058066194420803616, 0.06375275195603591, 0.06214440366271102, 0.05961659724647622, 0.061391324629727156, 0.011212855347899333, 0.04294014583609835]
            , [0.0683963970585555, 0.0033208634821977655, 0.058636351238414194, 0.059794671522700446, 0.031058010886173815, 0.0625254463993894, 0.018543886952924676, 0.04998213075622366, 0.059234149771364104, 0.07136277617768919, 0.015951715297268087, 0.05657515277585889, 0.03916250640724135, 0.04658433623108271, 0.05445582437123247, 0.13137858089795276, 0.06280075227582156, 0.06014651652027853, 0.01045962045605782, 0.039630310521573224]
            , [0.07140726734235678, 0.011153781630254631, 0.05383032842103146, 0.05372929070662846, 0.026157912794878006, 0.21525057964548572, 0.021490773016339965, 0.056967087497512524, 0.053126855277006384, 0.07294195701704619, 0.01716050665681734, 0.04769611297980166, 0.02376174031146689, 0.036815353856136386, 0.05354852717374036, 0.05188463216591247, 0.04590375164969536, 0.06096102557942469, 0.005641483944801127, 0.020571032333663683]
            , [0.12748554264321693, 0.010655074383796257, 0.05780947951522719, 0.06775776795798892, 0.024054567870844624, 0.06160736349478093, 0.02638138776973442, 0.03196540348489201, 0.043126454826491, 0.08629793140766548, 0.015587660810628956, 0.024169478882179674, 0.029729700976490487, 0.0579812121154755, 0.1273746752606032, 0.05872726044576928, 0.05768462546281009, 0.06209290480644592, 0.01004615704186758, 0.019465350843091495]
            , [0.13740181054756265, 0.007430004614084811, 0.06601899160161485, 0.1313204387100238, 0.02133480026938857, 0.05416071164006634, 0.02003376736772043, 0.04364460750650944, 0.05810388568094708, 0.06992198201652096, 0.014828843345921893, 0.030700789471662993, 0.027888711135609628, 0.057095028729269526, 0.060667641676664295, 0.06200330894923061, 0.05575492846364562, 0.05463104188916889, 0.007906620004832346, 0.019152086379555348]
            , [0.23474249458489424, 0.015029007821891623, 0.04943894677139922, 0.05696366635719299, 0.025595812181675524, 0.06226663135061688, 0.023562523910514346, 0.046783720549714476, 0.04322571560518599, 0.07194782794234239, 0.01851584993865588, 0.02655761858361431, 0.022780537334415277, 0.040627343603944766, 0.057049052537960984, 0.0625874913151084, 0.05432555514952574, 0.05782302839807928, 0.008823827959447122, 0.021353348103820825]
            , [0.1762133402667854, 0.01415810741016809, 0.044656149251458874, 0.05403800364727954, 0.025661389630915018, 0.05915719284451304, 0.020024376181188214, 0.04911307041036007, 0.04801607602950678, 0.06981153411057626, 0.017671086631994834, 0.03352206788187983, 0.023731127684030625, 0.041944540563459254, 0.04839533970102238, 0.12622573583830488, 0.05783960543361948, 0.059968620762325855, 0.0069677945962757885, 0.022884841124335704]
            , [0.06879272765588781, 0.013713713911861816, 0.024284073231347795, 0.040073867271737715, 0.0467337626740387, 0.03724591683865123, 0.017261667002151905, 0.12503570941509248, 0.04021943256809668, 0.13045840640469422, 0.04294503986319371, 0.02248730624527516, 0.02185687369400752, 0.0273607743724127, 0.04414662390574958, 0.05221388570600792, 0.059550065839224946, 0.15301711015919586, 0.00812579560206859, 0.024477247639303534]
            , [0.07370458374641496, 0.011809250817530608, 0.05366027507331725, 0.060405283114727024, 0.03594667262807771, 0.13271417023763743, 0.02184543580724556, 0.06463839576496916, 0.047890254463190125, 0.11039658063535505, 0.019662147896263398, 0.031585793793192624, 0.02797876332885574, 0.041409569103449985, 0.055099450984019444, 0.0571791863557967, 0.05134035934654514, 0.06987773819656837, 0.007858965830741305, 0.024997122876102475]
            , [0.13651533967693855, 0.01699744518486189, 0.04285817683616803, 0.05156054932971529, 0.03342796798557512, 0.056054095835608664, 0.021522242177997617, 0.06587033498249913, 0.039517790818171895, 0.07919125786530028, 0.02022828890913995, 0.02714167375047003, 0.02685867825734024, 0.029771771448264445, 0.052607731507954725, 0.06203929748140028, 0.06258048913621508, 0.14037144965135082, 0.009307719269689253, 0.025577699895338823]
            , [0.08523264050303675, 0.012452367297671916, 0.07503290502315153, 0.07530247949780396, 0.01601805778153344, 0.11781773507666495, 0.025822864191585283, 0.021863788483259494, 0.06495218411619444, 0.049359787889920875, 0.012781146150380776, 0.06520505612720831, 0.044421635195351125, 0.05537516017278805, 0.06374309404765265, 0.09035694010070555, 0.06424422186821638, 0.03738538269944781, 0.006250510016455178, 0.01638204376097143]
            , [0.07225651588779311, 0.01910419552448707, 0.0497584537333531, 0.05140796976284668, 0.0410068839295907, 0.05722372073158785, 0.021868151077431865, 0.05275527140826541, 0.05027282360033168, 0.07334190154330125, 0.018566062024737515, 0.04933791204865249, 0.025183236868046063, 0.030523436615198987, 0.0513251715758135, 0.1752846870687552, 0.06438326840465712, 0.06103806044953021, 0.00843664642868329, 0.02692563131693702]
            , [0.15468855426329822, 0.012379477331311487, 0.050011390248248695, 0.05325576351667693, 0.029728832867257284, 0.14271763536082385, 0.022241191464309414, 0.04898154280979691, 0.04125887369690764, 0.0742080175049908, 0.018064012321101938, 0.030102173343782068, 0.027296988413815806, 0.0307723634863528, 0.05374767172093461, 0.0635892667912357, 0.05278153816278068, 0.06058972644955747, 0.009357232405582587, 0.024227747841234916]
            , [0.06934170984129534, 0.007397437920841377, 0.06039366740817764, 0.12936992252223065, 0.019093555302491304, 0.042003182756234235, 0.020153397904594778, 0.04352981185617843, 0.1367151246491163, 0.06200172941866682, 0.01611842845221761, 0.05259173739226531, 0.01947718410112217, 0.06643555151139391, 0.0639201819251339, 0.06080696895596208, 0.056998257804525186, 0.049338917854928055, 0.004723146909463729, 0.01959008551316109]
            , [0.06526077982827598, 0.0026440091891127035, 0.051439799977894954, 0.055130396734196015, 0.04448011164700059, 0.0585582187795674, 0.018101492536076035, 0.06669635485326496, 0.05517390098649327, 0.0820743567265714, 0.019105700193429193, 0.04774911658218655, 0.03333295685959708, 0.04461507475746396, 0.050554958367364344, 0.060384305400318666, 0.062285166484942894, 0.1314794887804278, 0.01187335902041976, 0.039060452295396605]
            , [0.06597927503733021, 0.008490180971847016, 0.12980282517618585, 0.13094298960790676, 0.026075913866191302, 0.053750322758351024, 0.018325774592864365, 0.05086851239043521, 0.05993119092848771, 0.07007772456863501, 0.01685043542563895, 0.04906374277904163, 0.03126049067718525, 0.04453106269090616, 0.04553699833389069, 0.05760526132051519, 0.05343397847715448, 0.0564013571919973, 0.007555421979783584, 0.023516541225652447]
            , [0.0685840748518988, 0.007680149575525183, 0.09856753692012374, 0.16497604431014365, 0.013858157465952679, 0.05460894306914642, 0.02609606438220568, 0.01973464987687324, 0.09224997233085576, 0.04508818960904409, 0.012049917862295752, 0.06565924837539205, 0.023294001223090985, 0.06874236357221333, 0.060595364461126996, 0.07333816743693614, 0.05730282345065755, 0.027530645272369883, 0.0038211524571069686, 0.016222533497041242]
            , [0.06960199994743599, 0.009490579351892733, 0.04971691252309724, 0.05501123717664723, 0.02644274488326861, 0.05941637194329733, 0.024424278314771647, 0.056141868628524015, 0.059181553174851596, 0.07353134017012365, 0.01802927482947404, 0.03408604375335518, 0.023298467387387178, 0.04566508220036005, 0.17947262141711298, 0.056682627874322, 0.05639898543434034, 0.06801733345398424, 0.009041544403791214, 0.02634913313196253]
            , [0.06626015027195013, 0.008322910258464841, 0.050823743947481174, 0.0550497729730626, 0.04550014018976504, 0.061300158360917685, 0.019360961732511776, 0.18075975996919644, 0.053569530147545674, 0.0798342496426794, 0.020629692806420213, 0.0425813403157367, 0.02409590796602769, 0.030639470473910864, 0.049514915888171515, 0.053477346030075035, 0.051150893698092, 0.06877901296562955, 0.008631545462280876, 0.029718496900080712]
            , [0.06899516027119354, 0.002740423972675705, 0.061335688591107294, 0.05690808271135572, 0.03101398577665836, 0.1368231703057753, 0.018387215957931923, 0.05048380806858347, 0.059334844498025896, 0.06963049328541403, 0.016339880178227198, 0.054060172117081175, 0.041072172082299685, 0.046396947782057094, 0.05408960839697778, 0.06419834916314379, 0.056956399219990586, 0.05985860890458732, 0.011496658689257044, 0.03987833002765704]
            , [0.07736851454235331, 0.007958683836995441, 0.051695907401224546, 0.05671761789169757, 0.025309570301426988, 0.05384675524163077, 0.01941201861279737, 0.04619231156651819, 0.04976407214734433, 0.06410039135182266, 0.015750248760557715, 0.027608841993611296, 0.21979208140250828, 0.03900155569388129, 0.048591821223472366, 0.05817714816084184, 0.05296080953080974, 0.05669652614060358, 0.008059622781980804, 0.02099550141792173]
            , [0.06266397079901809, 0.011043515127115447, 0.027855690412969362, 0.04678260518318619, 0.044330646467438624, 0.04371367031437337, 0.01683687820532666, 0.15223149817587728, 0.048052798054343905, 0.17874388777480726, 0.042239488012152306, 0.02419695260389626, 0.016882502887575333, 0.025403141858958242, 0.04242909690100046, 0.04665283544528121, 0.05010716372330574, 0.09033206419398433, 0.00548853799280189, 0.02401305586658811]
            , [0.05747748815756176, 0.010713680240047875, 0.02100300471296126, 0.03636977089124649, 0.053106665971092495, 0.025412247968652914, 0.015380553749610146, 0.12534215853766184, 0.031604853039222294, 0.2664479006213548, 0.05255406589190049, 0.01988625166793711, 0.015846876333902454, 0.025034148469709087, 0.04097809675039478, 0.041579434430138285, 0.04473472865715215, 0.08503028099094244, 0.007789345492590265, 0.0237084474259211]
            , [0.07021818136880138, 0.0031649499313913666, 0.06083339190956245, 0.05873319065553294, 0.028119005268427123, 0.05954361200916991, 0.016134992264466505, 0.05482204720525213, 0.05988050727854231, 0.06747241115182881, 0.015056495370285408, 0.0569185221641256, 0.03954369600752877, 0.048943326365259186, 0.05209353886823699, 0.06930299299105538, 0.1352725385918396, 0.06317028399243473, 0.010569471297952916, 0.030206845308306314]
            , [0.062110878670708275, 0.0027380519158206407, 0.06396226387041906, 0.0731278855847446, 0.02750609265756468, 0.05534152937461755, 0.01998745592735535, 0.0525788840485934, 0.12360259369080512, 0.06535640115799084, 0.014577049937407379, 0.06553793995492953, 0.027148860811004216, 0.05868469071866805, 0.0564380731680557, 0.07168023807413688, 0.06581673608333757, 0.05321019319402512, 0.007490017941665287, 0.033104163218150705]
            , [0.07070746660417673, 0.008304604883956884, 0.1258962972948141, 0.09760572133798362, 0.01316964953502836, 0.06824894776590383, 0.027400787214347532, 0.018963234248360473, 0.07110606546755034, 0.043010546498258695, 0.010928273057802194, 0.08411108806545771, 0.02377249877086694, 0.058374251307565045, 0.056631967306989314, 0.10638951968555048, 0.06758622181287856, 0.027784655705262253, 0.004423691699246251, 0.015584511738000704]
            , [0.06529809199224144, 0.01585582866736181, 0.02860742650243819, 0.032306039758412286, 0.1311397469694903, 0.0358876944000994, 0.053504288135437304, 0.048864140996391366, 0.03308169575913084, 0.08002360678488767, 0.02032782813557746, 0.028373590360603898, 0.02043048241192497, 0.028914939270809802, 0.05013853401758856, 0.05914471210693533, 0.05041575720179882, 0.062431489971449206, 0.027882086226806192, 0.12737202033061554]
            , [0.07182498554157492, 0.01373712965095603, 0.0238845058763591, 0.03070769083290277, 0.0930851120662434, 0.033725274174901426, 0.028549066882829727, 0.0733346506103571, 0.027645432432357044, 0.14136648545069866, 0.03290235137688297, 0.02380294484217948, 0.020360811507955073, 0.028137055677548303, 0.0468057276808569, 0.052294117494805135, 0.05199242359002968, 0.0797548467670759, 0.04575297482908025, 0.08033641271440627]
            , [0.06106096538372545, 0.013804115777094401, 0.01938610243620842, 0.02635847112460074, 0.07638872131262218, 0.024142588075370428, 0.019492762269477472, 0.10604691226202387, 0.02742539801491323, 0.20404746595862247, 0.053133062371134035, 0.0204890795690199, 0.01909460033197109, 0.02586963478952319, 0.03905247769563717, 0.04622709734824569, 0.04892525242214757, 0.10057577931303413, 0.015831364533391984, 0.05264814901123667]
            , [0.06219019056183731, 0.00971262848166719, 0.04948282565192854, 0.04304188752179202, 0.029607298919310528, 0.2899931481591079, 0.017708356355730388, 0.055361364405120676, 0.04396463656372964, 0.0731840240084673, 0.01730486914924814, 0.04217144871068763, 0.021287701881691296, 0.027093622239064093, 0.043598978704628366, 0.04643279596973092, 0.04240703280963229, 0.05703782906886489, 0.007401862265225696, 0.021017498572535123]
            , [0.0666025646854849, 0.010100281607865826, 0.0458646381955283, 0.05123269873567449, 0.028104611967961636, 0.05332962166860344, 0.020134673515124324, 0.06885247619449701, 0.041169800457124366, 0.18805031832093022, 0.01953314568214163, 0.02579097679142822, 0.024741582998231745, 0.032236445533022434, 0.051985516408219724, 0.04855705514918042, 0.05338324554033145, 0.1384886662387666, 0.008477279218723616, 0.023364401091159694]
            , [0.08286179680073062, 0.006485015618010835, 0.06572155502413347, 0.10664494923325527, 0.01237137653858445, 0.04624675709866495, 0.03941861290337585, 0.022976590133408113, 0.07777570621531125, 0.05498314653628886, 0.013147620347471746, 0.06162401930271502, 0.01937676199676305, 0.13669869323806424, 0.06821988725635042, 0.06844424949283362, 0.06046450155713763, 0.038493333191416186, 0.003999734363977049, 0.014045693151507239]
            , [0.07013712378392606, 0.0033149749411590154, 0.13649175702433597, 0.05823684278195288, 0.03084134534461212, 0.06277206118590427, 0.018661040451002378, 0.049385172719980566, 0.06248078528677567, 0.06710548088054942, 0.015993862980326044, 0.06356236758734299, 0.035136993734265674, 0.04771900430451952, 0.04833416701572187, 0.06618204859305733, 0.05938658230054162, 0.058408004376531104, 0.011822303835277822, 0.034028080872217814]
            , [0.059555231768548635, 0.0090474577601409, 0.03848632688406981, 0.043877315791936086, 0.04280867805128423, 0.047711490993610044, 0.018508160895339014, 0.053614931857793716, 0.04079260195324843, 0.28763113630750287, 0.04572616205616297, 0.026250247745987037, 0.018748778174335196, 0.03877303657008577, 0.049811790139099824, 0.046074446457024555, 0.043654546655494494, 0.05495802649741031, 0.008300856343753061, 0.025668777097172808]
            , [0.1425503455038399, 0.008821575314380128, 0.053086226801768124, 0.06014875478145252, 0.02215442462456178, 0.05934194764664383, 0.018955874435891445, 0.0407091341366413, 0.04587454389952966, 0.06723782505249676, 0.015026815278955627, 0.028006424527071177, 0.13523542605928945, 0.042318262854230966, 0.053220074722184936, 0.06365767347500838, 0.054959562751505875, 0.06145045346720027, 0.008452074409111457, 0.018792580258236335]
            , [0.062176041090420464, 0.015488764138506288, 0.016638032788820648, 0.022814003379792263, 0.05822395899382579, 0.023152450896209122, 0.016156323056437397, 0.1312792824497326, 0.023288391717630367, 0.20127196667090302, 0.05071134421275731, 0.01679828954627303, 0.016637620410334335, 0.02109332489465432, 0.030517842480531472, 0.03916486660748975, 0.053054096866669946, 0.16529517491516318, 0.009067612953492274, 0.02717061193035626]
            , [0.07203981966174469, 0.003217322278894746, 0.054256829422180526, 0.05120579451470899, 0.05627466063904159, 0.062048513818475565, 0.017922364771714095, 0.05149482577344752, 0.053198429344215925, 0.07067032799221341, 0.016795912016862573, 0.052005811617079435, 0.025040215933890574, 0.04144131846667833, 0.04603449514803267, 0.058478696678689324, 0.056386804413788204, 0.06379377741488743, 0.015470444883289898, 0.1322236352101644]
            , [0.07585505145034076, 0.008466280473577935, 0.047281613324781036, 0.04906500057893105, 0.17264057180696712, 0.060672603966076315, 0.020821364849139188, 0.05447118550105983, 0.04375706087881448, 0.06920530278484731, 0.020098977893163686, 0.041700814745302864, 0.023019505506382817, 0.028716540358810612, 0.044086793471881235, 0.05810965888640693, 0.05294128727862277, 0.06333657475831353, 0.012976184808787811, 0.05277762667779277]
            , [0.0677997102720488, 0.010461472963732853, 0.0815786189247267, 0.07119587495730152, 0.01900408269929354, 0.06331569238032465, 0.051943096476557565, 0.02475520653390802, 0.06904051822044992, 0.051417361421797925, 0.013316388304154285, 0.13320201739032406, 0.02121887173421181, 0.0592879249427055, 0.05669172428554731, 0.07862214146656692, 0.0632205664978509, 0.03719801980432622, 0.0052619902167110036, 0.021468720507460445]
            , [0.08333068197702231, 0.10893240395570865, 0.03452521292437787, 0.046588942951416724, 0.03547584428543549, 0.05877618258937513, 0.02277952747991226, 0.057770172140711104, 0.04710760841323262, 0.07932021600948082, 0.021287679288766535, 0.043910053040884134, 0.025728031999323154, 0.0319733142689275, 0.05400736819980129, 0.07382336339535077, 0.06361181566598102, 0.07169770378317347, 0.010323869363521839, 0.029030008267597263]
            , [0.11936497079604133, 0.012375071823664747, 0.05976186088709672, 0.05958714287621271, 0.014588713420054448, 0.06571722218658707, 0.01838751856983746, 0.021554145697455927, 0.048403347166835746, 0.04686789777302999, 0.014069187299710871, 0.05468511888567813, 0.044607550931333916, 0.046142424524077776, 0.044521392211385055, 0.15958489782195245, 0.098731223109314, 0.05026807605147268, 0.005582708876745942, 0.01519952909151302]
            , [0.07328497114146586, 0.003148944715413575, 0.05941173266920409, 0.06190726502729086, 0.02954814952208583, 0.060291429665828095, 0.018974605416682475, 0.04664546390028525, 0.06077822191900424, 0.06803081193778703, 0.01529870404993468, 0.04884290955305749, 0.14098931839509762, 0.0446577003249199, 0.05400416471665146, 0.0619531674167988, 0.05590426892778412, 0.05670116460515123, 0.011028205704731089, 0.028598800390826302]
            , [0.0655106588550318, 0.009908860693033083, 0.05213745256422707, 0.05113226782460179, 0.027582002656867784, 0.05333765166259237, 0.020965390054667268, 0.05173566043791538, 0.0484999061696373, 0.06449538123461634, 0.018173630787995193, 0.04522484704020597, 0.023360863455586287, 0.04263194930075642, 0.04998440581043038, 0.07156549498288249, 0.20729843774404055, 0.06215926599341951, 0.009480019836076707, 0.024815852895416206]
            , [0.06458176871357858, 0.009997218668708679, 0.0464828346114246, 0.05167169952147526, 0.13330275675566552, 0.055496982344604685, 0.021020049427864555, 0.059746766245547596, 0.04771941744398196, 0.1520526996862091, 0.02426397940614967, 0.031634672583703394, 0.02216501608097941, 0.028060138897753113, 0.047164225786544944, 0.053343853279794184, 0.05040635404935755, 0.061705475463627674, 0.007778475524275357, 0.03140561550875413]
            , [0.1408965869211987, 0.013746212714729816, 0.044895934089367075, 0.0523463335134543, 0.021716394516880597, 0.053996884558868086, 0.019011068256119548, 0.054011012914893325, 0.04438479101966889, 0.07023966526479411, 0.019463338867750517, 0.04118902611435381, 0.02765207482381243, 0.038969400117675294, 0.0488509087310903, 0.07839431649727253, 0.1299160863868415, 0.07422154837386209, 0.0068750968815931264, 0.019223319435774294]
            , [0.058168449776119235, 0.006710468907286637, 0.04728803902316819, 0.04999073264466785, 0.029665158696504403, 0.056297930730195844, 0.01863237059531068, 0.13431507009341195, 0.04982591353559641, 0.06747416835751903, 0.01532824980496429, 0.036287222154745134, 0.022514897229609955, 0.02990887263444899, 0.04827689979090684, 0.0487892576468741, 0.0518440686527876, 0.1954467467266741, 0.008317611892879936, 0.0249178711063288]
            , [0.07299307157724105, 0.008261595868623003, 0.05191096452596245, 0.04878585061814436, 0.05696531497755076, 0.05816546535186684, 0.02180272542896307, 0.049881421698275835, 0.047548955134611805, 0.06965759596708729, 0.01836999910683626, 0.042376940606312134, 0.027446651494564003, 0.03265792946789479, 0.05228634338671532, 0.059613225284399655, 0.056903841067035735, 0.06045623075102257, 0.11163041961078962, 0.05228545807610331]
