20 A C D E F G H I K L M N P Q R S T V W Y
256
0.04255169674140325 0.0681164557105594 0.0207811988988834 0.0552120114357249 0.0610161925412101 0.0467951908393023 0.0622256852859966 0.0275310840193366 0.0584894916493551 0.0568751508361652 0.0816779933999817 0.0207770531274795 0.0450953155188189 0.0485870423755561 0.0467144258087338 0.0604211637805494 0.0631142689788030 0.0581141923913112 0.0678069852828006 0.0169600236657343 0.0336890744536981
0.03504738255907971 0.0681744904513658 0.0162281893165177 0.0573009017184021 0.0698610598130668 0.0440429466765633 0.0565760621057063 0.0257224648957548 0.0638644100165938 0.0659355634697550 0.0878245344131040 0.0227914650531401 0.0537670260368721 0.0294257572173019 0.0522862284382574 0.0570663213392286 0.0660239272453190 0.0591288992535119 0.0672014227208791 0.0056608147499122 0.0311175150687479
0.03283760153177422 0.0692046845272801 0.0124399726864192 0.0491761062501796 0.0587013245233675 0.0478419041276010 0.0552150401176140 0.0227685148405785 0.0643166443074300 0.0538436498865189 0.1515879028603863 0.0231758593733795 0.0340657434560651 0.0284906610829229 0.0476523080615912 0.0559808870381281 0.0600048327022357 0.0555108273868919 0.0705205233814017 0.0102995146159404 0.0292030987740684
0.027471537892635296 0.0672844903414890 0.0062575894366712 0.0581213719221371 0.0622819732834769 0.0480713530138330 0.0628661602772276 0.0237233074047085 0.0554390755790877 0.0605532903301010 0.0752126377159088 0.0200647063517608 0.0532068643875817 0.0480474895149647 0.0506269634937297 0.0561914772793654 0.0624310007994232 0.0608839149757166 0.0655996615969131 0.0165418611592574 0.0465948111366464
0.024338247222126422 0.1389044521800415 0.0125367207401842 0.0563433886746464 0.0637948111775141 0.0297174534279243 0.0637125018763863 0.0233625654438668 0.0537417645589294 0.0505328567843944 0.0839426299706609 0.0186961376523043 0.0335007880794862 0.0337980589877143 0.0504581105095363 0.0601272085923045 0.0648633025136518 0.0591870635249064 0.0678423239125830 0.0100495426649565 0.0248883187280082
0.020685083211667645 0.0756343772404757 0.0096026470124396 0.0602808703369880 0.0586268479291951 0.0293406762716771 0.1538597838758172 0.0215927254991568 0.0521278028592350 0.0546298846731419 0.0747609892344188 0.0176431103130171 0.0505603466038803 0.0302907727135132 0.0415346731924553 0.0548025262579572 0.0647745736723246 0.0543182376469962 0.0604338853014163 0.0095251464007225 0.0256601229651723
0.01907181532872728 0.0749031500267130 0.0142649917774833 0.0557158766538199 0.0609105297055327 0.0281482418656568 0.0600919120787670 0.0241031032768913 0.0496188495578600 0.0576849241758895 0.0726514008974543 0.0183155331845460 0.0563834198144945 0.0315134612397786 0.0492526770678558 0.0553281987705319 0.1243101596323183 0.0728547115393782 0.0597824337762918 0.0085863517220334 0.0255800732367037
0.018927477030411952 0.0708426021697107 0.0110588867505498 0.0472762158733900 0.0560225771579610 0.0408451016872476 0.0541180049242039 0.0204899679825245 0.0772316421916634 0.0530830866575902 0.0853900158211339 0.0207138443265875 0.0313491988517130 0.0275465042199245 0.0331321020838151 0.0529244429645852 0.0575652063740196 0.0640589366971970 0.1593585091761635 0.0093715746880191 0.0276215794020004
0.01823005481023346 0.0742144554735209 0.0090191371536374 0.0682422186996200 0.1458090171411627 0.0263664751449063 0.0532758209020527 0.0207980249351107 0.0539110085418663 0.0654945574820535 0.0762383269647648 0.0177973092211464 0.0446515010662463 0.0260939008132721 0.0529038382617923 0.0557298185098120 0.0595306109867739 0.0574138524633456 0.0608387814471733 0.0076200303353570 0.0240513144563853
0.017095785704888216 0.0685853539436869 0.0090513247927072 0.0545892063065505 0.0691487534044371 0.0253904284931794 0.0536429252073510 0.0215609066494377 0.0538713654107009 0.1412267404213976 0.0723899271749101 0.0181119139268980 0.0534891186831559 0.0238756639201660 0.0545149204676964 0.0680518227601965 0.0629585274233631 0.0586051984311564 0.0592753801647904 0.0067005729691661 0.0249599494490530
0.016361320912575698 0.0644353013887959 0.0090663994964309 0.0426594916150108 0.0515530766006845 0.0494196814344360 0.0503251511220956 0.0193329289561390 0.0629360988610717 0.0483631871870363 0.2163930612080967 0.0373332392836960 0.0287876047132305 0.0216287531687777 0.0437016210295918 0.0502736360684596 0.0509907996345086 0.0503109559431393 0.0656543891628446 0.0081837308058513 0.0286508923201035
0.01472506108831077 0.0763415091143284 0.0080553787066311 0.0552489111264397 0.0624359942303572 0.0252466060491706 0.0568163896493811 0.0198627957533744 0.0486040708861284 0.0568571709806905 0.0711508101572385 0.0159625826734899 0.0406544696399247 0.1505967505518647 0.0442332232453886 0.0527216990548091 0.0663897891673374 0.0571088068726352 0.0611444922646284 0.0082314160145957 0.0223371338615864
0.014662471914705008 0.0750199370577573 0.0107979226152615 0.0505136344959945 0.0613017028608444 0.0262402700209270 0.0557893827272656 0.0266084549631162 0.0501945803019171 0.0668941666797501 0.0797818125127811 0.0179243943181385 0.0412499018949679 0.0248533136410876 0.0550613234776959 0.1413122248556753 0.0607750904400122 0.0587714136847470 0.0625645220700429 0.0094007838462042 0.0249451675358140
0.01420774240850804 0.0726528520265843 0.0093340491357109 0.0519199146036514 0.0583641461491557 0.0262365265275974 0.0545623582864577 0.0200148827208256 0.0580594284991150 0.0571940412217409 0.0722515571590128 0.0183872889201236 0.0493028791594132 0.0247022233301409 0.0456246467117073 0.0542870725152472 0.0725292911494522 0.1511395143514178 0.0712833474096130 0.0084741321018286 0.0236798480212044
0.013910124501362272 0.0739699091147657 0.0086944743421439 0.1386409510503998 0.0674240696543616 0.0290654347177486 0.0618822897735612 0.0214932101542321 0.0533564584653980 0.0579274516055722 0.0742697189655802 0.0174237938923298 0.0559329594697366 0.0299159842753968 0.0441237603236869 0.0513313150495550 0.0616611578548552 0.0558189828439197 0.0608192871244217 0.0098264353059380 0.0264223560163972
0.013463058975606828 0.0654438595706394 0.0097494423382687 0.0500174168020199 0.0570006679365551 0.0434216610508708 0.0562659839386768 0.0194521915452010 0.1505359003246323 0.0578922115889647 0.0823637998676514 0.0215330516463654 0.0443930822521330 0.0246819230252711 0.0310860105924799 0.0503628046800824 0.0550739071827223 0.0557344320382144 0.0864953290216137 0.0087619919915805 0.0297343326060572
0.01307602796330997 0.0797405763943235 0.0081714752757842 0.0989587349944638 0.1094971729266061 0.0127653828711375 0.0681092178842607 0.0264539539363100 0.0191613426154964 0.0767205258559173 0.0459743080589184 0.0111432528054012 0.0709834167225631 0.0435501265316052 0.0654049724866382 0.0609438950048960 0.0908637891051070 0.0644041072749515 0.0290615975377535 0.0037988593774907 0.0142932923403757
0.012475682828724088 0.2165028925767799 0.0092886439063034 0.0521987630416262 0.0537456386071772 0.0268260867817318 0.0665402517069520 0.0193470367638555 0.0481072083800372 0.0504008888974176 0.0686551642392792 0.0172032138700351 0.0367681029065855 0.0228704826802884 0.0428034152986962 0.0509209697963850 0.0659605325671170 0.0600394419492026 0.0597248446190223 0.0086896869382880 0.0234067344732198
0.01180508454009092 0.0632195889941892 0.0105399769495764 0.0244089559960271 0.0432435306867445 0.0542762705399889 0.0415429572825883 0.0167986411443575 0.1393791432277025 0.0445810502632458 0.1693440895104509 0.0437938322445861 0.0231031826873608 0.0184440367909987 0.0256540589897462 0.0404363696832725 0.0472902354230933 0.0527705549602231 0.1025402504920415 0.0077028725746413 0.0309304015591654
0.011262219258816451 0.0677953216394105 0.0089061536163815 0.0443201146820398 0.0497094059035870 0.0743427222083187 0.0519455833809800 0.0305477302251887 0.0531872885587889 0.0501733868256786 0.0790752069457696 0.0182603205968705 0.0431576905298543 0.0203280776431062 0.0301553120553470 0.0471405522340007 0.0568990969694652 0.0525954635897566 0.0612207446081580 0.0126838409469276 0.1475559868403702
0.011020803874908511 0.0710557295064799 0.0106965420689136 0.0391025056849493 0.0477611364137511 0.1504933225430359 0.0549400639454328 0.0237337538640706 0.0611897899166134 0.0422203653125684 0.0946546814160521 0.0238037259083264 0.0304618019323769 0.0224269925506268 0.0284608673350892 0.0453423845045186 0.0566660296725160 0.0517938049623193 0.0669969490704419 0.0128827831765146 0.0653167702154027
0.010787052471442092 0.0649271760099864 0.0070667220926947 0.0722038221642445 0.0599895960662859 0.0254368889060368 0.0618591068367605 0.0216988687338239 0.0514696820570883 0.0662000395337192 0.0635321933746447 0.0151587351630605 0.1454283599386895 0.0220120091212401 0.0479215521478659 0.0498263658724923 0.0745575534570832 0.0613803970920278 0.0532258891764913 0.0078552458721735 0.0282497963835911
0.010451114662088716 0.1511233604769500 0.0109847179969460 0.0529581381178758 0.0572775627065941 0.0186388488611400 0.0682327532681906 0.0189484239473780 0.0314892988770577 0.0512156283250066 0.0588907669145960 0.0155098532871359 0.0531713261507686 0.0295400453732057 0.0510147787866692 0.0473417147087027 0.1315831006909756 0.0725982780684657 0.0552410946702463 0.0058461047739876 0.0183942039981081
0.010443450681647194 0.0833976593209581 0.0014373961024854 0.0608418200993981 0.0637829964145721 0.0291930995469314 0.0636431795778933 0.0165607955699033 0.0554123255211843 0.0658047620147009 0.0831814714391237 0.0168733882690874 0.0571012376024333 0.0295474117236211 0.0561885189933496 0.0556247887345368 0.0725546902552716 0.0688536089208985 0.0691201100795970 0.0096824010517736 0.0411983387622808
0.01008068894074849 0.0659789759946551 0.0071203019556179 0.0523843587663235 0.0468705260311203 0.0281133971040297 0.2500812926253448 0.0181164458493920 0.0533707562975342 0.0479243387639890 0.0725973494196926 0.0160906983522965 0.0479401877937795 0.0232170964995170 0.0302178532790356 0.0468167924296135 0.0546052302885063 0.0485882685337868 0.0597491782657751 0.0075785726917581 0.0226383790582324
0.00870372712142172 0.0747483496808862 0.0043931003952885 0.0711648123683503 0.1470269360360941 0.0128099496960225 0.0435424435390133 0.0205513705545604 0.0250377581159688 0.1339742356805396 0.0523569217212896 0.0121156413254829 0.0560120789946457 0.0165589075969022 0.0729424586860120 0.0705842355092883 0.0642119931415060 0.0608481093560685 0.0429809683801171 0.0030360280843047 0.0151037011376597
0.008696063140980198 0.0583314600634584 0.0086680946115484 0.0171192597329927 0.0232769285092231 0.0569856478081323 0.0259428317419474 0.0125041387824677 0.1587154306950972 0.0239541248631321 0.2591931236461287 0.0542334232305333 0.0163735604667556 0.0136423421495277 0.0203156471319432 0.0286305048582073 0.0344984302492662 0.0458362794842138 0.1122302464190373 0.0068268888199129 0.0227216367364749
0.008306477468536168 0.0643643443133841 0.0095470577816591 0.0258548081070071 0.0442235288610004 0.0336757142213168 0.0450399290489779 0.0159958082023927 0.1632297217915903 0.0460877300264651 0.0861530745028237 0.0196519402126446 0.0240761173617065 0.0190349902751906 0.0254337270609644 0.0449282923342943 0.0478547345849282 0.0585222453095987 0.1975112895737300 0.0064681791013572 0.0223467673289680
0.008270712226475732 0.0772711573812302 0.0073063400400381 0.0510294291369188 0.0742583149036534 0.0175807338452084 0.0441663925559460 0.0400880100364046 0.0396717304345753 0.0738620879211374 0.0691483942727201 0.0175218443006423 0.0542799964504135 0.0184095773205751 0.1441983314826542 0.0705153597211640 0.0638020133580039 0.0615860706687520 0.0515692041715573 0.0055422989953554 0.0181927130030501
0.008240056304709644 0.0640740463788338 0.0071850445784565 0.0380194053523264 0.0618352447964070 0.0130714227630774 0.0417242883813963 0.0396168658161564 0.0249686628128219 0.1637344809202719 0.0534653990479612 0.0143675667499441 0.0510885391465051 0.0165148390222364 0.0730142935869254 0.1541855052072931 0.0617669000341553 0.0562988079174938 0.0457751422944329 0.0045397454497827 0.0147537997435222
0.008122541937939641 0.0740097457361330 0.0053199144162787 0.1530023672262842 0.1710334204444097 0.0114161106705764 0.0553825866461179 0.0202201230510401 0.0170956328380746 0.0655474367007499 0.0429090027861656 0.0098993955445880 0.0617131918507660 0.0362158905310047 0.0586942913576433 0.0481055101030266 0.0667919871495955 0.0536909807080384 0.0326816923604683 0.0037374776340135 0.0125332422450257
0.007776385487997568 0.0720792268396014 0.0089251210728991 0.0245793634743993 0.0392926241889669 0.0434853000088015 0.0470362212241374 0.0160124194668930 0.0889593819125941 0.0255196504203391 0.1974544537375619 0.0273374684877354 0.0191538470896329 0.0189072260970606 0.0240741983114047 0.0445968524635791 0.0435247255275892 0.0549546839615233 0.1753137781989892 0.0076115402087548 0.0211819173075371
0.007236074866870273 0.1696014556199445 0.0116926376654833 0.0275798667931458 0.0438395338019819 0.0246391462303777 0.0508519459288214 0.0166262529212771 0.0706474074539759 0.0416299029605548 0.0768090886452578 0.0195713186309033 0.0231624103369524 0.0227040478326509 0.0279090724758233 0.0445261672963619 0.0632050200646714 0.0758501623753699 0.1631236343277763 0.0067577697785910 0.0192731588600795
0.007232242876649512 0.0844364399321917 0.0089672878296729 0.0475823676038858 0.0516604651176042 0.0142372138691434 0.0518337051150372 0.0178104098241500 0.0280267531693660 0.0523526280569222 0.0496268849625574 0.0138502335157294 0.0598195446493743 0.0234202409575667 0.0457627206178795 0.0476999494605735 0.1658575454896099 0.1652793311838660 0.0522851320397844 0.0049523502615334 0.0145387963435518
0.007039366035537877 0.0796720314370954 0.0061165130281433 0.0468087279987102 0.0517868707796872 0.0172302422950513 0.0508629207614247 0.0160387579541900 0.0403055260306088 0.0491781208499297 0.0634615321745258 0.0125555795316543 0.0250414489193443 0.2627463475558535 0.0418779638959312 0.0486961700096177 0.0596053323574900 0.0518974149602728 0.0552587389773909 0.0059395305896949 0.0149202298933844
0.007020206084434073 0.0732452436237589 0.0094323092800975 0.0538430597654866 0.0517891385740252 0.0241933186651100 0.0672438261945114 0.0192706754891865 0.0418432870363854 0.0530822014482171 0.0643824826425065 0.0152668652955775 0.0602285090946784 0.0239581284388275 0.0423246846301935 0.0502052503736400 0.1979730540263703 0.0676116117868393 0.0533856325767149 0.0074262756293263 0.0232944454285475
0.006985718172447224 0.1453152788374301 0.0069791668746554 0.0668989649349648 0.0832236368766014 0.0134987944615242 0.0618552146648584 0.0255398264106794 0.0193577687115750 0.0609811820354545 0.0625830082836507 0.0113113697759273 0.0325347759034976 0.0233486196590918 0.0721725876623514 0.1208046220200053 0.0656240652496198 0.0613047508429543 0.0478494133364103 0.0062134228440891 0.0126035306146593
0.006829883903469612 0.3118418909697893 0.0130538465379179 0.0365866505448238 0.0429975259729950 0.0207245080065174 0.0670771239394610 0.0161000253191319 0.0442795957709799 0.0365489838358486 0.0636370546617363 0.0151836429881273 0.0238995841684529 0.0156718289185816 0.0328358321361212 0.0402453986566164 0.0801410845420437 0.0553643256707475 0.0604221460856033 0.0057795881122024 0.0176093631623027
0.006476063473086016 0.0638294632665934 0.0097433392913210 0.0200434529290529 0.0235301660599811 0.1802316005990260 0.0407932500529245 0.0475344424807692 0.0499615695317762 0.0228458943779394 0.0868157146937480 0.0196403868300093 0.0241957362771485 0.0151428864243676 0.0227726611228703 0.0295209223348542 0.0498626218207514 0.0440964542995577 0.0589525234952349 0.0228438440190530 0.1676430700930211
0.006417306289701015 0.1846077629291885 0.0087855593058314 0.0479093393691146 0.0460350327232677 0.0169681184893406 0.2058353186500887 0.0158100636012915 0.0222606298579123 0.0409360860495612 0.0525115073203495 0.0123669326608180 0.0419913800305301 0.0261273201814760 0.0358980122137194 0.0435171030016854 0.0798736780712586 0.0521039825501168 0.0462346343516211 0.0057364125778172 0.0144911260650111
0.0064058103190387326 0.1988627424306651 0.0109527381812886 0.0414069545875645 0.0453852433519804 0.0124367609093114 0.0665039862912628 0.0155816340958743 0.0205695320637122 0.0418631046065382 0.0440001027652992 0.0123473534885078 0.0475298227559202 0.0323684455060331 0.0414449958232197 0.0373935040243287 0.1834651878119079 0.0827369359546234 0.0489640381590085 0.0039787055635574 0.0122082116293969
0.00639431434837645 0.0745031379782215 0.0026581873355204 0.0776642346835217 0.0793042058467359 0.0094329272812172 0.0597062921899033 0.0332499403511008 0.0162610494614506 0.1157117592172555 0.0372917201931691 0.0089936593512418 0.0960390996098852 0.0185007394696208 0.0755575202082491 0.0699169832676938 0.1087232219616171 0.0771434946435813 0.0240695417980267 0.0027615864997303 0.0125106986522577
0.006371322407051884 0.0605274553328711 0.0072992680001961 0.0329501962630017 0.0391683015718381 0.0439422856614409 0.0432644069041425 0.0147813368703965 0.0632074096693200 0.0349554847929517 0.3185208821994456 0.0517905930574960 0.0211045130191168 0.0143163991816607 0.0366957147858301 0.0418610797450643 0.0418961846571428 0.0442149286983136 0.0623355625039241 0.0066379833768284 0.0205300137090187
0.006317674543961231 0.1808220974897567 0.0040223293152807 0.0752706120113556 0.1394106670462566 0.0135980592172875 0.0470380615160859 0.0164487160612553 0.0252334264726789 0.0636318551600969 0.0580679943405980 0.0107240597897500 0.0396210927233530 0.0208701573926519 0.0651337218242493 0.0575250569426069 0.0630603099174893 0.0562717999930483 0.0463258597932984 0.0046874932399232 0.0122366297529779
0.006243589399693186 0.0593320271813884 0.0083364702209815 0.0134270954963830 0.0201662640457362 0.0444559042637346 0.0208423104988084 0.0108261552588997 0.1898449143662239 0.0210826867605828 0.1672229947540632 0.0452299885558074 0.0145913554013765 0.0144273978149064 0.0177189850034584 0.0227367401541877 0.0369030627587172 0.0549816649524461 0.2139661267528108 0.0056659024532996 0.0182419533061883
0.0062052694974855755 0.0605436565065944 0.0062316261575186 0.0531580886691301 0.0449449334994762 0.0158999023059141 0.3619937923304845 0.0149462551143449 0.0370025318115246 0.0464434689399996 0.0512753584616004 0.0114704878672684 0.0506312319803117 0.0170824421671201 0.0347080914068970 0.0430245677777798 0.0514844072552332 0.0370310745618061 0.0434543652407904 0.0051658868195335 0.0135078311266722
0.006181000226087423 0.1589417882909406 0.0098552259564080 0.0268018594777812 0.0449294125913943 0.0372395606444198 0.0551746109203712 0.0157470219889124 0.0625009820226246 0.0330917291682560 0.1735460962820183 0.0389193791304764 0.0207636401462748 0.0167082716010552 0.0417817926699488 0.0490735221294606 0.0547413028255934 0.0566577126572556 0.0770813619166758 0.0071800088610910 0.0192647207190420
0.006004728675932419 0.0685466840719379 0.0056056945094309 0.2120948478999664 0.0671665605869502 0.0188619955795814 0.0622725614459867 0.0214717101182802 0.0337061467762073 0.0550969740130565 0.0575302649286314 0.0124419382693915 0.0782873593858066 0.0250246026026996 0.0435691039211916 0.0467459753908146 0.0632485616282659 0.0554547665043748 0.0472778643454865 0.0066064309822227 0.0189899570397175
0.005758203971730131 0.0638713269446215 0.0084263363468610 0.0476334313709365 0.0495744353567366 0.0446712958195921 0.0380104873975677 0.1685446050128542 0.0233279023068049 0.0522998576036465 0.0587849679940722 0.0136471482538595 0.0674085554942519 0.0151411906826289 0.0609009108243275 0.0592994149424725 0.0574646933810725 0.0506365873837978 0.0456745152648090 0.0079003759477979 0.0667819616712894
0.005483578005908929 0.0594879561934136 0.0095911193232662 0.0151200049045513 0.0185199140370002 0.1546052876493216 0.0294038708480707 0.0173626575350521 0.0720505732208518 0.0173866215285733 0.2431734592265643 0.0536123064844870 0.0168192280593639 0.0132591088752567 0.0188899267295779 0.0237128859435732 0.0388723707023772 0.0387731982941655 0.0698534930691281 0.0152608510741919 0.0742451663012138
0.005372450289506861 0.0718979643534026 0.0020932651962399 0.1258629701381986 0.1599128588422039 0.0048284322168721 0.0502434209839962 0.0262957258494558 0.0098156730059613 0.1237630209669763 0.0189274155419236 0.0058665110332472 0.0815201093951566 0.0170870344555467 0.0793085886038386 0.0589529649926290 0.0783445184297840 0.0607629891136923 0.0161475550440931 0.0011801657967800 0.0071888160400024
0.0053277437369313166 0.1551827744536327 0.0058911375721941 0.0539638354197959 0.0623126501327097 0.0152451644831370 0.0566785767783717 0.0164834463107592 0.0263921941962847 0.0491050624710456 0.0551053119811779 0.0118832306570120 0.0335226905030296 0.1590024616532178 0.0457014746271498 0.0494352746418057 0.0722279179521264 0.0581850136250648 0.0549661745297618 0.0056054186506191 0.0131101893611042
0.005243439952074575 0.0701021539744552 0.0047919278874129 0.1036642509085419 0.0676387154743593 0.0112549620237251 0.2012372608312566 0.0232548317765098 0.0151532300617128 0.0662083533727184 0.0363148131409019 0.0089777822294741 0.0998056462816273 0.0197912751061589 0.0521734123014802 0.0503726827183838 0.0793181064230896 0.0510018263711340 0.0224463804966409 0.0040571988929416 0.0124351897274758
0.00522044801075001 0.0473892470335623 0.0071243437425691 0.0094705033384786 0.0134584174310557 0.0672324536081305 0.0132270000938615 0.0094555764225337 0.1463168849700308 0.0136330624817552 0.3627680257500264 0.0661542194458033 0.0105170048996988 0.0090341223067682 0.0140434697110640 0.0172651727450121 0.0194749196622108 0.0343489282991764 0.1057498688488207 0.0059105811226035 0.0274261980868387
0.005074832382361094 0.0660190730600236 0.0058126045764052 0.0492244997804340 0.0569503171609436 0.0181534443578534 0.0468251433317489 0.0159031655775674 0.0530121284717137 0.0516109894477954 0.0641061945574585 0.0144235134553021 0.0485906860333951 0.0165976164062793 0.0441694189180009 0.0533711697091355 0.0690152456454322 0.2399576210748670 0.0624735120854850 0.0062212577056382 0.0175623986445208
0.0049828646170628306 0.0745161593818036 0.0049434243383992 0.0756178584502085 0.2426130364032203 0.0149634994443156 0.0463232526366896 0.0161865405874837 0.0372951468102837 0.0679412838765518 0.0570486536477469 0.0124878061869348 0.0400638607093801 0.0187984357041569 0.0583161674532585 0.0532023527339663 0.0556671444610379 0.0553441581364443 0.0487893246048301 0.0045057247825280 0.0153761696507599
0.0048078703969814136 0.0723169460085318 0.0084526350131751 0.0367086527456325 0.0433434067093341 0.0233827072091511 0.0458071980971092 0.0152175600540073 0.0799961090883412 0.0462981049542013 0.0716387260748261 0.0150648184193102 0.0219854391190263 0.0188733440762547 0.0269214892767769 0.0468387547146166 0.0442677178036792 0.0568519776014654 0.2986996241064088 0.0062364367691743 0.0210983521589778
0.004737617242934129 0.0657410533261549 0.0035855031540416 0.2343405338615970 0.1623550782416894 0.0062104764854087 0.0614603689752011 0.0284570513444208 0.0092460224034844 0.0550101160697942 0.0161573280713589 0.0064112815860385 0.0946311484226325 0.0207987137579349 0.0530875397140024 0.0367585664006578 0.0718312025586283 0.0480566578914624 0.0153817786739482 0.0023302787353718 0.0081493003261723
0.004708238651241628 0.0597591021065079 0.0074218424060518 0.0141878764579541 0.0271143154083141 0.0203175276992343 0.0207902701975117 0.0094828922007141 0.2217490014011974 0.0300265835296925 0.0868066363890353 0.0264322452213842 0.0153499953407763 0.0128561626882538 0.0150504267411825 0.0255413450516607 0.0349979510159130 0.0561074493606817 0.3006677069486816 0.0033379868669668 0.0120026829682863
0.004576673653662169 0.0657223859201033 0.0036188042203196 0.1698985835357574 0.2754165996186455 0.0060559115893552 0.0407981207640268 0.0182150093350684 0.0103168582139995 0.0647236218838399 0.0268322437217342 0.0074865140610583 0.0526422673144532 0.0180641932956621 0.0726158495204748 0.0407085278543098 0.0534093419059437 0.0446441928695259 0.0192152230260903 0.0020497974519979 0.0075659538976339
0.004543463071748907 0.0642521396875182 0.0043222427456751 0.0444429680724621 0.0639299129692029 0.0154081942667522 0.0418270785523317 0.0176834090991253 0.0498853802091486 0.2331914906254908 0.0688068831920978 0.0148582996314944 0.0504803617807147 0.0162806997396865 0.0597970967402964 0.0655187670361215 0.0516589241022558 0.0586943590975604 0.0581142968275941 0.0040240475326777 0.0168234480917937
0.004498756519173363 0.0439895639261966 0.0087288285101805 0.0114866197446465 0.0136922411483340 0.2590752631498857 0.0138051499075051 0.0461902894605874 0.0475923001014917 0.0142977552256613 0.1049308406028118 0.0223077698295394 0.0161067152842133 0.0094159138065848 0.0162895756696147 0.0165636801459300 0.0341918389524314 0.0257627145987517 0.0504352625521530 0.0229535162493943 0.2221841611340867
0.004466823267333688 0.0491155055286095 0.0068287458794639 0.0100102207067388 0.0151572721711916 0.0472601386712399 0.0136707537799340 0.0087410512211263 0.2435920359973680 0.0168980154679762 0.2406713234854118 0.0554135278103692 0.0115719223812753 0.0089587898753886 0.0130447520756441 0.0160796623481724 0.0213124032302045 0.0430344747545065 0.1585260519502935 0.0041789874507906 0.0159343652142953
0.0044451086560827096 0.0731323038471661 0.0077043312422495 0.0378862075589578 0.0554025354752156 0.0133804159701288 0.0443125055407872 0.0521240030556603 0.0242661319076528 0.0710759861014955 0.0580140736148010 0.0122100990103847 0.0397331521446633 0.0176131476433638 0.0715568940751762 0.2367434845650166 0.0570127020872066 0.0586237132638700 0.0491235072695190 0.0056861475810841 0.0143986580456009
0.004362082201299556 0.0518784357119429 0.0059888329325307 0.0064862837652231 0.0103435066044341 0.0362879485061386 0.0095174305898637 0.0062962681823933 0.2341548321703488 0.0100546465273469 0.1915407758308527 0.0492125230888438 0.0080184413818605 0.0077957821345145 0.0102725147378654 0.0111572820670761 0.0220926960208024 0.0445690972013168 0.2713090767863077 0.0032537774952083 0.0097698482651296
0.004216466572910639 0.0867987255390387 0.0040400180032535 0.0422739777812408 0.0493802773375674 0.0091826207209451 0.0397535696673951 0.0113269139670130 0.0174776103719496 0.0467420622559805 0.0414012407734813 0.0080357915517203 0.0217665230473066 0.3891635332489545 0.0357790811304583 0.0402198387730988 0.0594314936779099 0.0452340654662806 0.0401421545414473 0.0034299081267664 0.0084205940181919
0.003977605849149873 0.0668872510175426 0.0026838511580569 0.0544058404954500 0.1281653213237088 0.0052501996735575 0.0313187986544829 0.0351818903075442 0.0136864823466778 0.1750826478066012 0.0341629058404023 0.0089571516287923 0.0552971104517051 0.0090971755181920 0.1041052939726979 0.1206326844776160 0.0607067339410979 0.0571289209643380 0.0274370271299151 0.0018189242185743 0.0079937890730473
0.003959723228119655 0.0572649356714818 0.0063372743128183 0.0207350942791403 0.0255466306840732 0.1067785654357138 0.0351398057037259 0.0754389289603256 0.0325394479455868 0.0338859647790612 0.0633793822482179 0.0132730903645962 0.0411723415939614 0.0109406698434994 0.0258053218173783 0.0374912755674407 0.0478997433540897 0.0396528615117726 0.0465614243583137 0.0145334498209852 0.2656237917478183
0.003783451677964651 0.0542729597539051 0.0059003530928559 0.0197933376469091 0.0462232413204500 0.0089751507325359 0.0352027680565239 0.0418454388817362 0.0156697674413492 0.1868171521162958 0.0426678415523983 0.0112950011188552 0.0442678360640397 0.0130973047455868 0.0641514387124513 0.2632707803249391 0.0506738134461272 0.0476756392823795 0.0330046801995569 0.0040608994544035 0.0111345960567013
0.003777065027596716 0.0570061701665270 0.0072610136177809 0.0384709411118228 0.0427394481725590 0.0357502135717999 0.0527055334074947 0.0149500494068723 0.2710068948593863 0.0438425507387713 0.0908943743409065 0.0206761871423817 0.0255009770616075 0.0155902125036153 0.0217243263177731 0.0429356373985147 0.0405994997967243 0.0486238141748728 0.1041737429182441 0.0056054813886659 0.0199429319036798
0.0037374677953155196 0.3204250107344872 0.0114990208037228 0.0291721054516565 0.0348571860055502 0.0088022787772739 0.0694627117261916 0.0107248966046786 0.0160532123297118 0.0296437393261204 0.0321302200940193 0.0092603969719500 0.0322671808769046 0.0209576905163442 0.0293681112891301 0.0256147787956908 0.1939912340881559 0.0670017870798890 0.0477401446412121 0.0027975205749013 0.0082307733124097
0.003717030514138128 0.0854099239713134 0.0041375724737586 0.0727617422534665 0.1482328381781752 0.0071735119433160 0.0411239862348646 0.0355005657270772 0.0154445912586043 0.0751593126753637 0.0448554535097099 0.0092150617167444 0.0586352944885241 0.0121825609749354 0.1509972301022566 0.0630550554913025 0.0687528470136016 0.0627727005492741 0.0336031635787338 0.0022294349333353 0.0087571529256426
0.003704257213402258 0.1317983100260501 0.0025084830875904 0.0828429032262457 0.1301153221820310 0.0057005249322602 0.0467210393478029 0.0306585149979791 0.0113471339223105 0.0869277680719528 0.0396706155488840 0.0071808710427362 0.0479048669847304 0.0093629317945070 0.0939960267108540 0.1225122855326782 0.0638070203524312 0.0564118911339391 0.0224983077683708 0.0016904124965885 0.0063447708400578
0.0036889292525192144 0.0667660962867133 0.0066254860693211 0.0637803930134121 0.0495971425845873 0.0176571560253448 0.0545271525811169 0.0505104464737062 0.0246384819154740 0.0552162660872184 0.0499976499889030 0.0122126839908898 0.2331000983993237 0.0145249864830610 0.0500603616484071 0.0493224192183585 0.0720258823369605 0.0600969688375290 0.0419097536937278 0.0052647925534752 0.0221657818124702
0.0036736012916361704 0.0401600455902312 0.0054206446471813 0.0055069603206630 0.0084784286120898 0.0505377384168541 0.0077473589840748 0.0059449714213442 0.2085672827008101 0.0091356842583512 0.3592369296150560 0.0610268541876197 0.0067468833292659 0.0059997658952404 0.0095348976911149 0.0106018484900003 0.0132590533047151 0.0298845748191104 0.1478125994690082 0.0034546000111823 0.0109428782360872
0.003604625467662473 0.1717638163519928 0.0034039796142386 0.1417309695840542 0.1051251849863829 0.0064976561143117 0.0833914416633555 0.0170536636515443 0.0092320615836866 0.0472714327525319 0.0317034849222764 0.0062364514151743 0.0506040510815144 0.0412468579037583 0.0599431135343084 0.0628964098630422 0.0780796111431153 0.0544165814091210 0.0207816344168305 0.0026867129769789 0.0059348850317818
0.0035560869248661676 0.0663295535561558 0.0061321954525270 0.0452368093363507 0.0432725439846508 0.0104348430069480 0.0398382451881515 0.0135733019880763 0.0234763641016548 0.0451817042781884 0.0383809923747457 0.0113105053315195 0.0535233853086891 0.0140295150867220 0.0363538967516032 0.0408870283690783 0.1870728790604024 0.2671556584584699 0.0435229665716468 0.0037499477737654 0.0105376640206543
0.003548422944424646 0.0539058764896323 0.0032709467298243 0.1846314831694745 0.0719193780769592 0.0089989983702727 0.0722696024860301 0.0369835942048957 0.0119623806859965 0.0669637846404646 0.0196580001454208 0.0067515290213628 0.1904255988196038 0.0132039761480907 0.0476128645132325 0.0383992974597217 0.0806222118041615 0.0563705722984795 0.0181699850110391 0.0033928709952253 0.0144870489301125
0.0034832791106717094 0.0515849431304464 0.0042797955216207 0.0215961550508291 0.0584250685733372 0.0066950465329511 0.0282409178836946 0.0287454814623322 0.0160500697077443 0.2878993388248362 0.0415258051149907 0.0119734151988794 0.0471109042982330 0.0112110743366927 0.0753071745193797 0.1717979471658723 0.0500311412824879 0.0469083349039298 0.0302332157838088 0.0023100072960534 0.0080741634118804
0.003439849888169752 0.0369226622150761 0.0039454424976649 0.0037591126543603 0.0063599792742158 0.0334173000724661 0.0057221695957734 0.0045366149684445 0.2830664374678757 0.0068025190988687 0.2291729398703419 0.0505096357166173 0.0048479384644035 0.0053890590033513 0.0069998952286309 0.0065842546261303 0.0109418313850813 0.0345966857680913 0.2572679078255058 0.0024341003641539 0.0067235139029470
0.00335171411309225 0.0924643443740247 0.0026425236698470 0.0937732900300368 0.1331749849486081 0.0079263522558735 0.0450929600837457 0.0130152133166712 0.0139272987417417 0.0773505260629115 0.0366847957492914 0.0065585521809751 0.0396500738126407 0.1849584588131557 0.0486481574633488 0.0455685740763243 0.0670593102689583 0.0488179365232587 0.0324670158196683 0.0023628974164833 0.0078567343924348
0.003299343580075184 0.0336867195121153 0.0066197346065590 0.0101418271426188 0.0117723803480232 0.2341707706866493 0.0105569313543494 0.0597803546800891 0.0246506979794131 0.0120799697381302 0.0589534650626643 0.0107728550985549 0.0171873721679417 0.0074871265169378 0.0140521789197663 0.0143734555388798 0.0303976155969677 0.0202899095693869 0.0334554413604040 0.0385195215381710 0.3510516725823782
0.0032942342597808358 0.0817349589964469 0.0042164363454249 0.1503741022631582 0.0831291648592041 0.0075935539355637 0.0658119031872055 0.0153022364887772 0.0124248261468716 0.0511329470311589 0.0243786767604672 0.0076015217365535 0.0928650164837638 0.0357939597370285 0.0483823685175714 0.0376784598185543 0.1551022970138670 0.0932928485975604 0.0205403114922513 0.0029793071671221 0.0096651034214495
0.0032904022695600748 0.0499166896746750 0.0072608270439487 0.0116082250281985 0.0147075437554626 0.1405991276890154 0.0168494124213196 0.0153313667239553 0.1539750337663385 0.0146545869555487 0.1652028900082276 0.0500935396024722 0.0143027060998929 0.0099849787630739 0.0134612267727930 0.0154746912683744 0.0216932307388222 0.0403321881377914 0.1336028271148052 0.0120606229463618 0.0988882854889232
0.0032789062988977918 0.0424843039325424 0.0044206049473065 0.0474051424553151 0.0346303509932519 0.0109943840634575 0.5220009556206640 0.0106097720944467 0.0259297429126040 0.0363317599464532 0.0390034426944684 0.0087861489858285 0.0433005916653757 0.0113883348260079 0.0252297597931825 0.0322054120879876 0.0347482371125226 0.0249081425871762 0.0317381378905127 0.0033810600348808 0.0105037153560160
0.0032227037756599646 0.0408859150309637 0.0036462091375042 0.0112105472217733 0.0395478419546337 0.0042770189177173 0.0226663595668782 0.0324032684111651 0.0097466937257571 0.2914237300208322 0.0298910750900693 0.0081514941955617 0.0411551092144092 0.0075252132162139 0.0671842086586173 0.2855472031270810 0.0413957842890219 0.0396919032233716 0.0158251809056894 0.0020614998362296 0.0057637442565101
0.0031115760592578968 0.0483762227945903 0.0027558251377290 0.3008570944646067 0.2258707556432067 0.0038208316011119 0.0475576021572089 0.0160656470814584 0.0057486246277091 0.0470302383434709 0.0104375051692105 0.0046034645543057 0.0891610236554015 0.0154238864813812 0.0482749883932602 0.0248922949475975 0.0538509257198202 0.0376002762412940 0.0105908492473549 0.0014782840396496 0.0056036596996328
0.0031102987291843098 0.2745474612497214 0.0184659136669617 0.0159616303165608 0.0289392236987563 0.0160939247597844 0.0448482990926345 0.0116717641891287 0.0659406838786280 0.0185669602209261 0.0651053470593290 0.0173481469614621 0.0149729485194529 0.0155341432798811 0.0177224805470824 0.0306795698265141 0.0605138478500134 0.0706237517091989 0.1963176982535125 0.0041455719374895 0.0120006329829621
0.0031090213991107228 0.0704185572432184 0.0071832526480526 0.0108909772187382 0.0135214118088347 0.0438695214918928 0.0351236886054079 0.0091318321535799 0.1144668360286621 0.0110349959773723 0.2845806682215198 0.0427270181904860 0.0094419068485022 0.0111590846876547 0.0135138391980297 0.0194135617513682 0.0274860281898169 0.0409500633965038 0.2176560808255913 0.0047213957401514 0.0127092797746171
0.0030962480983748528 0.1712057285959550 0.0024273899519914 0.0975000366827992 0.2369614593812842 0.0069946236184769 0.0395553593739014 0.0125167346011779 0.0133800558159357 0.0599166814419034 0.0386647893734564 0.0061228005581912 0.0335588288782652 0.0190679436963298 0.0665340942559643 0.0499543745902956 0.0574639878477046 0.0466029958158492 0.0331542182397223 0.0023845197078261 0.0060333775729700
0.0030464322255049606 0.0530903633483940 0.0061886483468091 0.0062857039368492 0.0097441176853452 0.0195624916810335 0.0087920606029542 0.0051553877964313 0.2865508843852397 0.0098869067532733 0.0923975060550235 0.0324084355230473 0.0077845203340581 0.0072773947399141 0.0083610487616316 0.0093011903160905 0.0233943706804352 0.0488479751315027 0.3560700616857733 0.0021237097387028 0.0067772224974914
0.003006834993223764 0.1790935250449421 0.0096453077309429 0.0317132895046831 0.0309859368210464 0.0065313207004187 0.0588257216688887 0.0105651597552881 0.0117342927430079 0.0295295848883608 0.0180129481279484 0.0087899966929610 0.0532153426492632 0.0340305372290022 0.0302810490382582 0.0191420619305605 0.2558422737632879 0.1628224985970644 0.0405731551083138 0.0023156240499061 0.0063503739558555
0.0029544644602066974 0.1506924212337080 0.0062589759810534 0.0420670468169539 0.0355756543909576 0.0073631998867356 0.4126940452833833 0.0110652287825573 0.0098957733153191 0.0313060280684974 0.0261588625349991 0.0068501344327933 0.0410431470825356 0.0159376198172241 0.0258429701114954 0.0299853132373692 0.0760150749126538 0.0338903569288007 0.0271063624347729 0.0030167967213533 0.0072349880268370
0.002900816597116044 0.0649867114697071 0.0020424042870309 0.1863172226582527 0.3585134294256986 0.0029955468341904 0.0316134571604258 0.0132112726435440 0.0060121583829041 0.0606754869619568 0.0116516964464548 0.0044764958105139 0.0453336064591843 0.0122579088028305 0.0721554253911421 0.0292208778208314 0.0438917329954322 0.0358496180394701 0.0134358451650914 0.0011204193145375 0.0042386839308015
0.002885488636233 0.1895948378194846 0.0019651985738290 0.0572941575315935 0.0838052483007672 0.0094247819223475 0.0430092062721074 0.0106927344647461 0.0197437386257904 0.1851107379562915 0.0442137182820616 0.0083823976523421 0.0422930002445692 0.0177396401488244 0.0697104236611693 0.0499348693338559 0.0613817498534600 0.0518214626358462 0.0418766735804864 0.0029229085060696 0.0090825146343581
0.002816512812259303 0.0733764894644288 0.0063986526327619 0.0160932870458487 0.0389400542300964 0.0122616164815549 0.0168367823682923 0.0112926009967763 0.1033523046671713 0.0414099614304438 0.0688771100397629 0.0232147242173286 0.0328097328765884 0.0114263138909077 0.0378199370259190 0.0432862130646047 0.0609068656138978 0.1964274220988934 0.1912258551737361 0.0033010356849801 0.0107430409960070
0.0028037395115234334 0.0246348589577272 0.0060421259129719 0.0058282935973669 0.0075239534469003 0.3811098789095827 0.0071824465076052 0.0321882419827030 0.0379934166456406 0.0076971469960548 0.1004769603145284 0.0272027943755806 0.0102448626368058 0.0055243421222955 0.0103615476760072 0.0086641782928255 0.0225659634684882 0.0145188528478483 0.0360431593856862 0.0298786117176352 0.2243183642057467
0.002718158396593105 0.2283187611181316 0.0106854544146958 0.0173524432172326 0.0352065444394697 0.0098332719298810 0.0434512688582422 0.0091220270424269 0.0485461494448773 0.0202876374351722 0.0477386539074713 0.0158337771013063 0.0298222949902245 0.0167248002956407 0.0202532249765039 0.0198425060510801 0.1085721736325676 0.1983706721976384 0.1088890747903006 0.0030405837467129 0.0081086804104247
0.0027028304357100616 0.0646608959715128 0.0087022614327889 0.0275367022157063 0.0255374725870475 0.0809382220384304 0.0542933120716837 0.0234789370492887 0.0433265152953711 0.0270524943747442 0.0788416709170282 0.0194735631771772 0.0264778594346397 0.0196620612071092 0.0274163720836708 0.0505678167133315 0.0563644214175325 0.0504017085270773 0.0537313672848586 0.1840997055687670 0.0774366406322347
