# This script is generated automatically.
# Vector of amino acid stationary distributions.
distributions <- [
              [0.06939087110464191, 0.015218153136347331, 0.059959124414388394, 0.07651682393141823, 0.03962348331878443, 0.05123678991096829, 0.025248544743637306, 0.06609642121521125, 0.07165837544137381, 0.09836403411091726, 0.0233875408939294, 0.048102424814766044, 0.03079957265138175, 0.043270073889985945, 0.05109138535664397, 0.06576048858876966, 0.05614252508441812, 0.06805911740032157, 0.006897370683219423, 0.033176879308875924]
            , [0.07019645831327892, 0.015336156222573472, 0.056528121981962214, 0.05885386053689832, 0.04178241483329786, 0.06421472066710236, 0.027690740335909656, 0.056458418155083345, 0.05566857683710608, 0.0900562770571455, 0.022279019761845043, 0.044344487218791626, 0.04337449464643151, 0.042092919235105206, 0.0586011864508356, 0.0649440587293931, 0.059364336062493105, 0.06988647348923648, 0.021524658012778943, 0.03680262145273167]
            , [0.08256071355333605, 0.0027662841629429117, 0.0654494567134897, 0.05752815066271784, 0.03862181884996568, 0.06673696688249256, 0.017819918291874976, 0.05773827024971543, 0.06292756616730058, 0.08452779107284718, 0.019251497601511094, 0.057077409676570844, 0.035451913227737254, 0.04251355175403278, 0.04373320397932668, 0.07057261932733135, 0.06766037053268203, 0.07242989899449502, 0.013078688082018751, 0.04155391021761151]
            , [0.0799526430453897, 0.01179734850502058, 0.08169710638955804, 0.09082826639046565, 0.019447555867249815, 0.06145678709048759, 0.03304992665327648, 0.028156390018267825, 0.08053959100314344, 0.05086199575800674, 0.015574079547302689, 0.07109169416854852, 0.030510041878413063, 0.06291869931188458, 0.064009994802299, 0.0882357116131418, 0.06438841853240804, 0.03877329770965828, 0.006174704666242062, 0.020535747049236143]
            , [0.13725036898119933, 0.011153530952021153, 0.0637501609668342, 0.07553148628704173, 0.027954860663820167, 0.06555768830623311, 0.031724193094626936, 0.03904693339506651, 0.03324419029387045, 0.09479125217258606, 0.01727464737896011, 0.025410015407204035, 0.03498689831186894, 0.050126546205098294, 0.08676726189315923, 0.05512988239839103, 0.054312045046922844, 0.06290561233545465, 0.012090105661084745, 0.020992320248556597]
            , [0.07239279003235854, 0.010772723098751692, 0.03783140370625411, 0.044398468793573155, 0.04493025931650806, 0.046842413182406895, 0.022126548716817348, 0.07454441577684814, 0.04184116578578849, 0.18210472375015566, 0.07195382675478366, 0.03199455807137341, 0.024276967166599897, 0.03598296289616716, 0.04597537497944122, 0.04886831240214028, 0.04898582036139962, 0.07527351943537723, 0.009899218697490912, 0.029004527075764487]
            , [0.06398644782163293, 0.010158112632078501, 0.0380415504313778, 0.04275425431758862, 0.028700694069024434, 0.04710099598618383, 0.019571631529869824, 0.15285975016476794, 0.03865244653756226, 0.11339542623309411, 0.018988382633517636, 0.02871537418042852, 0.024680099644429316, 0.02808477435772975, 0.04169380886582211, 0.04083972740158182, 0.04642823772333647, 0.18285822139504268, 0.007746599681093063, 0.0247434643938383]
            , [0.09232669469902503, 0.009312218232317848, 0.04602870687481547, 0.0548475370621519, 0.030081290763231627, 0.050545589622527996, 0.021488571979679315, 0.046280404475362365, 0.04559659318280106, 0.07562241495637764, 0.01893479589331878, 0.03367927999283983, 0.18199758385880674, 0.035706057124580255, 0.045215470976180415, 0.06211523796709591, 0.05273607220803009, 0.062333886921579935, 0.009408299486571845, 0.025743293722706045]
            , [0.10850334597181566, 0.006079551753072433, 0.1268114898107741, 0.16398688669820596, 0.007547430857801757, 0.05509904175889955, 0.0258763509826378, 0.013263028279958691, 0.06524720898980892, 0.02853956781973035, 0.008589603632852801, 0.05303775897765053, 0.03412508547980608, 0.0749300842054196, 0.057937041741840646, 0.0773762388379111, 0.05615399861134604, 0.025660524516686753, 0.0029160757593938193, 0.008319685314387317]
            , [0.19603823150917543, 0.0123879078462454, 0.036192728305047925, 0.04191650241649728, 0.022329463036501015, 0.06557973512068418, 0.018040007822997237, 0.04211270512210037, 0.03727797531997173, 0.05897067481462944, 0.0200871076033617, 0.03639930527486147, 0.027768930706597916, 0.03322927445981552, 0.03578959529846589, 0.1303174874948047, 0.09246945893106359, 0.06821233290270175, 0.006187405318447375, 0.018693170696030187]
            , [0.05651333181046065, 0.016267376951314527, 0.014355435259117923, 0.020898744856432238, 0.04470199877017972, 0.0192116385891752, 0.012679844821461934, 0.17603252704672895, 0.021763879040091177, 0.2382361728189201, 0.05005789937855525, 0.015462700879547757, 0.012693506816521939, 0.019307575207652507, 0.024138691590688398, 0.028873166217878648, 0.04063203365122998, 0.1636089084622657, 0.004816431460346499, 0.019748136371431056]
            , [0.11139759803460066, 0.08920959675386939, 0.036226892378928316, 0.041081732028276655, 0.03528023423406953, 0.05555626849099488, 0.025946089948141966, 0.05259113100802566, 0.039874984351548445, 0.08670139072070517, 0.02387625419400136, 0.035643977291318955, 0.025761624043274697, 0.03385776112278318, 0.046527984241608915, 0.0781473292526233, 0.06229921514895635, 0.07907748447617137, 0.010414651606569594, 0.030527800673531696]
            , [0.10495922904041087, 0.001673705977696455, 0.08960472866282879, 0.12077079540481714, 0.01547689960372798, 0.04867396170111501, 0.017274589907335082, 0.027056139896442833, 0.10442266013737715, 0.044458623756581404, 0.011588198056973363, 0.060669538241604176, 0.02352817905739898, 0.07011924818285543, 0.0505290055514133, 0.0788867406225532, 0.07001436471604149, 0.03816295034586371, 0.004690008785233289, 0.0174404323517305]
            , [0.07033336036766265, 0.009164713803510941, 0.05062987833335248, 0.04409236558999612, 0.03202188883732704, 0.272963170840673, 0.021134384048835927, 0.049282342577614345, 0.0440375275013884, 0.07340173650842469, 0.019177550998613648, 0.04358579353861744, 0.024732750671235235, 0.030750906200559057, 0.039988696482808526, 0.04673524867703792, 0.039634168896602616, 0.05383028818100876, 0.008164718114262313, 0.026338509830468947]
            , [0.08272685322757238, 0.005892369092073633, 0.0338336466628315, 0.08650612852458643, 0.01709317583077441, 0.023763014841900243, 0.022392643282786902, 0.06217545094870248, 0.11068533493807822, 0.09183192811363508, 0.026455745319338274, 0.032085608453309586, 0.011384844818764067, 0.07827493122770736, 0.09100521787651433, 0.05149398979221718, 0.07286579148394709, 0.07955053847884117, 0.0035960169026132294, 0.01638677018380663]
            , [0.06388046380809617, 0.013958098409470293, 0.03416245565085493, 0.0403818756618972, 0.12797024029734466, 0.03928438867577708, 0.034590862888567164, 0.054927648967023034, 0.03914119476089476, 0.1018866063078007, 0.023904063963634425, 0.03378700324900246, 0.022282381860945596, 0.03131218327935084, 0.03898606410489271, 0.05300099137213124, 0.04607555599724572, 0.06303631709226078, 0.009504863602560367, 0.12792674005024998]
            , [0.04631386754608349, 0.006337787720935527, 0.019303529635922634, 0.04294858301418927, 0.007442837897832486, 0.022533800461187463, 0.03278837880979625, 0.01469631798948888, 0.2459873409983206, 0.03149080775140362, 0.012288078258813126, 0.04019248641338218, 0.012557234223456313, 0.0838843110945705, 0.25990933794190574, 0.046234706273959494, 0.04154623867136352, 0.020654027934001444, 0.0033081235918490577, 0.009582203771538567]
            , [0.048981249918293154, 0.003927859982259406, 0.24925034019668113, 0.10299389509441469, 0.006778219621097886, 0.07923885980865758, 0.027543051090236123, 0.009354305617469154, 0.05051936927325106, 0.015135102551097861, 0.006110250026743344, 0.1768452470018188, 0.012282673821592557, 0.0391363518822601, 0.025642339979218026, 0.0761647291248607, 0.04194285788352363, 0.014727683802897145, 0.0026357623738770897, 0.01078985094975041]
            , [0.04804996210840455, 0.009993597653729088, 0.010895880076708801, 0.014310772947063071, 0.12702812889812834, 0.01930829210059555, 0.014872610561176959, 0.12048626042123473, 0.014254152847445523, 0.26251750476257646, 0.05430263341622253, 0.012886604533934871, 0.01190826798879202, 0.015687049108685236, 0.01848698627855518, 0.024776459765460467, 0.031248373106438444, 0.10783783178948546, 0.02230968813148781, 0.05883894350387489]
            , [0.09866196581676077, 0.002175007472894747, 0.07058638923506935, 0.14375724803316778, 0.0042926116195028076, 0.030093190332194868, 0.026663823539292173, 0.012458567202373014, 0.15001665189580113, 0.02504407650277159, 0.007686585773773832, 0.055263541700508505, 0.0068315406183657905, 0.11211833691252056, 0.10013165445154011, 0.0671600092746875, 0.05815635016139601, 0.021690460721684405, 0.0010512208303631258, 0.006160767905332068]
            , [0.06480495149599465, 0.009741019686122959, 0.04592807461291281, 0.05259425116803585, 0.03926601350291412, 0.03744962220762501, 0.13026880351225403, 0.03024665290890242, 0.058570308146641596, 0.060740404174287915, 0.017882794155262616, 0.07742161068216052, 0.01816918182259157, 0.062153712788694235, 0.06450169522610816, 0.06524700688429368, 0.05137312850778725, 0.03998452354064678, 0.008909668920325919, 0.06474657605643788]
            , [0.03093464693389337, 0.005572196563050471, 0.002049809357342587, 0.0037798131932871726, 0.011802815986062426, 0.003111007920636408, 0.002436501431633134, 0.35146381000329047, 0.003744330411237343, 0.1377663985682372, 0.029119134025859507, 0.0032531954787446736, 0.0028798955057096655, 0.004085678836439912, 0.0038505548878503023, 0.007630252653093442, 0.024205906003146448, 0.36834867463387433, 0.0008572868972026114, 0.0031080907094085466]
            , [0.14315713019467677, 0.004263708963098779, 0.0461776983228232, 0.06150188561415835, 0.008695198446409626, 0.037347217070518746, 0.014534560793621958, 0.01663795302134172, 0.04264332948552017, 0.030614757686503073, 0.008560967603462095, 0.026378331672642953, 0.30739513912566113, 0.0365555042057501, 0.03250245711954099, 0.08540144573518135, 0.05369073184697954, 0.03328621266645152, 0.002938777390954799, 0.007716993034703148]
            , [0.09853222247629334, 0.001238753876904197, 0.2046871173825735, 0.23846524512975814, 0.0023014637663875278, 0.04155116889282898, 0.01361695491065746, 0.005189836110274582, 0.06564401426813365, 0.010464852491582095, 0.003707279020710459, 0.06387254179381888, 0.020532913639119427, 0.07173804622965167, 0.026595137449295224, 0.0685799809665628, 0.04648948930560816, 0.012920502347648643, 0.0007990884792253709, 0.0030733914629657915]
            , [0.020173768388224603, 0.0040557205760010885, 0.0022832408279513257, 0.003967440549332998, 0.05549869455406164, 0.0032826458182289406, 0.0035908083013127166, 0.19166524577984692, 0.004572155271740246, 0.4409456032509338, 0.09141007474356651, 0.003821118910233258, 0.003101569056617915, 0.006935387756855191, 0.0051705064496456185, 0.007563235877251239, 0.015607525218959514, 0.12444570787108838, 0.002668173354855038, 0.009241377443293125]
            , [0.06843306980792171, 0.010349127332961006, 0.030020995964452228, 0.03110489599729787, 0.117873340579581, 0.0429938173314989, 0.037913052488084346, 0.039215537225503284, 0.02959888388726871, 0.0835948170540109, 0.023005894353213974, 0.030764863469984093, 0.020960753997589916, 0.030141934346769757, 0.03889935638291198, 0.048781912719958555, 0.04396821289385345, 0.052577746427897344, 0.0930366780452923, 0.12676510969394877]
            , [0.1078242246629697, 0.009225554838418627, 0.03802613298547077, 0.031462947523694745, 0.008348861479567017, 0.04364965245625102, 0.015036853661720884, 0.015826310111014413, 0.03271446446582988, 0.021949181341427104, 0.010335334559628739, 0.06955181049182427, 0.020075105994698476, 0.02751862538384955, 0.02449593697075984, 0.26360306722513577, 0.2183686521914487, 0.030048314106549807, 0.0030576766401524237, 0.008881292909587992]
            , [0.11407053373215241, 0.0055951470465555085, 0.038115793543965305, 0.026465670818037104, 0.005640237148567031, 0.5344269939276629, 0.010984954975738537, 0.007666767294728, 0.02305179366731616, 0.012598144623749809, 0.005747015085237514, 0.040423976021172016, 0.012652066988480471, 0.01915313327685383, 0.02020182121349975, 0.07248478815949122, 0.02699240390449481, 0.015575238375426842, 0.002436191317566364, 0.005717328879304368]
            , [0.020316323284821726, 0.006243479079907777, 0.00687928961793968, 0.008497850245247374, 0.33224068450216265, 0.0076124762946347775, 0.03891780235074368, 0.020119152884197255, 0.009066458659304543, 0.06505795038331898, 0.01500390800604522, 0.012720052881737371, 0.005251049260185925, 0.01177739480917836, 0.01087391000686751, 0.01738479595529993, 0.015311338655584322, 0.02292678990827553, 0.030288147710645787, 0.34351114550390144]
            , [0.1953229968111947, 0.025636750611878315, 0.010384680601264963, 0.015677152947132664, 0.012901632347307197, 0.02421151770736874, 0.008954423120702803, 0.11040129966972054, 0.014057618055781578, 0.08097442884601436, 0.02755121342772512, 0.014333975524281712, 0.012373833865719336, 0.015164459603068958, 0.015784634924086487, 0.059843315207153136, 0.10475507273114451, 0.240814870400235, 0.0025991027278680465, 0.008257020870351815]
            , [0.052198530018310846, 0.0012983152763995558, 0.008244939736552158, 0.011311199537467663, 0.03420147167350544, 0.013210513191290177, 0.00543763097361377, 0.23303370896678963, 0.012752143813303305, 0.215203246838464, 0.04931678092497041, 0.011450295046631094, 0.00977482474700737, 0.01284408114857891, 0.011431986846858283, 0.022052190961618274, 0.044150384416794176, 0.23574319908788474, 0.003817400960434169, 0.01252715583352588]
            , [0.41260706596947, 0.02793976612429402, 0.009628950905738108, 0.012441663197116381, 0.005741276018342131, 0.08366821963710121, 0.007175097974253385, 0.012063022947210232, 0.01035926040303368, 0.0157465003785162, 0.008146351663539726, 0.016348725519363456, 0.0128077408426657, 0.011408228041228789, 0.011122268688156939, 0.2135039350160174, 0.08122497592221765, 0.04135107144616398, 0.001747431747135108, 0.004968447558435889]
            ]
# The number of clusters.
n_clusters <- 32
# The base file name of this file (for reproducibility).
fn_distributions = "udm_0032_clr_rb"
