# This script is generated automatically.
# Vector of amino acid stationary distributions.
distributions <- [
              [0.07281325284505213, 0.014310225667623414, 0.05443556262527098, 0.07199822619020683, 0.03695272791373819, 0.05093187589140181, 0.026671256803294595, 0.06855302947839934, 0.06954311559652904, 0.10251035119800683, 0.02598771925852547, 0.045473344855984824, 0.027812807970837173, 0.04555101623581406, 0.054582547682259876, 0.06355308306010522, 0.057023412326442084, 0.0728885943610584, 0.006973812525378211, 0.031434037514071485]
            , [0.08586692428447833, 0.0132319559301183, 0.05729141695480365, 0.05796345665199644, 0.038299570465671125, 0.08010466715508612, 0.02770540507112453, 0.05359782422965357, 0.04477329803287993, 0.09276219875784063, 0.02172840395699811, 0.03820460690399274, 0.0489023062765975, 0.04050907240859749, 0.06008670937075108, 0.061472853996758066, 0.05684325712368169, 0.07100500678080207, 0.017539033663316567, 0.032112031984852026]
            , [0.08727245462617586, 0.009202886027191602, 0.096950695690554, 0.09620556518061862, 0.017181284083026584, 0.06162530714578282, 0.03454308087554245, 0.024356695173869524, 0.06971606538162459, 0.04442467463938902, 0.013531840588974704, 0.07680125362998745, 0.02755105389663468, 0.06179665191592501, 0.056947653673164865, 0.09331264572970961, 0.0680692678631694, 0.03539101093774708, 0.005665214151745538, 0.019454698789166495]
            , [0.08957939026822793, 0.002625691711342794, 0.06459489333716294, 0.0634084223462297, 0.03365050457128196, 0.06570718723438423, 0.017296526639738737, 0.05673705414423891, 0.06778770959383522, 0.08143489119948935, 0.01908544024743967, 0.05558718698327864, 0.03170588449765122, 0.045655210586709634, 0.04391132922459997, 0.07252025217178444, 0.07082985844289777, 0.07183426458888646, 0.010647626788727002, 0.035400675422093505]
            , [0.06962694262306351, 0.010570679907088914, 0.0218009301824984, 0.02847829433393849, 0.03849989104651347, 0.03112452418326353, 0.015046329552265045, 0.1553773853175033, 0.027870437474009913, 0.18437402913735657, 0.04153565249335506, 0.021187422292977712, 0.01802787280197039, 0.02405212418227197, 0.03125327162211464, 0.0372796722476704, 0.0495926888012701, 0.1656468141890066, 0.006499669433201106, 0.022155368178660827]
            , [0.06804754337370872, 0.012459725292592169, 0.034277278213471235, 0.038900213118884246, 0.10821913015280966, 0.041783689685494396, 0.042671936105213006, 0.05077522902092569, 0.03789401933850626, 0.10282569594998421, 0.027081166078137115, 0.0362546999748048, 0.02221540243766278, 0.034625624013547344, 0.04396016808633237, 0.05319278085929323, 0.047188179489985375, 0.060889685187823, 0.023040217126879262, 0.11369761649394527]
            , [0.14945621734294037, 0.06379207249906858, 0.03149402656381882, 0.0367315159640821, 0.03259319077909543, 0.05881790002625884, 0.023326927593326906, 0.05529605442803046, 0.03469361359503311, 0.08669753629515632, 0.024836049209433077, 0.03180864504319649, 0.022982878550432774, 0.03076120457042592, 0.04144440694778995, 0.08315935328828566, 0.06788925450742743, 0.0883942862525508, 0.008842778033319532, 0.026982088510327337]
            , [0.1102402915087341, 0.0019499170202886117, 0.08258111664996723, 0.15330907866902138, 0.0055398662533159265, 0.03437378361607301, 0.02139415276885493, 0.014558196508622723, 0.1253728197407894, 0.028037995635181924, 0.008290744211850259, 0.053243718174086276, 0.01262554103275986, 0.09980413952881477, 0.07767149810653895, 0.07212955934302552, 0.06424614608968834, 0.026226147470785683, 0.0014878882673534646, 0.006917399404247862]
            , [0.07653844702597447, 0.002611739583864594, 0.23968058576416418, 0.18285010788646494, 0.003916988344507489, 0.057757035278167966, 0.01933241739050199, 0.006844755099525884, 0.05416278985509912, 0.012900295729901288, 0.004818281270382963, 0.09469918760434927, 0.019498847679650422, 0.055296592697514066, 0.026792978327222675, 0.07509137467240283, 0.046044620900012566, 0.014064418412052531, 0.001565495936413263, 0.00553304054182793]
            , [0.129890764601974, 0.005793498981035502, 0.049380290407500874, 0.06426506622868938, 0.01409146643365528, 0.04302341346527716, 0.017490539495764255, 0.025145762107482917, 0.04636861947881514, 0.044102939011195046, 0.01191826552595759, 0.030077269943105642, 0.24617189553984486, 0.038598183523468554, 0.038740520774018204, 0.07837687973138188, 0.056403217020046595, 0.043247641035218796, 0.004591524101484452, 0.012322242594083833]
            , [0.06018685504803231, 0.006863211054697397, 0.02482441049865472, 0.05627208025036151, 0.01055957354494382, 0.024754092001359945, 0.03610468821232196, 0.022455072725518128, 0.1972161780984064, 0.04540520750763064, 0.015861365983702042, 0.04135861824138925, 0.01267445610003355, 0.09107952182853742, 0.20306882272041682, 0.051811721996799016, 0.05169252557568326, 0.031119373613180065, 0.003800028826552798, 0.012892196171779087]
            , [0.030141062401617475, 0.00514103858502117, 0.004576907893400605, 0.007108647332216055, 0.07797246666949129, 0.007078156695517163, 0.00643341257637636, 0.16867044396529224, 0.00786841466753819, 0.38814190543347105, 0.07934514547612748, 0.006619904953818133, 0.005826327323312805, 0.010261395345938236, 0.009142261780439793, 0.013099560321715172, 0.02207832713371022, 0.12444233420614147, 0.006279933436787465, 0.01977235380206779]
            , [0.03733711167280617, 0.0052440994717298075, 0.00262073719251989, 0.004702178858389324, 0.014884329762370835, 0.004116959167607917, 0.002948604116542731, 0.3227389324741687, 0.004783931613062903, 0.16187364186334016, 0.03638115779353019, 0.004156143754955598, 0.003564777195471021, 0.005331689626730111, 0.004839723869393969, 0.010009007142645935, 0.02923513903523702, 0.3402220792261758, 0.0010793450164923591, 0.003930411146829467]
            , [0.27232343522233343, 0.01781282882374268, 0.017437281594686282, 0.020820462349929677, 0.007925701128276206, 0.058600872747581495, 0.010485640941662103, 0.019217764940249314, 0.018238382344098563, 0.02327140378359105, 0.011527703573185609, 0.02894171217762068, 0.01845488217116805, 0.018605682116077726, 0.017199726761492708, 0.23371561056285003, 0.14399584732874654, 0.05193482632244947, 0.002472035078866499, 0.007018200031391889]
            , [0.10796897136944074, 0.00620495446678686, 0.046031092954668985, 0.030900565444972033, 0.0075383284217036, 0.48028337890399864, 0.013446726520101532, 0.010364190685782523, 0.0281703212227901, 0.01707631764747903, 0.0071229224260119335, 0.04878189464341516, 0.01431131852461227, 0.022607744160872925, 0.024290725522240472, 0.07465740608417856, 0.03082733709012914, 0.01896732631699689, 0.002958443687584764, 0.00749003390623402]
            , [0.026378996993200652, 0.0072702691583286985, 0.008791150163426917, 0.010641904969503863, 0.3069052792472516, 0.01055487997619153, 0.03766737148255703, 0.025627183397166572, 0.01124542661475441, 0.07754120078172139, 0.01821962634690061, 0.01489735669029575, 0.006861095479967986, 0.014039589081425675, 0.013604177823816899, 0.021456805152862912, 0.0192154120957334, 0.02937943493763778, 0.03946421210214254, 0.3002386275051137]
            ]
# The number of clusters.
n_clusters <- 16
# The base file name of this file (for reproducibility).
fn_distributions = "udm_0016_clr_rb"
