4096 20
0     	0.0012862713841020944 0.0711120116446685 0.0168108700960159 0.0525382593442628 0.0607533135340783 0.0339578131500914 0.0571396206648883 0.0251565446478455 0.0534588215067572 0.0573381744043970 0.1730825837111769 0.0180688939642496 0.0386146463887383 0.0373192991082859 0.0372567631203853 0.0448471293483334 0.0565789532300783 0.0516231547999300 0.0673802117505495 0.0128966056763297 0.0340663299089382
1     	0.001235178181158615 0.0769435286670203 0.0147468334729853 0.0547494947574605 0.0675587904633828 0.0372429442422041 0.0499097188911640 0.0244101389471495 0.0589700581216419 0.0655142623875711 0.0827758070260123 0.0231319763847903 0.0404824606245938 0.0320260877828992 0.0369415191510974 0.0434741126255438 0.1364683385723693 0.0521583269705196 0.0624108549040124 0.0070293865582182 0.0330553594493641
2     	0.0012262368706435062 0.0650815690658951 0.0182443227182959 0.1264209117081016 0.0497000252200762 0.0422319523789376 0.0525396496625228 0.0224181908804041 0.0683346154811276 0.0603279739417897 0.0949653526637769 0.0261370444870361 0.0318636256051098 0.0327544461666253 0.0344783869928626 0.0461692649544217 0.0561585232041912 0.0502198260889129 0.0753312287262805 0.0100258527898979 0.0365972372637347
3     	0.0012185728902019842 0.0662157468944761 0.0157822949718343 0.0577001661763211 0.0628472302455258 0.0411434803650014 0.0553539218560183 0.0774086349854607 0.0560762750181446 0.0600976627642522 0.0814434239387558 0.0224892808797651 0.0418600836724578 0.0420950479547918 0.0427971927817003 0.0462122054032048 0.0604570227536408 0.0530740831151925 0.0670830566399868 0.0161177666705955 0.0337454229128740
4     	0.0010946718730640466 0.0458958841071718 0.0170511305014081 0.0572843799890909 0.0730625208647016 0.0427142516480858 0.1107547007493461 0.0245683634598707 0.0668639936754933 0.0724873009559353 0.0910031069231947 0.0248587369667175 0.0408231072518548 0.0336315888462595 0.0421684649559465 0.0507583718919658 0.0521050730412695 0.0443390705044706 0.0644092152300387 0.0087191990331746 0.0365015394040046
5     	0.0010946718730640466 0.0715617315018908 0.0139999772282438 0.0572674959951484 0.0632200364413962 0.0429125247194379 0.0546405183064510 0.0257952356380717 0.0518544043423702 0.0527446651374112 0.0829297956627069 0.0228146145769966 0.0422462707941450 0.0384908929008968 0.0376691436606220 0.1120086531070870 0.0556846450915557 0.0543653152352724 0.0646696730986671 0.0168263755548556 0.0382980310067735
6     	0.0010780665821074158 0.0636346671347279 0.0161398004789318 0.0559999971295559 0.0627161423020344 0.0398929765614044 0.1145071618872091 0.0264034342144740 0.0567052677749733 0.0659573627024241 0.0812380189786796 0.0216435700788676 0.0441631075485325 0.0475248610550188 0.0377249430558706 0.0435056100769979 0.0469946778611862 0.0477952387743686 0.0673849983582428 0.0195194515911034 0.0405487124353972
7     	0.001069125271592307 0.0670067958856246 0.0116087189104443 0.1179821677828265 0.0583849899427089 0.0413398421063936 0.0532557630787894 0.0282857918604458 0.0517129417745256 0.0593350684176958 0.0780823711377106 0.0219692710400623 0.0447733746188975 0.0405645466274318 0.0423394148267292 0.0501206134398199 0.0635924384332645 0.0538843191955541 0.0596905205284435 0.0164865852440860 0.0395844651485459
8     	0.001061461291150785 0.0588623155346768 0.0187442169210498 0.0523544497010599 0.0621013360309953 0.1017012042642502 0.0503688919392424 0.0236190820237264 0.0635923725604751 0.0645347178291921 0.0833769895881495 0.0244822111539411 0.0428629136547264 0.0357137621720992 0.0378609670659081 0.0500026380924228 0.0691405843983545 0.0534912632009959 0.0701418105580067 0.0081734852849201 0.0288747880258077
9     	0.00105507464078285 0.0629001936966345 0.0258970066948351 0.0566993291367578 0.0741423428962346 0.0427678100808221 0.0389288398501920 0.0344956031381506 0.0547425277538003 0.0544037969598669 0.0991896560867912 0.0231691488597838 0.0515472641060537 0.0470385831803396 0.0440478466402441 0.0484170665321578 0.0800910547467062 0.0494848377190436 0.0595133758884081 0.0146218181513722 0.0379018978818060
10    	0.0010486879904149152 0.0696282425422250 0.0130964079074535 0.0538449171990557 0.0596978884895888 0.0387411520458384 0.0590675735087964 0.0259965228899987 0.0587116412807160 0.0562360745836916 0.0752549495051913 0.0205670030911239 0.0449858027639616 0.1098735995080082 0.0408052039916997 0.0449400641394282 0.0562667614342535 0.0511433413520087 0.0656680520538372 0.0177323095266632 0.0377424921864604
11    	0.0010423013400469802 0.0623547368130391 0.0164188412452143 0.0514789117275925 0.0600445781414637 0.0374160234004163 0.0444972348170459 0.0256083091032784 0.0645485384242240 0.0619096325044231 0.1682186172460261 0.0209430435943806 0.0460260277950769 0.0316301048763360 0.0413664987609898 0.0478768895612995 0.0657592647300523 0.0523693089693639 0.0631060289033174 0.0057254077119650 0.0327020016744954
12    	0.0010346373596054582 0.0667235107617425 0.0143762590425242 0.0593984600382286 0.1078579538496707 0.0362261830271462 0.0440447286424602 0.0284484094234577 0.0684678223762981 0.0716258192544024 0.0845253433262008 0.0253351435705589 0.0416141120102564 0.0348492077534988 0.0412069398678077 0.0500468316561623 0.0640688412324352 0.0505772093204201 0.0700150523800502 0.0051387959207506 0.0354533765459282
13    	0.0010295280393111104 0.0817695402145770 0.0129415550348850 0.0552684865954752 0.0508344249502175 0.0345024854904372 0.1957510853360126 0.0302628889193105 0.0505855843333986 0.0274022325106293 0.0969903990910470 0.0202152493197449 0.0228058952688736 0.0372044381235984 0.0345506048246252 0.0645775677274312 0.0373757308425712 0.0428789780301857 0.0660204614326587 0.0126242114405601 0.0254381805137612
14    	0.0010154774085016536 0.0716454840019159 0.0174709379882407 0.0516479937593415 0.0629473987925019 0.0385376251468186 0.0524853333856592 0.0269540031087599 0.0627126309443424 0.0539766665813422 0.0918884217150420 0.0217115359106010 0.0430623609234210 0.0401203993268624 0.0833653937641517 0.0515917722258308 0.0616470355785203 0.0527075208851371 0.0667231847182952 0.0140203745610635 0.0347839266821530
15    	0.0010142000784280666 0.0553389795064384 0.0193705695395117 0.0514425903890656 0.0594397905330710 0.0421339366581370 0.0472145525995356 0.0242920158898092 0.0655877800817525 0.0628824824753755 0.1009819718574966 0.0238928509867596 0.0425394827703182 0.0936648793821030 0.0373684920128141 0.0482220904840545 0.0662818615048256 0.0483404084432930 0.0686142978410033 0.0078249404408671 0.0345660266037683
16    	0.0010103680882073056 0.1053940127972692 0.0129143359349677 0.1413930138785661 0.0510350916183873 0.0343734985923041 0.0653435375107843 0.0261496587487039 0.0489896620943856 0.0365403215663450 0.0907057523733715 0.0221040630876819 0.0241542320515889 0.0400441101581687 0.0361995187066891 0.0620100686813857 0.0476696913278701 0.0489042049619164 0.0662608787705610 0.0148871442732620 0.0249272028657920
17    	0.0010039814378393706 0.0598528209880980 0.0178097623345377 0.0424041600728512 0.0466985983392525 0.0389778804328718 0.0506659696870602 0.0238258486958365 0.0635223174769840 0.1246040330293641 0.0932420848475724 0.0253758881021363 0.0340197486025279 0.0379021750470767 0.0341468641017552 0.0841603581781308 0.0628647648813053 0.0479343540125101 0.0710935673503500 0.0086960275983125 0.0322027762214668
18    	0.0010027041077657836 0.0698900306382436 0.0178412573338212 0.0481779422491864 0.0644099511188558 0.0400451292164747 0.0553623755121904 0.0243088368523949 0.0568376955630649 0.0553650616842981 0.0803359881201455 0.0234980593791838 0.1261749561266692 0.0358003329079648 0.0391946274281685 0.0444634088734141 0.0511494862390538 0.0467485369248400 0.0659256852422340 0.0164135687491401 0.0380570698406562
19    	0.0009924854671770878 0.0696300937455364 0.0144323591357803 0.0552705148738633 0.0625351733970903 0.0360356591205143 0.0592884998570581 0.0268063399469369 0.0436445126248478 0.0561460679032076 0.0833431778001853 0.0217857846574844 0.0395159292518164 0.0363929383121875 0.0374997554929291 0.0487990890943417 0.0556408920319608 0.0501203409108837 0.1560741740190756 0.0127710529117753 0.0342676449125251
20    	0.0009899308070299138 0.0663007102422040 0.0158652917837193 0.0464977397689488 0.1271602148779976 0.0412824067195233 0.0499006639999750 0.0266126116663715 0.0609466590341323 0.0603726943058862 0.0850501402729776 0.0235503845274463 0.0418637020882043 0.0433839066203412 0.0375010013131176 0.0478499860341390 0.0574253073148161 0.0505956538817881 0.0646934658578459 0.0155351006857060 0.0376123590048600
21    	0.000979712166441218 0.0525244533771390 0.0078210190255205 0.0484000103857820 0.0591474891779435 0.0443650315437526 0.0559480695733913 0.0431851359980057 0.0473866771360245 0.0596339266869996 0.0944577601002671 0.0251547879423264 0.0364351834286316 0.0410420271026527 0.0608866194899325 0.0753960079308291 0.0660497275134420 0.0531058351535755 0.0696769133269272 0.0203316717231506 0.0390516533837070
22    	0.000979712166441218 0.0592994956326875 0.0125016907294610 0.0537908052263375 0.0663880860960002 0.0321777058441036 0.0410636358540453 0.0235249694451065 0.1487978919513777 0.0650281176949002 0.0801993314177226 0.0215113700291755 0.0423718335441035 0.0234530021085625 0.0388727393557912 0.0417788458971202 0.0508290053365377 0.0490323876051255 0.1120855561787407 0.0065230660602094 0.0307704639928918
23    	0.000973325516073283 0.0586432803585326 0.0205910943043532 0.0550404499709235 0.0745576194920954 0.0327661934873795 0.0431796836646365 0.0228778737336894 0.0898577039820351 0.0722181900498220 0.1170769707146809 0.0226577382243370 0.0445359041431945 0.0360565585554791 0.0393437251202615 0.0510740147938259 0.0655355082490554 0.0485458038876120 0.0560778342887542 0.0118631222797468 0.0375007306995853
24    	0.0009426695943071953 0.0560456296442810 0.0126748426190831 0.0521605439021619 0.0605121171449604 0.0350361032785269 0.0587105820522685 0.0275677047388778 0.1008405624982396 0.0600703017419072 0.0709496378961596 0.0200642898055534 0.0410112934838350 0.0466324827781497 0.0382154903704181 0.0524903296552289 0.0526064391168314 0.0476572432430107 0.1152173236030703 0.0165039021429868 0.0350331802844496
25    	0.0009426695943071953 0.1622071789411916 0.0181221757772950 0.0482323387425228 0.0605464565984807 0.0378642476056791 0.0489992146154804 0.0251622657987985 0.0609215279291585 0.0635228579887865 0.0853318029277987 0.0232092591182542 0.0390942463938553 0.0327384958154904 0.0377514298799238 0.0439822119335166 0.0605446868446776 0.0480652127055023 0.0611311685369829 0.0086000832985138 0.0339731385480914
26    	0.0009426695943071953 0.0822147657269671 0.0149461515817425 0.0555184995311054 0.0735592835334890 0.0361284959023782 0.0523206342160664 0.0202630577359557 0.0585256527220089 0.0645902569641427 0.0746639823559301 0.0192591564998383 0.0394177874706282 0.1360136539897802 0.0320151115574945 0.0358942358254218 0.0583158721988919 0.0447987204230089 0.0635050690698457 0.0080011671246085 0.0300484455706962
27    	0.0009311736236449125 0.0560927622233388 0.0148500375967265 0.0424235472411412 0.0455038109340771 0.0548353899585854 0.1663558927645265 0.0263394659966265 0.0539155471631442 0.0436915506786200 0.0891150148130366 0.0255718749905646 0.0394643645985996 0.0322851231496577 0.0336428382379557 0.0457256845689526 0.0525855878560342 0.0501883353970883 0.0610252855429039 0.0172658947524335 0.0491219915359872
28    	0.0009247869732769775 0.0563269147267077 0.0148479491085779 0.0561671479340027 0.0743226993183519 0.0386894130233260 0.0435717446428408 0.0246589084503549 0.0630752120339023 0.0703220121210330 0.0910837928745269 0.0200582775390976 0.0433214118605761 0.0324662880428424 0.0436125097723981 0.0434798770930423 0.0582550684656965 0.1127002502701525 0.0655953027061069 0.0115609867691681 0.0358842332472956
29    	0.0009222323131298036 0.0531778014231005 0.0615216190826866 0.0527167376602364 0.0676126211041045 0.0383077482138963 0.0447674784448006 0.0295069915714724 0.0591196015997111 0.0641307546331489 0.0970805000756985 0.0243591372066841 0.0475968576335302 0.0315647052754395 0.0412579961159127 0.0493290948861413 0.0835973587374336 0.0499351310737813 0.0574679339834077 0.0101311691234485 0.0368187621553652
30    	0.0009222323131298036 0.0637988726812759 0.0137691678301891 0.0456369451058351 0.0703748321659485 0.0309760558245700 0.0661846104063050 0.0318187206132340 0.0522948770294000 0.0586204538922818 0.0995451697932788 0.0210191423736009 0.0446905829765947 0.0527536061980517 0.0421483283111465 0.0706378423869606 0.0552054340639168 0.0529411231356262 0.0786492223851631 0.0207884073088177 0.0281466055178039
31    	0.0009145683326882817 0.0468744051472346 0.0207581400341150 0.0732077660468958 0.0742060501802800 0.0426769904488028 0.0567859184770940 0.0307488078878501 0.0551250749718760 0.0730940774129471 0.0887979024617300 0.0263617345451060 0.0304250498943704 0.0526364650744492 0.0477135494522711 0.0616075059166023 0.0650676649289657 0.0440841321189671 0.0678301658267871 0.0127451662043997 0.0292534329692561
32    	0.0009145683326882817 0.0580708081933982 0.0272960927378841 0.0515819851893818 0.0634010693833697 0.0343717082982572 0.0518064545269364 0.0310571713863587 0.0557794897277363 0.0613054617471957 0.0964347787995311 0.0247614382646006 0.0395673133864696 0.0376418437211313 0.0450019147226929 0.0549091482123099 0.0648266106242144 0.0554144877700391 0.0624272481583523 0.0502313718951153 0.0341136032550252
33    	0.0009094590123939337 0.0678483677776999 0.0212947825283716 0.0485277107138617 0.0523218797897135 0.0359774761225223 0.0468428452847116 0.0367127123097453 0.0518012019717469 0.0374637358491968 0.1505011219353836 0.0432416072686923 0.0347848982795051 0.0328570854407699 0.0338651756999678 0.0518066020163032 0.0852508989134788 0.0617045132933570 0.0751073576893145 0.0101844663275440 0.0219055607881141
34    	0.0009043496920995858 0.0599747286111102 0.0163199620502759 0.0531555588390171 0.0701134550685027 0.0300920406310870 0.0487676429274968 0.0250534808629421 0.0462569511541883 0.0629488892443680 0.1650704888500508 0.0540571868387735 0.0418702696529162 0.0293121288048134 0.0440373422973665 0.0529594252058152 0.0588778538726980 0.0465858281340820 0.0495387426153861 0.0107352641661844 0.0342727601729257
35    	0.0008966857116580639 0.0931003755698009 0.0101983854932751 0.0670194249981350 0.0482865477123030 0.0303808486077101 0.0522804067229681 0.0109565054061117 0.0556770647709968 0.0477269840527882 0.0798892373982990 0.0256106124736511 0.0425550718396775 0.0560378663558953 0.0419004760376015 0.0461006836461826 0.0875619900113319 0.0829954767686211 0.0827314874077266 0.0143799327029721 0.0246106220239524
36    	0.0008915763913637159 0.0735637923203849 0.0149138477446259 0.0562773593800106 0.0631248000090675 0.0376506145875681 0.0546754394840223 0.0232347602214674 0.0627626557113839 0.1437085494946143 0.0894325439730078 0.0217821578736233 0.0398505526584751 0.0295752629064037 0.0374191487314041 0.0371098861436538 0.0563705288816312 0.0485705984581445 0.0670972132601598 0.0087278052683480 0.0341524828920038
37    	0.0008902990612901289 0.0715436373428211 0.0116728893879041 0.0513171482763333 0.0682629340988345 0.0340152195271438 0.0571792565966000 0.0296214729617075 0.0499075869307168 0.0597669466191378 0.0921003585032937 0.0197292034444591 0.0397154235053024 0.0384351495304532 0.0489241269209322 0.0616940725664407 0.0602958091663200 0.0535535859411649 0.0606250964500651 0.0634048330803280 0.0282352491500416
38    	0.0008788030906278461 0.0699704746191366 0.0134436382670579 0.0556810523317048 0.0613203317661842 0.0286852458891926 0.0677297425548408 0.0185167283936426 0.0616334987950507 0.0567302983372821 0.0837727313117288 0.0246829386453086 0.0403025329213934 0.0417376395811659 0.0357834411292976 0.0467730865414498 0.0531550678587752 0.0530931555926692 0.0683022257419089 0.0118686896507131 0.1068174800714972
39    	0.0008788030906278461 0.0685895747529303 0.0208782490900576 0.0664015153902600 0.1003172258656632 0.0248665082506776 0.0423947995205667 0.0327467450346278 0.0385442078810503 0.0803328010440077 0.0740858797335559 0.0228521457576677 0.0569395316393962 0.0384088234892050 0.0524002435501953 0.0585890068018581 0.0821038994545059 0.0562978688721456 0.0485841414370717 0.0080841220974131 0.0265827103371441
40    	0.0008788030906278461 0.0781786767145780 0.0093607141342543 0.0532144173692580 0.0591883333252852 0.0285394106694552 0.0575824507930080 0.0218700244108385 0.0506357179400699 0.0543431310023745 0.2192966873019517 0.0230674429544347 0.0394825428816202 0.0247844351693116 0.0388493112571480 0.0489925487726708 0.0486950904422213 0.0474119966883622 0.0590699647570200 0.0079427220625496 0.0294943813535880
41    	0.0008762484304806721 0.0679172661782703 0.0086951542370610 0.0560862354350962 0.1507689409300279 0.0356844595277419 0.0383531065348662 0.0247159089252334 0.0554949328446720 0.0939315792840036 0.0751846669474664 0.0209066587870321 0.0457675480415055 0.0311799413540643 0.0460393909443721 0.0441508833432040 0.0571628628774008 0.0516488526744901 0.0542930177943007 0.0076077302852428 0.0344108630539489
42    	0.0008698617801127372 0.0579084843899694 0.0172801549425262 0.0510577207279254 0.0565182559089600 0.0402678876372470 0.0434599743863055 0.0199334232850656 0.0792197051799958 0.0700649405173723 0.0893484703960056 0.0277211104177282 0.0813235730034693 0.0366655095613770 0.0334547502922441 0.0483842677355584 0.0739313046667793 0.0556096088109145 0.0719255273998917 0.0094673527004088 0.0364579780402556
43    	0.0008634751297448022 0.0599625970880205 0.0155191087682221 0.0500169940817158 0.0578772831531756 0.0865177740151895 0.0507472470733456 0.0248521691738384 0.0531121963024693 0.0608319540279511 0.0716598740208644 0.0215769481670382 0.0407057723867924 0.0382821698747542 0.0397519577774313 0.0503847097075635 0.0571766090406110 0.0497443383909063 0.0644523907618625 0.0158195413912019 0.0910083647970462
44    	0.0008609204695976283 0.0724992650106710 0.0146766872052033 0.0568319399771803 0.0613377429314349 0.0286794419390336 0.0562772909088385 0.0218754469373419 0.0736439560671830 0.0604426251097579 0.0868801917180642 0.0215415997719132 0.0455388462074691 0.0354586430602037 0.0368157917997730 0.0411928049924947 0.0574594189379758 0.0545039790625250 0.0723327228469822 0.0791811574737069 0.0228304480422478
45    	0.0008570884793768673 0.0813518652181587 0.0144498269022904 0.0534137561656875 0.0600636865720764 0.0331377046462996 0.0696022708787364 0.0259951435369528 0.1500628067939120 0.0566477806401583 0.0717229926514850 0.0196730086039647 0.0404661692294978 0.0352274985383818 0.0369237713663861 0.0507835780051647 0.0590207653318143 0.0496356881393448 0.0484007166128497 0.0112351479952614 0.0321858221715776
46    	0.0008570884793768673 0.0613888535118778 0.0188310902676016 0.0536231116245147 0.0658130679882774 0.0404761057139876 0.0476975102280597 0.0257184557930698 0.0638518254625549 0.0754046274492751 0.0896252419542909 0.0720747146057511 0.0405802567493831 0.0329263136142673 0.0379875067079625 0.0514223527890985 0.0614853177736227 0.0487582825660406 0.0679232026209587 0.0084392640564759 0.0359728985229301
47    	0.0008545338192296933 0.1458655486940974 0.0107026744705281 0.0543773022627835 0.0617694009140144 0.0366131333757730 0.0589058476422186 0.0268157351985091 0.0538287647845100 0.0534770232537462 0.0788181252788852 0.0251472356868222 0.0370662363415088 0.0428441387315997 0.0375895272592860 0.0516431754847530 0.0517710600354609 0.0506878424895148 0.0678725275046655 0.0191915242282183 0.0350131763631055
48    	0.0008532564891561063 0.0507975415073936 0.0236208311708049 0.0765153095942099 0.0943029873527614 0.0422397259787850 0.0504325205514968 0.0242487787807530 0.0637381659821880 0.0540346754882479 0.1128217950587665 0.0255224676664287 0.0460611117599092 0.0242855058089824 0.0399126136648652 0.0479947860470119 0.0714727886023589 0.0457295651208146 0.0634211700210632 0.0068200121038879 0.0360276477392709
49    	0.0008507018290089324 0.0604663114352432 0.0222839480175398 0.0480027012261219 0.0600640704755588 0.0395353106998293 0.0503533324587534 0.0215834054134477 0.0649482168200506 0.0602417725349850 0.0963911326044142 0.0266945519610755 0.0425229145195436 0.0335642322996305 0.0382359733883844 0.0471539045057226 0.0642486752781299 0.0533037523828201 0.0684001853769205 0.0066832061458298 0.0953224024559992
50    	0.0008494244989353454 0.0900441397482885 0.0240824802709706 0.0341543875654573 0.0600942571640770 0.0447027897340420 0.0663890595317611 0.0103043119015352 0.0617510946942336 0.0593707454422259 0.1059473246007486 0.0272830227700076 0.0410754523834710 0.0399364098998741 0.0293415330222669 0.0582021288500171 0.0694172747063077 0.0656982355672592 0.0720282986256703 0.0100650536896423 0.0301119998321441
51    	0.0008481471688617584 0.0604960062719836 0.0690882101621148 0.0612248351504834 0.0633598965883950 0.0366164006507420 0.0617551822152149 0.0233766634491021 0.0626964747395754 0.0614041183154298 0.0836631610972112 0.0249986389795474 0.0453792119611875 0.0440173467107010 0.0395963949030798 0.0463253439613234 0.0463373580266376 0.0509117416060801 0.0657543731380846 0.0160236186533535 0.0369750234197531
52    	0.0008443151786409974 0.0595951240062371 0.0216148501744050 0.0449474176584607 0.0618829430251534 0.0458208857537788 0.0408271813213414 0.0261146856041080 0.0693800454446641 0.0598893584343975 0.1006578633494522 0.0278287812366032 0.0388677147410118 0.0288341433420421 0.0388552881969229 0.1056201622709415 0.0590035817310336 0.0480302323190174 0.0712915157659994 0.0108019642996726 0.0401362613247574
53    	0.0008379285282730625 0.0728537530117029 0.0187716192356047 0.0508939674129296 0.0259732855498652 0.0508346605861175 0.0661643620184431 0.0236018004301522 0.0311248908278696 0.0114216823782295 0.1221081181086184 0.0243194786070810 0.0577385785145737 0.0533345999309233 0.0732349562147191 0.0848234327015556 0.0676028052933876 0.0585631041634358 0.0438354006816802 0.0282751417840921 0.0345243625490190
54    	0.0008366511981994755 0.0456678820379151 0.0095406188683368 0.0669003196686877 0.0667444936234109 0.0416901970107637 0.0617734770708612 0.0289940712165818 0.0604175914735231 0.0762484166558467 0.0909625577917340 0.0213269899673735 0.0445384643423247 0.0338063371300607 0.0277679715352898 0.0635633061749928 0.0731644733982014 0.0522699611838951 0.0754004584084160 0.0159527032713019 0.0432697091704831
55    	0.0008353738681258885 0.0540616541392739 0.0066037895046100 0.0550552646520190 0.0703070991819277 0.0422231498320859 0.0533245810143650 0.0241095694861538 0.0401238625209658 0.0625708033447458 0.1227437000812304 0.0247027086604047 0.0419757809506908 0.0539073252622642 0.0446566861125037 0.0564554490489173 0.0613944594467116 0.0592401972920191 0.0701324907211596 0.0133761617011287 0.0430352670468233
56    	0.0008328192079787146 0.0923688030198161 0.0142053890211907 0.0661309563646645 0.0813970979004625 0.0192521286481444 0.0604575303648781 0.0272990954085369 0.0565812703682568 0.0446039718116412 0.1045247771411193 0.0285882263672175 0.0442296513788772 0.0319448820405622 0.0636100741112122 0.0576217775332762 0.0598441918501558 0.0453825612194490 0.0732963257030303 0.0070130467037923 0.0216482430437166
57    	0.0008315418779051276 0.0718738529049503 0.0138639444967264 0.0440554753923356 0.0505167440381055 0.0357498244518570 0.1693076765826278 0.0224216716362218 0.0702591239575603 0.0430400213300609 0.0904022194306897 0.0267863133127664 0.0257350580518176 0.0425311442774604 0.0282719124455703 0.0495820756053794 0.0444814083868257 0.0479257963769838 0.0829968587334342 0.0106781233763683 0.0295207552122584
58    	0.0008226005673900187 0.0646646977830596 0.0155313190052854 0.0568342811806084 0.0661704009856076 0.0405705442142890 0.0569258453455025 0.0280126819058445 0.0590546040179712 0.0640675360651753 0.0694894902570501 0.0677887923070012 0.0400437263737896 0.0488778701669562 0.0459991790067650 0.0550208796459318 0.0536999120257482 0.0491761955857807 0.0607278448305357 0.0210751159827197 0.0362690833143784
59    	0.0008213232373164317 0.0674394508629010 0.0066244128339513 0.0553776396622503 0.0516380050071754 0.0428377916522775 0.0538464182043127 0.0272914565021349 0.0524965924735681 0.0498217572850853 0.0842365590526506 0.0259950483122228 0.1328556656891497 0.0384293711905097 0.0389904209836478 0.0494387407680660 0.0517890488145486 0.0482258574724645 0.0658439112928976 0.0154045721029643 0.0414172798372217
60    	0.0008213232373164317 0.0827103634829822 0.0097795614407242 0.0592143327779039 0.0766333481549633 0.0363911351494265 0.0517748394722228 0.0257615439812617 0.0461154181948268 0.0570204131785232 0.0850439675385571 0.0203418697917924 0.0364301652167505 0.0260809455407364 0.0441516648122380 0.0651227024812727 0.0613469047296922 0.1240391684178051 0.0567496791902383 0.0072216152324745 0.0280703612156081
61    	0.0008187685771692577 0.0596321078717512 0.0104049390443204 0.0449318305642997 0.0573569426569908 0.0269398032148342 0.0529028994499812 0.0228562570062918 0.0593457821854376 0.1450773958095809 0.0752397971045645 0.0199138896840416 0.0504012036708798 0.0358698618147589 0.0380118908503357 0.0835461819155387 0.0619076714887900 0.0579046523314311 0.0652162377096846 0.0097416075848614 0.0227990480416256
62    	0.0008162139170220838 0.0654963871942533 0.0121813712017026 0.0358283398949345 0.0454378487651060 0.0312983731946010 0.0598644442112714 0.0198993226617886 0.0488176726924900 0.0633420750025438 0.1233733346805353 0.0185122505385549 0.0256159189393812 0.0891704620628812 0.0738328570864700 0.0820969333576597 0.0475122163227308 0.0619842173739565 0.0546425834262708 0.0167780965298681 0.0243152948630003
63    	0.0008149365869484968 0.0567788674823501 0.0190512342667454 0.0408452763779598 0.0475963916730369 0.0346308701056788 0.0393280949418165 0.0207684894712444 0.0958493697266518 0.0523352299516269 0.1950239860321635 0.0304063990894826 0.0369054018191928 0.0235559213128686 0.0335841655742143 0.0419356304323227 0.0556192438832813 0.0422938050969894 0.0965226223178833 0.0081216172971333 0.0288473831473577
64    	0.0008149365869484968 0.0537560411508131 0.0063652426277359 0.0555855318687830 0.0691548924587723 0.0355461486460227 0.1771559189375884 0.0231925037148200 0.0606308589662436 0.0523198592564223 0.0906246858377100 0.0201119083102270 0.0379855701403626 0.0349426632245536 0.0342783499582120 0.0508722234222882 0.0441498730474370 0.0439669121961548 0.0690242709845920 0.0091874318852496 0.0311491133660120
65    	0.0008085499365805619 0.0930379065521951 0.0138433849804992 0.0541059371463356 0.0572142562251366 0.0358989632868447 0.0630370640786155 0.0257859227696244 0.0477008241938858 0.0377254369234923 0.0909133885274852 0.0192951519606504 0.0312819207721577 0.0401344662245288 0.0394902278224715 0.0645655790662372 0.0496715629442822 0.0488353700986974 0.0684775298658930 0.0151289174208709 0.1038561891400966
66    	0.0008059952764333879 0.1101602022972485 0.0228123065837414 0.0387907680966485 0.0463284006985903 0.0376092729122873 0.1312507385181049 0.0245140927453841 0.0570298600997318 0.0454181647909434 0.0965804399399186 0.0236831196840420 0.0316874569561645 0.0290712806095035 0.0360489013119105 0.0431261374526055 0.0653989660664133 0.0499122011557791 0.0672388776842580 0.0120664356374482 0.0312723767592767
67    	0.0008059952764333879 0.1064389214272318 0.0122033651476218 0.0589294901951302 0.0641806482417252 0.0321705170345143 0.0630194785929736 0.0269953877774710 0.0459764821948399 0.0288581699474082 0.0997355031130667 0.0209985930569574 0.0239816942427160 0.0362667482154674 0.0367678116744799 0.1386618675131884 0.0467457997754716 0.0511138397650890 0.0691700700389564 0.0140513334864004 0.0237342785592908
68    	0.0008047179463598009 0.1886124666332458 0.0230811039515561 0.0413852846774725 0.0553959256561256 0.0298726645092337 0.0426660803629273 0.0230385884965276 0.0477874653395744 0.0497740223777518 0.0718483944933139 0.0182486388335163 0.0378254244326943 0.0299259782060992 0.0384543785416586 0.0445694954878038 0.1147380934230575 0.0473548642604021 0.0566084797529195 0.0111153995358704 0.0276972510282495
69    	0.000797053965918279 0.0536377583434792 0.0167114021527328 0.0433862277854329 0.0459166032432390 0.0386601647166361 0.2194212852195120 0.0268746867401786 0.0670145753285426 0.0585532938639168 0.0802364222893538 0.0179279594757867 0.0494154250086542 0.0226158954527894 0.0332235350725094 0.0400868468371200 0.0448409286929843 0.0417392291529332 0.0642190159229745 0.0077166533498927 0.0278020913513316
70    	0.0007906673155503441 0.0598686706467799 0.0169836130119874 0.0532861011241380 0.0628818332155770 0.0978010140739619 0.0507162178292543 0.0289963827384258 0.0525466476697100 0.0567866375103821 0.0806787005096014 0.0197232292995526 0.0461261566464587 0.0354440753505257 0.0390047656416109 0.0439675098234648 0.0657527082488564 0.0496624570585611 0.0581686224943476 0.0060854032744217 0.0755192538323825
71    	0.0007906673155503441 0.0781872081556739 0.0150567381685925 0.0392622895534727 0.1475118177907099 0.0373379294348406 0.0566043453600893 0.0229520049299437 0.0672613696441252 0.0477179947869191 0.0947557481919423 0.0262542722100234 0.0352468180719154 0.0287272134354505 0.0310632199983775 0.0462658909125213 0.0573275240975171 0.0519521928811490 0.0773149166347199 0.0083762127804191 0.0308242929615976
72    	0.0007868353253295831 0.0590832682115630 0.0106809351174381 0.0972112174003791 0.1140239248272518 0.0198831824715261 0.0509018115538261 0.0204562071531231 0.0447131193910206 0.0878695938847566 0.0590461498016243 0.0163807728494224 0.0615475397753246 0.0326598170070638 0.0473960772741165 0.0453730527416167 0.0755388939907046 0.0766861744896107 0.0535900654829003 0.0073058278682262 0.0196523687085052
73    	0.0007842806651824091 0.1095529381827942 0.0141086335638867 0.0463446192324951 0.1576087372443374 0.0317115512872225 0.0597414902568089 0.0277969518839699 0.0475959380953830 0.0350882259245872 0.0846750539725777 0.0194878577344589 0.0277831185442523 0.0353018254391506 0.0348690283363089 0.0661535860323475 0.0494635388932999 0.0504112720929040 0.0643007733808517 0.0134247295165834 0.0245801303857799
74    	0.0007817260050352352 0.1670779669465737 0.0108023808307448 0.0493543534203116 0.0528210570684570 0.0366895143296811 0.1418719972725675 0.0239238378570787 0.0496734525793748 0.0509363788650885 0.0741257743234481 0.0203238892979114 0.0366055262737011 0.0291414256595914 0.0348723405037181 0.0463287656272492 0.0423566987278825 0.0387693534126352 0.0464933268042221 0.0131537662361714 0.0346781939635918
75    	0.0007804486749616482 0.1289281120188382 0.0267413713660147 0.0472734170822997 0.0484670412562008 0.0168220983299829 0.0597030886963220 0.0246451111110905 0.0219997049301851 0.0441781342306855 0.0324263541920095 0.0138156234596430 0.0574245235702140 0.0348818689140709 0.0357453627184522 0.0360032544738752 0.2039818185434595 0.1039447969559177 0.0394770967753842 0.0054872797290269 0.0180539416463277
76    	0.0007804486749616482 0.0801925361903787 0.0141955892582595 0.0560565621174456 0.0582754001722385 0.0375183646677352 0.0596647641288960 0.0256423725652586 0.0543108392244113 0.1315106173513675 0.0835425106052836 0.0251280732732367 0.0311158325391039 0.0394950976351052 0.0343493880374370 0.0505877267951744 0.0489881289639280 0.0494057841415772 0.0680829166359590 0.0179970713023702 0.0339404243948340
77    	0.0007791713448880612 0.0571210077990253 0.0136636085430993 0.0475178661030533 0.0670000498239546 0.0410898329132312 0.0337726151679611 0.0269982219876107 0.0530458713577712 0.1134427238641390 0.0834233545974548 0.0202192403041004 0.0507462999216235 0.0212008580521047 0.0431443658410872 0.1040169495787634 0.0686836348618878 0.0523860490511296 0.0564205316201589 0.0072738978876772 0.0388330207241666
78    	0.0007778940148144742 0.0934623634103208 0.0093158204671692 0.0539664198437110 0.0674066506724085 0.0298755285318990 0.0542014619744460 0.0206030301574201 0.0575895283021754 0.0499749746822148 0.0929441410915923 0.0267080477346035 0.0317835160814441 0.0269158478210519 0.0367646302328338 0.1442881760060082 0.0511800313030168 0.0527375515906843 0.0728207102802317 0.0057392506024686 0.0217223192143002
79    	0.0007753393546673002 0.0541365293731221 0.0199936577880764 0.0503194987307388 0.0667677469823694 0.0269773180496678 0.0473616421250084 0.0235395851654834 0.0623479735307011 0.0739699647322532 0.1097908518314353 0.0374429241281063 0.0556346410768266 0.0186947785900197 0.0488215146883181 0.0522694467936459 0.0755085941500858 0.0733189088468060 0.0618730760405777 0.0078218012559027 0.0334095461208551
80    	0.0007702300343729523 0.0618701848849566 0.0050034398536034 0.0424259379817846 0.0444194966973582 0.0357501801059959 0.0891080223359013 0.0146771132246497 0.0498201669949632 0.0363249349547499 0.1040749932541417 0.0188972050473891 0.0489810717340829 0.0675257456629071 0.0274871328919445 0.0546234251472524 0.0851965340628576 0.0797714194863954 0.0848809829896123 0.0072435779815505 0.0419184347079037
81    	0.0007689527042993653 0.0594491004260389 0.0249336815844373 0.0595909824950311 0.0593064601840037 0.0393494857273317 0.0679502187676325 0.0382900250136940 0.0437795548592659 0.0481956587734479 0.0708873875388650 0.0234430053108669 0.0426415375474379 0.0494697414408746 0.0451519963494515 0.0699668523704511 0.0845746668692529 0.0634803004745535 0.0801038027901271 0.0060582080794081 0.0233773333978283
82    	0.0007676753742257783 0.0917676778570436 0.0242829014914657 0.0554391497437872 0.0552393190812515 0.0258908840776223 0.0726070649189374 0.0319425790868385 0.0391915451726499 0.0523926906412188 0.0754310998970841 0.0143429776326705 0.0408901168257335 0.0544912649359248 0.0479648314699671 0.0472791397604992 0.1025964238561591 0.0750242493328775 0.0549013438913103 0.0136852893194916 0.0246394510074677
83    	0.0007663980441521913 0.0697896730003132 0.0007511843382982 0.0681172319575431 0.0394034472598331 0.0315259337934029 0.0858372835325982 0.0199645257624037 0.0525532854177447 0.0599385729282384 0.0736252675821851 0.0116520061131502 0.0917489050897392 0.0226129526504442 0.0440332291960292 0.0380906881744197 0.0885928251660684 0.0837949612818688 0.0691403422776291 0.0124091458075350 0.0364185386705556
84    	0.0007612887238578434 0.0640245840340064 0.0230166724159813 0.0453821641683408 0.0571931765319256 0.0413669433390211 0.0535842310170723 0.0254471664091353 0.0449397342047127 0.0519346645048490 0.0811101912318183 0.0192768999196601 0.0363873838921135 0.0364104485968122 0.0356359528196008 0.0499056900756644 0.0976085184546865 0.1334549291746646 0.0533780229022906 0.0138708412109163 0.0360717850967286
85    	0.0007600113937842564 0.0759937841403988 0.0164322282196343 0.0574793484023873 0.0602809635007727 0.1171158530164562 0.0622269082085225 0.0293066542730893 0.0468176922546758 0.0540345197279327 0.0691404587907102 0.0217183104315618 0.0410057948640331 0.0406606414516210 0.0383490553523725 0.0554633085940050 0.0531560841855652 0.0514990837502655 0.0611781146948178 0.0177889802918413 0.0303522158493373
86    	0.0007587340637106694 0.0669010564580922 0.0095935875993588 0.0520354149157703 0.0531893288875558 0.0241119206635493 0.0722514908840866 0.0156811995860447 0.1291886249142603 0.0517352525882931 0.0884250705239247 0.0169539381008387 0.0393473923600153 0.0318633982908764 0.0344020498385061 0.0440213325145666 0.0518203397640751 0.0478693596962782 0.1423490401073239 0.0074537890169233 0.0208064132896608
87    	0.0007574567336370824 0.0770937989973356 0.0131967261186962 0.0526803054876895 0.0566126973446759 0.0413006838758160 0.0515292616295111 0.0249410993546617 0.0506482368388415 0.0503595296281202 0.0754315519517785 0.0256116657630937 0.0397406260047920 0.0337076924297582 0.0359904039565302 0.0449520553988195 0.1456955973203974 0.0567058471783436 0.0622573350363826 0.0187960074505748 0.0427488782341817
88    	0.0007574567336370824 0.0715097363806916 0.0207689758842035 0.0431826878114055 0.0465045867734065 0.0447208483838488 0.0484969266164053 0.0275274958704518 0.0610441139400117 0.0562429593087809 0.0918856339457164 0.0253100532436944 0.0464563318599894 0.0411123787160311 0.0361783405311999 0.0780990165132395 0.0765289197606743 0.0647356585949754 0.0783916596597521 0.0070948025024820 0.0342088737030402
89    	0.0007574567336370824 0.0671899418274663 0.0113864833847383 0.0587879931665185 0.0662155346915165 0.0376332056292507 0.0465858050756365 0.0255702573483499 0.0653616800629073 0.0653919248404816 0.0840020450796861 0.0220006414496594 0.0513324497891317 0.0228484420212486 0.0388980569985009 0.1299542641916871 0.0520402094123348 0.0500554422981023 0.0617192788448369 0.0070802725387946 0.0359460713491519
90    	0.0007549020734899085 0.0441701108157375 0.0131282859074504 0.0558762040876662 0.0560823541044127 0.0309064852975128 0.0522779099512420 0.0252466445266951 0.1240707404594898 0.0508355541627230 0.1035049245967609 0.0190004597988391 0.0377946235101804 0.0301426689069284 0.0325464732276054 0.0400017545274854 0.0486193379072750 0.0340068117859246 0.1510031375810774 0.0142336562628239 0.0365518625821699
91    	0.0007523474133427345 0.0620755823203414 0.0198711411489352 0.0366387991397214 0.0456881806925094 0.0371523586289926 0.0718639458506845 0.0384199647053631 0.0638220806934475 0.0542297502152175 0.1084761470625318 0.0239149430958271 0.0275221869163890 0.0419590103893942 0.0469050929838581 0.0564773580002389 0.0837114219440488 0.0637731250295479 0.0693805415131089 0.0195415101815310 0.0285768594883116
92    	0.0007510700832691475 0.0685796144786324 0.0103040690176465 0.0580801003499034 0.0390051893391110 0.0378109089176006 0.0608661161526317 0.0227087395653707 0.0529989853450349 0.0340508037943974 0.0738581808779720 0.0239462635786633 0.0751221109490934 0.0714878368403939 0.0549046141375249 0.0387510331322154 0.0506524005387168 0.1016963458181563 0.0586526901966969 0.0200866446816684 0.0464373522885702
93    	0.0007472380930483865 0.0856154981526824 0.0174750173972768 0.0446899432972717 0.0584213759141150 0.0318801811597867 0.0546410274978082 0.0205969437226564 0.0695532397768722 0.0518582126695030 0.0843996740230735 0.0276659938795311 0.0343223169354641 0.0355182509588792 0.0312863592081058 0.0429064229760776 0.0622585283377485 0.1303245862937928 0.0798891698846520 0.0090255376686732 0.0276717202460296
94    	0.0007472380930483865 0.0647083896779794 0.0153024272585101 0.0657561428654399 0.0554486059291065 0.0297157073908280 0.1598389877889608 0.0291370437304449 0.0347474369124077 0.0633454700469736 0.0520001303121416 0.0189528676184923 0.0592528954284011 0.0347354701810357 0.0449225495971275 0.0495865404090296 0.0770045851281938 0.0555245574920281 0.0467878722400506 0.0113615162878571 0.0318708037049917
95    	0.0007472380930483865 0.0716649828185670 0.0288887658133381 0.0612790409930600 0.0862270016899001 0.0504426434651355 0.0510223316884327 0.0359094368124364 0.0480424464302683 0.0537941996730634 0.0739493608520270 0.0290040990884650 0.0372155606187940 0.0345949476842849 0.0446320079359997 0.0502561814348643 0.0565184509983810 0.0565205762622180 0.0679391535717738 0.0181599826701336 0.0439388294988574
96    	0.0007472380930483865 0.0626050615754277 0.0063053629637820 0.0566057999347805 0.0707556043992628 0.0537181298088287 0.0449499380469636 0.0437491225702316 0.0626331772456312 0.0681642624110115 0.0654680481932814 0.0146243453792834 0.0506492619078768 0.0440824851804744 0.0608083452402279 0.0492005265267447 0.0596526931617161 0.0536536684646206 0.0719774373047946 0.0142836429700709 0.0461130867149896
