# This script is generated automatically.
# Vector of amino acid stationary distributions.
distributions <- [
              [0.10185055189232764, 0.017717199325444327, 0.04429764765097044, 0.04941642237985901, 0.04940636434587311, 0.05793874776948336, 0.028606483989210223, 0.05152093252318948, 0.04687322685925161, 0.08205694594967568, 0.0239306007607257, 0.04069379221133793, 0.047275244483734845, 0.03860753139345628, 0.047770001365701274, 0.07611057856003625, 0.0662949538225557, 0.06731075370156629, 0.015422032356184057, 0.046899988740842634]
            , [0.07819834765338488, 0.006968276794300807, 0.10714906681589183, 0.12449328340670615, 0.013889810173808727, 0.04797019767994537, 0.029173588310996403, 0.022685842378792655, 0.104630687897806, 0.037541784970417054, 0.01261598626312083, 0.06910223121522957, 0.027523707814475697, 0.06863042680197501, 0.07883208731613035, 0.06580840310882942, 0.05332852603559757, 0.030600614042211094, 0.00512296753044143, 0.01573416258108126]
            , [0.048199901383788886, 0.011266773336706904, 0.014377123997107777, 0.018213502841987986, 0.047296708904274294, 0.02038351846405432, 0.011161668577316458, 0.18736467461031453, 0.01863721879722225, 0.23364994752015544, 0.05035090919847854, 0.014098486219836392, 0.013032260329399123, 0.01659921399862749, 0.02025706640435712, 0.023221408233117552, 0.035533539094075334, 0.1868566577533929, 0.007611872685830107, 0.021887546277397023]
            , [0.09640840330473238, 0.009169585566147543, 0.046145323839885136, 0.03189506552135622, 0.014455895917636827, 0.4463775017009404, 0.015240438647414544, 0.021341450023170637, 0.030952485814144292, 0.03139917085995615, 0.010402301252986072, 0.04638182486207288, 0.01785899507442544, 0.02349466770301633, 0.027202406061233583, 0.05634929848125189, 0.028786683979588876, 0.02738760021923202, 0.005520332287794891, 0.013230569261717673]
            ]
# The number of clusters.
n_clusters <- 4
# The base file name of this file (for reproducibility).
fn_distributions = "udm_0004_none_rb"
