# This script is generated automatically.
# Vector of amino acid stationary distributions.
distributions <- [
              [0.0668196074205897, 0.022254335380564923, 0.057066942025673584, 0.06514857459419812, 0.045962226011294856, 0.059218232073087816, 0.02776415940313233, 0.059627627550649244, 0.06062513777114478, 0.07983335601117705, 0.022099397536899486, 0.05086649111020567, 0.036454823034967686, 0.0506931671709383, 0.05993467318405472, 0.06736002868769406, 0.058300069036405486, 0.06550784596208754, 0.010974044547526091, 0.03348926148770865]
            , [0.06920601027478208, 0.011576891108254092, 0.05777110233783967, 0.0614115559731096, 0.04990837379406895, 0.06303776363792825, 0.02728220694666702, 0.05755955644546271, 0.0576460086927744, 0.07692420730068926, 0.021257826956714153, 0.04849804303886332, 0.03717767091824728, 0.04868430318664904, 0.059568666682078567, 0.0625972466676291, 0.059283814143168696, 0.0663645663501114, 0.02854269639743836, 0.035701489147523996]
            , [0.13125188643555905, 0.013170232576555276, 0.05772355674274686, 0.06574285283969733, 0.029221162858411816, 0.06316690383704371, 0.024611395451009183, 0.05339990092860449, 0.05033956002978978, 0.08670834117131974, 0.018775265689517966, 0.03300073390545639, 0.03295202084639526, 0.05263686515498327, 0.0629122772379768, 0.06559801858615188, 0.058889407556169206, 0.06493801444128912, 0.010192537126670764, 0.024769066584652243]
            , [0.06724546067446094, 0.013721928829144891, 0.05158002255782839, 0.06010023095140375, 0.04844986916267474, 0.05805468175924024, 0.024326604872014587, 0.06240181072233298, 0.055475371095116015, 0.12931008531190263, 0.022043717506234798, 0.03427056852170246, 0.033329086352065086, 0.0500017759477112, 0.058332233526035226, 0.061617036529120546, 0.0563735394383784, 0.06837835949647225, 0.014827728006617353, 0.0301598887395435]
            , [0.06988567619051196, 0.011566924650522363, 0.05924839105004169, 0.06071017855384793, 0.032288253013853054, 0.1326181737112539, 0.02243940420513491, 0.0558445949619455, 0.05633527991936943, 0.07970632714823352, 0.01884976189901523, 0.049179143848573886, 0.032335601595567115, 0.04136561705782395, 0.056060666076387294, 0.06379285439876063, 0.055569488033005314, 0.06327413651421283, 0.011002863547994547, 0.027926663623945053]
            , [0.07062172769921242, 0.015341346986170179, 0.05485582887237682, 0.06921436873954072, 0.04227769034866529, 0.05411555671106435, 0.024558488273726236, 0.0663832625559152, 0.06383498808584193, 0.10083119668718919, 0.022518764926725915, 0.05348176594837164, 0.026498778749812775, 0.052380568962003424, 0.054540458088334506, 0.06783718057124476, 0.058736705283096984, 0.067480263704838, 0.003991546714612074, 0.030499512091257744]
            , [0.07001230563258858, 0.014991406221279308, 0.05016513670342663, 0.059541901617202284, 0.03763374777174084, 0.053699656617265064, 0.023264697355994346, 0.06103707287716098, 0.05517643043034839, 0.1683600841775623, 0.02314686100726966, 0.0362023279067705, 0.026694460581990608, 0.048470220461372664, 0.05761268564753005, 0.06084590162405289, 0.05464043518698973, 0.06278743578415744, 0.008502502983088453, 0.027214729412209496]
            , [0.07214491769256634, 0.010604418735419096, 0.06469506741419354, 0.13415678145971152, 0.029549188975643275, 0.0560078128163213, 0.02174441359133366, 0.056732427183746256, 0.06207355128904801, 0.07941521018950863, 0.01904767938899488, 0.04489041026998186, 0.028489664513974593, 0.050566330984841486, 0.05501198544997354, 0.059737839300764706, 0.056538943906574955, 0.06323617680589631, 0.008993599927165178, 0.02636358010434057]
            , [0.07328064439557935, 0.01348160635341784, 0.05513139173867662, 0.05892200869107364, 0.0318933736620938, 0.06072812529804609, 0.023582773436776495, 0.052211488358309216, 0.05539228338801881, 0.07620689856822284, 0.01885037110068216, 0.05459815308096031, 0.031404236528967705, 0.04665839454423994, 0.05503975858174303, 0.12643096245616342, 0.06734444227597074, 0.06133576782512634, 0.009778198887276247, 0.027729120828655352]
            , [0.06684882266242279, 0.011895353122957036, 0.0548892035047785, 0.06689582763445936, 0.030462713559622896, 0.05504346110983246, 0.02303372683953101, 0.05746850752442656, 0.11983794734281404, 0.07769721144311965, 0.020019679659992053, 0.05121558131083912, 0.028511958507807893, 0.05089779551009906, 0.06519909149322882, 0.06284155696924563, 0.05746463646827904, 0.06218680118060948, 0.009154625178050456, 0.02843549897788403]
            , [0.06869559249084586, 0.013823955949502613, 0.051516802809597376, 0.060059138237322444, 0.042878543101286505, 0.05692192520783595, 0.022719902774459177, 0.07259824271638411, 0.0556769149767199, 0.08106231790007347, 0.02146090331630892, 0.03548182549237361, 0.03246374623792425, 0.033973875982201446, 0.05489536438146803, 0.06194570888799323, 0.061431033925844244, 0.13120227610399873, 0.011006347422172515, 0.030185582085687522]
            , [0.07156215585221753, 0.0026215823284014305, 0.060716568259081276, 0.06332172408339727, 0.04381372316035242, 0.06356050426896279, 0.020430886747225187, 0.054924391663508786, 0.06294785731978693, 0.07443148188315382, 0.018921395909512993, 0.05495343893747511, 0.04213674119900255, 0.053714649989143756, 0.05643362659853006, 0.06634449742791704, 0.06281612355025329, 0.06678062737990252, 0.012493888987833109, 0.04707413445434204]
            , [0.0774258017950105, 0.012135688364623346, 0.052982728296277676, 0.06195108802677672, 0.029586095978329573, 0.05830984795144527, 0.025320754474168275, 0.054159515205467385, 0.05762611458216165, 0.08484165074169901, 0.018720988835913194, 0.03379590644996056, 0.028095790574024355, 0.05247314824949448, 0.13091343087270052, 0.061167826366365044, 0.05772274826590541, 0.06567764540136943, 0.01053618380707127, 0.026557045761236252]
            , [0.07205516411351985, 0.0104519553013778, 0.12643945182251487, 0.0661456139651453, 0.030879684275506514, 0.06189191603457151, 0.022389599670956335, 0.05545445564011182, 0.05799903990304272, 0.07753662024721011, 0.01831351719729322, 0.05375354125544487, 0.03070043138115644, 0.04357953352945524, 0.05307309524970644, 0.06230828315598596, 0.0558983775371741, 0.06259466928655742, 0.010668451042857042, 0.02786659939041244]
            , [0.0722444356115566, 0.011626687282631769, 0.05398867958782217, 0.06056189939533874, 0.029020984477170268, 0.0562283873466989, 0.021422285697458188, 0.05826725694469001, 0.05704008161639314, 0.07586810084453197, 0.01952121375780027, 0.05078718325171381, 0.028832813472768275, 0.045302815826827485, 0.05543355922533473, 0.07036472128393288, 0.1292245269813672, 0.06903130207598925, 0.00944173945987491, 0.025791325860099523]
            , [0.07681712041755777, 0.011332578695628112, 0.05381455671926207, 0.06121927816929602, 0.03052273632855508, 0.059068116980431795, 0.021542058878475014, 0.05337501966212411, 0.0535370583962158, 0.07789770880381819, 0.01851217256649228, 0.03622113041170909, 0.1179837369784337, 0.04402101140345821, 0.055282282731920415, 0.06701737291201486, 0.05880437336648732, 0.06546775988837833, 0.010737590892085161, 0.026826335797656534]
            , [0.07558731439062027, 0.011806095033280182, 0.08020538676446254, 0.09713776062133724, 0.016286120495650105, 0.061325655376292504, 0.02859210460640969, 0.024741081296070666, 0.08040327490724829, 0.05503532850020631, 0.014362224255399896, 0.06796613207906464, 0.03235643687056469, 0.06303491709291159, 0.06282967527105289, 0.09550437600919365, 0.06732603498768394, 0.044168550095164676, 0.003891844537954838, 0.017439686809431497]
            , [0.06713396792693699, 0.010841640729412022, 0.053117727809088036, 0.06003559432310273, 0.04400780792438265, 0.05806107874496812, 0.02068960637966215, 0.13673951029101417, 0.05971846450835692, 0.07976733349817124, 0.020767581106739243, 0.04692231943558991, 0.02715253477687274, 0.03344015859922585, 0.05078057711212002, 0.05872252761487694, 0.057963558214191, 0.07410789882879275, 0.009389091960532675, 0.0306410202159637]
            , [0.0691285091691412, 0.011068447264837673, 0.04777205612292555, 0.053868296052977986, 0.06901499920098063, 0.05481322439884705, 0.026382874467968262, 0.05551459228620718, 0.052770446939978885, 0.0804449531789816, 0.019639643823010835, 0.040336948981404545, 0.02385541082821951, 0.03164603287251746, 0.049854419118537836, 0.058435572103989315, 0.05317910328470177, 0.06360033582670732, 0.012148934314353592, 0.12652519976371188]
            , [0.06578123938902683, 0.011005529183358276, 0.04428830176359213, 0.05013426522764995, 0.04921668143211957, 0.052616249843480505, 0.02081465006539019, 0.06314583784375644, 0.04683897532626123, 0.22072999556919867, 0.03724069506151507, 0.029671243576687694, 0.021501110966740462, 0.032846528094716526, 0.052016499960368355, 0.05203699815450357, 0.050229446307243575, 0.06449670506855498, 0.008482649758105584, 0.02690639740773033]
            , [0.06725979757813878, 0.007980720294697414, 0.05677873060460411, 0.054595388813328594, 0.03080357586320471, 0.19565793774306142, 0.020637986871280024, 0.056163630833569504, 0.05208351278790874, 0.07754958235684241, 0.017631492726738557, 0.04574325049933271, 0.028392387673026792, 0.03312196602964082, 0.05303586113289628, 0.05423820705501843, 0.0507607343308044, 0.06309704956999045, 0.008705078708202718, 0.025763108527713314]
            , [0.07191687833315558, 0.010866110338016863, 0.05015833389053334, 0.054778054953719894, 0.13376338809326166, 0.0582904439872802, 0.023604532092166314, 0.05742815983207428, 0.050333754609596895, 0.07666578018254999, 0.020927906950799487, 0.03542438896502398, 0.026248340558782043, 0.031986738313033995, 0.050084309854152305, 0.0595581266188931, 0.05369664367433422, 0.06419933684972798, 0.011209185754415084, 0.05885958614848267]
            , [0.07038320079836384, 0.013472265885223104, 0.02937389047237038, 0.047824869645222166, 0.04673272382810539, 0.04743821076352299, 0.02011614962454182, 0.08339221053619332, 0.042034868712148975, 0.15130518222016262, 0.02579845656044872, 0.025028670857426123, 0.024177215483996095, 0.030721335791317625, 0.05113410212105662, 0.05473956698028088, 0.06062463404381649, 0.13998366623684305, 0.009232804097522664, 0.02648597534143703]
            , [0.14512789283390282, 0.01320684586849377, 0.051508016223301735, 0.05831174155371144, 0.019917762202935913, 0.06308521931938602, 0.020520807680742287, 0.03459211185676367, 0.05004127982904931, 0.06104915228458122, 0.01608826656356467, 0.05076475374227144, 0.03138448378545898, 0.05011475448283417, 0.049408097025315005, 0.13284507800698492, 0.07000082882935606, 0.05633630078417908, 0.005998721434391544, 0.01969788569277589]
            , [0.07076439013062796, 0.010852887530863525, 0.05956248596876523, 0.05837128717043207, 0.030300618942582288, 0.06088201211988863, 0.02660952139857144, 0.05223376284619132, 0.05757161655665513, 0.07310210461884384, 0.018554888388607492, 0.13612064528357745, 0.025181659612186127, 0.0472364143216808, 0.05324551782484068, 0.06392974667697544, 0.058153361606104646, 0.05909071266189492, 0.009048329423094558, 0.02918803691761645]
            , [0.20256373758066407, 0.018180872919357886, 0.046806578113448606, 0.0545674935666769, 0.03288119207867728, 0.06216823497254949, 0.023365537623028575, 0.05247718684183174, 0.04389829159355384, 0.07628493460443846, 0.019257987252322233, 0.028469107655131873, 0.023543251065716267, 0.03432686682278927, 0.05448072520542546, 0.06906783492944313, 0.05698109677024913, 0.06367715816280614, 0.009995982267075586, 0.027005929974814245]
            , [0.06427714152019673, 0.010790051375809063, 0.03856599337123004, 0.050654086886450504, 0.04657310631788802, 0.04837588946047983, 0.018014883501914825, 0.1411704508849873, 0.051762471960248954, 0.15606999418223108, 0.028997837314184694, 0.027857738074882045, 0.02034350168030588, 0.027502242943198276, 0.04543587465424444, 0.05072106331130794, 0.05250907556473093, 0.08520916835368264, 0.007313365022532176, 0.02785606361949464]
            , [0.07153185266486417, 0.006131993956592403, 0.07201787607956767, 0.1403638048661096, 0.0180325958221546, 0.04814142873665484, 0.0224559731967149, 0.027998196012922204, 0.11141628269657498, 0.05766704598548181, 0.014397001253620935, 0.056573664768305235, 0.021348472215475173, 0.06873062163113652, 0.06613174239661068, 0.06615350083489857, 0.060472580618765905, 0.04608239316716149, 0.0049174067370639975, 0.019435566359324263]
            , [0.06302955887460969, 0.009748898287816946, 0.04457208980751895, 0.0523651643504431, 0.04067028131973727, 0.053626711201275885, 0.019310950704430913, 0.14315912309177084, 0.04963652064315461, 0.08083913907525608, 0.019203109415560353, 0.03027638713634779, 0.024444336287715557, 0.02847649356431635, 0.04776765872582931, 0.05232526033387157, 0.05637968791839903, 0.14859129714582323, 0.008477614509614118, 0.027099717606508245]
            , [0.07108627132154448, 0.007118358146598674, 0.053085129408565225, 0.057353634005844145, 0.025987458792669296, 0.05890550099725933, 0.019614837995269748, 0.04939861833304574, 0.056881596293428975, 0.06699191861241136, 0.015982291532259215, 0.04137189962651485, 0.17112844499536295, 0.04170459712730701, 0.05209950516604186, 0.06327629203896529, 0.055679506817841125, 0.061217936860092526, 0.008162302754941444, 0.022953899174036896]
            , [0.06875083552146981, 0.008585296833065782, 0.047862197752856064, 0.06752834713507393, 0.01809990854741897, 0.04631194860298194, 0.03220979345778846, 0.028430867256190262, 0.12397060660602985, 0.06404098911647303, 0.016110201771474035, 0.05400624846713245, 0.019409209118194312, 0.06979363241067955, 0.13187422200349014, 0.06690019946537021, 0.06045412625898739, 0.049711760277554126, 0.0060941264081422475, 0.01985548298962734]
            , [0.06509561299161, 0.007676462194849853, 0.05554640868921373, 0.06786360348057222, 0.02479923881468242, 0.05648159928563341, 0.020686272452535633, 0.05214492112502131, 0.17074876130341657, 0.0686162343506424, 0.016744578594785807, 0.05314544521784295, 0.022579490475082595, 0.05422240947190864, 0.061905956845552265, 0.06086415123985857, 0.05460166851367281, 0.05643389926585961, 0.005499037649696901, 0.024344248037562303]
            , [0.06977123822659091, 0.0024212967159018173, 0.05304355074357289, 0.055997658162285496, 0.04221503013900069, 0.061404356975933785, 0.016460192342356558, 0.05887862230770903, 0.05581135712495043, 0.14855021718595743, 0.019343064820867006, 0.04694489806384491, 0.030899423725618446, 0.04551562594469461, 0.05223184705944736, 0.05817606150749358, 0.05767936921047307, 0.07094752575790457, 0.009466204862628157, 0.04424245912276922]
            , [0.07657861059362309, 0.008512172952308118, 0.0529984903387767, 0.07151750999690383, 0.02233839567639809, 0.05086782067461967, 0.029402316858708488, 0.044705220351110374, 0.0679822370638196, 0.07041312789011885, 0.017808507918647656, 0.05276891844700194, 0.02253207421888144, 0.13766724053909762, 0.06634593790875525, 0.06341468039905636, 0.059734379060035425, 0.05515755545726567, 0.0076000665594048895, 0.021654737095467006]
            , [0.06505786015419819, 0.012331019110209302, 0.01844737082205283, 0.025523083400660694, 0.06676064983196504, 0.025477731269635224, 0.01663103819000076, 0.11299088648988084, 0.024596874898215968, 0.22881141623427195, 0.05335111578630778, 0.018876662063564337, 0.016997143567363912, 0.023918571622616163, 0.0391185470788037, 0.04283068001429148, 0.05014169023897974, 0.10847366807910959, 0.009959049065374707, 0.03970494208249769]
            , [0.07011088784799809, 0.0073942115471805955, 0.05046365261316588, 0.057060204292998816, 0.0319995359336593, 0.05620159024562132, 0.018764084830695943, 0.06211700027425208, 0.052111070436022464, 0.0704445018797045, 0.018114597909390517, 0.03996053571009285, 0.02934723609449805, 0.04044433740327666, 0.051364666211408505, 0.056348961311386295, 0.06359308029526918, 0.188378482523044, 0.008941204230588348, 0.026840158409746993]
            , [0.0681689027347779, 0.00978841326007471, 0.05101864242480378, 0.05419251068190488, 0.047678326973478895, 0.046687530821049046, 0.13429665473457278, 0.030107739787626615, 0.05399357121387586, 0.06455452465113273, 0.01609715461759998, 0.057609650260609574, 0.019614098713506847, 0.05393626364440622, 0.05742240262530998, 0.059791141251331135, 0.05254036615183838, 0.05214387997110102, 0.009528363117066589, 0.06082986236393311]
            , [0.14516473664659488, 0.011906496967898058, 0.041258912102480935, 0.0505745355170072, 0.030497394375601887, 0.05267468609464957, 0.018906631487279404, 0.07036190737574041, 0.04619685156209754, 0.08216999627216587, 0.020652661232456276, 0.026142611618801118, 0.025841407171619375, 0.03017861492032268, 0.04873711741028934, 0.06114185600485691, 0.0663862510586083, 0.14022131080701752, 0.00789116508150018, 0.02309485629301266]
            , [0.06740763620315045, 0.007297627317985984, 0.146785492487705, 0.1543588937235741, 0.018562104496159627, 0.05388703523997563, 0.01952499626204727, 0.028651804767538393, 0.061094221173426465, 0.0586911054179953, 0.013626870587998486, 0.05632109301447142, 0.026967149232779253, 0.05226080801429633, 0.04666929762224067, 0.06295752898305326, 0.05395593377560652, 0.0467373491988798, 0.005617990652330336, 0.01862506182878565]
            , [0.0595883575769934, 0.006874684853366483, 0.04868982427922669, 0.04431978493144024, 0.03557607702939536, 0.2753525131244796, 0.017298591952909954, 0.055456307321900905, 0.0460519304579802, 0.07359918340970775, 0.015976594213570866, 0.04731506658094804, 0.020297200102623567, 0.02882694737556723, 0.04249330930377412, 0.04784060367901537, 0.044223685958400906, 0.06042069953874414, 0.007299560094237442, 0.02249907821571769]
            , [0.26219226593907263, 0.009457971756412711, 0.04741740711961417, 0.05401451169590932, 0.021475649486662626, 0.05903723073793517, 0.018841430736589622, 0.04785943033772608, 0.0459594845998135, 0.0698324393280681, 0.016461631492194363, 0.025639726678547775, 0.0202522554678778, 0.04232432873947679, 0.05205369167200675, 0.06332850626824832, 0.05453397720910431, 0.06354923949033263, 0.007149595072619545, 0.0186192261717877]
            , [0.07347362897278252, 0.012144740902243729, 0.05099230602575667, 0.056045007380483444, 0.019283847411340944, 0.05249205380476792, 0.020906255495576, 0.03980441688033092, 0.053148232027511094, 0.059041747461495826, 0.016011918100432336, 0.052593551107487715, 0.023468714358088266, 0.04520366125669926, 0.05076755477327829, 0.14978689349751906, 0.1440433635580541, 0.055618175905156685, 0.006476541692607087, 0.018697389388388393]
            , [0.15627369925289766, 0.0025741948035278442, 0.059704411858394854, 0.05767210445149943, 0.02905516753797987, 0.06226618752039987, 0.0150184736012601, 0.04950273440960324, 0.06197337750037858, 0.06693405969516825, 0.015431201575990955, 0.05489883467433112, 0.03955307698333781, 0.05175733770797779, 0.04614900483883414, 0.07025415066787832, 0.06068142490903741, 0.06052587010631393, 0.010518142063768207, 0.02925654584142079]
            , [0.06522070319937233, 0.011291773005547697, 0.024033269528382195, 0.027610991935117204, 0.15610913803157087, 0.0442696850285518, 0.05196604111621455, 0.04643432666214435, 0.0270662903289166, 0.07415496263218621, 0.01872287758827703, 0.028091334710804047, 0.016850093286233644, 0.024653913796193645, 0.042218612969460105, 0.05489647889885086, 0.046004192034262745, 0.057286482773093214, 0.021265563423980404, 0.1618532690508407]
            , [0.15582927955614587, 0.005674457380227449, 0.0700397799663639, 0.13437475081693367, 0.016840499764218118, 0.05173741730042849, 0.019583871831358495, 0.030144517359772013, 0.05897664069889956, 0.06353601144486885, 0.012625326672971834, 0.037895267658067715, 0.025139423063437125, 0.06082783997584387, 0.06468769107966521, 0.06298432419172556, 0.05628224252321729, 0.05153638281778405, 0.005955452547286736, 0.015328823350784254]
            , [0.06812103683115858, 0.011739532678294149, 0.02359434350450448, 0.028684559539385823, 0.13190520168461958, 0.047123103587345214, 0.023262877977967427, 0.07212851493528452, 0.02646856839681242, 0.16147556867886204, 0.04296686197332635, 0.023834561736278185, 0.019147927998510096, 0.025478312115870174, 0.03442688372482688, 0.05028021522867059, 0.04897853488152321, 0.07386331144218033, 0.016475731288661644, 0.07004435179591831]
            , [0.07109660794384794, 0.011776433007053458, 0.018087069915405526, 0.02585890843289834, 0.0487719731847822, 0.029690659080669687, 0.014108243411907197, 0.14594906683637604, 0.023587641474626962, 0.15661123919459702, 0.045655463747814144, 0.01759448628391497, 0.0177062342243224, 0.02121807462837521, 0.030137268855723348, 0.044855978731643584, 0.058794069048436204, 0.1892419697845982, 0.007613738828478429, 0.021644873384529147]
            , [0.0653961537054906, 0.007081131699198122, 0.05244544343886296, 0.054655758702363305, 0.026342067207360736, 0.054455115956639766, 0.018397140914500613, 0.060958798334027814, 0.04913871891610138, 0.07213319052433113, 0.016888847734501628, 0.04501227672990554, 0.02284503241663244, 0.04311563587152481, 0.05437568086257348, 0.06546894442817591, 0.19155267214177218, 0.06737892120018961, 0.008868522489487721, 0.023489946726360376]
            , [0.06681891894669399, 0.006106390398572235, 0.18153810743844342, 0.059536676468057596, 0.025229539393684844, 0.05900671640834176, 0.020363247762007288, 0.04925803929105281, 0.057628584433643174, 0.06865503098718541, 0.015970968711063682, 0.06373104889355613, 0.027866969768381145, 0.042573992848283726, 0.048859766127484834, 0.06083950940230912, 0.056828129134245904, 0.057035159677475224, 0.008311167379330098, 0.023842036530187533]
            , [0.15511222519855877, 0.010126831432218712, 0.05000068532805716, 0.051573617356276955, 0.026289498905925725, 0.15731330495453552, 0.019989544985753064, 0.044543457986106885, 0.04288476272672236, 0.0696790844817052, 0.016519862239595114, 0.03845235230181663, 0.027762706973967, 0.032305866518278596, 0.0504277277213437, 0.06712059945970901, 0.05298272002626287, 0.057209844449626186, 0.008001734225762122, 0.021703572727778415]
            , [0.07017552667765944, 0.004116635931459784, 0.1150042015471114, 0.11682041781188379, 0.008989168337602967, 0.06280795877475177, 0.03323942739775733, 0.015074147311426221, 0.1029555181626604, 0.032417663296599376, 0.007932921572129511, 0.08083927146008234, 0.02435847655585075, 0.06742586290058816, 0.06413086713434006, 0.09353389804696896, 0.06471609830207586, 0.021507508177349945, 0.0024998264406614575, 0.011454604161040318]
            , [0.14897380158373547, 0.008092117062477797, 0.06251479520280563, 0.07606512785384793, 0.015568144215175073, 0.061374769222010295, 0.02789677335373599, 0.020381520595531007, 0.05548181891614703, 0.06774172721480505, 0.011754109915390585, 0.025500805116891012, 0.025111135072341167, 0.06613448935659091, 0.1317571590918479, 0.0635261790571368, 0.06034313363564024, 0.05043356225024345, 0.007358278794268544, 0.01399055248937794]
            , [0.063094597595095, 0.008329249649237454, 0.03897152869475169, 0.04234360239889144, 0.04585525319886519, 0.05116502512277349, 0.016855198838695195, 0.05824523034779532, 0.03724587995325035, 0.2883468184626709, 0.041953853446364577, 0.02518883708918825, 0.01713987304149984, 0.0352887614490416, 0.046790616836981026, 0.046524050982275994, 0.046496778870649215, 0.05898554294957517, 0.007471634303678467, 0.02370766676872002]
            , [0.0900381609786622, 0.005846623731803974, 0.09924622348466994, 0.08430535005964938, 0.012590625942380439, 0.1218187612836111, 0.02150907071943533, 0.017739717881238414, 0.06568832166683472, 0.04346564989183063, 0.010448596111450804, 0.06782375282355203, 0.047854968324518285, 0.05950831817147032, 0.06163420050348764, 0.08265648897702738, 0.06091993234549422, 0.027857987930951643, 0.005462162625804422, 0.013585086546127181]
            , [0.23360455487394674, 0.00885656459905535, 0.04265618804526294, 0.04778298437715186, 0.017133384113572306, 0.06476861440416451, 0.01586208231221611, 0.036756204721084054, 0.04171451135519176, 0.053504079552253836, 0.014100520578459924, 0.0383825044501699, 0.020212210176954126, 0.04060521775217127, 0.04000307502180487, 0.14910631487412648, 0.059737025708851234, 0.05382988637544109, 0.0051768677726051, 0.016207208935516706]
            , [0.15818537487384618, 0.010835611270812815, 0.037892169130533865, 0.047950362299925754, 0.030386789663099965, 0.05495978089200065, 0.01981125495837296, 0.05670472922125729, 0.03697249510169019, 0.1705200922107855, 0.027325982798038505, 0.02217959971813354, 0.01789200351344639, 0.04349927800057789, 0.055529288589770714, 0.05767871152254125, 0.054684943124277206, 0.06849042819591769, 0.007886839618637193, 0.02061426529633438]
            , [0.07365595508496157, 0.006594748885082442, 0.0649125576364033, 0.20984652570260154, 0.021306622124279452, 0.051132402082432735, 0.01766854267845596, 0.04829426864008194, 0.06365701474856604, 0.060841038657479855, 0.015058586649889417, 0.04084634572073264, 0.02054930367226723, 0.05355591740661332, 0.05312572745513377, 0.05671267351591757, 0.05711465368308234, 0.05833512505489137, 0.0060419315068315285, 0.020750059094296048]
            , [0.07034670243352543, 0.009992753912921442, 0.04933085561593249, 0.051352834282892855, 0.03889568032728595, 0.055543023113204096, 0.018697013882034444, 0.0494002763930851, 0.051714633072924496, 0.07483468794889137, 0.01710111364868181, 0.04810476735361894, 0.02396302107234702, 0.038049855215150044, 0.049826008196870705, 0.19681283888442241, 0.06117661980769112, 0.05904597335999008, 0.008440790716873562, 0.027370550761656707]
            , [0.08938010409861331, 0.005276267760470646, 0.07464016545560252, 0.11365546976628896, 0.009340778135102463, 0.04668061144331017, 0.03896692041988744, 0.01929208196806465, 0.07678423744476572, 0.04968621018297662, 0.011340525853446247, 0.06739923330461363, 0.016684674716836618, 0.11990686693113682, 0.07155425736351864, 0.07552771994962683, 0.06397846998575318, 0.036128870010061445, 0.0022812960678287807, 0.011495239142095158]
            , [0.06080960488677293, 0.0073279972812329815, 0.0375831322131285, 0.060911452150312045, 0.01407118782156859, 0.0401405192532085, 0.03568468118535922, 0.025251150712127784, 0.18507268772784302, 0.05404238246248191, 0.01492075100274462, 0.048161763738352556, 0.017534303005227642, 0.06416384445387781, 0.16097519329546436, 0.056847363118978714, 0.051635420726352674, 0.045006943587879475, 0.004693774422929715, 0.015165846954156901]
            , [0.07172348670904251, 0.00829934232129518, 0.04335217331109751, 0.05523468355062693, 0.019760751509260512, 0.05179097225024829, 0.04038996176376875, 0.04548599464098595, 0.06735490441826368, 0.06714731346573646, 0.015370090756117935, 0.03898135700193373, 0.02063834653407545, 0.05158763510285462, 0.20071787206254893, 0.055210850012551896, 0.05938968663208323, 0.05947543051511826, 0.007527328330834277, 0.020561819111555905]
            , [0.060961200643709385, 0.00968922813033553, 0.015086590162569625, 0.02065643876123249, 0.060322679747952405, 0.022015742694694376, 0.012680069537186258, 0.11755360406740176, 0.018052123929366604, 0.3041009640072695, 0.058298851529849975, 0.014326890342935316, 0.013638939275461812, 0.019901120727254213, 0.033788696972701524, 0.03385077126856503, 0.04329797830815479, 0.11264881683487736, 0.007532958690154322, 0.02159633436832769]
            , [0.055355750723210674, 0.008724137902769172, 0.01624182697779342, 0.023762403970827777, 0.050153373526513195, 0.020392534736155203, 0.012471279071228029, 0.18646287486123306, 0.033797206129373, 0.2035884752274079, 0.05185603099052465, 0.0163875855352285, 0.012831981693059031, 0.01906788349078712, 0.027175681446702814, 0.035334251780384913, 0.05052776740085717, 0.14803336118353658, 0.005652511716052579, 0.02218308163635502]
            , [0.14429039307160596, 0.007698845042516042, 0.05023743307791944, 0.05773379464839848, 0.019537677127791597, 0.05850062119099334, 0.017936065064479107, 0.04011349928267541, 0.04466002414551907, 0.06237314124531029, 0.014228083931093172, 0.029053628790367932, 0.1508165648848554, 0.04244588073075893, 0.05014605342845518, 0.06761718909946093, 0.056889993312024996, 0.06179325358560792, 0.00723990219125588, 0.01668795614891085]
            , [0.07604053382091278, 0.006889622313849109, 0.05031634703835456, 0.0545938385236143, 0.020399501231177442, 0.05233062142750537, 0.017963487168002557, 0.0408708462013337, 0.04917587004678937, 0.058621980183817805, 0.013414636846942038, 0.02675673300951562, 0.2529862724531861, 0.04331950513951883, 0.05103227628519233, 0.056361762782195575, 0.05147432572777319, 0.05310668902171034, 0.0068828185254760765, 0.017462332253133036]
            , [0.06566246688243692, 0.004386398306460679, 0.2172711678087007, 0.1467323228470527, 0.008519290711008312, 0.06008115760865605, 0.028597444842444242, 0.01181193896576457, 0.058362574335276966, 0.02016989725282964, 0.007628087299068495, 0.09275566814318457, 0.026247721980703916, 0.0537306624386514, 0.040375769412415864, 0.07346918366792675, 0.0514195962008682, 0.018789045178174642, 0.0031010717079605196, 0.010888534410415011]
            , [0.11112598175722223, 0.004533379734875664, 0.11663450680880094, 0.17485870339284662, 0.007942578579814584, 0.0537237088803315, 0.01901489308894012, 0.013935980878025516, 0.06191876686790716, 0.03720609968320795, 0.00837475129028512, 0.05398696722058221, 0.034879473544920034, 0.07069200416543596, 0.05164834007385978, 0.07800499056687722, 0.058955774752099836, 0.03149335978668803, 0.002769517686827496, 0.008300221240452058]
            , [0.06398686326890617, 0.011358758038688832, 0.036384282834266694, 0.04507156912061817, 0.03346844745612776, 0.04958457645266948, 0.017175696184998767, 0.1085634218153664, 0.04225849804637638, 0.07584368116047584, 0.01731889618955138, 0.024317350834160468, 0.019928560897151986, 0.026063114645506015, 0.045012434127579964, 0.048105715990159684, 0.05535198067471273, 0.24987268698454793, 0.0068595214485347895, 0.023473943829600545]
            , [0.14836654681398787, 0.015472843359987859, 0.04461731741098628, 0.04724802019344045, 0.011993092968348463, 0.062908062779994, 0.01790415265576066, 0.01853466889141271, 0.042876649610198554, 0.03895027929357414, 0.01195357904239425, 0.05558936799606073, 0.03867301247856408, 0.041132038778582146, 0.03726795845801983, 0.2068317335293174, 0.09872706841394749, 0.0445028945858369, 0.004086762156967983, 0.012363950582618303]
            , [0.0732731006127004, 0.0036937869394865082, 0.06471001078592957, 0.14621396153031188, 0.011328846748204618, 0.042808043906556154, 0.018802799241855142, 0.025725562871950467, 0.1624091192488157, 0.04801845393312461, 0.0114442062996799, 0.055688915486573114, 0.014092950951389864, 0.07482386373822064, 0.06663162493705342, 0.06342480346267285, 0.05898179916929356, 0.04141557241803475, 0.002646211857238315, 0.013866365860908546]
            , [0.06290765821831294, 0.005793752456909901, 0.14606107220827672, 0.06945748933189395, 0.015189233822902347, 0.06740252933482173, 0.03952393479028222, 0.019470502960790653, 0.06232674705414476, 0.04202809642104192, 0.010564915470531629, 0.15246789506146824, 0.018701841645883358, 0.050551968313477004, 0.047855236716439875, 0.07811440688244894, 0.05756201155926283, 0.029462770142117848, 0.005463827863619543, 0.019094109745373847]
            , [0.058660999379633906, 0.007961048205467596, 0.011442060258488733, 0.017159481767519965, 0.04070785309386438, 0.016073292347946588, 0.00979469619196746, 0.20277031496298764, 0.01812302143632156, 0.16504471726742415, 0.04508176550932539, 0.013192582424953511, 0.013626141038856017, 0.01658805075803202, 0.01886362879660868, 0.03375417719360551, 0.054627737038523506, 0.235419338273723, 0.005247986048406877, 0.015861108006343556]
            , [0.17728912666027527, 0.009701266829922462, 0.03909618242946642, 0.04752930617528553, 0.016990060130917216, 0.05278525203130744, 0.013949133597353563, 0.0493281527028059, 0.0395092330627767, 0.06167731801766877, 0.016350505729501183, 0.03811649401701188, 0.023584649902011593, 0.037070460099592396, 0.04037997904763269, 0.08260557460249236, 0.15551826912246178, 0.07846314695629703, 0.0055743013153959015, 0.014481587569823933]
            , [0.05318840428447535, 0.0025036921445851165, 0.07210327605854917, 0.06426422282862555, 0.027763434602270726, 0.05328020409673782, 0.012412703819571047, 0.069368306807475, 0.08691793422377757, 0.06325237445423079, 0.012844539349351584, 0.1277416952560382, 0.020595434625616717, 0.04417004258418624, 0.04396037563100681, 0.07665955470877792, 0.061335043983886166, 0.05327137021366994, 0.008534101709977463, 0.04583328861719098]
            , [0.07935490199897259, 0.001188124959373216, 0.06318905757186369, 0.0683244743762003, 0.019089280528763172, 0.05880557504536804, 0.014524859244124236, 0.04059556805397088, 0.07355531226796956, 0.05764867450289768, 0.0128571427849996, 0.06683777750837232, 0.02391369700251277, 0.06402893127007764, 0.0543409372922999, 0.1134646280467831, 0.10220934322919481, 0.059094760632423485, 0.006286827550714327, 0.020690126133118568]
            , [0.053712096987922744, 0.006318685049577319, 0.051501556801393004, 0.04614966944252289, 0.01800372068280815, 0.37661993717960623, 0.015259568204976539, 0.037141627436382066, 0.044919570698696495, 0.051723067390737315, 0.012339142233486285, 0.04578665604717919, 0.016163863300040014, 0.035238462582117054, 0.042913604570377066, 0.04598872572950177, 0.03629620373327029, 0.04294896472372325, 0.005935714095668928, 0.015039163110013316]
            , [0.06662399181364632, 0.007818864068617318, 0.04585607964240788, 0.049981445673022686, 0.038194217247957914, 0.05583382168458725, 0.01756010086401987, 0.2244078373779702, 0.05004698583660523, 0.07976960230911913, 0.02222373568024819, 0.036205509923161315, 0.019660976433558637, 0.026431029467461013, 0.04822305498740705, 0.047601737991866504, 0.051294108045149674, 0.08044101310457209, 0.007029492069431616, 0.024796395779190395]
            , [0.06798281819285176, 0.004989457383922192, 0.046626111671533216, 0.04856382612580284, 0.06089533423316187, 0.05204558535325469, 0.026206570823037036, 0.05030702466849836, 0.05213905363230134, 0.06864466184245603, 0.01537675799381591, 0.047022267551764176, 0.016853924990343386, 0.03025298644194388, 0.04308002601859371, 0.054906170483932135, 0.05296375302975684, 0.059428613274955785, 0.010451768988294764, 0.19126328729977995]
            , [0.1953988373255347, 0.01174384449565154, 0.025080688170151737, 0.03941880751179973, 0.024229918867518282, 0.04948765271091808, 0.016413281791904582, 0.0649722314110874, 0.03461274590010843, 0.07235711426418943, 0.018266615781220238, 0.02052673120148612, 0.020647573296650457, 0.023833409352377745, 0.042890887322431695, 0.05876161023377382, 0.06756859736965783, 0.18893070555875224, 0.0065639497708777856, 0.018294797663908305]
            , [0.05545799760854383, 0.008764772572744382, 0.028012935051600317, 0.042612635781306946, 0.026707284718500295, 0.046962954032614475, 0.015249343221816343, 0.2129337542960056, 0.04271005316771906, 0.08114005108080577, 0.017815555233919624, 0.02494697339442936, 0.016628308445403188, 0.023266976324479775, 0.042841798741912046, 0.04336963019040961, 0.05372464987226252, 0.1910058608091648, 0.0057547662116715975, 0.02009369924469061]
            , [0.07572000447415884, 0.009329993250968678, 0.06403536019848717, 0.05748477413494359, 0.013615355910774665, 0.059306321295540636, 0.04326002431101632, 0.020482799385555094, 0.05986092187402913, 0.04736202008005105, 0.012515778297296016, 0.12846004802639002, 0.020049638303626927, 0.0610445261564314, 0.0511595598698226, 0.1429214741170802, 0.07504739814667527, 0.03638056884679594, 0.004397227716341668, 0.017566205604014888]
            , [0.06697915149678463, 0.006068526972079067, 0.042300795154787234, 0.04627223072321242, 0.024493956408395988, 0.05118693219063692, 0.01619763229545803, 0.07131490127050098, 0.035530351204281635, 0.20678831527608954, 0.020227030509344504, 0.02101845385865003, 0.019080660227392812, 0.02509860380527716, 0.04646376068011248, 0.04198258530668235, 0.04959002981376001, 0.18305503053266461, 0.006982004050662867, 0.019369048223226694]
            , [0.06797491630707211, 0.004665863948777079, 0.1705949537562522, 0.24423357782002275, 0.009414576452754298, 0.043258875519220905, 0.017891641804457077, 0.015232898709551232, 0.05812767756698081, 0.040161064315430345, 0.009507033467343912, 0.05152826952322421, 0.020592754043058787, 0.06128164559967337, 0.04039338320245394, 0.05363794664493015, 0.045367254497779896, 0.0328615830001562, 0.003008182922176001, 0.010265900898684418]
            , [0.07258583753084272, 0.008450485930809638, 0.042715411802866095, 0.04549035452926737, 0.015340459679897547, 0.04190242826449662, 0.01642441314960294, 0.03926726389854272, 0.04715395333914883, 0.05053895482652304, 0.014478084810086667, 0.046753836779903954, 0.01821318353691687, 0.03781431662811993, 0.04470793463667355, 0.1600073178239248, 0.22384179398890752, 0.05410596356876291, 0.005272543728540235, 0.014935461546165986]
            , [0.08495929126487482, 0.004195654551936107, 0.08361195834084098, 0.11087297399345342, 0.012666038242561461, 0.05031894556553852, 0.017266759848876042, 0.021121315085620214, 0.07331135078181183, 0.04746823108153897, 0.00988413057626035, 0.046547046219004386, 0.14203871142160643, 0.05217278178058865, 0.05092924243930237, 0.07579184632140001, 0.05873231957555484, 0.041919193896243816, 0.003764102424793785, 0.012428106588192699]
            , [0.06541642934059518, 0.0037103287455387567, 0.10930953042408637, 0.2136255808904752, 0.008044031208599553, 0.0419263688404093, 0.019700277117941707, 0.014752587766271944, 0.1162934145220237, 0.03542847390345144, 0.00877896355603747, 0.059793200211803996, 0.020375496965354973, 0.07094388590845815, 0.058560297412643895, 0.06232118127743252, 0.05385963653365135, 0.02413365989552197, 0.002122982597251602, 0.010903672882450728]
            , [0.049582476331131026, 0.00999352106613883, 0.014876896910216885, 0.016655062388109213, 0.2588523179432773, 0.018924120829797945, 0.04615739163433505, 0.04475644441268266, 0.017057265637940112, 0.08515711580931959, 0.018361732868705776, 0.019825523171653616, 0.012027367685573118, 0.019242881076536933, 0.020293070191205066, 0.04212034663623778, 0.03590555559273089, 0.051030916788654165, 0.02297131947027952, 0.1962086735554747]
            , [0.05791013980415173, 0.006112608434841155, 0.040539756740507304, 0.04262367075678422, 0.03834268912245683, 0.05037828118228039, 0.014132845787996106, 0.18116538478591354, 0.0427584244680165, 0.21138457612999403, 0.02663840758267344, 0.026117627867116557, 0.014703164898585606, 0.024105515758388547, 0.038720882674520646, 0.041321231009008946, 0.04476421911597231, 0.0711898765668637, 0.00535890913563067, 0.021731788178297542]
            , [0.08776108562325441, 0.007780499229178553, 0.05649383085728841, 0.052103883519742114, 0.01837144083647925, 0.16823585264404534, 0.01815049209637316, 0.02501416348934648, 0.05063800092733094, 0.050879668893214804, 0.01390290410011145, 0.05590024618406885, 0.02289405755709371, 0.04167960493467733, 0.04878660069930261, 0.14758636352930202, 0.06217016239365095, 0.046712989432047124, 0.006658492622978902, 0.01827966043051357]
            , [0.35772759025685485, 0.013543505178092614, 0.029252036208035233, 0.03693146725778072, 0.02447523778986109, 0.06453479844438918, 0.016597849645040616, 0.04706599786824606, 0.024951716576128356, 0.06923053709866331, 0.01605678055255674, 0.01902211500193526, 0.012912658410659571, 0.02134970163032888, 0.03947775520757227, 0.06727010749404924, 0.05043865391469514, 0.06294969625040339, 0.00592700160269826, 0.020284793612009112]
