# This script is generated automatically.
# Vector of amino acid stationary distributions.
distributions <- [
              [0.07111201164466854, 0.016810870096015933, 0.05253825934426282, 0.06075331353407827, 0.033957813150091366, 0.057139620664888265, 0.025156544647845502, 0.05345882150675717, 0.05733817440439695, 0.17308258371117688, 0.018068893964249596, 0.03861464638873832, 0.0373192991082859, 0.037256763120385276, 0.04484712934833336, 0.05657895323007832, 0.051623154799930036, 0.0673802117505495, 0.01289660567632965, 0.03406632990893824]
            , [0.07694352866702028, 0.014746833472985313, 0.054749494757460465, 0.06755879046338284, 0.03724294424220408, 0.049909718891164, 0.024410138947149503, 0.058970058121641855, 0.0655142623875711, 0.08277580702601231, 0.02313197638479027, 0.04048246062459376, 0.0320260877828992, 0.03694151915109737, 0.04347411262554383, 0.13646833857236929, 0.05215832697051959, 0.06241085490401236, 0.007029386558218178, 0.03305535944936411]
            , [0.06508156906589514, 0.01824432271829585, 0.12642091170810157, 0.049700025220076174, 0.04223195237893762, 0.05253964966252279, 0.022418190880404077, 0.06833461548112756, 0.060327973941789716, 0.09496535266377688, 0.026137044487036135, 0.031863625605109795, 0.032754446166625255, 0.03447838699286259, 0.04616926495442168, 0.05615852320419118, 0.05021982608891286, 0.07533122872628054, 0.010025852789897871, 0.03659723726373473]
            , [0.0662157468944761, 0.015782294971834327, 0.05770016617632109, 0.06284723024552584, 0.041143480365001414, 0.055353921856018326, 0.0774086349854607, 0.05607627501814464, 0.06009766276425222, 0.08144342393875584, 0.022489280879765115, 0.041860083672457825, 0.0420950479547918, 0.04279719278170033, 0.04621220540320482, 0.0604570227536408, 0.053074083115192495, 0.06708305663998684, 0.01611776667059547, 0.03374542291287397]
            , [0.045895884107171846, 0.017051130501408066, 0.05728437998909087, 0.07306252086470162, 0.0427142516480858, 0.1107547007493461, 0.02456836345987075, 0.06686399367549334, 0.07248730095593525, 0.0910031069231947, 0.02485873696671753, 0.04082310725185479, 0.03363158884625947, 0.04216846495594653, 0.050758371891965796, 0.05210507304126947, 0.04433907050447056, 0.06440921523003869, 0.008719199033174639, 0.03650153940400458]
            , [0.07156173150189077, 0.013999977228243834, 0.05726749599514836, 0.06322003644139619, 0.042912524719437864, 0.054640518306451044, 0.025795235638071713, 0.05185440434237019, 0.05274466513741123, 0.08292979566270689, 0.022814614576996593, 0.042246270794144995, 0.03849089290089675, 0.03766914366062203, 0.112008653107087, 0.055684645091555705, 0.054365315235272375, 0.0646696730986671, 0.016826375554855628, 0.03829803100677352]
            , [0.06363466713472792, 0.01613980047893176, 0.055999997129555855, 0.0627161423020344, 0.03989297656140442, 0.11450716188720908, 0.026403434214473994, 0.05670526777497326, 0.0659573627024241, 0.08123801897867956, 0.021643570078867618, 0.0441631075485325, 0.047524861055018845, 0.03772494305587057, 0.04350561007699791, 0.04699467786118623, 0.047795238774368566, 0.06738499835824281, 0.019519451591103354, 0.040548712435397226]
            , [0.06700679588562464, 0.011608718910444328, 0.11798216778282647, 0.05838498994270887, 0.04133984210639363, 0.053255763078789424, 0.028285791860445837, 0.05171294177452561, 0.05933506841769578, 0.07808237113771065, 0.02196927104006232, 0.04477337461889747, 0.040564546627431794, 0.04233941482672919, 0.050120613439819946, 0.06359243843326447, 0.05388431919555413, 0.05969052052844353, 0.01648658524408596, 0.039584465148545946]
            , [0.05886231553467683, 0.01874421692104976, 0.05235444970105988, 0.06210133603099526, 0.1017012042642502, 0.05036889193924242, 0.02361908202372644, 0.06359237256047512, 0.06453471782919212, 0.0833769895881495, 0.02448221115394115, 0.04286291365472645, 0.03571376217209917, 0.03786096706590805, 0.050002638092422766, 0.06914058439835447, 0.05349126320099591, 0.07014181055800671, 0.00817348528492012, 0.02887478802580766]
            , [0.06290019369663451, 0.025897006694835065, 0.05669932913675783, 0.07414234289623459, 0.042767810080822075, 0.03892883985019205, 0.034495603138150595, 0.05474252775380027, 0.054403796959866906, 0.09918965608679117, 0.023169148859783797, 0.051547264106053745, 0.04703858318033959, 0.04404784664024413, 0.04841706653215778, 0.08009105474670619, 0.0494848377190436, 0.059513375888408104, 0.014621818151372167, 0.037901897881805965]
            , [0.06962824254222498, 0.013096407907453454, 0.05384491719905567, 0.059697888489588784, 0.0387411520458384, 0.05906757350879639, 0.0259965228899987, 0.05871164128071601, 0.05623607458369163, 0.07525494950519131, 0.020567003091123942, 0.04498580276396161, 0.10987359950800817, 0.04080520399169965, 0.04494006413942825, 0.05626676143425346, 0.05114334135200874, 0.06566805205383719, 0.017732309526663242, 0.0377424921864604]
            , [0.06235473681303913, 0.016418841245214328, 0.05147891172759253, 0.060044578141463675, 0.03741602340041634, 0.04449723481704589, 0.025608309103278364, 0.06454853842422399, 0.06190963250442315, 0.16821861724602608, 0.020943043594380553, 0.04602602779507688, 0.03163010487633603, 0.04136649876098979, 0.04787688956129947, 0.06575926473005228, 0.052369308969363926, 0.0631060289033174, 0.00572540771196498, 0.03270200167449537]
            , [0.06672351076174249, 0.014376259042524224, 0.05939846003822857, 0.10785795384967066, 0.03622618302714623, 0.04404472864246015, 0.02844840942345774, 0.06846782237629806, 0.07162581925440242, 0.08452534332620078, 0.025335143570558893, 0.04161411201025637, 0.03484920775349885, 0.04120693986780769, 0.050046831656162305, 0.06406884123243524, 0.05057720932042014, 0.07001505238005015, 0.0051387959207505884, 0.035453376545928214]
            , [0.08176954021457702, 0.012941555034885033, 0.05526848659547516, 0.050834424950217526, 0.034502485490437204, 0.19575108533601257, 0.03026288891931055, 0.050585584333398555, 0.02740223251062935, 0.09699039909104702, 0.02021524931974494, 0.022805895268873642, 0.037204438123598374, 0.03455060482462524, 0.06457756772743116, 0.037375730842571155, 0.0428789780301857, 0.06602046143265869, 0.012624211440560064, 0.025438180513761233]
            , [0.07164548400191594, 0.01747093798824073, 0.05164799375934152, 0.06294739879250187, 0.03853762514681861, 0.05248533338565922, 0.026954003108759898, 0.06271263094434242, 0.05397666658134217, 0.09188842171504198, 0.021711535910600956, 0.04306236092342103, 0.04012039932686235, 0.08336539376415172, 0.051591772225830786, 0.0616470355785203, 0.05270752088513706, 0.06672318471829515, 0.014020374561063463, 0.03478392668215302]
            , [0.05533897950643839, 0.01937056953951172, 0.051442590389065616, 0.05943979053307097, 0.04213393665813704, 0.047214552599535616, 0.02429201588980924, 0.06558778008175253, 0.06288248247537545, 0.10098197185749656, 0.023892850986759584, 0.0425394827703182, 0.09366487938210301, 0.037368492012814065, 0.04822209048405451, 0.06628186150482562, 0.048340408443293, 0.0686142978410033, 0.0078249404408671, 0.03456602660376831]
            , [0.1053940127972692, 0.012914335934967651, 0.14139301387856615, 0.0510350916183873, 0.03437349859230411, 0.06534353751078431, 0.026149658748703886, 0.048989662094385565, 0.036540321566344985, 0.09070575237337149, 0.022104063087681924, 0.02415423205158886, 0.040044110158168694, 0.036199518706689054, 0.062010068681385706, 0.04766969132787011, 0.04890420496191643, 0.066260878770561, 0.014887144273261953, 0.024927202865791954]
            , [0.05985282098809803, 0.017809762334537745, 0.04240416007285115, 0.046698598339252516, 0.03897788043287181, 0.05066596968706017, 0.023825848695836475, 0.06352231747698402, 0.12460403302936407, 0.09324208484757238, 0.025375888102136306, 0.03401974860252794, 0.03790217504707669, 0.034146864101755235, 0.08416035817813085, 0.06286476488130525, 0.047934354012510054, 0.07109356735035001, 0.008696027598312523, 0.03220277622146677]
            , [0.06989003063824357, 0.017841257333821192, 0.04817794224918643, 0.06440995111885583, 0.04004512921647474, 0.05536237551219045, 0.024308836852394905, 0.05683769556306493, 0.05536506168429808, 0.08033598812014552, 0.023498059379183787, 0.12617495612666915, 0.03580033290796478, 0.039194627428168476, 0.04446340887341414, 0.051149486239053785, 0.04674853692484003, 0.06592568524223404, 0.016413568749140052, 0.038057069840656196]
            , [0.06963009374553643, 0.014432359135780323, 0.05527051487386332, 0.06253517339709026, 0.03603565912051428, 0.05928849985705811, 0.026806339946936857, 0.04364451262484783, 0.05614606790320765, 0.08334317780018527, 0.02178578465748436, 0.03951592925181641, 0.036392938312187546, 0.03749975549292914, 0.048799089094341684, 0.05564089203196085, 0.05012034091088365, 0.1560741740190756, 0.012771052911775315, 0.034267644912525125]
            , [0.06630071024220398, 0.015865291783719277, 0.04649773976894876, 0.12716021487799758, 0.041282406719523296, 0.04990066399997499, 0.026612611666371484, 0.06094665903413225, 0.06037269430588622, 0.08505014027297757, 0.023550384527446306, 0.0418637020882043, 0.04338390662034123, 0.03750100131311764, 0.04784998603413902, 0.057425307314816064, 0.05059565388178814, 0.06469346585784586, 0.015535100685706012, 0.03761235900485999]
            , [0.05252445337713903, 0.007821019025520523, 0.048400010385781955, 0.05914748917794352, 0.044365031543752556, 0.055948069573391254, 0.04318513599800573, 0.047386677136024506, 0.05963392668699955, 0.0944577601002671, 0.02515478794232638, 0.03643518342863156, 0.041042027102652666, 0.060886619489932486, 0.07539600793082907, 0.06604972751344201, 0.05310583515357549, 0.06967691332692716, 0.020331671723150584, 0.039051653383706954]
            , [0.05929949563268751, 0.01250169072946099, 0.053790805226337494, 0.06638808609600025, 0.03217770584410358, 0.04106363585404527, 0.0235249694451065, 0.14879789195137771, 0.06502811769490018, 0.08019933141772262, 0.021511370029175494, 0.04237183354410347, 0.023453002108562535, 0.03887273935579116, 0.041778845897120165, 0.05082900533653771, 0.04903238760512547, 0.11208555617874068, 0.006523066060209429, 0.030770463992891756]
            , [0.058643280358532626, 0.020591094304353224, 0.055040449970923486, 0.07455761949209544, 0.03276619348737949, 0.043179683664636495, 0.022877873733689384, 0.08985770398203512, 0.07221819004982204, 0.11707697071468091, 0.02265773822433698, 0.04453590414319449, 0.03605655855547907, 0.03934372512026149, 0.0510740147938259, 0.06553550824905544, 0.04854580388761199, 0.05607783428875419, 0.011863122279746795, 0.03750073069958532]
            , [0.056045629644280955, 0.012674842619083124, 0.05216054390216192, 0.0605121171449604, 0.03503610327852692, 0.05871058205226853, 0.027567704738877763, 0.10084056249823957, 0.06007030174190719, 0.07094963789615964, 0.020064289805553415, 0.04101129348383502, 0.04663248277814971, 0.03821549037041813, 0.05249032965522891, 0.052606439116831424, 0.04765724324301066, 0.11521732360307028, 0.016503902142986814, 0.035033180284449614]
            , [0.16220717894119158, 0.01812217577729501, 0.04823233874252279, 0.060546456598480715, 0.037864247605679135, 0.04899921461548036, 0.025162265798798517, 0.06092152792915847, 0.06352285798878646, 0.0853318029277987, 0.023209259118254246, 0.03909424639385533, 0.03273849581549042, 0.037751429879923755, 0.043982211933516605, 0.06054468684467762, 0.0480652127055023, 0.0611311685369829, 0.00860008329851381, 0.033973138548091364]
            , [0.08221476572696709, 0.014946151581742506, 0.055518499531105436, 0.073559283533489, 0.036128495902378176, 0.05232063421606635, 0.020263057735955724, 0.058525652722008874, 0.06459025696414272, 0.07466398235593011, 0.01925915649983825, 0.039417787470628206, 0.13601365398978016, 0.03201511155749445, 0.0358942358254218, 0.058315872198891915, 0.04479872042300891, 0.06350506906984571, 0.008001167124608462, 0.030048445570696167]
            , [0.056092762223338824, 0.014850037596726545, 0.04242354724114122, 0.04550381093407713, 0.05483538995858536, 0.1663558927645265, 0.026339465996626527, 0.05391554716314422, 0.04369155067861999, 0.08911501481303664, 0.02557187499056457, 0.03946436459859959, 0.032285123149657674, 0.033642838237955705, 0.04572568456895256, 0.0525855878560342, 0.05018833539708827, 0.061025285542903866, 0.017265894752433484, 0.04912199153598724]
            , [0.05632691472670771, 0.014847949108577877, 0.05616714793400267, 0.07432269931835192, 0.03868941302332601, 0.043571744642840846, 0.024658908450354858, 0.06307521203390229, 0.07032201212103299, 0.09108379287452685, 0.020058277539097568, 0.043321411860576066, 0.03246628804284238, 0.04361250977239807, 0.04347987709304227, 0.05825506846569654, 0.11270025027015247, 0.06559530270610689, 0.011560986769168077, 0.03588423324729558]
            , [0.053177801423100475, 0.061521619082686586, 0.0527167376602364, 0.06761262110410454, 0.03830774821389631, 0.04476747844480056, 0.029506991571472442, 0.059119601599711115, 0.06413075463314895, 0.09708050007569848, 0.024359137206684135, 0.04759685763353018, 0.03156470527543954, 0.041257996115912667, 0.0493290948861413, 0.08359735873743357, 0.049935131073781336, 0.05746793398340773, 0.010131169123448532, 0.03681876215536519]
            , [0.06379887268127589, 0.013769167830189126, 0.0456369451058351, 0.07037483216594853, 0.03097605582457003, 0.06618461040630504, 0.03181872061323396, 0.05229487702939999, 0.05862045389228177, 0.09954516979327878, 0.021019142373600853, 0.04469058297659467, 0.05275360619805165, 0.04214832831114649, 0.0706378423869606, 0.0552054340639168, 0.05294112313562622, 0.07864922238516307, 0.020788407308817678, 0.02814660551780392]
            , [0.046874405147234614, 0.02075814003411503, 0.0732077660468958, 0.07420605018027995, 0.04267699044880277, 0.05678591847709404, 0.03074880788785014, 0.055125074971875965, 0.07309407741294713, 0.08879790246172997, 0.026361734545106038, 0.03042504989437038, 0.05263646507444921, 0.04771354945227108, 0.06160750591660232, 0.06506766492896568, 0.04408413211896712, 0.06783016582678707, 0.012745166204399703, 0.02925343296925606]
            , [0.058070808193398174, 0.02729609273788413, 0.051581985189381827, 0.0634010693833697, 0.03437170829825717, 0.05180645452693637, 0.031057171386358665, 0.05577948972773629, 0.06130546174719575, 0.09643477879953115, 0.024761438264600564, 0.03956731338646961, 0.03764184372113134, 0.045001914722692916, 0.05490914821230992, 0.06482661062421441, 0.055414487770039135, 0.06242724815835235, 0.050231371895115284, 0.03411360325502524]
            , [0.06784836777769991, 0.021294782528371563, 0.048527710713861666, 0.05232187978971349, 0.035977476122522264, 0.046842845284711644, 0.03671271230974535, 0.05180120197174692, 0.037463735849196766, 0.15050112193538365, 0.043241607268692306, 0.03478489827950505, 0.03285708544076987, 0.03386517569996783, 0.051806602016303244, 0.08525089891347877, 0.06170451329335696, 0.07510735768931452, 0.01018446632754396, 0.021905560788114085]
            , [0.05997472861111023, 0.016319962050275878, 0.05315555883901709, 0.07011345506850268, 0.03009204063108702, 0.04876764292749675, 0.02505348086294211, 0.04625695115418833, 0.06294888924436799, 0.16507048885005077, 0.05405718683877349, 0.0418702696529162, 0.0293121288048134, 0.04403734229736648, 0.05295942520581517, 0.05887785387269804, 0.046585828134082026, 0.0495387426153861, 0.010735264166184423, 0.03427276017292568]
            , [0.09310037556980087, 0.010198385493275145, 0.06701942499813503, 0.048286547712302993, 0.030380848607710113, 0.05228040672296812, 0.010956505406111684, 0.05567706477099682, 0.047726984052788184, 0.07988923739829897, 0.025610612473651054, 0.04255507183967747, 0.05603786635589526, 0.041900476037601476, 0.04610068364618262, 0.08756199001133194, 0.08299547676862111, 0.0827314874077266, 0.014379932702972102, 0.02461062202395243]
            , [0.07356379232038492, 0.014913847744625917, 0.0562773593800106, 0.06312480000906746, 0.037650614587568076, 0.05467543948402226, 0.023234760221467435, 0.06276265571138392, 0.1437085494946143, 0.08943254397300777, 0.021782157873623326, 0.03985055265847506, 0.02957526290640367, 0.03741914873140409, 0.037109886143653785, 0.05637052888163122, 0.04857059845814447, 0.06709721326015983, 0.008727805268348026, 0.03415248289200376]
            , [0.07154363734282114, 0.011672889387904072, 0.051317148276333276, 0.06826293409883451, 0.03401521952714384, 0.0571792565966, 0.029621472961707456, 0.04990758693071682, 0.05976694661913777, 0.0921003585032937, 0.019729203444459113, 0.03971542350530238, 0.03843514953045321, 0.048924126920932204, 0.06169407256644068, 0.06029580916632002, 0.053553585941164904, 0.060625096450065134, 0.06340483308032804, 0.02823524915004157]
            , [0.06997047461913665, 0.013443638267057863, 0.055681052331704825, 0.06132033176618425, 0.028685245889192575, 0.06772974255484081, 0.01851672839364261, 0.06163349879505072, 0.056730298337282124, 0.08377273131172876, 0.024682938645308593, 0.04030253292139345, 0.04173763958116587, 0.03578344112929765, 0.04677308654144983, 0.0531550678587752, 0.05309315559266919, 0.06830222574190889, 0.01186868965071311, 0.1068174800714972]
            , [0.06858957475293033, 0.020878249090057595, 0.06640151539026001, 0.10031722586566322, 0.024866508250677582, 0.04239479952056671, 0.03274674503462784, 0.03854420788105026, 0.08033280104400765, 0.07408587973355595, 0.022852145757667728, 0.056939531639396225, 0.03840882348920497, 0.05240024355019533, 0.058589006801858114, 0.08210389945450589, 0.056297868872145634, 0.048584141437071716, 0.008084122097413063, 0.026582710337144124]
            , [0.07817867671457801, 0.009360714134254293, 0.053214417369258006, 0.059188333325285225, 0.028539410669455176, 0.05758245079300805, 0.021870024410838542, 0.05063571794006992, 0.05434313100237454, 0.21929668730195173, 0.023067442954434695, 0.03948254288162024, 0.02478443516931163, 0.038849311257147974, 0.0489925487726708, 0.0486950904422213, 0.04741199668836223, 0.05906996475702004, 0.007942722062549559, 0.02949438135358797]
            , [0.06791726617827026, 0.008695154237061043, 0.05608623543509618, 0.15076894093002793, 0.03568445952774195, 0.03835310653486621, 0.024715908925233353, 0.055494932844671954, 0.09393157928400364, 0.07518466694746641, 0.020906658787032063, 0.04576754804150553, 0.031179941354064336, 0.04603939094437208, 0.04415088334320403, 0.057162862877400765, 0.05164885267449009, 0.05429301779430067, 0.007607730285242777, 0.034410863053948866]
            , [0.057908484389969365, 0.017280154942526226, 0.05105772072792535, 0.05651825590895997, 0.04026788763724703, 0.04345997438630554, 0.0199334232850656, 0.07921970517999581, 0.07006494051737235, 0.0893484703960056, 0.027721110417728158, 0.08132357300346935, 0.03666550956137698, 0.033454750292244144, 0.04838426773555837, 0.07393130466677933, 0.05560960881091454, 0.0719255273998917, 0.009467352700408849, 0.036457978040255565]
            , [0.05996259708802052, 0.01551910876822214, 0.050016994081715824, 0.05787728315317555, 0.08651777401518955, 0.0507472470733456, 0.024852169173838444, 0.05311219630246933, 0.06083195402795108, 0.07165987402086439, 0.02157694816703825, 0.0407057723867924, 0.03828216987475418, 0.039751957777431346, 0.050384709707563535, 0.057176609040611025, 0.04974433839090627, 0.06445239076186246, 0.015819541391201928, 0.09100836479704619]
            , [0.07249926501067101, 0.014676687205203293, 0.05683193997718033, 0.061337742931434895, 0.028679441939033608, 0.05627729090883848, 0.021875446937341905, 0.07364395606718296, 0.06044262510975786, 0.0868801917180642, 0.021541599771913174, 0.0455388462074691, 0.03545864306020375, 0.03681579179977297, 0.041192804992494704, 0.05745941893797577, 0.05450397906252504, 0.07233272284698222, 0.07918115747370694, 0.022830448042247785]
            , [0.08135186521815868, 0.014449826902290401, 0.05341375616568748, 0.06006368657207639, 0.0331377046462996, 0.06960227087873637, 0.025995143536952814, 0.15006280679391196, 0.05664778064015834, 0.07172299265148503, 0.019673008603964724, 0.04046616922949783, 0.03522749853838177, 0.03692377136638614, 0.050783578005164726, 0.05902076533181431, 0.04963568813934477, 0.048400716612849726, 0.011235147995261449, 0.03218582217157756]
            , [0.06138885351187783, 0.018831090267601568, 0.05362311162451466, 0.06581306798827745, 0.04047610571398764, 0.047697510228059674, 0.02571845579306981, 0.06385182546255487, 0.0754046274492751, 0.08962524195429088, 0.07207471460575111, 0.04058025674938309, 0.03292631361426729, 0.03798750670796248, 0.05142235278909848, 0.06148531777362272, 0.04875828256604064, 0.06792320262095868, 0.008439264056475937, 0.03597289852293015]
            , [0.14586554869409743, 0.010702674470528053, 0.05437730226278353, 0.06176940091401436, 0.03661313337577303, 0.05890584764221855, 0.026815735198509067, 0.053828764784509986, 0.05347702325374617, 0.07881812527888518, 0.025147235686822207, 0.03706623634150878, 0.04284413873159974, 0.037589527259285965, 0.051643175484752994, 0.05177106003546086, 0.050687842489514814, 0.06787252750466549, 0.019191524228218328, 0.035013176363105455]
            , [0.05079754150739362, 0.02362083117080492, 0.07651530959420991, 0.09430298735276145, 0.04223972597878498, 0.05043252055149684, 0.024248778780752985, 0.06373816598218798, 0.05403467548824791, 0.11282179505876647, 0.025522467666428655, 0.046061111759909186, 0.02428550580898236, 0.03991261366486519, 0.04799478604701195, 0.07147278860235895, 0.04572956512081458, 0.06342117002106323, 0.006820012103887905, 0.036027647739270925]
            , [0.06046631143524324, 0.02228394801753982, 0.04800270122612191, 0.060064070475558826, 0.03953531069982934, 0.050353332458753355, 0.02158340541344773, 0.06494821682005061, 0.060241772534984965, 0.09639113260441419, 0.026694551961075532, 0.042522914519543646, 0.033564232299630466, 0.03823597338838438, 0.04715390450572263, 0.0642486752781299, 0.05330375238282007, 0.06840018537692046, 0.006683206145829799, 0.09532240245599918]
            , [0.09004413974828851, 0.0240824802709706, 0.03415438756545728, 0.06009425716407695, 0.044702789734042, 0.06638905953176108, 0.010304311901535215, 0.06175109469423358, 0.059370745442225904, 0.10594732460074861, 0.027283022770007603, 0.041075452383470955, 0.03993640989987411, 0.029341533022266917, 0.05820212885001714, 0.06941727470630771, 0.06569823556725915, 0.0720282986256703, 0.010065053689642278, 0.030111999832144087]
            , [0.06049600627198361, 0.0690882101621148, 0.06122483515048336, 0.06335989658839504, 0.03661640065074201, 0.06175518221521495, 0.023376663449102112, 0.06269647473957542, 0.06140411831542983, 0.08366316109721118, 0.02499863897954739, 0.04537921196118751, 0.044017346710700976, 0.039596394903079764, 0.046325343961323366, 0.04633735802663756, 0.05091174160608007, 0.06575437313808456, 0.01602361865335345, 0.036975023419753096]
            , [0.059595124006237114, 0.021614850174405, 0.04494741765846072, 0.061882943025153445, 0.04582088575377877, 0.040827181321341395, 0.026114685604108026, 0.06938004544466411, 0.059889358434397515, 0.10065786334945222, 0.02782878123660318, 0.03886771474101178, 0.028834143342042064, 0.0388552881969229, 0.10562016227094147, 0.05900358173103364, 0.04803023231901742, 0.07129151576599937, 0.010801964299672647, 0.04013626132475744]
            , [0.07285375301170287, 0.018771619235604685, 0.05089396741292956, 0.02597328554986518, 0.0508346605861175, 0.06616436201844313, 0.023601800430152215, 0.031124890827869615, 0.01142168237822946, 0.12210811810861841, 0.024319478607081033, 0.0577385785145737, 0.053334599930923335, 0.07323495621471905, 0.08482343270155558, 0.06760280529338755, 0.05856310416343578, 0.04383540068168021, 0.028275141784092128, 0.034524362549019014]
            , [0.045667882037915115, 0.009540618868336787, 0.06690031966868769, 0.06674449362341095, 0.04169019701076366, 0.06177347707086119, 0.028994071216581773, 0.06041759147352306, 0.07624841665584665, 0.090962557791734, 0.021326989967373488, 0.04453846434232474, 0.03380633713006066, 0.027767971535289777, 0.06356330617499284, 0.07316447339820137, 0.0522699611838951, 0.07540045840841603, 0.015952703271301865, 0.04326970917048309]
            , [0.054061654139273926, 0.006603789504609963, 0.05505526465201898, 0.07030709918192768, 0.04222314983208586, 0.05332458101436496, 0.02410956948615377, 0.040123862520965815, 0.0625708033447458, 0.12274370008123042, 0.024702708660404745, 0.04197578095069077, 0.053907325262264154, 0.04465668611250367, 0.056455449048917306, 0.061394459446711604, 0.05924019729201913, 0.07013249072115958, 0.013376161701128715, 0.04303526704682332]
            , [0.0923688030198161, 0.01420538902119068, 0.06613095636466448, 0.08139709790046251, 0.01925212864814443, 0.06045753036487807, 0.027299095408536943, 0.05658127036825676, 0.04460397181164117, 0.10452477714111928, 0.02858822636721751, 0.044229651378877195, 0.03194488204056222, 0.06361007411121222, 0.05762177753327622, 0.05984419185015581, 0.045382561219449044, 0.07329632570303032, 0.007013046703792299, 0.02164824304371662]
            , [0.07187385290495034, 0.013863944496726403, 0.04405547539233565, 0.05051674403810549, 0.035749824451856975, 0.16930767658262783, 0.02242167163622178, 0.07025912395756026, 0.043040021330060865, 0.09040221943068971, 0.026786313312766447, 0.025735058051817625, 0.04253114427746039, 0.02827191244557029, 0.04958207560537941, 0.04448140838682573, 0.04792579637698377, 0.08299685873343424, 0.01067812337636833, 0.029520755212258366]
            , [0.0646646977830596, 0.015531319005285439, 0.05683428118060838, 0.06617040098560759, 0.040570544214289024, 0.05692584534550252, 0.028012681905844498, 0.05905460401797117, 0.06406753606517535, 0.06948949025705015, 0.06778879230700123, 0.04004372637378957, 0.04887787016695618, 0.045999179006764965, 0.05502087964593183, 0.053699912025748246, 0.0491761955857807, 0.060727844830535664, 0.02107511598271974, 0.036269083314378385]
            , [0.06743945086290098, 0.00662441283395126, 0.055377639662250254, 0.05163800500717537, 0.042837791652277545, 0.053846418204312706, 0.027291456502134912, 0.052496592473568124, 0.049821757285085325, 0.08423655905265058, 0.025995048312222813, 0.13285566568914972, 0.038429371190509674, 0.038990420983647814, 0.049438740768066036, 0.05178904881454859, 0.04822585747246452, 0.0658439112928976, 0.01540457210296434, 0.04141727983722166]
            , [0.0827103634829822, 0.009779561440724178, 0.05921433277790389, 0.07663334815496334, 0.03639113514942646, 0.051774839472222764, 0.025761543981261743, 0.04611541819482675, 0.057020413178523154, 0.0850439675385571, 0.02034186979179243, 0.03643016521675045, 0.026080945540736408, 0.044151664812238006, 0.06512270248127273, 0.061346904729692245, 0.12403916841780506, 0.05674967919023833, 0.007221615232474521, 0.028070361215608096]
            , [0.0596321078717512, 0.010404939044320416, 0.04493183056429974, 0.057356942656990824, 0.026939803214834232, 0.0529028994499812, 0.02285625700629181, 0.05934578218543761, 0.14507739580958087, 0.07523979710456455, 0.01991388968404156, 0.050401203670879774, 0.03586986181475892, 0.038011890850335746, 0.08354618191553866, 0.06190767148879, 0.05790465233143106, 0.0652162377096846, 0.009741607584861419, 0.02279904804162564]
            , [0.06549638719425326, 0.012181371201702594, 0.03582833989493451, 0.045437848765105995, 0.03129837319460097, 0.05986444421127145, 0.019899322661788555, 0.048817672692490044, 0.06334207500254377, 0.12337333468053531, 0.018512250538554917, 0.02561591893938123, 0.08917046206288122, 0.07383285708647001, 0.08209693335765973, 0.047512216322730776, 0.06198421737395648, 0.054642583426270826, 0.016778096529868062, 0.024315294863000256]
            , [0.056778867482350094, 0.019051234266745355, 0.040845276377959774, 0.04759639167303688, 0.0346308701056788, 0.03932809494181646, 0.020768489471244423, 0.09584936972665176, 0.05233522995162686, 0.1950239860321635, 0.03040639908948261, 0.03690540181919279, 0.02355592131286863, 0.033584165574214286, 0.04193563043232267, 0.05561924388328135, 0.042293805096989386, 0.09652262231788335, 0.00812161729713331, 0.02884738314735771]
            , [0.05375604115081311, 0.0063652426277358695, 0.05558553186878296, 0.06915489245877228, 0.035546148646022666, 0.17715591893758836, 0.023192503714819967, 0.0606308589662436, 0.0523198592564223, 0.09062468583770997, 0.020111908310227047, 0.037985570140362586, 0.03494266322455364, 0.03427834995821201, 0.050872223422288164, 0.04414987304743704, 0.043966912196154756, 0.06902427098459198, 0.009187431885249593, 0.03114911336601198]
            , [0.0930379065521951, 0.013843384980499217, 0.0541059371463356, 0.057214256225136616, 0.035898963286844686, 0.0630370640786155, 0.025785922769624405, 0.04770082419388576, 0.03772543692349229, 0.09091338852748519, 0.019295151960650354, 0.03128192077215767, 0.040134466224528806, 0.039490227822471545, 0.06456557906623717, 0.04967156294428224, 0.048835370098697366, 0.06847752986589303, 0.015128917420870861, 0.10385618914009657]
            , [0.11016020229724854, 0.0228123065837414, 0.0387907680966485, 0.04632840069859033, 0.03760927291228732, 0.1312507385181049, 0.024514092745384106, 0.05702986009973183, 0.045418164790943356, 0.09658043993991863, 0.023683119684041992, 0.03168745695616454, 0.029071280609503463, 0.03604890131191054, 0.043126137452605524, 0.0653989660664133, 0.04991220115577907, 0.06723887768425796, 0.012066435637448233, 0.031272376759276715]
            , [0.10643892142723177, 0.01220336514762185, 0.05892949019513022, 0.06418064824172516, 0.03217051703451426, 0.06301947859297362, 0.02699538777747099, 0.04597648219483988, 0.028858169947408214, 0.09973550311306667, 0.020998593056957393, 0.023981694242716043, 0.036266748215467395, 0.036767811674479935, 0.13866186751318837, 0.04674579977547164, 0.051113839765089, 0.06917007003895645, 0.014051333486400376, 0.023734278559290847]
            , [0.18861246663324577, 0.023081103951556086, 0.041385284677472524, 0.055395925656125604, 0.029872664509233714, 0.04266608036292728, 0.023038588496527616, 0.047787465339574384, 0.04977402237775179, 0.07184839449331391, 0.01824863883351632, 0.03782542443269434, 0.029925978206099192, 0.038454378541658576, 0.04456949548780376, 0.11473809342305748, 0.04735486426040214, 0.056608479752919535, 0.011115399535870412, 0.027697251028249548]
            , [0.05363775834347923, 0.0167114021527328, 0.043386227785432906, 0.045916603243239026, 0.03866016471663614, 0.21942128521951204, 0.02687468674017863, 0.06701457532854256, 0.05855329386391681, 0.08023642228935383, 0.01792795947578669, 0.04941542500865422, 0.02261589545278936, 0.03322353507250938, 0.04008684683712003, 0.04484092869298433, 0.041739229152933155, 0.06421901592297448, 0.00771665334989269, 0.027802091351331597]
            , [0.05986867064677991, 0.016983613011987423, 0.05328610112413803, 0.06288183321557703, 0.09780101407396194, 0.050716217829254326, 0.028996382738425773, 0.05254664766971003, 0.05678663751038206, 0.08067870050960144, 0.01972322929955263, 0.04612615664645868, 0.035444075350525725, 0.03900476564161086, 0.04396750982346484, 0.0657527082488564, 0.049662457058561066, 0.05816862249434758, 0.006085403274421656, 0.07551925383238252]
            , [0.07818720815567394, 0.015056738168592482, 0.03926228955347274, 0.1475118177907099, 0.03733792943484059, 0.05660434536008934, 0.022952004929943738, 0.06726136964412517, 0.04771799478691908, 0.0947557481919423, 0.02625427221002338, 0.03524681807191543, 0.02872721343545053, 0.03106321999837748, 0.04626589091252134, 0.05732752409751707, 0.051952192881148995, 0.0773149166347199, 0.008376212780419104, 0.03082429296159759]
            , [0.059083268211563, 0.010680935117438103, 0.09721121740037905, 0.11402392482725181, 0.019883182471526074, 0.05090181155382614, 0.020456207153123074, 0.044713119391020635, 0.08786959388475658, 0.05904614980162433, 0.016380772849422447, 0.06154753977532462, 0.032659817007063816, 0.04739607727411651, 0.04537305274161666, 0.07553889399070463, 0.07668617448961068, 0.05359006548290034, 0.007305827868226222, 0.019652368708505227]
            , [0.10955293818279424, 0.014108633563886743, 0.0463446192324951, 0.15760873724433738, 0.03171155128722254, 0.059741490256808916, 0.027796951883969922, 0.04759593809538298, 0.03508822592458722, 0.08467505397257766, 0.019487857734458946, 0.027783118544252344, 0.03530182543915057, 0.034869028336308866, 0.06615358603234753, 0.04946353889329995, 0.05041127209290402, 0.06430077338085166, 0.013424729516583396, 0.024580130385779927]
            , [0.16707796694657367, 0.010802380830744772, 0.04935435342031161, 0.05282105706845704, 0.03668951432968111, 0.14187199727256747, 0.023923837857078654, 0.04967345257937483, 0.050936378865088505, 0.07412577432344813, 0.020323889297911426, 0.03660552627370106, 0.029141425659591397, 0.03487234050371808, 0.046328765627249247, 0.04235669872788246, 0.03876935341263522, 0.04649332680422212, 0.01315376623617141, 0.03467819396359184]
            , [0.12892811201883825, 0.0267413713660147, 0.04727341708229965, 0.0484670412562008, 0.016822098329982875, 0.05970308869632198, 0.024645111111090464, 0.02199970493018508, 0.04417813423068546, 0.03242635419200952, 0.01381562345964303, 0.05742452357021397, 0.03488186891407093, 0.035745362718452196, 0.03600325447387522, 0.20398181854345948, 0.10394479695591768, 0.03947709677538418, 0.0054872797290269025, 0.01805394164632774]
            , [0.08019253619037865, 0.01419558925825948, 0.056056562117445606, 0.058275400172238465, 0.03751836466773516, 0.05966476412889598, 0.02564237256525858, 0.054310839224411316, 0.13151061735136751, 0.08354251060528364, 0.025128073273236653, 0.031115832539103903, 0.03949509763510522, 0.03434938803743696, 0.05058772679517442, 0.04898812896392798, 0.049405784141577175, 0.06808291663595903, 0.01799707130237021, 0.03394042439483403]
            , [0.0571210077990253, 0.013663608543099287, 0.047517866103053294, 0.06700004982395463, 0.04108983291323117, 0.03377261516796114, 0.02699822198761071, 0.05304587135777121, 0.11344272386413896, 0.08342335459745483, 0.02021924030410037, 0.05074629992162353, 0.021200858052104747, 0.043144365841087245, 0.10401694957876338, 0.06868363486188779, 0.05238604905112959, 0.05642053162015895, 0.00727389788767717, 0.03883302072416658]
            , [0.09346236341032078, 0.009315820467169205, 0.05396641984371099, 0.06740665067240847, 0.029875528531899016, 0.05420146197444599, 0.020603030157420096, 0.05758952830217541, 0.04997497468221479, 0.09294414109159226, 0.026708047734603453, 0.03178351608144415, 0.02691584782105194, 0.03676463023283384, 0.14428817600600818, 0.05118003130301681, 0.05273755159068426, 0.07282071028023168, 0.005739250602468555, 0.021722319214300238]
            , [0.05413652937312207, 0.019993657788076435, 0.050319498730738835, 0.06676774698236942, 0.026977318049667826, 0.04736164212500836, 0.023539585165483375, 0.062347973530701095, 0.07396996473225322, 0.10979085183143532, 0.03744292412810632, 0.0556346410768266, 0.018694778590019723, 0.04882151468831814, 0.05226944679364592, 0.07550859415008579, 0.07331890884680603, 0.061873076040577735, 0.007821801255902702, 0.03340954612085506]
            , [0.061870184884956644, 0.005003439853603421, 0.04242593798178456, 0.0444194966973582, 0.03575018010599587, 0.08910802233590126, 0.014677113224649735, 0.04982016699496322, 0.03632493495474992, 0.10407499325414167, 0.018897205047389117, 0.04898107173408288, 0.06752574566290713, 0.02748713289194447, 0.05462342514725242, 0.08519653406285758, 0.0797714194863954, 0.08488098298961229, 0.007243577981550513, 0.04191843470790371]
            , [0.05944910042603892, 0.024933681584437335, 0.059590982495031065, 0.059306460184003734, 0.039349485727331726, 0.06795021876763252, 0.038290025013694, 0.0437795548592659, 0.0481956587734479, 0.07088738753886505, 0.02344300531086692, 0.04264153754743793, 0.049469741440874584, 0.04515199634945152, 0.06996685237045108, 0.08457466686925286, 0.06348030047455348, 0.08010380279012708, 0.006058208079408071, 0.023377333397828312]
            , [0.09176767785704357, 0.0242829014914657, 0.055439149743787185, 0.05523931908125146, 0.02589088407762229, 0.07260706491893736, 0.03194257908683848, 0.0391915451726499, 0.05239269064121885, 0.0754310998970841, 0.014342977632670546, 0.04089011682573345, 0.05449126493592477, 0.04796483146996713, 0.047279139760499175, 0.10259642385615908, 0.07502424933287746, 0.05490134389131032, 0.013685289319491617, 0.02463945100746765]
            , [0.06978967300031319, 0.0007511843382981731, 0.06811723195754314, 0.039403447259833094, 0.031525933793402905, 0.08583728353259819, 0.019964525762403682, 0.05255328541774467, 0.05993857292823839, 0.0736252675821851, 0.011652006113150171, 0.09174890508973918, 0.022612952650444242, 0.044033229196029186, 0.03809068817441972, 0.08859282516606838, 0.08379496128186883, 0.06914034227762914, 0.012409145807535002, 0.03641853867055562]
            , [0.06402458403400639, 0.02301667241598133, 0.04538216416834083, 0.05719317653192559, 0.04136694333902109, 0.05358423101707231, 0.0254471664091353, 0.04493973420471267, 0.05193466450484895, 0.08111019123181828, 0.019276899919660095, 0.03638738389211349, 0.03641044859681218, 0.035635952819600754, 0.04990569007566439, 0.09760851845468654, 0.13345492917466462, 0.053378022902290566, 0.01387084121091628, 0.036071785096728565]
            , [0.07599378414039876, 0.0164322282196343, 0.05747934840238732, 0.06028096350077269, 0.11711585301645616, 0.06222690820852249, 0.02930665427308926, 0.04681769225467579, 0.05403451972793271, 0.06914045879071024, 0.021718310431561836, 0.0410057948640331, 0.040660641451621016, 0.03834905535237248, 0.05546330859400502, 0.05315608418556521, 0.051499083750265524, 0.061178114694817785, 0.017788980291841276, 0.03035221584933731]
            , [0.06690105645809219, 0.009593587599358818, 0.0520354149157703, 0.05318932888755581, 0.024111920663549304, 0.07225149088408657, 0.015681199586044706, 0.1291886249142603, 0.05173525258829314, 0.08842507052392469, 0.016953938100838676, 0.039347392360015276, 0.03186339829087643, 0.034402049838506116, 0.04402133251456663, 0.05182033976407509, 0.04786935969627821, 0.14234904010732388, 0.007453789016923284, 0.0208064132896608]
            , [0.07709379899733562, 0.013196726118696218, 0.05268030548768953, 0.05661269734467589, 0.041300683875816, 0.05152926162951111, 0.02494109935466168, 0.050648236838841544, 0.050359529628120236, 0.0754315519517785, 0.025611665763093722, 0.039740626004791973, 0.03370769242975821, 0.03599040395653017, 0.044952055398819545, 0.14569559732039739, 0.05670584717834357, 0.06225733503638259, 0.0187960074505748, 0.042748878234181685]
            , [0.07150973638069165, 0.020768975884203483, 0.04318268781140546, 0.04650458677340645, 0.044720848383848814, 0.048496926616405325, 0.027527495870451814, 0.061044113940011746, 0.05624295930878087, 0.09188563394571642, 0.025310053243694373, 0.046456331859989354, 0.04111237871603106, 0.036178340531199865, 0.07809901651323946, 0.07652891976067434, 0.06473565859497542, 0.07839165965975212, 0.007094802502481959, 0.03420887370304016]
            , [0.06718994182746625, 0.011386483384738294, 0.05878799316651846, 0.06621553469151648, 0.03763320562925067, 0.046585805075636505, 0.025570257348349893, 0.06536168006290732, 0.06539192484048162, 0.0840020450796861, 0.022000641449659422, 0.0513324497891317, 0.0228484420212486, 0.038898056998500866, 0.12995426419168707, 0.05204020941233484, 0.050055442298102326, 0.06171927884483688, 0.007080272538794643, 0.03594607134915187]
