# This script is generated automatically.
# Vector of amino acid stationary distributions.
distributions <- [
              [0.06459186010221189, 0.019238929149959547, 0.055165279954271174, 0.06962833262019298, 0.03880259972806829, 0.052146864871952824, 0.025151264301681346, 0.0683315715066809, 0.06032078413732998, 0.11529258741130051, 0.025757972750394095, 0.043606016570562775, 0.03515703499652737, 0.03958167675076899, 0.050729670472069194, 0.07022569429064887, 0.0531341068964142, 0.07319025213239551, 0.006831294124462978, 0.03311620723210655]
            , [0.06529495225771102, 0.016004357617594715, 0.05860936103767, 0.07821870565084359, 0.04279058964686512, 0.05767316854974131, 0.027872766570890054, 0.06022585683427394, 0.07108328688021755, 0.09016868571791935, 0.026364879895015382, 0.040805219548971775, 0.04159667163972699, 0.03585252089158495, 0.05704920657788648, 0.05580177933943654, 0.04827101934793684, 0.06882932709486352, 0.01747367896938737, 0.040013965931463454]
            , [0.0623583137117661, 0.005755342899334641, 0.05322617713613261, 0.06064788293912009, 0.04349785526755544, 0.062254831820899935, 0.02817783475620654, 0.05400461938142728, 0.05591592312804252, 0.0986676021149602, 0.020528903674335665, 0.045985634506474804, 0.04696037971100678, 0.04134579681422106, 0.05996700573885189, 0.07253646503935893, 0.057584268303288985, 0.07746575276886068, 0.01190420078085519, 0.04121520950730058]
            , [0.13019007790375445, 0.012127169204413764, 0.06524590793413344, 0.07272855640492529, 0.030868533135078757, 0.07013991311483536, 0.02908975307806007, 0.03961652933364145, 0.028004467436270795, 0.10392240815569088, 0.01738211258359719, 0.02263087100361001, 0.03977748890219726, 0.04597629143990593, 0.08886810218883165, 0.050585359199036124, 0.05272572227072608, 0.06451874749025467, 0.014325762645929881, 0.02127622657510724]
            , [0.06406782589391562, 0.02757377949114583, 0.04341146356046952, 0.05172700215158041, 0.04133639611906384, 0.051540167668800534, 0.034499306474605494, 0.05388523679383857, 0.05155637722883591, 0.09904456777126756, 0.02392973862888251, 0.04038220829543464, 0.046788491653776486, 0.04328239563351604, 0.062178107186765044, 0.08293383925504062, 0.06351356409399182, 0.07175643395163749, 0.014028986634451002, 0.032564111512981206]
            , [0.07048301527609316, 0.009993125595156901, 0.06078008081565499, 0.12164223295331458, 0.03610412675027874, 0.043099127769954115, 0.025720100656296898, 0.051716190221424145, 0.1036092421985957, 0.07562481947963953, 0.019653243502377193, 0.04679610686801994, 0.026716501387698693, 0.04988537507834587, 0.051534753770279974, 0.05880930447372721, 0.0519293186498503, 0.05404948091994165, 0.008364540179051642, 0.03348931345429861]
            , [0.06709102911142975, 0.014009967436463397, 0.0486894093769125, 0.058229849129257674, 0.037713908643254544, 0.05948905191556635, 0.02698762336933147, 0.0501630618618241, 0.05004244146979747, 0.09094803973108914, 0.02026169296370362, 0.03617254506321975, 0.1135734232370611, 0.04541182152868987, 0.05826744452830502, 0.05585973464632258, 0.05453598450342041, 0.06367415776506181, 0.01683310976836496, 0.032045703950924515]
            , [0.07822234719777414, 0.021847107344486964, 0.06352027205984385, 0.07266702364111027, 0.024280735913476344, 0.05627089330166491, 0.03466511126623196, 0.0326650146229152, 0.07004423581494126, 0.058257523115567596, 0.017894360273477093, 0.062390861238177275, 0.03712612698920596, 0.055499547087468744, 0.0607576789202562, 0.10415582524958085, 0.0710190089194678, 0.046798421546616224, 0.007843628408972694, 0.024074277088764452]
            , [0.18143806163012335, 0.013443747963886612, 0.04753871063472827, 0.061106080248813144, 0.033588512560676756, 0.05508212330834941, 0.02331788486758134, 0.049166926787580174, 0.05403672039105402, 0.0754624798431103, 0.02158111869341812, 0.03581580143911955, 0.027760861479353797, 0.03718002145153336, 0.045554905990977584, 0.09667642217995454, 0.04734117588562828, 0.054199195582218924, 0.009484819882453059, 0.030224429179439596]
            , [0.06684646876903107, 0.013271347889732039, 0.04999561646105743, 0.054355543715627674, 0.038144680358194995, 0.17754474943434212, 0.024756819026903153, 0.05676307883589602, 0.04525249326793988, 0.0866518467773743, 0.02278738593723761, 0.032380393545442185, 0.03757355864091448, 0.033797282195435915, 0.050970856915020984, 0.04709502106142839, 0.04637622610668462, 0.06794398393309596, 0.014360790999128915, 0.03313185612951243]
            , [0.07214145848496979, 0.011834498282691586, 0.053478665028562286, 0.06014341284545106, 0.1251918081122036, 0.05929380191548987, 0.023998453451065316, 0.05326286035260571, 0.05200372422805134, 0.10407523065236635, 0.020045639998088803, 0.040307974036356525, 0.03294775233025919, 0.03785336940162712, 0.04909742456878442, 0.058000668371107476, 0.050359508756689965, 0.06202745219420738, 0.00881896520283193, 0.025117331786590678]
            , [0.10610844136235627, 0.010038509810216137, 0.060213832789430995, 0.08000815789956964, 0.024460484875695562, 0.06029552880362442, 0.02448938079011543, 0.05260303718401301, 0.052027781651450805, 0.09373652435260994, 0.023634756754538886, 0.0389618612631939, 0.028250083204504475, 0.048394785049586664, 0.0830142384803239, 0.06220211923286221, 0.05700476342961416, 0.06968491726992984, 0.005930975217748585, 0.018939820578615253]
            , [0.06497062670877701, 0.012693255354661757, 0.05094043668773584, 0.0623925229798578, 0.03452331916048607, 0.05135625536969432, 0.024552723720742037, 0.060542605881137836, 0.05594455199282744, 0.08076478284187337, 0.020920193512752667, 0.03736130480655713, 0.029382564258391468, 0.03531705696218521, 0.04725206787554038, 0.062421851161101216, 0.15242405255515099, 0.07384615868201203, 0.01080332749564429, 0.03159034199287111]
            , [0.08121137828264746, 0.01543274913034863, 0.06328979713757878, 0.07257918716853246, 0.03350705488484654, 0.07404977881293598, 0.02240815884787359, 0.05942600503637529, 0.06574586479761466, 0.08871680961601888, 0.011455991722173655, 0.04705721787095793, 0.03691327893972301, 0.043553066202946966, 0.05481389050541023, 0.06596916138796864, 0.06021991729811941, 0.059596280928758384, 0.016285048257334376, 0.02776936317183518]
            , [0.055690386288311675, 0.012686306293776957, 0.05071904526024483, 0.05812464825713283, 0.030938263391889858, 0.054865054901977725, 0.024989277042858898, 0.14615384210817822, 0.05324749845551221, 0.06602661668411959, 0.014705283662950208, 0.03715325580746045, 0.028706934429202937, 0.034813593136115865, 0.04657101451323819, 0.048871515349111994, 0.042968104504170615, 0.1519326980091278, 0.011013694456819883, 0.029822967447799283]
            , [0.08047014946463309, 0.005889849876004712, 0.06729826130455194, 0.04341416636117965, 0.03666205535282861, 0.07717883682857367, 0.01849452818603992, 0.04719157674839109, 0.0466515700278571, 0.06895448691910436, 0.01538923673604002, 0.0658058978460327, 0.044603753118437596, 0.04363819093371853, 0.04630226302890978, 0.0785786492100969, 0.07836994529283249, 0.06465100214439684, 0.02248807674538192, 0.04796750387498931]
            , [0.05553788347359717, 0.0144175940909028, 0.03172579558034021, 0.04692502322484876, 0.05584411787625474, 0.02868995344461687, 0.024119152370623356, 0.10452034987883202, 0.054724566092598986, 0.17694695863052234, 0.0432874649865953, 0.03171094672735738, 0.019740989231968046, 0.035373166160719914, 0.04372613502595712, 0.04755855277629676, 0.0484871621508276, 0.09161679703921694, 0.006445628903551565, 0.03860176233437191]
            , [0.0639775390162742, 0.012523609269622803, 0.040560801049851485, 0.04620346718861748, 0.03649258194995926, 0.04992077273225969, 0.02215917529426798, 0.057561646769184904, 0.1387367301315105, 0.08467468779126881, 0.022021669643673716, 0.03423040789706893, 0.026630210865492162, 0.03026278488201778, 0.13124504226557196, 0.04961797179262661, 0.04559637379792864, 0.06767042843708823, 0.008757522696478292, 0.03115657652923658]
            , [0.08269490420754567, 0.007888298934264747, 0.07834257536732, 0.09115309841045305, 0.02066191578107318, 0.06992466243300652, 0.029118157100421406, 0.02533259132634645, 0.07769237834331112, 0.04878977102295811, 0.014921829447355442, 0.05415440359519642, 0.05921199108074727, 0.06161495923299901, 0.0651863110802753, 0.07811789035986869, 0.0620840547002212, 0.04051024028550147, 0.011016698039821622, 0.021583269251313424]
            , [0.07232305000872476, 0.011786684740714072, 0.0515733942068217, 0.06011407633099128, 0.04008129228363545, 0.05821354611953614, 0.02028798307350249, 0.061954515566894575, 0.054878485976413725, 0.09256975599782341, 0.022927375839607318, 0.037505770203241834, 0.033353039627107596, 0.03635343736005319, 0.04840894088017774, 0.05472269129663166, 0.05059324081754399, 0.06947627485305043, 0.009960814922863425, 0.11291562989466508]
            , [0.06666476728556386, 0.012622821788932906, 0.050637073279050135, 0.05683520714391341, 0.032892218212989204, 0.19576510194801197, 0.02269616158962271, 0.06161944469473395, 0.05494199742962229, 0.08284941947624194, 0.021380575801465802, 0.04439681891356701, 0.02403927798125557, 0.03646558274529612, 0.043296187368912775, 0.05505576908649735, 0.0449434678282604, 0.06301091611757866, 0.005110489182026386, 0.02477670212645755]
            , [0.06104505525252615, 0.017113916372354987, 0.028282837534865785, 0.03372708555047079, 0.09942485693253436, 0.03705001536248015, 0.02509058042515435, 0.0910750477055459, 0.03453840041472772, 0.1387120069403876, 0.03333282087577467, 0.030021317354136587, 0.027971345519269743, 0.028554072661430504, 0.03461689790579911, 0.0509186207641102, 0.04878993388830283, 0.09535358988664465, 0.01705958969652715, 0.06732200895695652]
            , [0.06558675555202369, 0.014562465273342588, 0.04777364918465148, 0.0545496936543763, 0.040726966251443834, 0.05668102652010717, 0.02354628799382633, 0.05927805440232115, 0.05409947382572821, 0.09287863706554489, 0.023923090467370647, 0.1349705587577535, 0.03201337743039388, 0.03491676033836415, 0.04758353204614275, 0.05908174020704527, 0.04826889119727492, 0.06467873333112692, 0.012479795746650802, 0.0324005107545115]
            , [0.07811200696570603, 0.011984237003211747, 0.056758759090324865, 0.05733607199393397, 0.03865310044826817, 0.059887549051839566, 0.10609555850191779, 0.05945962551158038, 0.05239590210228399, 0.08557407048019923, 0.022928196417038214, 0.034365813122293504, 0.03263822510136525, 0.03649465787941558, 0.04549132540869426, 0.05481770472279406, 0.05451433009019628, 0.07199439875080808, 0.012783590325571345, 0.027714877032557504]
            , [0.10806852047875128, 0.012572199457578549, 0.050500436938397654, 0.07305066991396202, 0.02946357499819185, 0.042832508437216185, 0.03444545266902487, 0.05170883970900038, 0.045221815794505495, 0.11375620309810852, 0.01617500242162964, 0.038235034519506245, 0.022521122763567977, 0.0900916585681022, 0.0715667029195996, 0.05848045955141417, 0.04967459492552352, 0.055237899345566395, 0.010079711618879309, 0.02631759187147396]
            , [0.07005971830207407, 0.010435233618733612, 0.053320731174377356, 0.06782421359818636, 0.03497352813600295, 0.04537840983580071, 0.024131789415487277, 0.058006004308097464, 0.06880075866563529, 0.07995925312469307, 0.019966398393838427, 0.03939016105047355, 0.14157377868892673, 0.03524877296834831, 0.04282614279333808, 0.05896127384570217, 0.047304158181869255, 0.06394921856042123, 0.006409221197752433, 0.031481234140241704]
            , [0.08812564081839326, 0.011001747887129258, 0.05695780798908767, 0.10575515824659794, 0.013204192653595525, 0.03528164797000261, 0.038081193794034976, 0.02593025449796125, 0.09656277816989584, 0.055686962538328715, 0.016473886270468724, 0.05050096005664083, 0.020305310672122556, 0.10830072348517296, 0.09008450808133713, 0.07159826536405582, 0.059721047408295064, 0.03854600383096586, 0.00391801701749526, 0.013963893248418664]
            , [0.07190058352256634, 0.07425834697353506, 0.045600764840590405, 0.05553596555830412, 0.03654586810858813, 0.04612375386024679, 0.023123240267826865, 0.06732071076705626, 0.05567038033674381, 0.09793026544574543, 0.028499297677036524, 0.043103346464802364, 0.0263764716015713, 0.037848182749431504, 0.046343931321935615, 0.06648696551424993, 0.05708864316121668, 0.08209366045205371, 0.007075895847096344, 0.031073725529402744]
            , [0.07251817235638547, 0.012403732420802366, 0.15149295260952922, 0.051946299735657196, 0.03753071196225396, 0.05708593494856164, 0.02388605931504081, 0.058176632845320056, 0.05286284649180898, 0.08561574333160883, 0.02351153099321894, 0.037729983549996515, 0.033936200492668496, 0.035640235107129346, 0.04820617685448638, 0.054839882521326856, 0.050096668170170264, 0.06754762236581772, 0.012044946242677828, 0.03292766768553885]
            , [0.060538298953878654, 0.01463963200900172, 0.04409668645831873, 0.0656348873516852, 0.03707233593137062, 0.05326290948130475, 0.019299653639832427, 0.05959508866985576, 0.06996450895713567, 0.10092735928491837, 0.025157849574152374, 0.03779859073724792, 0.03468428675121676, 0.10020495189885417, 0.054486347185650645, 0.056634526146486536, 0.055369699783240904, 0.07006043696407005, 0.012855088416793873, 0.02771686180498465]
            , [0.07033982911398405, 0.01411182021456554, 0.050607398675394516, 0.055156612927789894, 0.03521301819320116, 0.05746634025077144, 0.023848539508578716, 0.09203264032417893, 0.05205325911703468, 0.07763251856131047, 0.09438331530668093, 0.03924983792091325, 0.03194107326227102, 0.03455201481085844, 0.04608412462298471, 0.05538077354565426, 0.05075157893867024, 0.07675622577319974, 0.010458473004033197, 0.031980605927924725]
            , [0.08352653032954721, 0.012139685270643746, 0.04193515195189992, 0.041957501406864786, 0.03052016954469226, 0.05855511571441169, 0.025189392388592736, 0.0884521451479624, 0.02464893457616457, 0.18085648484589015, 0.02150459628796276, 0.022500736440452727, 0.030095793616804943, 0.031243504816940795, 0.05668022371035393, 0.0380681014466001, 0.039735942479819875, 0.13704872643669355, 0.012616498831876767, 0.022724764755825203]
            , [0.06858476840106582, 0.07923851853009584, 0.05298262064475945, 0.053627557895261864, 0.03754548453398089, 0.06614425390855097, 0.026737099678091725, 0.04950062803642238, 0.05017159151732469, 0.08262500031912458, 0.01924376985786523, 0.0407600971268866, 0.0403209071246024, 0.040214695882365634, 0.0578146912279436, 0.06209534000881768, 0.052678755672371534, 0.06612642247538142, 0.019009305443592202, 0.034578491715495735]
            , [0.10666319775739959, 0.0021758669637033535, 0.06495829246979266, 0.06586108747997917, 0.03517610942774849, 0.05844400289443956, 0.020824571904716628, 0.04020990037511224, 0.0630996535647152, 0.08271991641726233, 0.01952510413952421, 0.04115550592734362, 0.043460980440050506, 0.055554393017283515, 0.059590471501466284, 0.05650252977095249, 0.06652467841073562, 0.06558661887965815, 0.019539418479613428, 0.03242770017850293]
            , [0.08433452767470546, 0.01353966841536317, 0.05351032187424761, 0.07549240796406018, 0.02871365723383079, 0.053810839969696544, 0.024872635260782115, 0.07364694650157343, 0.07163456582557673, 0.09354909488791233, 0.023145857047591718, 0.04419308384330215, 0.027515711786054404, 0.041126800512829076, 0.04641832602122186, 0.07210471867029092, 0.06128476662436566, 0.0833537755422438, 0.002127789309698689, 0.025624505034653564]
            , [0.0613653198013299, 0.02076357480477943, 0.031707772869011185, 0.04305516946908247, 0.02951239734274218, 0.03979739265665666, 0.017564969584178, 0.14745247758038074, 0.04540125526907741, 0.10197602223515546, 0.023871099806015907, 0.027923918588159468, 0.022809065476897396, 0.026946037775609687, 0.038676847080231086, 0.043533366372615984, 0.056539963400300985, 0.19249209795643038, 0.004801701458329944, 0.023809550473015827]
            , [0.07576606177011913, 0.0143543928653842, 0.04781278610487581, 0.05143743139148124, 0.030199529092772168, 0.05540389791181818, 0.023885874658697785, 0.04387335589729147, 0.04172011136597022, 0.2160566799096786, 0.07462594702792363, 0.03327024964977238, 0.02552675944355857, 0.03385179915981195, 0.04957585470337139, 0.0489696128325211, 0.04426039053934397, 0.053582154685429, 0.008951216100444559, 0.026875894889734606]
            , [0.07710232999991987, 0.016674806918460034, 0.05023431821163279, 0.058152906407851035, 0.03229660216875752, 0.05975663242691851, 0.028417831222221697, 0.05026696018282918, 0.0517787320803898, 0.08918137244790704, 0.021693481026890837, 0.037212248221716225, 0.03596400948982469, 0.04362205336360515, 0.06134617848730764, 0.0622554909534234, 0.05746986810252136, 0.06332468770917828, 0.07739373660097293, 0.025855753977672043]
            , [0.0794959594590468, 0.005138572719955255, 0.08663127283855354, 0.12532475655419975, 0.01706827521045788, 0.045825093947248395, 0.024427651816926944, 0.03270877979263641, 0.10039299193913838, 0.05344466241928546, 0.016001406170140245, 0.05749984774105493, 0.03786532383713994, 0.06366265632148242, 0.05728330784942043, 0.07577795150164919, 0.059939533202639464, 0.041552063564429045, 0.0021916219834411015, 0.017768271131154395]
            , [0.05805893684069459, 0.011184092955745129, 0.12566758746939072, 0.09678333408552027, 0.022737872303139475, 0.05714470554297128, 0.025783462871429522, 0.03971895558390112, 0.07556370169832978, 0.055193586616914585, 0.016887945008738116, 0.09508182236730123, 0.019567333418294145, 0.044808199006295464, 0.041556427962272935, 0.08272235919187135, 0.06039662493797567, 0.04515516428280367, 0.004841035195642255, 0.021146852660768718]
            , [0.061456120022439435, 0.008915115230636941, 0.051455139534545724, 0.05625476111558351, 0.02399324057123143, 0.05679194205346863, 0.020711333372822577, 0.13765871194489418, 0.0503101835446192, 0.19405983290138193, 0.015588512288228482, 0.03700890519755851, 0.02471086975219623, 0.033027258632127375, 0.04311444092053796, 0.04694601635224723, 0.03956114589912362, 0.06335931301640536, 0.007967154377751317, 0.027110003272200367]
            , [0.09472871433811528, 0.011503765329818453, 0.037864489328975647, 0.041864421723110515, 0.031545772459822034, 0.052652005526759124, 0.01729366155228991, 0.06715508475084343, 0.03437603966239887, 0.09175626655562116, 0.025105200686925094, 0.07912604679044188, 0.036515423009953835, 0.0550101414304225, 0.03432374340601954, 0.09836809731843207, 0.08675136984607339, 0.07214601393923202, 0.006725949751136018, 0.02518779259360922]
            , [0.08798578859413429, 0.0018300443425275012, 0.0659425613789526, 0.08257506572719656, 0.029713484000696337, 0.05687208433752511, 0.02469450090932144, 0.0618754933775282, 0.0711319737381025, 0.09580605472305698, 0.021027719303603105, 0.041830122514958275, 0.03246012373550735, 0.04900005520348251, 0.05811207796583718, 0.062336765393226884, 0.04961874775641251, 0.06915778756960911, 0.006307056105142838, 0.031722493323178745]
            , [0.0763190059630631, 0.005459086029859743, 0.13328482931258626, 0.20772627405869587, 0.010568487202985819, 0.036546109164158846, 0.026799965205376475, 0.014915916154560003, 0.0862848515582191, 0.02770961782627776, 0.011557491392997965, 0.05265373470048335, 0.02844718962320555, 0.07454690856991629, 0.05197139035364958, 0.060480178525240666, 0.0497299979174103, 0.025383988964565108, 0.004942599989684042, 0.01467237748706415]
            , [0.07004837556934321, 0.010156665658270211, 0.1285418526217401, 0.1818588143835961, 0.03409257945515302, 0.045701297314205545, 0.016903677963972637, 0.05546144212375236, 0.04301421400085414, 0.08154797941698472, 0.020813189686601133, 0.031712815115104334, 0.02844606462191806, 0.03242613426060335, 0.032210469870723714, 0.046546467168807726, 0.04462735350259229, 0.061483612521884674, 0.00852809117834978, 0.02587890356554304]
            , [0.06387881824437248, 0.0032475763531475787, 0.06992889126914581, 0.08630480155104467, 0.025386420060370896, 0.04125100789857066, 0.04671394277398236, 0.02926730843706922, 0.11331621102119176, 0.04955211698530522, 0.014514235745338638, 0.07577354165155592, 0.021277344908784718, 0.07229631490883015, 0.07655646521973848, 0.07154158947790151, 0.061952704685307, 0.03600847626125104, 0.007116558732831045, 0.034115673814260734]
            , [0.06511458349438798, 0.015136671882986072, 0.04516229400978886, 0.08392479917772565, 0.02752215667942024, 0.03237570160954005, 0.02176554077838651, 0.05599342331671306, 0.10021031648501862, 0.09141428264928952, 0.03634618471289232, 0.05285911973766963, 0.015060374462555896, 0.06378190004435082, 0.06335970097408218, 0.07216243505600758, 0.06981139342703846, 0.0602162749389462, 0.004055465096671935, 0.02372738146652833]
            , [0.10958740382190582, 0.014178326018023634, 0.060385422481025915, 0.051218380945274325, 0.019798064279557357, 0.23072165251343182, 0.02714154801312886, 0.023086209910360436, 0.041936804657160154, 0.041485694634241364, 0.013721522644855983, 0.05153602929869352, 0.03456201784113225, 0.038257028562056525, 0.04700983027241481, 0.08398763316981739, 0.04775402125797439, 0.03637923141002762, 0.00817323627117421, 0.019079941997743672]
            , [0.07018812589550452, 0.010947297978269212, 0.10290663035552901, 0.09253896420700317, 0.01282250845358069, 0.0742675090301861, 0.04462656564640747, 0.015856204547508856, 0.07821765932107246, 0.03243221746427934, 0.010472830233062454, 0.10450851382052942, 0.02086248072305694, 0.06436380576543675, 0.07062800326786638, 0.09025717203088102, 0.05682737388113352, 0.023380587069176863, 0.007021430203027905, 0.016874120106488096]
            , [0.17249839889274649, 0.01517491976272189, 0.036246443142864, 0.0416235675040448, 0.029680892410069347, 0.042608341673465056, 0.02159176557048816, 0.05474318996010729, 0.036845556114937957, 0.07382799716007894, 0.019870462638480562, 0.027873923577186904, 0.02406207322544399, 0.028931613371936057, 0.04238410618824904, 0.04645111294795994, 0.07997128194954707, 0.17027288128644516, 0.009209620242302086, 0.02613185238092517]
            , [0.0656441183526136, 0.01443553359381132, 0.03411671280699989, 0.05313374986208831, 0.019027617590206998, 0.040148456993748895, 0.03578074717010313, 0.02436438031625846, 0.13248693251516738, 0.05131992287867178, 0.01687951849384558, 0.039359711024561685, 0.028013929870472656, 0.0740444287461771, 0.18755522818179246, 0.06224765979208939, 0.05290252490748318, 0.03561010273877521, 0.011872386475594314, 0.02105633768953877]
            , [0.04611619946804203, 0.003360757213007772, 0.06969499053993625, 0.06545030887042935, 0.03544583670173554, 0.050546112355921206, 0.01263767562105156, 0.07308240203533696, 0.09995444882343495, 0.07601144679510066, 0.013989942166205463, 0.11295135085525879, 0.025881895636033412, 0.031600363028412966, 0.03491591860758572, 0.0780991731655256, 0.06295150787451988, 0.05207361759498316, 0.009532708667224778, 0.045703343980253906]
            , [0.0684762129544592, 0.0037358660897075847, 0.05329741581193899, 0.05449006119629789, 0.03651863043848654, 0.05823654849599047, 0.020600523997537735, 0.05588367911253614, 0.0516983712027412, 0.1267223858184432, 0.07488522403856236, 0.042035927903080875, 0.035786211039287925, 0.040315466086041155, 0.04568801722545386, 0.05565871012178189, 0.05440971184081012, 0.07291393528926247, 0.013262458152346402, 0.035384643185234176]
            , [0.08780097179720846, 0.017580197723136008, 0.09328315328641959, 0.10405032441295958, 0.013129027701650406, 0.06769850846202656, 0.030738913915440723, 0.022322054993454545, 0.06389733020696516, 0.04218281190841632, 0.01246225462626175, 0.0711622189325407, 0.04289355117474413, 0.05812246805141808, 0.046789877650108405, 0.10780961430704504, 0.0669099341282735, 0.03461931573867623, 0.0028327186113159953, 0.013714752371938824]
            , [0.053740382731955076, 0.005938326235138847, 0.03281681686317411, 0.06184901542834621, 0.009773923706183154, 0.0302544908027142, 0.026677682970061033, 0.019326055818536792, 0.23261919570364958, 0.03501507684665531, 0.015207316048505885, 0.043837296777942215, 0.023890918858818125, 0.07253634213332273, 0.19961123193846286, 0.05125760680891503, 0.044563589070976246, 0.026307755784418053, 0.0033814573164220566, 0.011395518155802321]
            , [0.162476060702833, 0.011760851532305995, 0.06797439058825441, 0.08086159803435301, 0.013698731610126141, 0.07067641168315669, 0.03504107587869126, 0.017851766996074395, 0.030768516601461304, 0.054166040888906086, 0.010798678582914495, 0.025773508643077304, 0.0390523245869114, 0.06369701407457579, 0.10424294661092465, 0.07883100727489323, 0.06803897022585419, 0.044453364079818584, 0.007830955655869994, 0.01200578574899798]
            , [0.18560228846371954, 0.004396967993966446, 0.09379298143979853, 0.14324482910183947, 0.017518414307211887, 0.04453226759209698, 0.023851728509098998, 0.026960065535768983, 0.04433078917687513, 0.05921301423229114, 0.010900711552040433, 0.02628598657243597, 0.017437355012316254, 0.06372325687121622, 0.08229276186540742, 0.052393686941279737, 0.04722209782238752, 0.034298740870599795, 0.008991719071742373, 0.01301033706790728]
            , [0.06304175104800509, 0.01700714565942368, 0.03673309745566354, 0.0419905760173643, 0.08970612271315592, 0.04099488871965633, 0.03484144966739482, 0.049890081228219474, 0.0423421023037697, 0.08422135499348184, 0.02507902932657724, 0.03512361566863326, 0.025403515146146145, 0.034041343834079446, 0.04461599111963537, 0.05389920885581357, 0.048545434319984156, 0.06037782221841755, 0.07894782934120076, 0.09319764036337787]
            , [0.056098053745089874, 0.0331655230388187, 0.01610109348225603, 0.022521037283763753, 0.043743621700455156, 0.020573327519261837, 0.013322904162253006, 0.16919930628726734, 0.02378798879102035, 0.18994917255385918, 0.04459013746414089, 0.0195932249941507, 0.015005691366889676, 0.021070096872822786, 0.023101278299836284, 0.03892729265912735, 0.05138125836698681, 0.1692273889730376, 0.0063187977022413945, 0.02232280473672127]
            , [0.06429566671280885, 0.011315611673780816, 0.04160133464093643, 0.04238208948562074, 0.14821909837694455, 0.050192896094527255, 0.023369841190840613, 0.04311265560496997, 0.03894910967818497, 0.06866581119905339, 0.019892474063647924, 0.032000625735128685, 0.0251297026220771, 0.030475359742122756, 0.04268268935606886, 0.047939763143769604, 0.045500513956372834, 0.053580828383511504, 0.014909105997313604, 0.15578482234231975]
            , [0.04394009540361592, 0.00915253616975978, 0.021673337911023036, 0.0234252114594691, 0.0634505699581911, 0.029367079161507093, 0.014943817002512683, 0.18985359487840464, 0.025404968613139227, 0.20205566042300258, 0.037549177064079384, 0.017229232467816182, 0.01418156677982788, 0.014694923188792265, 0.02441696006712474, 0.026646740464734347, 0.03295517962426536, 0.15761137113986784, 0.010446336836457341, 0.041001641386409604]
            , [0.058887605900638296, 0.018347021043473508, 0.046737043404711284, 0.06371730069531943, 0.03834263018387867, 0.041608242810962134, 0.07652038060207589, 0.05033037329580179, 0.06566117056609727, 0.08677713992319316, 0.022070409887465448, 0.05228603696744102, 0.024086011343097766, 0.06695214669743967, 0.060345166720508554, 0.06706935662170763, 0.05400224755228842, 0.05748942954122791, 0.005363288818495668, 0.04340699742417639]
            , [0.11791147031744509, 0.009522030283099591, 0.04607102091704437, 0.04962344792654391, 0.025992574615003445, 0.06703199198466528, 0.017189675923389998, 0.03410705714538189, 0.03485694312849646, 0.0615532756492181, 0.0175267222611315, 0.02699282118310252, 0.2543854921847613, 0.02742200838810913, 0.043022062040297945, 0.047976540984023895, 0.03899710119494419, 0.047724964604484645, 0.01170893751930916, 0.020383861749547674]
            , [0.09279347377523983, 0.00261856300550253, 0.0533943054932914, 0.05122937669374015, 0.03195263790274033, 0.05875119091414318, 0.017978500064592787, 0.04287202976131934, 0.051673996335705685, 0.06791706507548614, 0.015712317967367107, 0.04189050835025733, 0.17378198400616296, 0.03483187488724613, 0.04068030597287996, 0.06727886454235875, 0.054231815482005584, 0.056163404478290636, 0.01206371537068063, 0.03218406992098925]
            , [0.0980711343023238, 0.009692451814101081, 0.0574943437404463, 0.07458482417348716, 0.015691376906649408, 0.04520602039400589, 0.02126461367220289, 0.032683331300002956, 0.0567227278960997, 0.04983745926238939, 0.015381453936102175, 0.04164778818290331, 0.1838005820423529, 0.043958919147987725, 0.038743950494937306, 0.08947149492430276, 0.06072964173544703, 0.047530895839740524, 0.003568669213466537, 0.013918321021050962]
            , [0.20364679859654491, 0.05899813582785906, 0.03585495806900256, 0.040314457751033574, 0.028501219441669577, 0.07966569995512411, 0.02302954879456288, 0.04374736092928951, 0.03522144831966644, 0.07765962641412072, 0.019837210162692444, 0.027963632283682316, 0.021492027272440598, 0.032166188157513084, 0.04487577380222438, 0.08503644236639576, 0.04756868515410243, 0.06241190736525401, 0.00785144698192833, 0.02415743235489312]
            , [0.0751476626773529, 0.0030130990656958346, 0.051741425270270126, 0.04178317890871441, 0.03764713380285507, 0.21535299839185254, 0.02019055278441572, 0.047464564626619465, 0.04319829824918667, 0.07673871201063986, 0.019236519006633902, 0.04247241406851364, 0.034940700546551996, 0.03506115254649068, 0.042736089983287415, 0.05396740896275635, 0.05060002893630992, 0.06024194887333274, 0.012938149413860634, 0.035527961874659945]
            , [0.08484606058198815, 0.014251063586833227, 0.051891326273871746, 0.0424682222081647, 0.033835730946863846, 0.0746621395924796, 0.010480300170430168, 0.054092918044108484, 0.043651678642000806, 0.07444547734494537, 0.024765672133422952, 0.043252868874182906, 0.05958544828125269, 0.02951571633906192, 0.05953198912166087, 0.09343320921274346, 0.070891477606576, 0.08767324711082743, 0.016543114325954362, 0.030182339602631263]
            , [0.27643544785368457, 0.018640937904039312, 0.03731719840843943, 0.053001920890546145, 0.010567747941964854, 0.0701224721505935, 0.015468962153474458, 0.02926606704401232, 0.03641113532783039, 0.04017365443176471, 0.015681619877421202, 0.028996788535668547, 0.027489104619858568, 0.03612078196043852, 0.032301959401173135, 0.12098437751151936, 0.07302740858597147, 0.06618237823372365, 0.0029534775514344458, 0.008856559616441544]
            , [0.06923349264881844, 0.01243455360404323, 0.06020383329800104, 0.06012984024293805, 0.04255483394836721, 0.04756653823803502, 0.09814423588699162, 0.025172311859291464, 0.056098078558431935, 0.05121609050020423, 0.015701803511487148, 0.06936528216723027, 0.02416342961280233, 0.05550798520346641, 0.06192342425425678, 0.07729795206732505, 0.0556098212902557, 0.0362127141122709, 0.015136724792911243, 0.06632705420287169]
            , [0.1005003879885375, 0.013892474360560778, 0.033321734097530205, 0.04119266348943354, 0.013252541238789045, 0.03231322598503497, 0.01968447975738439, 0.04143169515453375, 0.04664890798771477, 0.04204376222825803, 0.02016343731769267, 0.05199470412769565, 0.02172956793854039, 0.03628352212149558, 0.034806774368979804, 0.15740739237767676, 0.21406614037951427, 0.06326486706780943, 0.0036561818480654903, 0.012345540164753059]
            , [0.060045614835642996, 0.01274954257302925, 0.0162005203302, 0.030762042992032324, 0.039230332700916484, 0.019842119015444776, 0.0165464684731525, 0.12449936227347708, 0.02906643388163697, 0.24806059321100307, 0.05754981890317114, 0.016047632807885806, 0.017193973238057207, 0.038078524571168906, 0.042277727940167674, 0.03250634778851629, 0.04518284581388183, 0.12371842222524129, 0.01265640205983089, 0.017785274365543516]
            , [0.0421465976862671, 0.0148811903349315, 0.01369792525948123, 0.02113788478554224, 0.1133867165844287, 0.01699755000480527, 0.023357867591069944, 0.116451570606093, 0.02542698692328738, 0.22440219544010812, 0.04884136595186544, 0.01597860971105993, 0.012060256851599336, 0.021052447500565247, 0.03035924747834931, 0.02662154175737483, 0.03449524325876206, 0.1005155504957073, 0.022092952281161708, 0.07609629949754024]
            , [0.07720179327604136, 0.00617392141715316, 0.018672404841675462, 0.02011391252045033, 0.03890235407405375, 0.029870734956182445, 0.010200159347980676, 0.16666668882222965, 0.02257862725178202, 0.13577707661550423, 0.03560989964113812, 0.024937320718942578, 0.03070700535425047, 0.02086163334438933, 0.021412134102425887, 0.04384183328167868, 0.06584911207279678, 0.19966055313859335, 0.007081306582654305, 0.023881528640077563]
            , [0.030651040962919648, 0.011204550193867263, 0.008526473333076925, 0.01279251384394959, 0.053605603316638606, 0.008749011966808003, 0.010408181292819327, 0.12911115027320832, 0.01488289966617379, 0.4143029086039878, 0.102806945762084, 0.012113162876635632, 0.008262599659255306, 0.019143870607619372, 0.01464104659657619, 0.019787145985341904, 0.024301532527100756, 0.08701642857637946, 0.0029726087864742805, 0.014720325169083753]
            , [0.10786152660048809, 0.001218133243559705, 0.10617344957201895, 0.09673774467048604, 0.010095753243306608, 0.07875304242419391, 0.019877080137214852, 0.01672483149162136, 0.08481348029878297, 0.035329429857347876, 0.009456740397448378, 0.06337720243317364, 0.05551914398108637, 0.0643360186340888, 0.053073783240562514, 0.08480536079008731, 0.06389878219624423, 0.02952547909610399, 0.0061631571097345034, 0.012259860582449525]
            , [0.05951886160636411, 0.01864456048119206, 0.05737251028213937, 0.06010101171556125, 0.08792692550525985, 0.048497545004368675, 0.03068501142204409, 0.05778108523680007, 0.06406363688792326, 0.08477093383744572, 0.014439835999252047, 0.0558430007636431, 0.03402165004537001, 0.03262345028031707, 0.036484086659699363, 0.06314742759051431, 0.048511190426964945, 0.053878678968529096, 0.0042837135137822465, 0.08740488377282939]
            , [0.1451967541773241, 0.018276625887118786, 0.04281077260351315, 0.038727196564101986, 0.011934360193948015, 0.06683822045079164, 0.020953094095885767, 0.015901153759869436, 0.03342541251058754, 0.026246250743999867, 0.011536753098542428, 0.059835802707233064, 0.032342056370512115, 0.031525542075238555, 0.030831535164790643, 0.23482678236344035, 0.12895653822991082, 0.031164869156352245, 0.005432629820802983, 0.013237650026036529]
            , [0.05220066806853081, 0.008335690370677116, 0.037982664334767706, 0.03796095010921034, 0.02170013236704471, 0.047074156014588676, 0.014985318690098122, 0.1612988213800323, 0.0311350578140847, 0.24902922519281173, 0.04588611691577417, 0.023920368167629796, 0.01634361825257306, 0.020879455956529784, 0.03739026510894081, 0.03161947490935961, 0.03080887774818663, 0.11093075164425356, 0.004314244248471024, 0.01620414270643548]
            , [0.05832047928373908, 0.014891700845959636, 0.03946431368710307, 0.0389866849328278, 0.0337564058086602, 0.051295697661990006, 0.023712957247583794, 0.03239264165967634, 0.030458197290386256, 0.0629083264854751, 0.018281691968903013, 0.030839743431078582, 0.019516245514671744, 0.027936878016483216, 0.04097996022377847, 0.18914826455849315, 0.20350230217785192, 0.04439060044992899, 0.011414591959234756, 0.02780231679617477]
            , [0.05725037957709537, 0.002849787487728508, 0.05232083051271067, 0.0439926043483351, 0.029249939229099825, 0.06282950899868868, 0.018767287373515042, 0.12661103768495655, 0.045395719129318, 0.08733675241134424, 0.013841399727114803, 0.03905429643510472, 0.03331581005171996, 0.030992666374285008, 0.037843806929935914, 0.045190224063860016, 0.043199326668866674, 0.18421623853549174, 0.012124177194979598, 0.03361820726584947]
            , [0.1522337340359407, 0.005068807514074264, 0.06259439916520813, 0.05361114298880984, 0.013416880045968808, 0.07645198690514761, 0.012169641095486211, 0.02401707584785693, 0.048072095671976504, 0.03685785277441026, 0.012307313292636709, 0.06285103415000655, 0.04436713032149833, 0.04265875030436836, 0.03163333682839699, 0.14653060366746676, 0.1090084775841301, 0.04713949153196887, 0.005186096064152741, 0.01382415021049523]
            , [0.0686016525259092, 0.006728652205106477, 0.22044554184629322, 0.1893683998758092, 0.00738168220052749, 0.04957890102327769, 0.02138588373493554, 0.014052407323046572, 0.04864404397325865, 0.022151530678776298, 0.009628404105278064, 0.08320986877174012, 0.017995535806228185, 0.053718375666575315, 0.02572281896944458, 0.07689398829215602, 0.05265718044930138, 0.022489278376954577, 0.0018000549954741943, 0.007545799179907584]
            , [0.09453198555411976, 0.012158354546626872, 0.05980022660857962, 0.04032701206203096, 0.008402431154241071, 0.418926984615323, 0.018505188822644725, 0.010498238462096725, 0.034285124901330316, 0.017862536392319918, 0.00780442846337184, 0.06277945742695186, 0.01623599920949397, 0.027188020043508503, 0.030951956512934083, 0.07648915726631532, 0.032986253322622415, 0.018741564346432062, 0.0032212508469659324, 0.00830382944209095]
            , [0.26273883297748224, 0.010907251675430602, 0.025367805421617755, 0.027809403326990396, 0.02971405822198586, 0.21915917961261, 0.017924429971959553, 0.04288359627950918, 0.027645551330820476, 0.07098671779957134, 0.019940001077056266, 0.021190200526587953, 0.016054776247666804, 0.021526467259827833, 0.03346725054514787, 0.04863101902012513, 0.03191758420159008, 0.04160527592975621, 0.0066825049820396784, 0.023848093592224784]
            , [0.13661516062111723, 0.005475346184998453, 0.07195839418390762, 0.056254823196961234, 0.03355977452288205, 0.0681864743407837, 0.008366567699517576, 0.05006354495592378, 0.08414489083414675, 0.06537332901471249, 0.018140854321579688, 0.052936914190970505, 0.04360738018648967, 0.04614076645068443, 0.0202461208459822, 0.07092575088785116, 0.06310056816219571, 0.0707931828986773, 0.009969113591699235, 0.02414104290891936]
            , [0.1178654112216399, 0.014457597146523811, 0.05432410319887934, 0.05138217454206028, 0.02763267518852131, 0.07432336737380385, 0.03936616684187704, 0.041982310645717356, 0.014190570370303246, 0.08485725666133012, 0.018204158896337065, 0.03006371368767992, 0.08537306576636004, 0.032618832168957806, 0.07056724160734802, 0.0607308784236684, 0.0632196792046987, 0.08041523544600064, 0.010729771809364054, 0.027695789798929105]
            , [0.13063906457720645, 0.0055198327828687955, 0.037679781330768713, 0.11499667537314659, 0.020691825909922006, 0.030660250885324168, 0.015604318662781452, 0.042989533193146, 0.11974286606312755, 0.08057856669304278, 0.013628705428038467, 0.021022941139208932, 0.013805767615951653, 0.07151621357931492, 0.10914432502721103, 0.03670940539101691, 0.046948027413388334, 0.06296397909977071, 0.006451182900894263, 0.018706736933870285]
            , [0.11707406358424603, 0.029872955188290584, 0.032979607031913334, 0.04241430190217859, 0.027668681800414926, 0.045017496528434515, 0.02436505967935312, 0.04150511725217468, 0.0415063785742888, 0.0687698244452899, 0.021439792379651098, 0.0383041941452739, 0.1255411171056255, 0.033057435737200366, 0.040365980712141626, 0.09894080414896927, 0.07307378771205769, 0.06810294935494857, 0.006401548729230125, 0.02359890398831724]
            , [0.0464039114940084, 0.004299585048811649, 0.06289378649247411, 0.052024485199708564, 0.023167047131128847, 0.04220339887191956, 0.015435051909869142, 0.03161198014862233, 0.05504497214430298, 0.05249869902614439, 0.012333912426778925, 0.05245440564206313, 0.02203188717770349, 0.030131164996854982, 0.03774819885933121, 0.1552736848646776, 0.232735379860744, 0.03851912880028634, 0.008825958205836848, 0.024363361698733484]
