1024 20
0     	0.004201138612027595 0.0520106032144329 0.0200780747233759 0.0597605848376274 0.0730962416367300 0.0437849215592645 0.0497828332798613 0.0266856747062611 0.0659236624130724 0.0775495133561630 0.1009596732947465 0.0277364023027866 0.0408967953068204 0.0440342174513938 0.0400154173148069 0.0555996040441730 0.0639546684145769 0.0456455309117494 0.0639639021653346 0.0123592053612176 0.0361624737056056
1     	0.003906075365029002 0.0638625183172126 0.0055824910887647 0.0538683465689894 0.0761169133241087 0.0389180540140084 0.0566658937081659 0.0226583466814289 0.0556836956003234 0.0673880185038418 0.0969411008658251 0.0232757896907982 0.0450339441281665 0.0431735462097437 0.0383839625679758 0.0553621341266412 0.0701759813914880 0.0597634580164859 0.0734081021422737 0.0148882650930356 0.0388494379607226
2     	0.0036391133796493218 0.0543042453673809 0.0186643333636332 0.0634676504548059 0.0789125715530432 0.0411561558941475 0.0450635843217131 0.0256680532048475 0.0664733886688196 0.0683184029190627 0.1062735605355289 0.0264478060801622 0.0499522410921692 0.0232889988782304 0.0464190518886154 0.0507681308933512 0.0710689819762218 0.0558059684330107 0.0646373082037682 0.0069273289937765 0.0363822372777119
3     	0.0033913113453734466 0.0677540464615418 0.0162294643680891 0.0531187747131651 0.0664272900449245 0.0400170506095104 0.0537832150312102 0.0247532121620228 0.0583053556396118 0.0596986946498290 0.0773815401252570 0.0221537872276935 0.0379546930115061 0.1249348181542813 0.0337944235100018 0.0445860137001799 0.0500047870505056 0.0486035494616504 0.0682684662752438 0.0153711848063495 0.0368596329974264
4     	0.0033325541619884454 0.0695860048705882 0.0141171252002805 0.0533971763857226 0.0618443891889245 0.0333045378760117 0.0557439105574317 0.0244642032136268 0.0526156322275515 0.0583386600982933 0.1755886468875621 0.0165850788515725 0.0404566865167982 0.0346023968602565 0.0392473306591606 0.0460319892613807 0.0581598355303826 0.0514938407861279 0.0709911977496343 0.0107788514987794 0.0326525057799142
5     	0.003243141056837356 0.0831701818075037 0.0148024069898066 0.0525105953923767 0.0603602358375372 0.0382886437069907 0.0529157588575166 0.0259038958381623 0.0567651765356939 0.0549412189829256 0.0837839545698394 0.0234657928871343 0.0401233318812873 0.0319535544326627 0.0362027015625772 0.0451858842820509 0.1389349673414539 0.0520063605506800 0.0638393230205375 0.0106143221068738 0.0342316934163895
6     	0.003241863726763769 0.0661977704955664 0.0143717360690846 0.0538611718515500 0.0633226834911695 0.0377740660333736 0.0574318793373581 0.0266121560194433 0.0542936058604849 0.0580987828566688 0.0835237762525995 0.0211438850153837 0.0363790552475936 0.0336926740195545 0.0365368709756698 0.0500832173154439 0.0539351440878111 0.1400018060991354 0.0654546775294227 0.0132292892394262 0.0340557522032608
7     	0.0031524506216126804 0.0583008651370224 0.0162096360693236 0.0516401246888029 0.0636999183285973 0.0404225677918128 0.1447257703553904 0.0243305911076521 0.0645638408089284 0.0595359390189766 0.0891820811687368 0.0225615846177702 0.0415525049545023 0.0287046681846404 0.0389897654929388 0.0452276786045299 0.0576840569970061 0.0478254843312416 0.0660856024433878 0.0069181120859480 0.0318392078127917
8     	0.003013221643591699 0.0560504274836053 0.0149346210143638 0.0601454219580000 0.0641107334924543 0.0373618055055843 0.1105721752429640 0.0240170967068115 0.0566890243645981 0.0688187587220947 0.0804062919908913 0.0224086280048422 0.0407242458325035 0.0489004785080228 0.0375803148468025 0.0448271371363878 0.0531831336342120 0.0539627931558212 0.0707663218426195 0.0170685937139409 0.0374719968434805
9     	0.0029289178587349578 0.0719307106720705 0.0186987943809332 0.0483203321627627 0.0648446029955868 0.0398279593296877 0.0462289802655723 0.0277927804216878 0.0657594569521684 0.0550655833850252 0.1082776811473780 0.0270610860145973 0.0441098454947897 0.0452035398655474 0.0370570347133170 0.0534915691407888 0.0745527176902475 0.0591957513125479 0.0709618241844708 0.0042982448829272 0.0373215049878937
10    	0.0029263631985877838 0.0711818610304882 0.0160019463328272 0.0502998338943746 0.0554654576462225 0.0401355514406934 0.0595764269996031 0.0243035078463575 0.0622617307493705 0.0490631185323260 0.0887081177523989 0.0244825387979250 0.0396769248436554 0.0348815037680429 0.0322437027666383 0.1234118888340561 0.0535616908614974 0.0523574216842918 0.0716848612130690 0.0138136698288735 0.0368882451772887
11    	0.002894429946748109 0.0658765382172916 0.0303970018633187 0.0515145725488385 0.0675414253576580 0.0443700453753700 0.0352249600105471 0.0387598285467797 0.0530176182171950 0.0546747108734267 0.0925308923448712 0.0245881817837281 0.0490356739942034 0.0418486833859833 0.0490800805930180 0.0514222793616853 0.0738408575096585 0.0579951272143283 0.0626815205383824 0.0155415230505521 0.0400584792131643
12    	0.002842059413731043 0.0586641261497239 0.0145833979582502 0.0505126516591198 0.0632536509505242 0.0352386661337024 0.0727621996262350 0.0396006457873693 0.0520077580793031 0.0529916509155127 0.0943162147399908 0.0216792521917275 0.0381469914343508 0.0599794083331507 0.0466173837360641 0.0647729561860380 0.0650543175458033 0.0554182913622071 0.0667041717724311 0.0216614249008958 0.0260348405376002
13    	0.002826731452847999 0.0845201325811370 0.0175505635647547 0.0594938991316067 0.0810232271522670 0.0232759370856701 0.0618410521599172 0.0281365897552926 0.0539097436992659 0.0510680141671111 0.1089533024622098 0.0264033485765030 0.0404701698125773 0.0271608601479193 0.0553407591194438 0.0651286135104079 0.0662505487893748 0.0516280183451619 0.0724331473672568 0.0063390830428262 0.0190729895292969
14    	0.0027884115506403894 0.0601358780115331 0.0187808224505077 0.0387064454886228 0.0490886863345078 0.0345337861466599 0.0466657996220736 0.0214332263528424 0.1139195327418071 0.0489185905652223 0.1146544861260637 0.0280173136277242 0.0328040997632004 0.0316242223108559 0.0312299543691487 0.0423911837796182 0.0526891895471774 0.0508007782866883 0.1486452135988226 0.0062485769611390 0.0287122139157846
15    	0.0027807475701988674 0.0679143019883582 0.0150806090281836 0.0548179495059477 0.0657528082391794 0.1106693440872743 0.0560413453826769 0.0233634369080879 0.0609175930833329 0.0608035256174658 0.0840704823437948 0.0204795015717088 0.0438702693597379 0.0332984906187832 0.0389952515606750 0.0480470422544478 0.0647376627001387 0.0530537629655057 0.0667717617643807 0.0066007847134393 0.0247140763068815
16    	0.002770528929610172 0.0843949284862980 0.0128302351772551 0.0543978203739682 0.0607043378997181 0.0356685930614042 0.0576463616911185 0.0238061157589683 0.0560545680512306 0.1383549745881253 0.0849895418829397 0.0225098647757709 0.0366678060851847 0.0341447478965850 0.0360958585003758 0.0460874966544014 0.0548893071323137 0.0520051836045712 0.0642989509746334 0.0118456963987815 0.0326076110063559
17    	0.0027577556288743018 0.1955390004311716 0.0140248827063556 0.0510512978970234 0.0649770625542723 0.0324438649006501 0.0517224384679411 0.0250805674142278 0.0476904894323569 0.0534409334308790 0.0784832378814908 0.0206229778103925 0.0347264581522936 0.0342245892802708 0.0395947165414424 0.0546561892752516 0.0564904463111285 0.0463696927158512 0.0582095081412350 0.0122690834235497 0.0283825632322162
18    	0.0027500916484327798 0.0582181389102367 0.0072405534439596 0.0540494775983104 0.0652328980283240 0.0497960817573995 0.0492741285448049 0.0416694514737215 0.0541423884351014 0.0634850271846337 0.0835559138940773 0.0205689558186536 0.0421909984821513 0.0428891566309053 0.0576845888004268 0.0614854205928943 0.0608578630619188 0.0535661663084131 0.0736217454899087 0.0164872838956347 0.0439837616485246
19    	0.0027500916484327798 0.0635777881309762 0.0108660965054317 0.1332612041483236 0.0630929618981518 0.0396860511111129 0.0498863627822188 0.0276512152911549 0.0510688346702260 0.0563897715258159 0.0766236655510750 0.0209202504157082 0.0641303600161292 0.0349225368994593 0.0401671776962830 0.0478556590974078 0.0591458019255997 0.0509233771098766 0.0580532818768359 0.0147119994720763 0.0370656038761370
20    	0.0027462596582120188 0.0749885881104939 0.0153156091818637 0.0445035714994878 0.0545898333023377 0.0412963900281481 0.0592759163691109 0.0221450319764040 0.0596102103443594 0.0468679199123087 0.0870878908756808 0.0252266493562069 0.1311919346551921 0.0370759973505922 0.0350204007058149 0.0487250402947315 0.0498078014353857 0.0449953304811750 0.0712998795353330 0.0160049020453829 0.0349711025399910
21    	0.00271177174622517 0.0627358448690432 0.0117795270466373 0.0467403428346741 0.0501231223388288 0.0347919574486636 0.0495021838658457 0.0202199833521030 0.0776196868712934 0.0486397682992473 0.2456692853265921 0.0320609193445722 0.0360162630502433 0.0218488639683029 0.0319855418403945 0.0412370492079004 0.0467857393450963 0.0419576107660173 0.0654573682822415 0.0067011130156677 0.0281278289266354
22    	0.002706662425930822 0.0651086554564465 0.0128690207825464 0.0543599137954051 0.0635369640006896 0.0939460531049335 0.0545987879475843 0.0240930450730346 0.0493991971206497 0.0591865856449019 0.0755453734480548 0.0192903666532473 0.0417646817236423 0.0378631854791879 0.0424647172544862 0.0489252745867634 0.0591296637311453 0.0507025570287036 0.0560883450986606 0.0106785281445770 0.0804490839253402
23    	0.0026811158244590826 0.1108757446440872 0.0095359413899621 0.0686893526046319 0.0690522995220791 0.0355572384412024 0.0695736675463759 0.0282684744146544 0.0438450591067659 0.0304669801158902 0.1085669831363931 0.0245059777185903 0.0299202554187200 0.0369491238742839 0.0413138755713569 0.0838850899784167 0.0491553053876740 0.0528927430671702 0.0640502635805209 0.0170344712110589 0.0258611532701659
24    	0.0026708971838703866 0.0515768982959954 0.0160013131499730 0.0516573352272140 0.0556624502216429 0.0318917923129306 0.0556873165519919 0.0267838624758082 0.1291324274278257 0.0503833063559906 0.0758376928450305 0.0186963359056565 0.0364972483917896 0.0341906149616793 0.0355369648055883 0.0485361438960202 0.0506269817103941 0.0400334866427685 0.1431110023670093 0.0152195507087109 0.0329372757459805
25    	0.002663233203428865 0.0636707422740258 0.0196334193170342 0.0439693528869684 0.0504493152348366 0.0373474132615903 0.0538164423368069 0.0313181905953051 0.0592315556457325 0.0416491820257234 0.1600935478888485 0.0466292064194164 0.0333634579019827 0.0354940455651739 0.0359273799014826 0.0496324940199215 0.0661529029510393 0.0552532843147889 0.0749876142149181 0.0137210413610245 0.0276594118833804
26    	0.002647905242545821 0.0680823441367511 0.0162251786092936 0.0784970198598496 0.0896563315091714 0.0248611630541490 0.0593503182876262 0.0358718277341930 0.0385866140548129 0.0688078329749640 0.0654482588591981 0.0184366165971873 0.0651469304048515 0.0373919556153633 0.0553743279094269 0.0546749907737492 0.0904958574203533 0.0589633989710302 0.0469862244133589 0.0039133737560155 0.0232294350586550
27    	0.002646627912472234 0.0659799319693816 0.0120634660224676 0.0564496639188850 0.1006423752690932 0.0261369482472759 0.0388533248022213 0.0253180831598563 0.0471102941924383 0.1294081346893682 0.0699039743835138 0.0219992007784049 0.0509904129225760 0.0294418646269683 0.0626914890208737 0.0622737521773620 0.0662692298254585 0.0538977305711759 0.0510099282155045 0.0056102331741863 0.0239499620329886
28    	0.002637686601957125 0.0775072872124802 0.0145520357043786 0.0520082319956141 0.0596620481215919 0.0335947883320119 0.0609692398768858 0.0241026276173162 0.0567532992147433 0.0500604321897100 0.0905599532354958 0.0216332064570653 0.0358454426771045 0.0377863975011089 0.0384362388524041 0.0537399211186149 0.0548047739719823 0.0502422213386979 0.0689405298748142 0.0133402510017203 0.1054610737062598
29    	0.0026338546117363644 0.0728492138367726 0.0302057578895632 0.0490571598551381 0.0572873647699025 0.0366230181564904 0.0753285062179944 0.0270540715226524 0.0457347327144533 0.0513871530777835 0.1041619555745159 0.0127113613473100 0.0301564985570972 0.0500664040933815 0.0438482033913468 0.0644610794670319 0.0806083018253122 0.0552055319507557 0.0676063890314888 0.0167483376283176 0.0288989590926917
30    	0.0026338546117363644 0.0700461516816511 0.0143052503671735 0.0556432654505063 0.0632548094424333 0.0324184951367767 0.0569107956844953 0.0247200602369572 0.0629858160095917 0.0604734468666386 0.0865589891664300 0.0228241443244902 0.0440887979553625 0.0370768899896614 0.0400552216775995 0.0477163329820321 0.0620183115596979 0.0548585201568470 0.0656965155501008 0.0717795577074902 0.0265686280540649
31    	0.0026159719907061464 0.0765204427535248 0.0148533103033693 0.1466620790822122 0.0429594856033214 0.0400183440302733 0.0603185965991531 0.0225939163408900 0.0626163235111250 0.0484801451526334 0.0914029837625087 0.0263482047617226 0.0271841155681934 0.0345252519447217 0.0328837830932465 0.0487368665051356 0.0502924558042391 0.0496904479246284 0.0753700803108419 0.0143243859872778 0.0342187809609819
32    	0.0026159719907061464 0.0599107951498433 0.0160059066937730 0.0517689321506972 0.0666619311679762 0.0382310427568702 0.0462658087713606 0.0728566739345956 0.0598754100734711 0.0616926280257857 0.0930368669884937 0.0240374617141355 0.0486677894117947 0.0280919691710656 0.0550252932877180 0.0500951743562951 0.0645140781707297 0.0517930545602198 0.0630484254354285 0.0066740864157205 0.0417466717640260
33    	0.0026044760200438634 0.0733947748452329 0.0103355440049243 0.0629616532994901 0.1435414139362681 0.0371133442733581 0.0447680053607809 0.0212030894593459 0.0625211461215009 0.0827824663891761 0.0788805168319792 0.0209810485267760 0.0428102760462890 0.0331272094087396 0.0339903786784597 0.0380979314018583 0.0546640152743918 0.0495204398522345 0.0676101637445286 0.0069063729389949 0.0347902096056712
34    	0.002584038738866472 0.0794305935659230 0.0143897392147497 0.0522808414436462 0.0600000766961274 0.0387894744838514 0.0627006384265944 0.1032944136542822 0.0648147490888452 0.0553248814565750 0.0874536324118028 0.0238696280177968 0.0310585932468015 0.0331763363307836 0.0295239962687590 0.0428641605862589 0.0536176104711676 0.0537116261088555 0.0756782268175669 0.0119062923378444 0.0261144893717683
35    	0.0024946256337153826 0.0716287750708554 0.0170234836575942 0.0682195815113560 0.0790515279287256 0.0306530181155717 0.0559229271572082 0.0444795772990769 0.0314462599060319 0.0744780314461617 0.0577142940617341 0.0194057597266904 0.0659670147249839 0.0349466486615650 0.0584477514733734 0.0640305118479471 0.0825371505101387 0.0559553837050530 0.0424469567582359 0.0119780329053933 0.0336673135323034
36    	0.002486961653273861 0.1009653490747414 0.0143331857473425 0.0487263345652633 0.0575890623090050 0.0343054586487783 0.0534281406624189 0.0265671652708278 0.0485933762309226 0.0513799795103725 0.0781986191156526 0.0203443169778907 0.0352120845253346 0.0348427572600542 0.0358705553105937 0.0493394267545339 0.0510537302274876 0.0472798195371944 0.1684361758083351 0.0123415941662961 0.0311928682969548
37    	0.0024333137901832074 0.0601838697794629 0.0757549110114101 0.0591028697871161 0.0607160473270589 0.0382501216861003 0.0643661961294744 0.0254587264178202 0.0572099621430429 0.0624992232855867 0.0803339771621977 0.0219808535099933 0.0456932836796125 0.0431550401958832 0.0402797910527124 0.0502168387817594 0.0533240400933322 0.0483170347156300 0.0618697580435172 0.0155303856125036 0.0357570695857857
38    	0.0024282044698888594 0.1064262704870027 0.0113223952499786 0.0559758616777225 0.0707125466966139 0.0322130271747169 0.0433353076421784 0.0325964121359961 0.0499523063666766 0.0430368051739334 0.1099796846061762 0.0130044514178880 0.0374057311618025 0.0408225458945103 0.0815944998528324 0.0684571819690462 0.0578926413237625 0.0510461541859462 0.0576507868132479 0.0075322264209627 0.0290431637490061
39    	0.0024243724796680984 0.0629336544553641 0.0121906614194070 0.0509420894809856 0.0685757949750723 0.0400768523969575 0.0388134088584529 0.0278594951877507 0.0552462866397913 0.1012523343722283 0.0841927983907037 0.0195629761819578 0.0492017035401721 0.0232571544148328 0.0414055438241981 0.1147859508118059 0.0575902690620655 0.0498847472092766 0.0560305762383702 0.0081754839852750 0.0380222185553324
40    	0.0024230951495945114 0.1152417239985266 0.0219568321834442 0.0643665545399647 0.0709001895590390 0.0204467588104977 0.0628055385512510 0.0299655951583459 0.0292941532180721 0.0533676375604163 0.0548419427941014 0.0137636754692727 0.0492654730524445 0.0506662426191770 0.0504477878963935 0.0490596432644720 0.1122599286220317 0.0751975193437627 0.0478725869666760 0.0080737189446723 0.0202064974474390
41    	0.002419263159373751 0.0781459161375843 0.0156625456508311 0.0499969960408107 0.0512320250760144 0.0374610270251879 0.0653402090888409 0.0217798976204712 0.0609071439631136 0.0474949859359974 0.0923042067738380 0.0242815308232680 0.0384693216771418 0.0312658440806590 0.1114463476561960 0.0434403589912199 0.0589707935362953 0.0538297017575498 0.0735719201439743 0.0115512797668621 0.0328479482541445
42    	0.0023949938879755978 0.0609565556060301 0.0182766130262998 0.0517616922509551 0.0657383571748388 0.0322408670179580 0.0470323827769778 0.0238080971408036 0.0639028363687969 0.0655074620866989 0.1287653578687885 0.0715259205604358 0.0441374649346987 0.0257334097575261 0.0393164048919198 0.0470013615285081 0.0626792007663713 0.0506725366305252 0.0613101354691770 0.0071841607259009 0.0324491834167891
43    	0.002372001946651032 0.0583653476415051 0.0103938033997987 0.0554195712925416 0.0653105013679465 0.0277441525203733 0.0503390169268701 0.0231821064227864 0.1382588316253765 0.0634345546053104 0.0880259379263311 0.0146019383967647 0.0407116487614705 0.0233427608790514 0.0389235114570158 0.0430461004160842 0.0501288741465623 0.0479257362426300 0.1272320463379180 0.0065540747912043 0.0270594848424590
44    	0.002356673985767988 0.0908989437124043 0.0136495582635193 0.0435976480788409 0.1540757916469506 0.0345328067676079 0.0564247833679677 0.0253392675199231 0.0551874585844433 0.0449518372487142 0.0860264572687343 0.0214300730713582 0.0321246999017852 0.0348759562629883 0.0353606097798725 0.0565723068311361 0.0522815249397963 0.0511550741565650 0.0695956068056031 0.0130073282393964 0.0289122675523930
45    	0.0023490100053264666 0.0694033040976765 0.0110610976838708 0.0550891895715014 0.0690335807120009 0.0249368354162444 0.0416444670522188 0.0233380737507207 0.0442446486758096 0.0659347793978663 0.0632601786962366 0.0195503614422448 0.0504354640839629 0.0265757700045864 0.0433122250929276 0.0430258327023230 0.1117469976866061 0.1522146551272811 0.0568643227815190 0.0056878874725456 0.0226403285518573
46    	0.0023439006850321186 0.0722799227012379 0.0052240923483537 0.0630780814824825 0.0446986240788741 0.0346904355457098 0.0839513987980582 0.0167496588166033 0.0486130441841623 0.0551604081375815 0.0664228195701729 0.0153945102164422 0.0620293646199810 0.0468425626241303 0.0414600353894223 0.0464118759310227 0.0869916920636518 0.0628158514359532 0.0690200267128762 0.0261378733911979 0.0520277219520862
47    	0.002313244763266031 0.0946496025481556 0.0057586168374699 0.0543812930056527 0.0806383505649883 0.0288997997782200 0.0657407828436856 0.0191763177928400 0.0696239381748732 0.0534079408384242 0.0931043488772244 0.0261181544425252 0.0432966360698204 0.0276513017982443 0.0433470999646114 0.0599172771499038 0.0734888511418037 0.0606933108161476 0.0711341901665278 0.0058933195709337 0.0230788676179483
48    	0.002301748792603748 0.0860702716040735 0.0087830384108190 0.0533211101162651 0.1158647439294973 0.0378998454559693 0.0419014944803569 0.0248471289814851 0.0466886756676257 0.0833043586241464 0.0791988249708325 0.0164043910977061 0.0371082644547834 0.0271157829486788 0.0706271763999061 0.0461582145305194 0.0594691419250374 0.0638989643110946 0.0522847089747782 0.0141733644340533 0.0348804986823720
49    	0.0022966394723094 0.0973997209988217 0.0021610681080373 0.0677223473314599 0.0585861290576511 0.0376126816069358 0.0752716301763968 0.0212977572348411 0.0413858554496196 0.0575676987786645 0.0770680548943753 0.0203119347025773 0.0423530232707130 0.0519950982797530 0.0500640892144098 0.0536321369694170 0.0512765591778403 0.0692921298458305 0.0673346604017101 0.0214258306482653 0.0362415938526807
50    	0.002294084812162226 0.0722170411923482 0.0669249611014135 0.0510533587098843 0.0622789727356050 0.0408019486170680 0.0476327128008726 0.0245872048791340 0.0623454295304729 0.0621047313141186 0.0960660714317118 0.0231625516347337 0.0422490716794928 0.0269456643602244 0.0385435859267591 0.0467691465248904 0.0769287370309525 0.0518622362241494 0.0654316307601602 0.0066754113457109 0.0354195322002975
51    	0.002294084812162226 0.0650844207801710 0.0042581340119618 0.0751251405248522 0.0859109465587869 0.0243595692486454 0.0503426725496222 0.0312654578147313 0.0330084106263446 0.0980800254500469 0.0528861138987246 0.0160967514265307 0.0705290956946467 0.0343111876944264 0.0634228091674364 0.0650195192490603 0.0835249041502632 0.0679501302406426 0.0443077960337444 0.0070548274286389 0.0274620874507236
52    	0.0022621515603225514 0.0895934771577840 0.0297103827026149 0.0361219219847019 0.0417269889374084 0.0345909899500453 0.0527940844910110 0.0321548389240548 0.0427122048330878 0.0462302231874392 0.0756280406314362 0.0252131719045308 0.0474768113870858 0.0546594817199231 0.0428583798498379 0.0533130091299545 0.0997547990770764 0.0876280639469913 0.0686589918286075 0.0118821306039566 0.0272920077524527
53    	0.0022557649099546164 0.0744415252618553 0.0145390389388910 0.0351027266552199 0.0415777372708544 0.0356723705233788 0.2153970928113972 0.0211340610400616 0.0750471694028829 0.0416907189388752 0.0938402403800078 0.0239681452614948 0.0289770658797999 0.0312689016510242 0.0270058612461416 0.0383608259793372 0.0434890487755844 0.0438165631789952 0.0806297258188376 0.0075176860379082 0.0265234949474529
54    	0.0022123356874526588 0.0775756551922855 0.0104160633028338 0.1533777071086801 0.0624323531350274 0.0311448902720488 0.0519419764116663 0.0229743728265531 0.0605537459708578 0.0562273058490814 0.0858891952139667 0.0224535007664126 0.0412749555449796 0.0312918725303876 0.0374586489937013 0.0488732216743588 0.0556117861555774 0.0506623024101075 0.0682877912598373 0.0059720542918355 0.0255806010898013
55    	0.002207226367158311 0.0831711995566615 0.0145091204001023 0.0552578595084921 0.0584254141074035 0.0405969205946757 0.0629190131510569 0.0260486450985873 0.0469703227657772 0.0563824468869126 0.0733329999706720 0.0871937421846888 0.0418321448924254 0.0422688946385906 0.0394184416337859 0.0493755345092291 0.0550134360835381 0.0483357061992920 0.0656402572952866 0.0158584457904536 0.0374494547323688
56    	0.002198285056643202 0.0733599639320922 0.0067863964048556 0.1294333055619094 0.2141676680083479 0.0114212626536897 0.0359965200473506 0.0251192924963736 0.0184372539249218 0.0860253489149671 0.0287705076795190 0.0123949381415927 0.0540754215839033 0.0309862330366940 0.0653868413078238 0.0489866257068870 0.0612699895987898 0.0505739393039244 0.0282765535438935 0.0040458214061816 0.0144861167462830
57    	0.002180402435612984 0.0790045230731488 0.0147402500943390 0.0531391281597119 0.0594975725080012 0.0346944152044139 0.0617855148846402 0.0254140537841797 0.1409022867632069 0.0584716530340527 0.0701625503135122 0.0177313856000627 0.0422413726170875 0.0365904243112358 0.0383363673101564 0.0482160798387383 0.0605255618686606 0.0524743550329226 0.0603957866949049 0.0121208645732998 0.0335558543337250
58    	0.0021663518048035276 0.0616801333205322 0.0051920164062253 0.0546783118494544 0.0551163534412460 0.0427735658792280 0.1620359893962549 0.0278644772273950 0.0493811157625871 0.0465146992332649 0.0817700326434892 0.0224563156866720 0.0349232935379436 0.0418756778447222 0.0374258826615353 0.0542032897354960 0.0554922955921780 0.0515062798925040 0.0630422802840677 0.0130198245857794 0.0390481650194249
59    	0.0021637971446563536 0.1056326242877660 0.0106724312067958 0.0519070547578164 0.0697234916548303 0.0239625936134979 0.0527732289114321 0.0314981091974205 0.0326591936542720 0.0768380532578380 0.0741543641261544 0.0181868749181406 0.0360191021551969 0.0280413513858114 0.0538919410335826 0.1447903800153546 0.0552382970993374 0.0520207046893143 0.0486235298767159 0.0109860031067158 0.0223806710520070
60    	0.002138250543184614 0.0685622732628920 0.0122868095434246 0.0488477823134652 0.0529619998828588 0.0538143287715986 0.0524841922153793 0.0272498255571994 0.0550392329839283 0.0488821757527312 0.0829662071931510 0.0237956367580330 0.0385511134535456 0.0326997543071085 0.0356560205256309 0.0464206573179080 0.0535671732039432 0.0502967500664250 0.0661758871047302 0.0755602941982294 0.0741818855878177
61    	0.002134418552963853 0.0671773367334338 0.0062759029034307 0.0477928422166377 0.0459273144599760 0.0364738415526990 0.0855212892837200 0.0173941048204018 0.0551133199827943 0.0256128152273523 0.0909468845890290 0.0196348972393890 0.0508828297462439 0.0505665189475497 0.0309107714854555 0.0599548466064462 0.0940411870995506 0.0943755037240720 0.0814948466382796 0.0070589082583705 0.0328440384851683
62    	0.002134418552963853 0.0556335639147191 0.0157391825571894 0.1238214203147454 0.1508139103344125 0.0394776436692998 0.0488909905880182 0.0185122432082943 0.0625471644459631 0.0377654942431823 0.0965811983612317 0.0257939002576854 0.0299026570625159 0.0305088758413893 0.0275750377252058 0.0322169033670957 0.0506283072488218 0.0470396892536301 0.0669910845083171 0.0093159108273181 0.0302448222709652
63    	0.002113981271786461 0.0816235339439972 0.0124961638098613 0.0543334686136081 0.0605807064547125 0.0308873910370984 0.0641097856904566 0.0256250289484833 0.0539025482013733 0.0557885303452324 0.0796783993028767 0.0216485161456122 0.1340204841681268 0.0251375260040061 0.0408830282193190 0.0506969802579384 0.0665308495709006 0.0505794341413835 0.0605106202951213 0.0064456205952404 0.0245213842546520
64    	0.002106317291344939 0.0750108287732887 0.0101942255602359 0.0517869689505913 0.0772326902194114 0.0298413443439366 0.0608193506246723 0.0258602973782458 0.0792609562369297 0.0754778543511726 0.1043829884413999 0.0226267706505101 0.0420314669437699 0.0256188605082386 0.0418339349552387 0.0484533545838915 0.0616917105936745 0.0555774939678021 0.0842181439629634 0.0018745810271802 0.0262061779268467
65    	0.002105039961271352 0.0700989551582183 0.0143137989152741 0.0494103783345434 0.0592133434793330 0.0405103885888446 0.0543553285306883 0.0171113593899841 0.0697865756915694 0.0589580963294311 0.1036197650816068 0.0287807655931614 0.0376030275629223 0.0275801984972147 0.0328237227280395 0.0420425664130522 0.0536027165488380 0.0471891000524610 0.0709568480116279 0.0065427064097545 0.1155003586834354
66    	0.0020960986507562434 0.0628553994023272 0.0055822372785796 0.0523973273099328 0.0479760169184960 0.0322129067074359 0.0631728825213954 0.0204368528546399 0.1241271253822076 0.0502645694556665 0.0661899059529199 0.0174741986798461 0.0417466208626195 0.0438002149807088 0.0334998697138911 0.0445128626795961 0.0534173794567340 0.0468381581273574 0.1479437424100872 0.0129835745717005 0.0325681547338584
67    	0.0020935439906090694 0.1016530526553750 0.0138531935033639 0.0341729353787637 0.0371670564547227 0.0277118628250484 0.0513047168310913 0.0152551630082272 0.0768814869003711 0.0414871709721851 0.0980094091376356 0.0250522436453521 0.0627106078477555 0.0376200984928114 0.0610121932102960 0.0327092913639054 0.0972862897606126 0.0802690327654110 0.0722249469767222 0.0062741407673044 0.0273451075030452
68    	0.0020705520492845034 0.0679948008573480 0.0263532733697666 0.0567757504475867 0.0666621684090383 0.0331576616106316 0.0654816446301872 0.0304123563623746 0.0472778259589378 0.0474033345507951 0.0826070264631078 0.0237530018163268 0.0395673750215825 0.0586195765804301 0.0438821726213524 0.0660196439319995 0.0731761530170574 0.0603371234299184 0.0801993214081631 0.0062700815682991 0.0240497079450972
69    	0.00206799738913733 0.0899744483051467 0.0131042862078749 0.0596587343147725 0.0533167219521056 0.0304371226188187 0.2044261055514998 0.0301802977998213 0.0457049995957613 0.0280775534121008 0.0887152699037056 0.0179661156565350 0.0256304148968498 0.0373543364064692 0.0363885233437917 0.0631201952983770 0.0423524060817661 0.0425266216905319 0.0600345433412578 0.0107813121025294 0.0202499915202849
70    	0.002065442728990156 0.0708881647617608 0.0095759375140297 0.0712103122482991 0.0854106509431351 0.0320592639031736 0.0421750621201203 0.0269717835764864 0.0385859285307731 0.0743952753965124 0.0595493676657492 0.0148376838938916 0.0482588005000718 0.1275525219205036 0.0429090793908002 0.0418165355966921 0.0762201036935336 0.0518804791623788 0.0453833899739719 0.0091751674740356 0.0311444917340812
71    	0.002056501418475047 0.0819800745983053 0.0034024390483965 0.0546459803485440 0.0485741536812142 0.0367165322475185 0.0637160675660501 0.0178650569403249 0.0488554423315357 0.0505063065223424 0.0725926403911878 0.0178983969874007 0.0458576921119294 0.1590446697250952 0.0317425302342259 0.0383475416395099 0.0578576186639220 0.0533138591792957 0.0630743401253331 0.0170124750019249 0.0369961826559442
72    	0.002053946758327873 0.0588532115534966 0.0190804813294855 0.0331085253207412 0.0465003769668819 0.0965429342760310 0.0315344181744270 0.0345285747019808 0.0646182454201168 0.0513790945803488 0.1123868545677008 0.0304455754960196 0.0332149027332170 0.0228030023821330 0.0360132408364384 0.0468314766763514 0.0524069546952522 0.0426014940083967 0.0668713349646300 0.0260597210258452 0.0942195802905061
73    	0.0020424507876655898 0.0855986600901428 0.0132101220612033 0.0562129148790749 0.0604971707677810 0.1101733845253961 0.0645106373554664 0.0294430566993499 0.0491312587794967 0.0443974035934150 0.0818123660298291 0.0189593085438960 0.0349464472358084 0.0413270967621027 0.0409060891042510 0.0598248609353708 0.0536423151069377 0.0515012279391223 0.0642794516140644 0.0142567294396933 0.0253694985375984
74    	0.0020347868072240678 0.1503858266347819 0.0144656217932508 0.0671993797227585 0.0650540218264820 0.0278133341133210 0.0661261225813845 0.0313374694399374 0.0358865094811883 0.0231834363275941 0.0990494957641964 0.0133324836695310 0.0182400711125261 0.0420150804290849 0.0667972306068095 0.0851689654543026 0.0500740077504851 0.0519897816271315 0.0571322380640476 0.0183054830072138 0.0164434405939731
75    	0.002030954817003307 0.0711502817905521 0.0066654184780968 0.0501110038577719 0.0642482127146029 0.0323269160058786 0.0420015400962475 0.0216065978560945 0.0640829177641949 0.0694623436200391 0.0848195774521192 0.0203627559274834 0.0378559295640973 0.1584864178138912 0.0329417795070664 0.0442975017373453 0.0448595748971152 0.0459126724267009 0.0732795838432701 0.0054523271317531 0.0300766475156794
76    	0.00202967748692972 0.0877058526575577 0.0104382644370326 0.0475514578148755 0.0450880094115843 0.0241192533921639 0.0622137783222680 0.0260510188832804 0.0950198334403319 0.0250435018706702 0.1678904798089215 0.0211812839749558 0.0226451728082228 0.0339289669191640 0.0294999341624610 0.0577518394777135 0.0387506654343982 0.0385383299420802 0.1385032451498146 0.0104424191151529 0.0176366929773507
77    	0.002025845496708959 0.0864313514422937 0.0100065469798840 0.0995213490261509 0.1532039455703528 0.0218877742115825 0.0549457237393499 0.0188993156152912 0.0314193918963949 0.0804497355143663 0.0515196154434648 0.0158348767015371 0.0466854873161993 0.0379670048892484 0.0466204088274160 0.0575243851734245 0.0611907036021788 0.0521592679617729 0.0414520159224394 0.0098894146379715 0.0223916855286812
78    	0.002018181516267437 0.0493729507912573 0.0223223570508041 0.0275275666930878 0.0431507771055784 0.0620813235878902 0.0209980738333187 0.0264157820953414 0.1071693588827178 0.0525644119917465 0.1555570040867369 0.0380546927298290 0.0311722290751372 0.0216696847113397 0.0367505411850646 0.0443261059838154 0.0527697651447586 0.0551528156123353 0.0972151221069528 0.0122247319024859 0.0435047054298025
79    	0.002002853555384393 0.0667480817589729 0.0117864115730170 0.0521735785960424 0.0580327785607787 0.0258657490316293 0.0609890479360496 0.0221657421376198 0.1412202439491223 0.0505320595653533 0.1825415032307065 0.0137691345008247 0.0376644950440702 0.0264040923780662 0.0339452367722012 0.0459434326449948 0.0496343933025759 0.0384176277886283 0.0460367750311143 0.0091490595692032 0.0269805566290293
80    	0.0019951895749428716 0.0924915645364544 0.0161062840685944 0.0499207180156545 0.0741526881195915 0.0221735963271948 0.0407077301240530 0.0217638476063510 0.0448485746864022 0.0600186559614893 0.0633149671856219 0.0162645285836365 0.0395731071935518 0.1617034019872355 0.0397709811124313 0.0394707504159190 0.0803666737705257 0.0574067749549300 0.0577370620784608 0.0039304967241028 0.0182775965477990
81    	0.0019721976336183056 0.0654022768330056 0.0192338226441807 0.0360145369156382 0.0508663779315240 0.0335382003950420 0.0409953796895255 0.0192659962351474 0.0707660077499510 0.1134392332339753 0.0904843692114171 0.0298566458162844 0.0408662901390104 0.0287133562824772 0.0428492565973331 0.0926615629654859 0.0583845971313721 0.0536671438437144 0.0825784926053321 0.0049080366538277 0.0255084171257560
82    	0.0019632563231031966 0.0457555963235232 0.0114291272200058 0.0436574320976075 0.0506782821263219 0.0411662674863106 0.0474660465457568 0.0225524621515256 0.0440591390245624 0.0446551371191576 0.0767353471446248 0.0210952229521677 0.0352078061403806 0.0247245110266583 0.0311248646023348 0.0418861943132984 0.1572875068364364 0.1590119495297530 0.0518052556404400 0.0130220615784395 0.0366797901406951
83    	0.001959424332882436 0.0875069879235057 0.0200835051180533 0.0438697838969969 0.0626585755721630 0.0284779704593202 0.0433596615980177 0.0201113339936257 0.0691665318522324 0.0539499092605641 0.0825120021296190 0.0198451760791129 0.0348098221958386 0.0300701535207955 0.0348881342632194 0.0380445716008992 0.0718098927909105 0.1136809121442094 0.1151844163472111 0.0064051624790138 0.0235654967746914
84    	0.001955592342661675 0.0517820205705652 0.0185176584362543 0.0407887415388890 0.0509111954704066 0.0398210641274834 0.0434546529211760 0.0377860338110010 0.0578995121451872 0.0545496838195591 0.1105477252496744 0.0260533801000807 0.0388992008125536 0.1047275577761646 0.0493693094484511 0.0526537231690300 0.0690298858350328 0.0481065439465397 0.0618651540081560 0.0087110073330826 0.0345259494807127
85    	0.001947928362220153 0.0736684795730026 0.0174488434607530 0.0819079533337754 0.0698734910800713 0.0234611765167209 0.1542786518157791 0.0286143600209226 0.0260839991657803 0.0638861382136554 0.0418898349730862 0.0155351333129257 0.0735671014593949 0.0344553662167144 0.0401619700903974 0.0480443206828414 0.0780881818146309 0.0513506043628120 0.0380755448447441 0.0109760736053034 0.0286327754566889
86    	0.001942819041925805 0.0748007140065439 0.0162777462560982 0.0790114046708659 0.1155182222033260 0.0166808269948792 0.0510311355105250 0.0357115094171388 0.0174601758841168 0.0971751079340315 0.0444597012842585 0.0145453993487871 0.0596810767491979 0.0269991660020901 0.0778614472036353 0.0770039676314650 0.0841291032297854 0.0540316244035065 0.0300326817339484 0.0079659862759324 0.0196230032598678
87    	0.0019300457411899352 0.0473964570501580 0.0120052393225422 0.0304650129838790 0.0374613387540478 0.0820942344327776 0.0352562066011750 0.0251304355144103 0.1252404048837656 0.0390334716678000 0.1490540745659092 0.0391830072590340 0.0241663112348925 0.0285351073450006 0.0239669977266119 0.0309640284933515 0.0367804947647247 0.0407672769687771 0.1130297227789414 0.0208242418720271 0.0586459357801746
88    	0.0019134404502333044 0.0669292484947124 0.0203385850889928 0.0683920702770565 0.0891496191721066 0.0351291835891353 0.0765639937092836 0.0264209975153813 0.0567734247724086 0.0768538448671679 0.0852561201466756 0.0170293889760952 0.0457174497343000 0.0275685451245211 0.0531924717788536 0.0566449644728360 0.0532649742161213 0.0438889706222499 0.0511183247612908 0.0192817820473582 0.0304860406334532
89    	0.0019121631201597174 0.1989554329500658 0.0130310873195858 0.0508534443074224 0.0675419457841973 0.0253747956517670 0.0649744402093299 0.0209134835459411 0.0428318517870123 0.0633080863571763 0.0665850545812454 0.0204250823076822 0.0343514257518663 0.0281818141772945 0.0406739408696939 0.0453194913268690 0.0857505263391984 0.0494320167368817 0.0568915068961032 0.0037933997264679 0.0208111733741995
90    	0.0019121631201597174 0.0883090496005848 0.0024697335492181 0.0746120806596129 0.0858185969673213 0.0356915040620955 0.0521609701664283 0.0241461193431856 0.0552871207772362 0.0783917441190839 0.0771971080686039 0.0185509241904778 0.0455234697070912 0.0356057992487160 0.0579265390899886 0.0419423228034907 0.0565255113813233 0.0633263118510859 0.0626507618390492 0.0073513655503374 0.0365129670250690
91    	0.0018981124893502606 0.1365983546196924 0.0059882962965774 0.0742581842008825 0.1431216522961924 0.0198832561170459 0.0422540367175865 0.0232034085482613 0.0377727013042293 0.0605695374342833 0.0649833548234785 0.0130570107284399 0.0353779792071347 0.0260549567269094 0.0699879311478124 0.0640857541327651 0.0572658138238242 0.0557274052970038 0.0488221707481594 0.0055570479555632 0.0154311478741585
92    	0.0018840618585408036 0.0646597664904800 0.0124809453162326 0.1128972595232589 0.0808087587097690 0.0166859726162497 0.0626731013694448 0.0375002394759105 0.0225030299492598 0.0708454539247574 0.0321361479092760 0.0121473254862852 0.1524678826795378 0.0209565516138634 0.0486821550593661 0.0476501504250348 0.0887457061888859 0.0592802749134909 0.0291497059767119 0.0060100253391300 0.0217195470330552
93    	0.0018712885578049338 0.2002609781213693 0.0175847355197175 0.0346630520451988 0.0426709617592040 0.0350845588570272 0.0415275708000940 0.0194995817384055 0.0660208183105503 0.0417961350819633 0.1109029496455132 0.0348084878683016 0.0290136491071125 0.0202220633989827 0.0297411265938088 0.0417100932784264 0.0551050056286553 0.0461743286552826 0.0999421217290559 0.0064530647544176 0.0268187171069136
94    	0.0018700112277313468 0.0522440002702206 0.0078293883024288 0.0672001215871207 0.0737682662749821 0.0300981013033829 0.1819376940457552 0.0237794271404744 0.0560382460672713 0.0733392336735984 0.0770076407975547 0.0178442866425500 0.0552910563641866 0.0227243956764695 0.0424918642856987 0.0495901085847607 0.0427954683572394 0.0395679967532218 0.0530300429036705 0.0073856476636272 0.0260370133057863
95    	0.001862347247289825 0.1184787060454268 0.0186819668181767 0.0501082976058075 0.0623727052116760 0.0274152637786010 0.0611382065211246 0.0242564913931156 0.0460992022779324 0.0292248796881810 0.1484708666423007 0.0150948631631645 0.0209983660122567 0.0311466583140985 0.0445210865010860 0.0932136583459455 0.0474174563811584 0.0451973102348519 0.0841071078627160 0.0109056774121350 0.0211512297902449
96    	0.00185596059692189 0.0773804795582209 0.0114703206115245 0.0565717668877525 0.0714625300595942 0.0372084749793208 0.0486399465970193 0.0177843191265615 0.0661116413749071 0.0422276917373029 0.1054104686902787 0.0304118028739657 0.0648095067351226 0.0401555077043370 0.0605684263681517 0.0289511138249765 0.0756014196484879 0.0634257754024395 0.0710448679644905 0.0061612701566632 0.0246026696988831
