# This script is generated automatically.
# Vector of amino acid stationary distributions.
distributions <- [
              [0.07179084126090553, 0.013916441237280615, 0.055288871724971565, 0.060919882459255274, 0.04964132115457608, 0.06290507614236099, 0.02523189095692365, 0.06222272777120961, 0.05769411490527305, 0.08058953916495298, 0.020622779189821406, 0.04777953706126311, 0.04407822364139992, 0.045491801429048406, 0.0604603694060934, 0.06344536550976863, 0.05880666862918669, 0.06997537148436811, 0.01193116118655618, 0.03720801568478467]
            , [0.08196834011361846, 0.007064764338709517, 0.07585637288200395, 0.07777150125797162, 0.022307406084488286, 0.06416658318811304, 0.02416890386910682, 0.043981887359801415, 0.0696366445729085, 0.06536680831917706, 0.015715888566305087, 0.06437009746652778, 0.030171636707039363, 0.06320304664945949, 0.06238276828607212, 0.08438758432601307, 0.0639094770812068, 0.053950600177085424, 0.006847147965230098, 0.022772540789161987]
            , [0.07221126118854201, 0.01029069156095003, 0.04641132862956326, 0.05608772651183212, 0.05138131836188172, 0.053055885298624254, 0.02115743068187363, 0.06914909654385837, 0.052415148348062865, 0.15788468763383526, 0.02634605939244987, 0.031939251077954825, 0.024675446434744366, 0.04790397544505624, 0.05582119876838259, 0.05718408741540807, 0.054573031710131115, 0.07313798425303013, 0.008971820709913203, 0.029402570033906044]
            , [0.198848843861222, 0.009566602246150097, 0.052108851064091924, 0.0588787025426965, 0.02121025211487386, 0.06623845651767528, 0.018815551087736953, 0.0447051637167662, 0.049315515596323405, 0.0704554555845449, 0.01569161323551457, 0.03565249616165225, 0.024563982969186444, 0.049649709184708006, 0.0568194498841226, 0.07729822851964789, 0.061018112736137636, 0.06356816600776291, 0.007142090895353831, 0.018452756073832507]
            , [0.08806189214274987, 0.005673520802780968, 0.08753654749186801, 0.16906512321824435, 0.014417453643750897, 0.050291523315590704, 0.019762275168673574, 0.026618373049103992, 0.0755117490447526, 0.05715289331207107, 0.012369651748343029, 0.050710146933779086, 0.02414744425488381, 0.06731590267058005, 0.05997435361668259, 0.06521659479836858, 0.05843155366897607, 0.04844611651295724, 0.004276732021723202, 0.015020152584120433]
            , [0.06953709051655454, 0.008618762672396894, 0.02059004633750334, 0.03639521378880798, 0.06262807703188082, 0.04142695076805734, 0.015013882981589032, 0.08435873887919856, 0.03364047743276685, 0.24595187650131695, 0.05259049258106994, 0.01910351360151987, 0.014992462086310412, 0.03290665064367774, 0.044155934471810224, 0.04200469552149197, 0.0469898871937587, 0.08530096239877148, 0.007699216064307162, 0.036095068527210214]
            , [0.08271314652773644, 0.007458954193820411, 0.06103251617177654, 0.05231367659180759, 0.021857185076470644, 0.21967991618066696, 0.018812771991084748, 0.043807195414539625, 0.05093093967256522, 0.06358044903196047, 0.014349813411843331, 0.05503602341637797, 0.024239704365375134, 0.04038385939717261, 0.04885178778284362, 0.06550931445746429, 0.050142550956385354, 0.05274800244320915, 0.007016927762275145, 0.019535265154624712]
            , [0.07735548823093988, 0.009532623619751004, 0.03821485022562111, 0.05126623520283461, 0.0297113576796754, 0.04775597647186417, 0.017239631871723275, 0.09051954575910558, 0.04839235512698811, 0.08969288355024163, 0.019363124767942694, 0.025212270853007663, 0.021310088405569756, 0.03659720422157228, 0.04929405982209593, 0.051565796275804224, 0.06548849611974934, 0.20167906767209942, 0.007286097652588728, 0.022522846470825225]
            , [0.07087568399701602, 0.0059125069914229755, 0.05190112952904533, 0.07462968379926543, 0.017083066336339298, 0.0471346251050933, 0.02122564389310831, 0.04581327641189405, 0.16725850667781053, 0.06413946160216207, 0.01523517887677336, 0.05524277330126865, 0.01836138763499756, 0.06557039711923447, 0.07993040192079637, 0.06222337080544954, 0.06094931988325051, 0.05357449509713218, 0.004552337085050844, 0.018386753932888963]
            , [0.0661532100647869, 0.009074504210304707, 0.02423007128857739, 0.02832121804519676, 0.14311081283044672, 0.044128963511834186, 0.0486471536024999, 0.05404796594826969, 0.027339903658661787, 0.08937262947688102, 0.01994652589124938, 0.027527753113823585, 0.016342490279953378, 0.025073412689343946, 0.03900339805330353, 0.053153174795368095, 0.0473179262447112, 0.06099222079635777, 0.028039033801659088, 0.14817763169677098]
            , [0.07447850657633241, 0.007592698959222217, 0.048859114877328025, 0.05707224098478002, 0.020761125201364864, 0.05002229163077743, 0.017925750430811804, 0.05485947868826805, 0.05665895263098504, 0.06594727375403155, 0.016588459876235955, 0.05000440021723401, 0.020491846888509763, 0.048198605968563804, 0.0536359053624399, 0.08523332722707036, 0.17358936277041562, 0.07176190463059018, 0.0067826236282601295, 0.01953612969677886]
            , [0.09505924815519502, 0.0059987929044761825, 0.05587168973203055, 0.06487705489821363, 0.016890366646453974, 0.05292437777280021, 0.016685745410236617, 0.03720651564203297, 0.05481350607807484, 0.0600773785114261, 0.012384185413033377, 0.035919549710299016, 0.19805253672551568, 0.044808642588469394, 0.049618012453906894, 0.0687074675308121, 0.05555171428424492, 0.05372696866764359, 0.005832162331799464, 0.014994084543335423]
            , [0.060702032075202465, 0.008487976034057976, 0.02492350095733462, 0.04173484748435136, 0.04956789954498795, 0.04507754034219731, 0.01503586655553322, 0.1929043285359023, 0.04322283629849212, 0.11644142994845713, 0.0382467757548733, 0.022450351041329402, 0.01658358356207527, 0.022705970316730346, 0.03984809995767755, 0.043362255427350525, 0.052948816257418756, 0.1250241677601369, 0.006681189709645837, 0.03405053243624558]
            , [0.1017963694218157, 0.009904407064068112, 0.05435624193085577, 0.05136076111780687, 0.013027307189162599, 0.06357266072651505, 0.017405322591794198, 0.02039860896620111, 0.05073308469756916, 0.046668674732699846, 0.011968363406161364, 0.0663211663101143, 0.03398681602047212, 0.045699217012014334, 0.04378758090327902, 0.20759792698288257, 0.09995905085582356, 0.04345762828529979, 0.0044910931147150845, 0.013507718670749425]
            , [0.07404959023786137, 0.004518128585513671, 0.19755065205094452, 0.09761497788247625, 0.010828357386798087, 0.07124919397880457, 0.021276032963286895, 0.015583815624175695, 0.059643951737679855, 0.0393136365673512, 0.008787136821662428, 0.08694272417603975, 0.034868999509886055, 0.05092704247936937, 0.04578594977629789, 0.07870381662446074, 0.05762558953312078, 0.028289772183214993, 0.004088923336245445, 0.012351708544810363]
            , [0.0769407020912451, 0.006692505325195463, 0.037939513331700585, 0.06006225706248509, 0.011586557428036583, 0.041392756750540785, 0.045182483575341485, 0.02082317557175858, 0.11017513899737634, 0.06060133618990194, 0.012709443995575633, 0.04362216981671477, 0.014430520588488394, 0.08040374182762945, 0.20233530168652036, 0.057671135044233816, 0.05528753330843215, 0.04437341813271407, 0.0047759715178043415, 0.01299433775830506]
            , [0.08452616838542197, 0.002268839581419694, 0.07713652974192735, 0.13917198489889843, 0.005308578279858458, 0.04081119867748021, 0.030837442574912624, 0.0120118298712091, 0.1288380224202575, 0.034607682749888756, 0.007413399818388188, 0.06385391168731551, 0.0114069327796666, 0.11429941279106001, 0.07855432929485358, 0.07068205794167888, 0.06262886760003242, 0.026916861907434784, 0.001443408553450116, 0.00728254044484585]
            , [0.05883073033209844, 0.007158005451736144, 0.010309403642680787, 0.014281503455716224, 0.0607335817863158, 0.018702550164007938, 0.009073966425693835, 0.18345177090561254, 0.014294547011583917, 0.24716863087031707, 0.05322233797622828, 0.01113685057271666, 0.010129022157594376, 0.013905003729018902, 0.0169491250130777, 0.027431729385973512, 0.04385235594729844, 0.1655978217162174, 0.005388862724804531, 0.028382200731307455]
            , [0.07811345882253212, 0.0029377598712124484, 0.16574640167828877, 0.25049745244788246, 0.005299642861988082, 0.04535327035301749, 0.016146428247991583, 0.009590533079525147, 0.06725468848414377, 0.021315738795036048, 0.006287027263272143, 0.0563359343870753, 0.02993107092986562, 0.06981300947564724, 0.04092129151287144, 0.059263773130301935, 0.0473834002024598, 0.019530866368745008, 0.001777186662528908, 0.006501065425614562]
            , [0.06311538727889873, 0.005000026264468648, 0.08454818328920385, 0.05675829988757439, 0.014532348658948653, 0.06575909872908835, 0.042922669107644335, 0.021236393784421843, 0.06848225319200099, 0.044880232077450344, 0.010724483760871036, 0.1914929771379924, 0.01508076604131504, 0.05497920182297967, 0.04957282110364735, 0.0863026222244973, 0.06405846779009745, 0.03707826384091118, 0.004717008104449376, 0.018758495903538813]
            , [0.08500427240985914, 0.0052974642052264235, 0.05795899123387323, 0.04208918696564478, 0.009508453134401322, 0.40325389068952483, 0.013018186115906868, 0.014180406782628609, 0.04258406275507754, 0.035226175912684655, 0.008166407459599623, 0.059538704236118116, 0.013745486228175936, 0.03308005722564255, 0.03674047060161563, 0.06330640350000764, 0.03437135231299404, 0.03045125242000441, 0.0033914763192830046, 0.009087299491731782]
            , [0.06416352389538692, 0.006945404030266004, 0.011679514362374301, 0.024627574020994674, 0.026254042912528114, 0.018015822657131638, 0.008466582550824027, 0.21397260417477373, 0.02520786088684201, 0.09928359558111424, 0.03230872925859003, 0.01307758910629963, 0.01149133168323992, 0.014423935788216843, 0.0196105039539067, 0.03419122371343357, 0.06099489188868587, 0.30088443412323007, 0.0032512802023159787, 0.011149555209845797]
            , [0.04142673609963192, 0.0072494592717090595, 0.011434044779470858, 0.013088996335327197, 0.2347334965644135, 0.014259391002879254, 0.0526143589559268, 0.0403811590802742, 0.013514954490470082, 0.08448168280628704, 0.01606633253552771, 0.017134864678607413, 0.008657673223387037, 0.015705237789968723, 0.016099859242719526, 0.03450137934988528, 0.027308598148090408, 0.044597986448349086, 0.046008857849783584, 0.2607349313472913]
            , [0.21808330611355178, 0.001961198968505718, 0.09165468416284861, 0.14893410803495877, 0.004425154860857218, 0.04913554736494398, 0.012545266109462761, 0.008822086426540037, 0.0697517355311356, 0.03155571713796227, 0.004930645980316429, 0.03697505426080053, 0.028184310241182342, 0.07328809172527988, 0.07165763885697281, 0.06470872039651489, 0.049643755002808, 0.027982965769601957, 0.0017133251412359439, 0.004046687914520593]
            , [0.37868933254470255, 0.012678614565013525, 0.0288968545540942, 0.03367035385317147, 0.014702550782457071, 0.08921251848110778, 0.011384672806569235, 0.03842273538471204, 0.03181181186606829, 0.05589339424631669, 0.01249184564024106, 0.01709221163723175, 0.01439798780814128, 0.01830531564119178, 0.033998551432197266, 0.07973501930465496, 0.05289175242960145, 0.05983729272348436, 0.004109452297061341, 0.011777732001982075]
            , [0.04499775853550602, 0.00457276412784383, 0.004522173719840146, 0.007124560956685858, 0.04443119274792603, 0.007187316676570029, 0.004987506240558216, 0.2515142300912325, 0.007588687139029282, 0.2480476970979999, 0.05844718015827732, 0.005953923527228386, 0.005647874528229271, 0.008063524870760275, 0.00818405767042303, 0.013257322392394215, 0.036727802674139706, 0.2266226058014609, 0.0028890508003064546, 0.009232770243588664]
            , [0.05105810172495863, 0.006690387395622921, 0.010989984178995951, 0.014660995417598667, 0.06796246656458756, 0.015296828648647504, 0.010515915806104312, 0.09281713126659727, 0.015620068492589624, 0.3934481875119983, 0.0785290374269884, 0.01278033440604295, 0.009409157728489275, 0.018172553381713644, 0.024254467657817424, 0.03061343688854371, 0.035242440491553326, 0.07602268184084315, 0.006190724072421895, 0.029725099097885236]
            , [0.12041096283324118, 0.003469186314073663, 0.04689583977344592, 0.056480420814108055, 0.007072038047535452, 0.039221588346863255, 0.010243994037038818, 0.013263261085105693, 0.04536034292084637, 0.03547574391691921, 0.006704223596204621, 0.025904145631530175, 0.34999328629059434, 0.03681713136425909, 0.03621172645268484, 0.07166770761283954, 0.04777981400240216, 0.03806761177549834, 0.002609664536235697, 0.00635131064857368]
            , [0.2432124592662928, 0.010626539015998127, 0.034295440117874255, 0.03565820226245318, 0.006961331867069606, 0.07637338363682658, 0.009844176456783737, 0.012369058365575687, 0.03128358311046532, 0.02792186669797529, 0.008321153143052299, 0.04388569933144188, 0.034931454109975, 0.03215392731538069, 0.024830622641587557, 0.21443115904432297, 0.0987805988506158, 0.044988181606305064, 0.00239831764231883, 0.006732845517685367]
            , [0.06027353265133186, 0.002700408849776077, 0.03417553033606358, 0.07063992986024983, 0.005254930032154794, 0.029988327991577607, 0.02796632880066201, 0.01371862486324928, 0.28392814984237225, 0.03509324430338865, 0.008892882905476698, 0.05541428460282365, 0.008654785806618033, 0.08843341176547186, 0.13118889473720194, 0.05150444245296893, 0.05337054912475626, 0.03031683824130383, 0.00184381903138065, 0.0066410838011723315]
            , [0.2176402211550792, 0.019408027386256427, 0.013047330319330721, 0.021518170567970025, 0.015144923779800644, 0.03936979457573582, 0.00957815879556932, 0.08195253022512711, 0.016735936772253022, 0.08065844130766629, 0.028532572598786877, 0.014803895241256255, 0.014885905903230688, 0.016958937163845604, 0.019670016558300554, 0.0650912394545034, 0.0981944579459931, 0.21333474243970404, 0.003548713123513651, 0.00992598468607737]
            , [0.05631680532884098, 0.0022851113887271506, 0.29989008276195334, 0.11828567669501222, 0.00404962476717373, 0.07034170808519499, 0.027127809824880077, 0.006216145589613849, 0.04876024990109623, 0.010256932970183938, 0.004209619065729049, 0.1395081480569854, 0.012325933229455934, 0.04130185600948815, 0.02681861607706007, 0.07022148415851248, 0.04413779146499372, 0.010346729603600658, 0.001673703950216027, 0.005925971071282005]
            , [0.030132731360221137, 0.004564803422788962, 0.00426144739125212, 0.0066810137253258345, 0.06860033918569626, 0.005931403676128787, 0.005486286921961537, 0.130822362743364, 0.007271232081968455, 0.4663824179284421, 0.09573303631174795, 0.006093389233856591, 0.004890763879238964, 0.010540302451084602, 0.008139088061542997, 0.01093349341715934, 0.02302088738339117, 0.08730472888102303, 0.003956389971276268, 0.019253881972529776]
            , [0.07480964393147849, 0.0014558039859653986, 0.23963628903076087, 0.3277649205150234, 0.002133081211163267, 0.03480100770021358, 0.010456098927068181, 0.004216965653382964, 0.04792946515336192, 0.007984845344500913, 0.003253153782429706, 0.04885347919319228, 0.018960138154017026, 0.06276710027937736, 0.022867393004384156, 0.044556090694674436, 0.0336755525536659, 0.01015263803683389, 0.0008265741620911484, 0.0028997586864151358]
            , [0.07339817177688059, 0.004126725319492979, 0.042194518079269154, 0.049053491320694476, 0.008227306899151125, 0.032990324011660105, 0.010742761937947088, 0.04005333102136767, 0.05799996837803809, 0.03785274323552877, 0.010844204232373216, 0.05034758218376595, 0.011851958912089325, 0.03797282194810145, 0.040893161121237254, 0.12625955189012347, 0.2955365102186355, 0.05804680093656086, 0.0031572772903877204, 0.008450789286695048]
            , [0.04459636689167838, 0.0036785375204102604, 0.012417923599779845, 0.04097960829118811, 0.004335839515739398, 0.023308757343215032, 0.037362594131447185, 0.00953242846810027, 0.23387375158597795, 0.03268185223497895, 0.007878242231269258, 0.03798092214799555, 0.007146506788057812, 0.08255019212458596, 0.3195868079204754, 0.04045982325241724, 0.038612414195991034, 0.015161189576826732, 0.0020124702124166595, 0.005843771967449022]
            , [0.05618527401152462, 0.005594390510016264, 0.0037826687642488663, 0.0062054950906870136, 0.01749408221043044, 0.005718539881608585, 0.0035477766756159637, 0.2845859621390773, 0.00607556919672746, 0.09652321138310059, 0.03048403779935738, 0.0052646305594450825, 0.004884964937551316, 0.005910680525935585, 0.006034890753923079, 0.0189489455447295, 0.0453871950078318, 0.39111904473780745, 0.0015924017110306046, 0.004660238559351187]
            , [0.020914608343833456, 0.004231344537819997, 0.0053191837736774935, 0.00629381691769496, 0.3217421473503787, 0.005732931402245019, 0.04716631703014861, 0.021739027812567986, 0.006609825774258472, 0.057222430024713535, 0.010516965499392478, 0.01011682845519652, 0.003971899377978939, 0.008247647199165358, 0.0077359516445577835, 0.018859831984100486, 0.011350206080145161, 0.02488443194471998, 0.04123992906809639, 0.36610467577930855]
            , [0.028688869041239417, 0.003132869572604573, 0.0019518554339576417, 0.0033185836859983015, 0.024532290701781916, 0.0029742525721805943, 0.002472921692613942, 0.3376498983798515, 0.0036116223898003527, 0.20664621400710212, 0.04869911274502986, 0.0031466065200860894, 0.0027474883896778457, 0.00418304629212554, 0.003655371936313363, 0.0064561485807573425, 0.025605039872860103, 0.2854636563825163, 0.001249706478135935, 0.00381444532536711]
            , [0.024808382126593666, 0.0030154103470464563, 0.0020698342419785973, 0.003439213655509015, 0.05053397726200702, 0.002863917028593324, 0.0027082586104177045, 0.21830339967527926, 0.0036027101569368635, 0.41002017876121283, 0.08413138672362651, 0.003259371988726142, 0.0027461516088141537, 0.005202460199482451, 0.004137321080006885, 0.0062065643570881155, 0.019333963261890297, 0.1449262543769594, 0.0019298601299919203, 0.00676138440783923]
            , [0.06287472224539038, 0.002586847521732178, 0.04441197435657292, 0.027307061218479825, 0.003518041058045067, 0.6408070758923035, 0.007439477473261335, 0.005151663189564628, 0.024180748785631267, 0.00821763599343436, 0.003561252491684352, 0.04586618493287484, 0.006692896562000228, 0.018542585948379604, 0.019545640521998267, 0.04512605812285412, 0.019292318401972347, 0.009747123156910627, 0.0014792031891707413, 0.0036514889377392157]
            , [0.44736090406573226, 0.025391547717570514, 0.009189210208115648, 0.016569279431408863, 0.0041193859665782494, 0.06302543269335797, 0.004787441882219032, 0.009216415694439768, 0.008972255308902603, 0.016058234685816818, 0.005482982968253875, 0.019230950712894372, 0.01102020600223355, 0.009345465362161135, 0.008124983261234271, 0.21171009826228984, 0.07998226082984913, 0.045511623093879815, 0.0012904993227342582, 0.0036108225303280042]
            , [0.032698530074546005, 0.002856770516498241, 0.0016452588379271987, 0.0028959552072659865, 0.011717762001194659, 0.0023771459577189027, 0.0017184838067176226, 0.35704751314171124, 0.002909274153965868, 0.07903020467435483, 0.021503576670080893, 0.002622536450699353, 0.002125707887859867, 0.002675985699251714, 0.0026547843072120937, 0.00644147114026965, 0.02609630808045095, 0.437997229370346, 0.0006703260964748804, 0.0023151759254540147]
            , [0.09232655120749514, 0.007130192485494468, 0.035060212603196875, 0.02697694280731832, 0.005026163244687102, 0.0413747809086228, 0.007957499467277944, 0.009083145760635467, 0.028776574961737276, 0.013305933035776107, 0.006258855464287454, 0.057344114005208044, 0.018534498676716468, 0.0225619576652673, 0.019093450972371175, 0.3332595992284235, 0.2405218734844258, 0.028800617578835664, 0.001804570645976561, 0.004802465796246543]
            , [0.10170366249992477, 0.0008397693686607293, 0.08041416717925941, 0.21743044961223382, 0.0019902417080881196, 0.03079342514338421, 0.009290045806817752, 0.005536852532402605, 0.17953857641788817, 0.010235265061558278, 0.0034375176177428536, 0.050708945842949014, 0.006500190979859626, 0.11490623805183094, 0.057751611960324536, 0.0555400881072996, 0.05033719174287967, 0.019733089878279052, 0.0005970486219888007, 0.002715621866628062]
            , [0.048072251533885134, 0.005632855143558085, 0.035238398058734036, 0.03790073127311403, 0.03726608905060303, 0.017847562829905895, 0.2671470730647423, 0.013335691158661506, 0.04658523152996229, 0.04407970439160741, 0.010001900652353695, 0.0846351715952924, 0.00909249027190313, 0.08669909277715736, 0.05886951060223863, 0.04614208866803475, 0.03930019678983227, 0.021893266693371362, 0.004907553871805272, 0.08535314004323723]
            , [0.04932905986762109, 0.002541951541841418, 0.11637724012367856, 0.03907997827041021, 0.004447621226256343, 0.06329383298463695, 0.03891118926861391, 0.00624071153371711, 0.05649555985852971, 0.009091879503307185, 0.004355831899276494, 0.337198428154422, 0.006039183740662566, 0.03654323583700877, 0.027842398978574885, 0.12144577807475128, 0.06184552908658431, 0.009854990188622995, 0.0015833149754636252, 0.007482284886020624]
            , [0.014512734778583999, 0.0020651550172828934, 0.0016438008919112436, 0.002445718289400542, 0.06131564299175111, 0.0020548461166365623, 0.002513493695803191, 0.08980443836720786, 0.0029103326969684303, 0.6103637867208253, 0.11808834326803871, 0.0025739643475898586, 0.001988179983598906, 0.006252329167771417, 0.003356479034200979, 0.005300146799398346, 0.012947597557124463, 0.050475548274372506, 0.0016541706755419535, 0.007733291325991936]
            , [0.027212393092213297, 0.004456698916183901, 0.004676255972239529, 0.006017899187939204, 0.3729318340893308, 0.006555180389600769, 0.008867041667005665, 0.06490401794517144, 0.006850879459906128, 0.22552630778633856, 0.05010225719154706, 0.006859137251884898, 0.004438571376103949, 0.007700362723323677, 0.007008286239810746, 0.02199946484932661, 0.015315371984390726, 0.05023616069869954, 0.014318895301538872, 0.09402298387744484]
            , [0.01774411502638448, 0.0013965182340036934, 0.0009961178534199115, 0.001730506383667046, 0.016573723629170086, 0.0014339234614832647, 0.001286530070095447, 0.41019381446159364, 0.001766586497348827, 0.19295002183211468, 0.03107518666193911, 0.0015756791887905687, 0.0012338923855174577, 0.002057920286089048, 0.0018857829266370832, 0.0031007130583322155, 0.013953610236119166, 0.29643062442951346, 0.0005328604604130731, 0.002081872917367737]
            , [0.02486501679536016, 0.001989438839284107, 0.005020704373817569, 0.021909931410027287, 0.0022710667154110372, 0.01410510525869666, 0.019768162539171383, 0.005116507645518733, 0.38865594305253054, 0.016380072795287463, 0.004256446057841339, 0.026229490867458394, 0.003537994040676728, 0.050898129944774696, 0.3555216803500426, 0.024090807643589028, 0.02428922424505165, 0.007519395947170643, 0.00097039019320282, 0.0026044912850872095]
            , [0.010855501797893491, 0.002250887765929419, 0.002230324345538269, 0.002836510206894287, 0.3780236661428184, 0.002591281587541522, 0.02824461388187718, 0.011333474115786916, 0.0030686355316198225, 0.03651685290430899, 0.00564361230434917, 0.004592176614239689, 0.0015428439804572231, 0.004018564004010638, 0.0033259962877504714, 0.009242078693267814, 0.005717711248408284, 0.013127986728198456, 0.025229265504647137, 0.44960801635446285]
            , [0.363100454625266, 0.007813502284914155, 0.015351042998072554, 0.0152392049057972, 0.003919797097155317, 0.3532785411976202, 0.0048837744675838245, 0.006249962096084752, 0.008718835655369147, 0.011289704467720482, 0.004786233694066881, 0.019030414400413843, 0.009557750299981667, 0.008558438753224063, 0.008680040168060454, 0.09854330026149483, 0.031485091294694956, 0.02462335088055825, 0.0014749448713066828, 0.003415615580614696]
            , [0.3000025066408424, 0.030092272246147515, 0.004367000605663501, 0.006799994200336504, 0.005812001385618543, 0.02662403489919021, 0.0036327408081249396, 0.07374682244609043, 0.005957014264938751, 0.05136548771793765, 0.022587280809847014, 0.005959962633794559, 0.006157955304867481, 0.006079340051018675, 0.006153468899446318, 0.05237634698561491, 0.10138359015996003, 0.2863814412191882, 0.0011886863044305036, 0.003332052416941836]
            , [0.059137244376984525, 0.0019527465104902106, 0.013921991506483152, 0.009370115174066735, 0.001436464953048787, 0.8188552830998241, 0.002551804317332744, 0.002249091392734514, 0.008736051596295855, 0.00336641039398726, 0.0018463326683601845, 0.01536368052471549, 0.002724555861335898, 0.00475308021180126, 0.007520714637149992, 0.027796699657429765, 0.00968309926971928, 0.006613074547812586, 0.000647285387876334, 0.00147427391255143]
            , [0.11115161557865923, 0.0018899216433160503, 0.021066665572878052, 0.025450583178495037, 0.0033782430071837154, 0.02034950971257504, 0.004962916085082947, 0.00714923739552507, 0.01990740498500724, 0.019305215731559727, 0.003768841637153272, 0.008277392528414477, 0.6065277552559025, 0.018581000976639048, 0.016368075908126636, 0.05291716490437211, 0.03219667094538864, 0.0226682513357761, 0.0012608616624830839, 0.0028226719554619428]
            , [0.014121504487937303, 0.0014583426952037217, 0.0010066676093371254, 0.0016971833967766399, 0.032530989259692285, 0.0013720500041703855, 0.0011437816900769337, 0.22711446064587776, 0.001807979968370593, 0.4962604526416738, 0.07442502117177789, 0.0017622194636194978, 0.001171275204852104, 0.002878641805729257, 0.0018168429959952298, 0.003120831691862119, 0.010981544516938113, 0.12197025986644056, 0.0007578941792398542, 0.0026020567044291415]
            , [0.017049373644602475, 0.0014918000890672292, 0.0008461738365291713, 0.0012968904080357727, 0.005231663757268145, 0.001076146702382445, 0.0008212052914709278, 0.41084431272333366, 0.0012552440072729936, 0.06072766765219735, 0.011805918938567717, 0.0012089305432449956, 0.0008204316390342313, 0.0013419696461536403, 0.0012816549511230862, 0.0023072156174906077, 0.01300541197421002, 0.4664214776309756, 0.00022581305656014958, 0.0009406978904798271]
            , [0.04420782896432958, 0.0007869737149833829, 0.33945641396796256, 0.4130536813663572, 0.0012433654862784758, 0.02226453107511377, 0.004914752007114652, 0.0023336704169244766, 0.02522738460165135, 0.0041609189931999, 0.0018012863875346329, 0.03444929173588975, 0.006419564436579964, 0.04022290621034115, 0.005369195092970163, 0.026096682619846427, 0.02009106377431342, 0.005984172209202678, 0.00047972082769980837, 0.0014365961117064952]
            , [0.027643244190317353, 0.0011242535370450497, 0.44825471660737853, 0.06651756267020527, 0.002036140975584816, 0.04412096451184872, 0.017387648952153178, 0.0030818372240447815, 0.030389033165965033, 0.005301746807696412, 0.002135505228755873, 0.23823562533362624, 0.003982871147557134, 0.020809227736682562, 0.009472574302131326, 0.04446004080872492, 0.025830838305757994, 0.005117093588232093, 0.0008653876866733658, 0.003233687219619268]
            , [0.586727767179077, 0.015027555774423225, 0.0031992588342773156, 0.0036346333261945618, 0.0016371260271446312, 0.05354372996141702, 0.0019070585805406, 0.003227535193367633, 0.0030156419324255486, 0.003847180297008547, 0.0022979293726941956, 0.0049236291957090806, 0.00421540503530151, 0.0035843496035493517, 0.0031096063132172763, 0.23838416570173138, 0.04393973260201791, 0.021849692546719604, 0.00047277301060409514, 0.0014552295125793454]
            , [0.04659071334504087, 0.003635059598176655, 0.01836754891283058, 0.010410082523036502, 0.002524536624860466, 0.017543514949543048, 0.0035650094185299863, 0.00559500212416544, 0.01878800251001555, 0.006660918227745897, 0.0035354557888138396, 0.03296221781544511, 0.004937348225337548, 0.007099520312338778, 0.008378578460978928, 0.3224785940827435, 0.4666939438663342, 0.01682632021989258, 0.000874591566027928, 0.0025330414281426765]
            , [0.0235462194519884, 0.0032156045420981406, 0.007529470899959976, 0.008596302713645981, 0.07491847771086206, 0.02120888342877421, 0.009372730781515378, 0.01005618617777463, 0.008314280444512835, 0.03713904283812384, 0.008190309560417589, 0.010475314607678643, 0.006494940089885253, 0.009318713718309585, 0.014387536686628677, 0.01934208905602892, 0.019347394404312275, 0.02102515153052983, 0.6157858027414944, 0.07173554861545953]
            , [0.015857220657619703, 0.7772164161357714, 0.01175866873702322, 0.019971758998463263, 0.005394072679996495, 0.014534983537863436, 0.006242907769201576, 0.012244030286279043, 0.01599606550260219, 0.015225099443323233, 0.004190167445234582, 0.007164348090284823, 0.013139308304129087, 0.008825169063893088, 0.01372443453666401, 0.02372194215170514, 0.01389615083762866, 0.013705170603970779, 0.0023111189138565803, 0.004880966304489581]
            ]
# The number of clusters.
n_clusters <- 64
# The base file name of this file (for reproducibility).
fn_distributions = "udm_0064_lclr_rb"
