# This script is generated automatically.
# Vector of amino acid stationary distributions.
distributions <- [
              [0.06811645571055937, 0.020781198898883434, 0.05521201143572485, 0.06101619254121005, 0.0467951908393023, 0.0622256852859966, 0.027531084019336606, 0.05848949164935507, 0.05687515083616521, 0.08167799339998172, 0.02077705312747953, 0.04509531551881885, 0.04858704237555612, 0.046714425808733785, 0.06042116378054944, 0.063114268978803, 0.058114192391311235, 0.06780698528280057, 0.016960023665734326, 0.03368907445369808]
            , [0.06817449045136581, 0.016228189316517674, 0.057300901718402145, 0.0698610598130668, 0.04404294667656328, 0.056576062105706294, 0.02572246489575481, 0.06386441001659383, 0.06593556346975496, 0.08782453441310402, 0.022791465053140076, 0.05376702603687212, 0.029425757217301854, 0.05228622843825739, 0.05706632133922861, 0.06602392724531901, 0.05912889925351194, 0.06720142272087914, 0.005660814749912178, 0.03111751506874792]
            , [0.06920468452728008, 0.01243997268641921, 0.04917610625017963, 0.05870132452336749, 0.047841904127601045, 0.055215040117614037, 0.022768514840578524, 0.06431664430742998, 0.05384364988651891, 0.15158790286038631, 0.02317585937337955, 0.034065743456065084, 0.028490661082922863, 0.047652308061591174, 0.05598088703812808, 0.060004832702235694, 0.05551082738689195, 0.07052052338140175, 0.010299514615940378, 0.029203098774068414]
            , [0.06728449034148898, 0.006257589436671244, 0.05812137192213711, 0.06228197328347691, 0.048071353013833, 0.06286616027722755, 0.023723307404708453, 0.055439075579087733, 0.060553290330101046, 0.07521263771590882, 0.020064706351760837, 0.053206864387581744, 0.04804748951496468, 0.05062696349372971, 0.056191477279365354, 0.06243100079942322, 0.06088391497571658, 0.06559966159691312, 0.016541861159257366, 0.0465948111366464]
            , [0.13890445218004147, 0.01253672074018417, 0.05634338867464642, 0.06379481117751414, 0.029717453427924347, 0.06371250187638634, 0.023362565443866827, 0.05374176455892937, 0.05053285678439444, 0.08394262997066086, 0.01869613765230431, 0.03350078807948622, 0.03379805898771428, 0.05045811050953628, 0.06012720859230455, 0.0648633025136518, 0.05918706352490641, 0.06784232391258302, 0.01004954266495648, 0.024888318728008157]
            , [0.07563437724047571, 0.009602647012439553, 0.06028087033698802, 0.0586268479291951, 0.029340676271677055, 0.15385978387581722, 0.021592725499156838, 0.05212780285923497, 0.05462988467314186, 0.07476098923441883, 0.017643110313017053, 0.05056034660388029, 0.030290772713513152, 0.04153467319245533, 0.05480252625795719, 0.06477457367232457, 0.054318237646996184, 0.060433885301416315, 0.009525146400722478, 0.025660122965172307]
            , [0.07490315002671301, 0.014264991777483292, 0.05571587665381986, 0.06091052970553275, 0.02814824186565676, 0.06009191207876699, 0.0241031032768913, 0.049618849557859994, 0.05768492417588953, 0.07265140089745432, 0.018315533184546012, 0.05638341981449451, 0.03151346123977863, 0.04925267706785582, 0.05532819877053193, 0.12431015963231834, 0.07285471153937818, 0.0597824337762918, 0.008586351722033392, 0.025580073236703683]
            , [0.07084260216971071, 0.0110588867505498, 0.04727621587339002, 0.056022577157960954, 0.04084510168724757, 0.054118004924203926, 0.02048996798252455, 0.0772316421916634, 0.05308308665759022, 0.08539001582113394, 0.020713844326587492, 0.03134919885171297, 0.02754650421992451, 0.033132102083815146, 0.052924442964585205, 0.05756520637401958, 0.06405893669719699, 0.15935850917616345, 0.009371574688019113, 0.027621579402000426]
            , [0.07421445547352087, 0.009019137153637405, 0.06824221869962002, 0.14580901714116273, 0.026366475144906334, 0.05327582090205272, 0.0207980249351107, 0.053911008541866326, 0.06549455748205354, 0.07623832696476482, 0.017797309221146355, 0.04465150106624634, 0.02609390081327213, 0.05290383826179227, 0.05572981850981205, 0.05953061098677392, 0.05741385246334565, 0.0608387814471733, 0.00762003033535701, 0.024051314456385288]
            , [0.06858535394368691, 0.00905132479270719, 0.05458920630655049, 0.06914875340443706, 0.025390428493179372, 0.05364292520735096, 0.021560906649437706, 0.05387136541070094, 0.14122674042139763, 0.07238992717491008, 0.018111913926898007, 0.053489118683155895, 0.023875663920165976, 0.054514920467696355, 0.06805182276019653, 0.06295852742336308, 0.0586051984311564, 0.05927538016479043, 0.006700572969166069, 0.024959949449053033]
            , [0.06443530138879587, 0.009066399496430856, 0.04265949161501078, 0.051553076600684464, 0.049419681434435994, 0.050325151122095554, 0.019332928956138976, 0.06293609886107167, 0.04836318718703632, 0.21639306120809668, 0.037333239283695974, 0.028787604713230476, 0.021628753168777676, 0.04370162102959183, 0.0502736360684596, 0.050990799634508616, 0.050310955943139335, 0.06565438916284458, 0.008183730805851261, 0.028650892320103455]
            , [0.07634150911432838, 0.00805537870663107, 0.055248911126439725, 0.062435994230357186, 0.025246606049170648, 0.056816389649381134, 0.019862795753374376, 0.04860407088612843, 0.05685717098069054, 0.07115081015723848, 0.015962582673489913, 0.04065446963992472, 0.15059675055186472, 0.04423322324538857, 0.05272169905480908, 0.06638978916733737, 0.057108806872635184, 0.06114449226462843, 0.008231416014595677, 0.022337133861586374]
            , [0.07501993705775734, 0.0107979226152615, 0.05051363449599453, 0.061301702860844395, 0.026240270020927006, 0.05578938272726563, 0.026608454963116177, 0.05019458030191714, 0.06689416667975005, 0.0797818125127811, 0.017924394318138494, 0.04124990189496788, 0.024853313641087553, 0.055061323477695906, 0.1413122248556753, 0.06077509044001219, 0.05877141368474699, 0.06256452207004289, 0.009400783846204219, 0.024945167535814022]
            , [0.07265285202658427, 0.009334049135710867, 0.05191991460365142, 0.05836414614915575, 0.026236526527597444, 0.05456235828645768, 0.020014882720825647, 0.05805942849911498, 0.05719404122174089, 0.07225155715901282, 0.018387288920123587, 0.049302879159413206, 0.024702223330140893, 0.04562464671170728, 0.05428707251524723, 0.07252929114945222, 0.15113951435141784, 0.07128334740961305, 0.008474132101828609, 0.023679848021204354]
            , [0.07396990911476566, 0.008694474342143913, 0.1386409510503998, 0.06742406965436164, 0.029065434717748643, 0.06188228977356117, 0.021493210154232122, 0.05335645846539802, 0.05792745160557223, 0.07426971896558016, 0.017423793892329755, 0.05593295946973658, 0.029915984275396847, 0.044123760323686874, 0.05133131504955496, 0.06166115785485519, 0.05581898284391967, 0.060819287124421716, 0.009826435305937983, 0.026422356016397183]
            , [0.0654438595706394, 0.009749442338268683, 0.05001741680201989, 0.05700066793655514, 0.04342166105087085, 0.056265983938676795, 0.019452191545200965, 0.1505359003246323, 0.05789221158896468, 0.08236379986765135, 0.021533051646365382, 0.044393082252133044, 0.024681923025271117, 0.03108601059247993, 0.05036280468008238, 0.055073907182722336, 0.055734432038214404, 0.08649532902161368, 0.008761991991580525, 0.02973433260605718]
            , [0.07974057639432351, 0.008171475275784185, 0.09895873499446384, 0.10949717292660609, 0.012765382871137503, 0.06810921788426073, 0.02645395393631005, 0.019161342615496416, 0.07672052585591731, 0.045974308058918355, 0.011143252805401155, 0.07098341672256314, 0.04355012653160521, 0.06540497248663818, 0.060943895004896, 0.09086378910510703, 0.06440410727495154, 0.029061597537753472, 0.0037988593774906892, 0.01429329234037568]
            , [0.21650289257677993, 0.00928864390630342, 0.052198763041626246, 0.053745638607177175, 0.026826086781731776, 0.066540251706952, 0.019347036763855498, 0.04810720838003718, 0.05040088889741757, 0.06865516423927923, 0.01720321387003513, 0.03676810290658548, 0.022870482680288393, 0.0428034152986962, 0.05092096979638496, 0.06596053256711697, 0.060039441949202646, 0.059724844619022326, 0.008689686938287965, 0.023406734473219837]
            , [0.06321958899418917, 0.010539976949576388, 0.024408955996027094, 0.04324353068674454, 0.054276270539988875, 0.041542957282588285, 0.016798641144357526, 0.1393791432277025, 0.044581050263245804, 0.1693440895104509, 0.043793832244586085, 0.023103182687360793, 0.01844403679099867, 0.025654058989746174, 0.04043636968327249, 0.047290235423093324, 0.05277055496022308, 0.1025402504920415, 0.007702872574641347, 0.030930401559165353]
            , [0.06779532163941052, 0.008906153616381465, 0.04432011468203983, 0.04970940590358702, 0.07434272220831865, 0.05194558338097998, 0.030547730225188748, 0.05318728855878889, 0.05017338682567857, 0.07907520694576962, 0.0182603205968705, 0.0431576905298543, 0.020328077643106207, 0.030155312055347026, 0.047140552234000696, 0.05689909696946525, 0.052595463589756634, 0.061220744608158045, 0.012683840946927635, 0.14755598684037025]
            , [0.07105572950647994, 0.010696542068913597, 0.03910250568494932, 0.04776113641375107, 0.1504933225430359, 0.05494006394543282, 0.023733753864070617, 0.06118978991661341, 0.04222036531256837, 0.09465468141605209, 0.023803725908326412, 0.03046180193237694, 0.022426992550626794, 0.02846086733508919, 0.04534238450451864, 0.05666602967251602, 0.05179380496231931, 0.0669969490704419, 0.012882783176514648, 0.06531677021540265]
            , [0.06492717600998643, 0.007066722092694677, 0.07220382216424455, 0.05998959606628588, 0.025436888906036778, 0.06185910683676049, 0.021698868733823855, 0.051469682057088316, 0.06620003953371915, 0.06353219337464468, 0.015158735163060466, 0.1454283599386895, 0.02201200912124007, 0.04792155214786585, 0.04982636587249228, 0.0745575534570832, 0.06138039709202781, 0.053225889176491334, 0.007855245872173481, 0.028249796383591055]
            , [0.15112336047694996, 0.010984717996945954, 0.05295813811787584, 0.05727756270659415, 0.018638848861139985, 0.06823275326819056, 0.01894842394737797, 0.03148929887705773, 0.05121562832500659, 0.058890766914595986, 0.015509853287135921, 0.05317132615076857, 0.02954004537320573, 0.05101477878666917, 0.0473417147087027, 0.13158310069097562, 0.07259827806846568, 0.055241094670246293, 0.005846104773987649, 0.018394203998108104]
            , [0.08339765932095815, 0.001437396102485401, 0.06084182009939815, 0.06378299641457207, 0.0291930995469314, 0.06364317957789334, 0.01656079556990332, 0.055412325521184316, 0.06580476201470087, 0.08318147143912369, 0.01687338826908741, 0.05710123760243328, 0.029547411723621082, 0.056188518993349604, 0.05562478873453675, 0.07255469025527157, 0.06885360892089847, 0.06912011007959698, 0.009682401051773613, 0.0411983387622808]
            , [0.06597897599465513, 0.007120301955617892, 0.05238435876632352, 0.046870526031120345, 0.02811339710402971, 0.2500812926253448, 0.018116445849392027, 0.05337075629753417, 0.04792433876398903, 0.07259734941969263, 0.016090698352296543, 0.04794018779377946, 0.023217096499516962, 0.03021785327903558, 0.04681679242961347, 0.05460523028850627, 0.04858826853378681, 0.05974917826577506, 0.007578572691758084, 0.02263837905823239]
            , [0.07474834968088624, 0.00439310039528851, 0.07116481236835032, 0.14702693603609407, 0.012809949696022461, 0.0435424435390133, 0.02055137055456039, 0.025037758115968783, 0.1339742356805396, 0.052356921721289605, 0.012115641325482863, 0.05601207899464566, 0.016558907596902175, 0.07294245868601199, 0.07058423550928829, 0.06421199314150597, 0.06084810935606847, 0.04298096838011707, 0.003036028084304735, 0.015103701137659674]
            , [0.058331460063458435, 0.008668094611548402, 0.017119259732992654, 0.023276928509223124, 0.05698564780813233, 0.025942831741947357, 0.012504138782467731, 0.15871543069509722, 0.023954124863132066, 0.25919312364612873, 0.05423342323053331, 0.016373560466755584, 0.013642342149527692, 0.020315647131943206, 0.028630504858207294, 0.03449843024926618, 0.04583627948421377, 0.11223024641903726, 0.006826888819912894, 0.022721636736474937]
            , [0.06436434431338411, 0.009547057781659147, 0.02585480810700713, 0.04422352886100043, 0.03367571422131676, 0.04503992904897793, 0.015995808202392717, 0.16322972179159034, 0.04608773002646505, 0.08615307450282365, 0.01965194021264455, 0.024076117361706482, 0.01903499027519065, 0.02543372706096445, 0.0449282923342943, 0.047854734584928234, 0.0585222453095987, 0.19751128957373004, 0.0064681791013571945, 0.022346767328968002]
            , [0.07727115738123018, 0.007306340040038051, 0.051029429136918804, 0.07425831490365335, 0.01758073384520844, 0.044166392555945955, 0.04008801003640456, 0.039671730434575274, 0.0738620879211374, 0.06914839427272008, 0.017521844300642266, 0.054279996450413454, 0.018409577320575063, 0.1441983314826542, 0.07051535972116398, 0.06380201335800391, 0.06158607066875203, 0.051569204171557345, 0.005542298995355385, 0.01819271300305011]
            , [0.06407404637883383, 0.007185044578456498, 0.03801940535232637, 0.06183524479640704, 0.013071422763077429, 0.0417242883813963, 0.03961686581615638, 0.024968662812821896, 0.16373448092027193, 0.053465399047961236, 0.01436756674994412, 0.05108853914650508, 0.01651483902223644, 0.07301429358692545, 0.15418550520729307, 0.06176690003415526, 0.056298807917493844, 0.04577514229443295, 0.004539745449782715, 0.014753799743522209]
            , [0.07400974573613298, 0.005319914416278731, 0.15300236722628416, 0.1710334204444097, 0.011416110670576391, 0.055382586646117865, 0.02022012305104005, 0.01709563283807455, 0.06554743670074989, 0.04290900278616555, 0.009899395544588048, 0.061713191850766014, 0.03621589053100472, 0.0586942913576433, 0.04810551010302658, 0.06679198714959554, 0.0536909807080384, 0.03268169236046826, 0.0037374776340135343, 0.012533242245025748]
            , [0.07207922683960143, 0.00892512107289909, 0.024579363474399287, 0.039292624188966944, 0.04348530000880155, 0.047036221224137434, 0.01601241946689296, 0.08895938191259407, 0.025519650420339147, 0.19745445373756187, 0.027337468487735373, 0.019153847089632903, 0.018907226097060643, 0.024074198311404706, 0.044596852463579084, 0.043524725527589216, 0.054954683961523296, 0.1753137781989892, 0.0076115402087548086, 0.02118191730753711]
            , [0.16960145561994447, 0.011692637665483275, 0.02757986679314576, 0.04383953380198188, 0.02463914623037765, 0.050851945928821425, 0.016626252921277073, 0.07064740745397588, 0.041629902960554764, 0.07680908864525779, 0.019571318630903323, 0.023162410336952422, 0.022704047832650856, 0.027909072475823343, 0.044526167296361885, 0.0632050200646714, 0.07585016237536994, 0.16312363432777627, 0.006757769778591039, 0.019273158860079544]
            , [0.08443643993219174, 0.008967287829672942, 0.047582367603885845, 0.051660465117604235, 0.014237213869143428, 0.05183370511503724, 0.01781040982414998, 0.028026753169366043, 0.05235262805692222, 0.049626884962557405, 0.01385023351572936, 0.05981954464937427, 0.02342024095756667, 0.04576272061787951, 0.04769994946057354, 0.1658575454896099, 0.16527933118386604, 0.05228513203978444, 0.004952350261533433, 0.014538796343551822]
            , [0.07967203143709542, 0.006116513028143297, 0.046808727998710185, 0.05178687077968718, 0.017230242295051268, 0.050862920761424665, 0.016038757954190023, 0.04030552603060882, 0.049178120849929736, 0.0634615321745258, 0.012555579531654296, 0.025041448919344286, 0.26274634755585347, 0.04187796389593119, 0.048696170009617686, 0.05960533235749001, 0.05189741496027281, 0.05525873897739086, 0.00593953058969489, 0.014920229893384368]
            , [0.07324524362375893, 0.009432309280097481, 0.05384305976548659, 0.051789138574025194, 0.02419331866511003, 0.06724382619451141, 0.019270675489186474, 0.04184328703638544, 0.05308220144821706, 0.06438248264250654, 0.015266865295577477, 0.06022850909467837, 0.023958128438827473, 0.042324684630193454, 0.05020525037363995, 0.1979730540263703, 0.06761161178683929, 0.05338563257671487, 0.007426275629326253, 0.023294445428547535]
            , [0.1453152788374301, 0.006979166874655367, 0.06689896493496476, 0.08322363687660136, 0.013498794461524225, 0.06185521466485844, 0.0255398264106794, 0.019357768711574987, 0.06098118203545452, 0.0625830082836507, 0.011311369775927305, 0.032534775903497584, 0.02334861965909183, 0.07217258766235135, 0.12080462202000532, 0.06562406524961983, 0.06130475084295426, 0.04784941333641028, 0.006213422844089082, 0.012603530614659325]
            , [0.3118418909697893, 0.01305384653791785, 0.03658665054482377, 0.04299752597299495, 0.020724508006517418, 0.06707712393946103, 0.016100025319131895, 0.044279595770979854, 0.03654898383584856, 0.06363705466173634, 0.015183642988127317, 0.023899584168452916, 0.015671828918581588, 0.0328358321361212, 0.040245398656616395, 0.08014108454204368, 0.05536432567074754, 0.0604221460856033, 0.005779588112202437, 0.01760936316230269]
            , [0.06382946326659336, 0.009743339291321, 0.020043452929052942, 0.02353016605998114, 0.18023160059902602, 0.040793250052924494, 0.04753444248076923, 0.049961569531776176, 0.02284589437793941, 0.08681571469374802, 0.019640386830009276, 0.0241957362771485, 0.015142886424367598, 0.022772661122870318, 0.029520922334854212, 0.04986262182075145, 0.044096454299557664, 0.05895252349523493, 0.022843844019052977, 0.16764307009302112]
            , [0.18460776292918848, 0.008785559305831437, 0.04790933936911462, 0.04603503272326768, 0.01696811848934065, 0.20583531865008875, 0.01581006360129146, 0.022260629857912304, 0.04093608604956125, 0.05251150732034951, 0.012366932660818035, 0.0419913800305301, 0.02612732018147603, 0.03589801221371943, 0.04351710300168538, 0.07987367807125864, 0.05210398255011676, 0.046234634351621055, 0.005736412577817222, 0.01449112606501115]
            , [0.19886274243066507, 0.010952738181288578, 0.04140695458756449, 0.04538524335198041, 0.01243676090931142, 0.06650398629126279, 0.015581634095874255, 0.02056953206371215, 0.04186310460653817, 0.044000102765299184, 0.01234735348850782, 0.0475298227559202, 0.03236844550603313, 0.04144499582321968, 0.037393504024328665, 0.1834651878119079, 0.08273693595462342, 0.04896403815900851, 0.00397870556355735, 0.01220821162939694]
            , [0.07450313797822146, 0.0026581873355204034, 0.07766423468352172, 0.07930420584673585, 0.009432927281217232, 0.05970629218990329, 0.03324994035110078, 0.016261049461450617, 0.11571175921725552, 0.03729172019316908, 0.00899365935124184, 0.0960390996098852, 0.018500739469620827, 0.07555752020824907, 0.06991698326769384, 0.10872322196161706, 0.07714349464358126, 0.02406954179802672, 0.0027615864997302666, 0.012510698652257724]
            , [0.060527455332871134, 0.007299268000196114, 0.03295019626300173, 0.03916830157183805, 0.04394228566144085, 0.043264406904142544, 0.014781336870396473, 0.06320740966932004, 0.03495548479295166, 0.31852088219944563, 0.05179059305749602, 0.021104513019116755, 0.014316399181660748, 0.03669571478583006, 0.04186107974506426, 0.0418961846571428, 0.044214928698313616, 0.06233556250392413, 0.00663798337682843, 0.020530013709018677]
            , [0.1808220974897567, 0.004022329315280728, 0.07527061201135561, 0.13941066704625663, 0.013598059217287484, 0.04703806151608594, 0.016448716061255253, 0.02523342647267886, 0.06363185516009692, 0.05806799434059801, 0.01072405978974996, 0.03962109272335296, 0.020870157392651884, 0.0651337218242493, 0.05752505694260694, 0.06306030991748926, 0.05627179999304835, 0.04632585979329839, 0.004687493239923167, 0.012236629752977886]
            , [0.05933202718138842, 0.008336470220981544, 0.013427095496383018, 0.020166264045736227, 0.044455904263734566, 0.020842310498808397, 0.010826155258899735, 0.1898449143662239, 0.02108268676058282, 0.16722299475406316, 0.04522998855580736, 0.014591355401376481, 0.014427397814906389, 0.01771898500345845, 0.022736740154187713, 0.03690306275871721, 0.05498166495244609, 0.21396612675281076, 0.005665902453299584, 0.01824195330618827]
            , [0.06054365650659442, 0.00623162615751865, 0.05315808866913013, 0.04494493349947623, 0.015899902305914076, 0.3619937923304845, 0.01494625511434488, 0.03700253181152458, 0.04644346893999963, 0.051275358461600376, 0.011470487867268422, 0.05063123198031168, 0.017082442167120068, 0.03470809140689698, 0.04302456777777985, 0.05148440725523324, 0.03703107456180608, 0.0434543652407904, 0.005165886819533524, 0.013507831126672164]
            , [0.15894178829094058, 0.009855225956407976, 0.02680185947778118, 0.04492941259139429, 0.037239560644419835, 0.055174610920371236, 0.015747021988912435, 0.06250098202262457, 0.03309172916825604, 0.1735460962820183, 0.03891937913047638, 0.02076364014627483, 0.0167082716010552, 0.041781792669948845, 0.0490735221294606, 0.054741302825593405, 0.05665771265725556, 0.07708136191667583, 0.007180008861090973, 0.01926472071904201]
            , [0.06854668407193786, 0.005605694509430949, 0.2120948478999664, 0.06716656058695022, 0.018861995579581382, 0.06227256144598672, 0.021471710118280172, 0.033706146776207285, 0.055096974013056535, 0.057530264928631364, 0.012441938269391509, 0.07828735938580658, 0.025024602602699567, 0.04356910392119156, 0.04674597539081456, 0.06324856162826585, 0.055454766504374794, 0.04727786434548654, 0.006606430982222732, 0.01898995703971751]
            , [0.06387132694462148, 0.008426336346861017, 0.04763343137093653, 0.04957443535673658, 0.044671295819592095, 0.03801048739756766, 0.16854460501285423, 0.02332790230680493, 0.05229985760364647, 0.05878496799407225, 0.013647148253859539, 0.06740855549425191, 0.015141190682628917, 0.06090091082432754, 0.05929941494247253, 0.05746469338107248, 0.05063658738379776, 0.045674515264808965, 0.007900375947797873, 0.0667819616712894]
            , [0.05948795619341356, 0.00959111932326624, 0.015120004904551336, 0.018519914037000155, 0.1546052876493216, 0.029403870848070668, 0.017362657535052135, 0.07205057322085177, 0.017386621528573287, 0.2431734592265643, 0.053612306484487025, 0.016819228059363884, 0.013259108875256704, 0.018889926729577886, 0.023712885943573195, 0.038872370702377215, 0.03877319829416546, 0.0698534930691281, 0.015260851074191867, 0.07424516630121376]
            , [0.07189796435340255, 0.0020932651962399444, 0.12586297013819855, 0.15991285884220385, 0.004828432216872068, 0.05024342098399622, 0.02629572584945575, 0.009815673005961277, 0.1237630209669763, 0.01892741554192359, 0.00586651103324722, 0.08152010939515658, 0.017087034455546726, 0.07930858860383863, 0.05895296499262898, 0.078344518429784, 0.060762989113692316, 0.016147555044093074, 0.0011801657967800477, 0.007188816040002352]
            , [0.15518277445363268, 0.005891137572194096, 0.05396383541979585, 0.06231265013270974, 0.015245164483137027, 0.05667857677837174, 0.0164834463107592, 0.026392194196284694, 0.04910506247104562, 0.05510531198117791, 0.011883230657012021, 0.03352269050302965, 0.15900246165321777, 0.0457014746271498, 0.04943527464180573, 0.07222791795212644, 0.058185013625064765, 0.054966174529761824, 0.005605418650619146, 0.013110189361104177]
            , [0.07010215397445518, 0.004791927887412858, 0.10366425090854188, 0.06763871547435935, 0.011254962023725083, 0.20123726083125656, 0.023254831776509787, 0.015153230061712791, 0.06620835337271838, 0.0363148131409019, 0.008977782229474101, 0.09980564628162732, 0.019791275106158943, 0.052173412301480225, 0.05037268271838378, 0.07931810642308962, 0.051001826371133964, 0.022446380496640925, 0.004057198892941562, 0.012435189727475763]
            , [0.04738924703356227, 0.007124343742569052, 0.0094705033384786, 0.013458417431055737, 0.06723245360813046, 0.013227000093861489, 0.0094555764225337, 0.14631688497003084, 0.013633062481755174, 0.36276802575002637, 0.06615421944580328, 0.010517004899698793, 0.009034122306768207, 0.014043469711063962, 0.01726517274501214, 0.019474919662210818, 0.03434892829917637, 0.10574986884882068, 0.005910581122603504, 0.02742619808683869]
            , [0.06601907306002362, 0.005812604576405233, 0.049224499780433965, 0.05695031716094355, 0.018153444357853363, 0.0468251433317489, 0.015903165577567407, 0.05301212847171366, 0.05161098944779541, 0.06410619455745854, 0.014423513455302149, 0.04859068603339515, 0.016597616406279332, 0.04416941891800089, 0.05337116970913547, 0.06901524564543217, 0.23995762107486698, 0.06247351208548503, 0.006221257705638232, 0.01756239864452085]
            , [0.07451615938180356, 0.00494342433839916, 0.07561785845020852, 0.24261303640322032, 0.014963499444315614, 0.04632325263668962, 0.016186540587483703, 0.03729514681028369, 0.06794128387655184, 0.05704865364774686, 0.01248780618693483, 0.04006386070938011, 0.018798435704156895, 0.05831616745325852, 0.05320235273396634, 0.05566714446103791, 0.05534415813644426, 0.04878932460483014, 0.004505724782528046, 0.015376169650759918]
            , [0.0723169460085318, 0.008452635013175109, 0.03670865274563245, 0.04334340670933412, 0.02338270720915114, 0.045807198097109196, 0.015217560054007333, 0.07999610908834118, 0.04629810495420132, 0.07163872607482615, 0.015064818419310204, 0.02198543911902629, 0.018873344076254687, 0.026921489276776855, 0.04683875471461659, 0.044267717803679225, 0.05685197760146541, 0.2986996241064088, 0.006236436769174299, 0.021098352158977794]
            , [0.06574105332615486, 0.003585503154041603, 0.234340533861597, 0.16235507824168943, 0.006210476485408707, 0.06146036897520106, 0.028457051344420795, 0.009246022403484398, 0.0550101160697942, 0.01615732807135889, 0.0064112815860385124, 0.09463114842263247, 0.020798713757934937, 0.05308753971400242, 0.036758566400657805, 0.07183120255862825, 0.04805665789146239, 0.015381778673948212, 0.002330278735371815, 0.00814930032617233]
            , [0.05975910210650792, 0.0074218424060517665, 0.014187876457954128, 0.027114315408314143, 0.02031752769923433, 0.020790270197511715, 0.009482892200714103, 0.22174900140119744, 0.030026583529692497, 0.08680663638903534, 0.026432245221384158, 0.01534999534077626, 0.012856162688253835, 0.015050426741182453, 0.02554134505166065, 0.03499795101591296, 0.056107449360681724, 0.30066770694868156, 0.0033379868669667764, 0.012002682968286311]
            , [0.06572238592010334, 0.0036188042203195736, 0.1698985835357574, 0.27541659961864545, 0.006055911589355237, 0.040798120764026835, 0.018215009335068425, 0.01031685821399952, 0.0647236218838399, 0.026832243721734234, 0.007486514061058258, 0.052642267314453206, 0.018064193295662122, 0.0726158495204748, 0.040708527854309826, 0.053409341905943736, 0.044644192869525944, 0.019215223026090293, 0.00204979745199792, 0.007565953897633922]
            , [0.06425213968751815, 0.00432224274567515, 0.04444296807246211, 0.06392991296920295, 0.01540819426675216, 0.0418270785523317, 0.017683409099125347, 0.049885380209148594, 0.23319149062549077, 0.06880688319209782, 0.014858299631494386, 0.050480361780714696, 0.01628069973968652, 0.05979709674029639, 0.06551876703612154, 0.051658924102255775, 0.058694359097560427, 0.05811429682759413, 0.0040240475326776826, 0.016823448091793747]
            , [0.043989563926196636, 0.008728828510180477, 0.011486619744646508, 0.013692241148334021, 0.25907526314988566, 0.013805149907505143, 0.04619028946058736, 0.047592300101491694, 0.014297755225661339, 0.10493084060281176, 0.02230776982953937, 0.016106715284213348, 0.009415913806584833, 0.01628957566961473, 0.016563680145929984, 0.034191838952431414, 0.025762714598751735, 0.05043526255215304, 0.022953516249394297, 0.22218416113408673]
            , [0.04911550552860949, 0.006828745879463881, 0.010010220706738777, 0.015157272171191614, 0.047260138671239904, 0.013670753779934033, 0.008741051221126325, 0.24359203599736803, 0.016898015467976226, 0.24067132348541181, 0.05541352781036923, 0.011571922381275256, 0.008958789875388581, 0.0130447520756441, 0.016079662348172367, 0.021312403230204544, 0.043034474754506453, 0.15852605195029354, 0.004178987450790625, 0.0159343652142953]
            , [0.07313230384716612, 0.007704331242249524, 0.037886207558957836, 0.05540253547521557, 0.013380415970128824, 0.044312505540787236, 0.05212400305566033, 0.024266131907652807, 0.07107598610149551, 0.058014073614800994, 0.012210099010384657, 0.039733152144663324, 0.017613147643363813, 0.0715568940751762, 0.23674348456501657, 0.05701270208720664, 0.05862371326387, 0.04912350726951898, 0.0056861475810840705, 0.01439865804560093]
            , [0.05187843571194288, 0.005988832932530741, 0.006486283765223147, 0.010343506604434071, 0.036287948506138555, 0.009517430589863663, 0.006296268182393303, 0.23415483217034877, 0.010054646527346936, 0.19154077583085272, 0.04921252308884379, 0.008018441381860548, 0.0077957821345144675, 0.010272514737865399, 0.01115728206707615, 0.022092696020802414, 0.0445690972013168, 0.27130907678630767, 0.003253777495208344, 0.009769848265129569]
            , [0.08679872553903865, 0.004040018003253543, 0.04227397778124082, 0.049380277337567426, 0.009182620720945112, 0.03975356966739514, 0.011326913967012997, 0.017477610371949632, 0.04674206225598046, 0.041401240773481264, 0.008035791551720298, 0.021766523047306568, 0.38916353324895453, 0.03577908113045831, 0.040219838773098815, 0.05943149367790989, 0.0452340654662806, 0.04014215454144732, 0.003429908126766403, 0.008420594018191898]
            , [0.06688725101754261, 0.0026838511580568997, 0.054405840495449984, 0.12816532132370878, 0.00525019967355753, 0.031318798654482935, 0.0351818903075442, 0.013686482346677792, 0.17508264780660124, 0.03416290584040227, 0.008957151628792306, 0.05529711045170506, 0.009097175518191983, 0.10410529397269788, 0.12063268447761603, 0.06070673394109789, 0.05712892096433798, 0.027437027129915106, 0.0018189242185743188, 0.007993789073047316]
            , [0.057264935671481776, 0.006337274312818254, 0.02073509427914026, 0.025546630684073198, 0.10677856543571378, 0.03513980570372589, 0.07543892896032559, 0.0325394479455868, 0.03388596477906117, 0.06337938224821793, 0.01327309036459616, 0.04117234159396144, 0.010940669843499418, 0.025805321817378338, 0.037491275567440696, 0.04789974335408968, 0.039652861511772615, 0.04656142435831366, 0.014533449820985164, 0.2656237917478183]
            , [0.054272959753905135, 0.005900353092855919, 0.019793337646909083, 0.04622324132044998, 0.008975150732535884, 0.03520276805652394, 0.04184543888173621, 0.015669767441349233, 0.18681715211629585, 0.0426678415523983, 0.011295001118855225, 0.04426783606403972, 0.01309730474558679, 0.06415143871245128, 0.26327078032493906, 0.050673813446127244, 0.047675639282379466, 0.03300468019955691, 0.004060899454403549, 0.011134596056701251]
            , [0.05700617016652696, 0.007261013617780894, 0.03847094111182276, 0.04273944817255895, 0.035750213571799895, 0.05270553340749466, 0.014950049406872284, 0.2710068948593863, 0.043842550738771316, 0.09089437434090648, 0.020676187142381675, 0.025500977061607494, 0.015590212503615298, 0.021724326317773105, 0.042935637398514685, 0.04059949979672434, 0.04862381417487284, 0.10417374291824415, 0.005605481388665934, 0.019942931903679795]
            , [0.3204250107344872, 0.011499020803722752, 0.02917210545165653, 0.034857186005550246, 0.008802278777273943, 0.06946271172619158, 0.010724896604678572, 0.016053212329711845, 0.02964373932612041, 0.03213022009401932, 0.009260396971949952, 0.03226718087690459, 0.020957690516344166, 0.029368111289130108, 0.025614778795690848, 0.19399123408815588, 0.06700178707988898, 0.0477401446412121, 0.002797520574901332, 0.008230773312409742]
            , [0.08540992397131343, 0.00413757247375859, 0.0727617422534665, 0.14823283817817523, 0.007173511943315958, 0.04112398623486456, 0.03550056572707719, 0.015444591258604305, 0.07515931267536369, 0.04485545350970986, 0.00921506171674442, 0.05863529448852405, 0.0121825609749354, 0.15099723010225663, 0.06305505549130246, 0.06875284701360164, 0.06277270054927407, 0.03360316357873383, 0.0022294349333352934, 0.008757152925642631]
            , [0.13179831002605008, 0.0025084830875904468, 0.08284290322624571, 0.13011532218203098, 0.005700524932260209, 0.046721039347802945, 0.030658514997979093, 0.011347133922310508, 0.08692776807195285, 0.039670615548884014, 0.007180871042736249, 0.04790486698473035, 0.009362931794506955, 0.09399602671085404, 0.12251228553267815, 0.0638070203524312, 0.05641189113393906, 0.022498307768370845, 0.0016904124965885002, 0.006344770840057774]
            , [0.06676609628671334, 0.006625486069321105, 0.0637803930134121, 0.049597142584587264, 0.017657156025344803, 0.05452715258111692, 0.05051044647370625, 0.02463848191547399, 0.05521626608721842, 0.04999764998890298, 0.012212683990889794, 0.23310009839932372, 0.014524986483060973, 0.050060361648407097, 0.049322419218358546, 0.07202588233696047, 0.06009696883752902, 0.04190975369372777, 0.005264792553475212, 0.02216578181247022]
            , [0.040160045590231175, 0.0054206446471813455, 0.0055069603206630326, 0.0084784286120898, 0.05053773841685409, 0.007747358984074761, 0.005944971421344207, 0.20856728270081007, 0.00913568425835117, 0.35923692961505604, 0.061026854187619696, 0.006746883329265929, 0.005999765895240412, 0.009534897691114905, 0.010601848490000282, 0.01325905330471506, 0.02988457481911039, 0.14781259946900818, 0.003454600011182333, 0.010942878236087203]
            , [0.1717638163519928, 0.0034039796142385954, 0.14173096958405423, 0.10512518498638294, 0.006497656114311749, 0.08339144166335555, 0.017053663651544256, 0.009232061583686628, 0.04727143275253186, 0.031703484922276405, 0.0062364514151742635, 0.05060405108151439, 0.041246857903758316, 0.05994311353430837, 0.0628964098630422, 0.07807961114311535, 0.05441658140912105, 0.020781634416830487, 0.0026867129769789157, 0.005934885031781815]
            , [0.06632955355615579, 0.006132195452526995, 0.04523680933635074, 0.04327254398465084, 0.010434843006947957, 0.039838245188151544, 0.013573301988076297, 0.02347636410165483, 0.045181704278188385, 0.038380992374745695, 0.011310505331519507, 0.05352338530868912, 0.014029515086721987, 0.03635389675160315, 0.04088702836907825, 0.18707287906040243, 0.26715565845846995, 0.043522966571646816, 0.003749947773765407, 0.010537664020654262]
            , [0.0539058764896323, 0.0032709467298243132, 0.18463148316947448, 0.07191937807695918, 0.008998998370272676, 0.07226960248603015, 0.036983594204895734, 0.011962380685996456, 0.06696378464046461, 0.019658000145420775, 0.00675152902136276, 0.1904255988196038, 0.013203976148090732, 0.047612864513232475, 0.03839929745972168, 0.0806222118041615, 0.0563705722984795, 0.018169985011039138, 0.003392870995225313, 0.014487048930112498]
            , [0.05158494313044637, 0.004279795521620714, 0.021596155050829114, 0.05842506857333721, 0.006695046532951051, 0.028240917883694643, 0.028745481462332204, 0.016050069707744252, 0.2878993388248362, 0.04152580511499071, 0.011973415198879424, 0.04711090429823304, 0.011211074336692675, 0.07530717451937968, 0.17179794716587232, 0.050031141282487875, 0.04690833490392981, 0.030233215783808783, 0.0023100072960534433, 0.008074163411880423]
            , [0.036922662215076105, 0.003945442497664942, 0.00375911265436031, 0.006359979274215832, 0.03341730007246607, 0.0057221695957734315, 0.0045366149684444535, 0.28306643746787574, 0.0068025190988687, 0.22917293987034193, 0.050509635716617284, 0.004847938464403502, 0.0053890590033512905, 0.00699989522863092, 0.006584254626130331, 0.010941831385081336, 0.03459668576809125, 0.2572679078255058, 0.0024341003641539217, 0.006723513902946983]
            , [0.09246434437402472, 0.002642523669847028, 0.09377329003003684, 0.13317498494860813, 0.007926352255873485, 0.04509296008374566, 0.013015213316671234, 0.013927298741741749, 0.07735052606291146, 0.03668479574929144, 0.006558552180975072, 0.03965007381264071, 0.18495845881315573, 0.04864815746334884, 0.0455685740763243, 0.06705931026895832, 0.04881793652325875, 0.03246701581966829, 0.0023628974164833054, 0.007856734392434787]
            , [0.0336867195121153, 0.006619734606559013, 0.010141827142618784, 0.011772380348023201, 0.23417077068664932, 0.010556931354349425, 0.059780354680089076, 0.02465069797941309, 0.012079969738130247, 0.05895346506266426, 0.010772855098554888, 0.01718737216794166, 0.007487126516937777, 0.014052178919766343, 0.014373455538879766, 0.030397615596967662, 0.020289909569386925, 0.03345544136040399, 0.03851952153817103, 0.3510516725823782]
            , [0.08173495899644687, 0.004216436345424924, 0.15037410226315817, 0.08312916485920412, 0.007593553935563683, 0.06581190318720555, 0.015302236488777205, 0.012424826146871563, 0.05113294703115889, 0.02437867676046719, 0.007601521736553484, 0.09286501648376377, 0.0357939597370285, 0.048382368517571446, 0.03767845981855433, 0.155102297013867, 0.09329284859756036, 0.02054031149225131, 0.002979307167122104, 0.009665103421449493]
            , [0.049916689674675, 0.00726082704394868, 0.011608225028198492, 0.014707543755462614, 0.14059912768901536, 0.016849412421319633, 0.015331366723955265, 0.15397503376633853, 0.014654586955548662, 0.16520289000822758, 0.05009353960247218, 0.014302706099892877, 0.009984978763073908, 0.013461226772793036, 0.015474691268374379, 0.021693230738822237, 0.04033218813779137, 0.13360282711480517, 0.012060622946361817, 0.09888828548892317]
            , [0.04248430393254238, 0.004420604947306518, 0.047405142455315144, 0.034630350993251895, 0.010994384063457463, 0.522000955620664, 0.010609772094446704, 0.025929742912604015, 0.03633175994645315, 0.03900344269446838, 0.008786148985828506, 0.0433005916653757, 0.011388334826007915, 0.02522975979318245, 0.03220541208798765, 0.03474823711252263, 0.024908142587176208, 0.03173813789051269, 0.003381060034880799, 0.010503715356015983]
            , [0.04088591503096375, 0.0036462091375041635, 0.011210547221773332, 0.03954784195463375, 0.004277018917717332, 0.02266635956687816, 0.03240326841116512, 0.009746693725757134, 0.29142373002083216, 0.029891075090069302, 0.008151494195561746, 0.04115510921440922, 0.00752521321621389, 0.06718420865861732, 0.28554720312708104, 0.04139578428902192, 0.039691903223371634, 0.01582518090568937, 0.0020614998362296112, 0.005763744256510093]
            , [0.04837622279459028, 0.0027558251377290347, 0.3008570944646067, 0.22587075564320672, 0.0038208316011119235, 0.047557602157208875, 0.016065647081458367, 0.0057486246277090765, 0.0470302383434709, 0.0104375051692105, 0.004603464554305734, 0.08916102365540146, 0.015423886481381212, 0.04827498839326017, 0.02489229494759752, 0.053850925719820184, 0.03760027624129395, 0.010590849247354879, 0.0014782840396495925, 0.005603659699632786]
            , [0.2745474612497214, 0.018465913666961705, 0.015961630316560827, 0.028939223698756254, 0.016093924759784356, 0.04484829909263446, 0.011671764189128693, 0.06594068387862803, 0.018566960220926132, 0.06510534705932901, 0.017348146961462068, 0.014972948519452883, 0.01553414327988115, 0.017722480547082416, 0.030679569826514087, 0.06051384785001339, 0.07062375170919889, 0.19631769825351247, 0.004145571937489519, 0.01200063298296211]
            , [0.07041855724321837, 0.007183252648052617, 0.010890977218738227, 0.013521411808834696, 0.04386952149189281, 0.03512368860540792, 0.009131832153579903, 0.11446683602866208, 0.011034995977372276, 0.2845806682215198, 0.042727018190486, 0.00944190684850223, 0.011159084687654664, 0.013513839198029742, 0.01941356175136819, 0.02748602818981689, 0.04095006339650378, 0.21765608082559132, 0.004721395740151441, 0.012709279774617074]
            , [0.17120572859595504, 0.0024273899519914287, 0.09750003668279923, 0.23696145938128416, 0.006994623618476945, 0.03955535937390142, 0.012516734601177887, 0.013380055815935704, 0.05991668144190344, 0.03866478937345643, 0.006122800558191163, 0.033558828878265216, 0.01906794369632977, 0.06653409425596432, 0.049954374590295565, 0.05746398784770458, 0.0466029958158492, 0.03315421823972232, 0.0023845197078260784, 0.006033377572969982]
