# This script is generated automatically.
# Vector of amino acid stationary distributions.
distributions <- [
              [0.06972867311029426, 0.018735076544675714, 0.056669793790548866, 0.06401657749727545, 0.04519322526669912, 0.06044288928449603, 0.026141474393545312, 0.060871701903798446, 0.060321510510526165, 0.08138043210945463, 0.02117938848980061, 0.05083552106082681, 0.038047835661066426, 0.0498031394036456, 0.058110456242069466, 0.06862814654002743, 0.06084625954007743, 0.06751999085208113, 0.009893608017121962, 0.03163429978196912]
            , [0.07011303437440206, 0.005393927576970136, 0.058781285546994674, 0.05992148210158636, 0.04753163299113329, 0.06416302771107384, 0.02184758371713761, 0.05562547234899033, 0.0583902120088778, 0.07480592931554508, 0.018794880630726075, 0.05302546146460792, 0.04805063163155782, 0.05123099103833094, 0.055299063103562585, 0.06555879949643259, 0.06281814108593163, 0.06573729369426713, 0.01666149636545663, 0.0462496537964154]
            , [0.07064074345855328, 0.011547110858463005, 0.04830872529086916, 0.05815477064945184, 0.04927683555238144, 0.05465845943873308, 0.022121289594274767, 0.06658417975530524, 0.05358085232470364, 0.1504922928213919, 0.024060939534980567, 0.03388552166620781, 0.027331040833051098, 0.04846761166597497, 0.05495396571679638, 0.05928680144853346, 0.05573977926552042, 0.07182932938509128, 0.009548025461458191, 0.029531725278258505]
            , [0.15601650146977464, 0.011229862342500813, 0.05370370920463475, 0.059334108883629666, 0.026992954757985587, 0.06450433499626564, 0.02126336924270184, 0.05125356000820177, 0.05013925894635616, 0.07861229185189408, 0.018104734419954523, 0.03806289112085358, 0.030695301540311616, 0.049453986792037365, 0.056636967510763164, 0.07324624498528326, 0.061691402053432806, 0.06697054618766352, 0.008844314259256192, 0.023243659426498857]
            , [0.07598595878447814, 0.00841213997018784, 0.07306498831383074, 0.13918789479012753, 0.021091812583177088, 0.053969419502531424, 0.021873520075678245, 0.04545803003790592, 0.07111348517348831, 0.06834690318281646, 0.01603684605177155, 0.051767281361716586, 0.026386792401583346, 0.0627194545091651, 0.05765119607072911, 0.06623478947507115, 0.0590198323231928, 0.05509741971400041, 0.005934910372287996, 0.02064732530626044]
            , [0.07993189840937805, 0.008488211409366918, 0.061524741046662515, 0.05654865538584037, 0.025743947711943167, 0.1727832671692545, 0.020500352317789277, 0.04881796773081488, 0.05355694035171138, 0.0701669246359515, 0.016299145822516067, 0.053477461925603216, 0.028130601679092076, 0.04198749300256184, 0.05269110707178912, 0.06656509692158778, 0.05361916760058061, 0.05747489859126856, 0.008321485891035525, 0.023370635325252714]
            , [0.08357554148738872, 0.01061026521736558, 0.04375272989241214, 0.05403607894054702, 0.03217565829042511, 0.052023192938820316, 0.019120563013442032, 0.07852938388409493, 0.05065990182640687, 0.08734607267526796, 0.020302145790398407, 0.028248809692246295, 0.025418336789329882, 0.0339114307046708, 0.05144697717761904, 0.05643050530604041, 0.06536033450666029, 0.17380224174650719, 0.008393648240499757, 0.02485618187985725]
            , [0.0676217118327557, 0.008940343739060438, 0.03171364044638413, 0.04803654107502444, 0.05150093378355328, 0.04691961511517893, 0.017977308817425316, 0.07158681872095937, 0.045849116323726756, 0.221967169866735, 0.04623838686067899, 0.024552728861133077, 0.018660937239459496, 0.04206889455044943, 0.05149454371461562, 0.04821943123638717, 0.049589921395095375, 0.07155278967452888, 0.008025496867730547, 0.027483669879118086]
            , [0.06922493174190564, 0.007551990486523599, 0.055333490222116415, 0.07065707564603851, 0.022060585024149804, 0.052077841399424625, 0.021891774524490468, 0.049950072016327306, 0.14315582957476664, 0.06861184065240086, 0.016969425953138714, 0.05584358414945473, 0.022461064444287606, 0.06187295488750305, 0.07147792774260439, 0.06543385312449387, 0.06065015401701133, 0.056420103790548834, 0.005768657263115487, 0.022586843339698147]
            , [0.08665386137614459, 0.010944514817550512, 0.0558806765250505, 0.057238867748902335, 0.02063167443270415, 0.06325264255088407, 0.02081606052282252, 0.03399153731208857, 0.05629872782608946, 0.06182772714109414, 0.01547029602541474, 0.060814192902317786, 0.027070248870442844, 0.049675129911373316, 0.05200238827510495, 0.16480614378477784, 0.08202831104581822, 0.05333265108970347, 0.0065680707368547635, 0.020696277104861206]
            , [0.09222669384253221, 0.006790010326763316, 0.05520026952937863, 0.06346840000012852, 0.01980081234022393, 0.05512749318615084, 0.018012085182163906, 0.04205739766853203, 0.05524620587519513, 0.06465137178486091, 0.013965962152639741, 0.03762157688185405, 0.17338292031276162, 0.044815983600664445, 0.051251034019795035, 0.06823295725523988, 0.056667566488702026, 0.05714791944520197, 0.006718298297823693, 0.017615041809388273]
            , [0.08123676835755052, 0.009698115271122408, 0.050487686961686824, 0.06365080359308324, 0.022418307154878924, 0.05467350434910141, 0.027451885103078225, 0.044326600381377736, 0.06954512228728782, 0.07682171139008878, 0.016778147164636985, 0.04145176120266886, 0.02296672354713223, 0.06315506580664625, 0.1437187849678185, 0.061816786602541196, 0.060080337390492386, 0.059677574984247604, 0.008343140159677433, 0.021701173324882486]
            , [0.0638343580340386, 0.00909868658079727, 0.044545992051789614, 0.05270630307194373, 0.044577824152088774, 0.052422399669515535, 0.018083471877278236, 0.16565804735618123, 0.05400011317221253, 0.09398227533203045, 0.022870107862192707, 0.03589723798585292, 0.02107833711744313, 0.02879280855507421, 0.04817118324240468, 0.05121035866226925, 0.05535509782870105, 0.10049992733885826, 0.007742344107448572, 0.029473126001879076]
            , [0.07405719259813873, 0.007117584692263413, 0.15586537246946433, 0.074999557026939, 0.023623150438067893, 0.06279445586764004, 0.020875012092307778, 0.045466387434551316, 0.058484491630449116, 0.06625241434886027, 0.015321433642155258, 0.061874905918228904, 0.029293322669433835, 0.047295242855813685, 0.05048298899525968, 0.06418641044624666, 0.05636662962870047, 0.05494518638258369, 0.008081636993770366, 0.022616623869125357]
            , [0.0637830700557713, 0.009383075101857463, 0.018293748517115228, 0.025631557491768826, 0.05643904203113161, 0.03421229508979899, 0.013887327276095773, 0.14562715623217762, 0.02500368084302238, 0.1972466495298239, 0.04756591659544808, 0.017316870530310384, 0.015599659589795537, 0.020821264477012373, 0.03281322409576339, 0.039602717799934156, 0.051978458245042845, 0.14978941003390883, 0.007284906978194994, 0.027719969486026175]
            , [0.07308699471109587, 0.007363242021055942, 0.050573374031468304, 0.05746504888382428, 0.021514771348319913, 0.05175651928891642, 0.018009466880325547, 0.05274372630370664, 0.05730214388884177, 0.06650916244784073, 0.016459470323216277, 0.05123333690549772, 0.02121962623490626, 0.047891161163361916, 0.0532948592210551, 0.08185581151543071, 0.1794122665972406, 0.06498751386337062, 0.0071086805300698925, 0.020212823840455557]
            , [0.25763359269913644, 0.011038921595546704, 0.04270462658710463, 0.04711889889346205, 0.022499526738542986, 0.06905014420124618, 0.017067814661658597, 0.047827621688601586, 0.04343465442354381, 0.06580317105773344, 0.016257090182203227, 0.026459915171840192, 0.020950011501639415, 0.036749403305486976, 0.04777023347235145, 0.07135907132344427, 0.06064231850682314, 0.06953922610853906, 0.0067856364577371, 0.01930812142335904]
            , [0.06581110032264331, 0.0061006078300403395, 0.07297286416561756, 0.05895438073000573, 0.021647544200721947, 0.06388354564505705, 0.02385458716743699, 0.0445116060300874, 0.0677561255979614, 0.05858462913453834, 0.01370873106629798, 0.15732417509036695, 0.019778513331416468, 0.05359781027237512, 0.0512285446760878, 0.07750934069847101, 0.06276971371876149, 0.04881996797371215, 0.006722659482660086, 0.02446355286574103]
            , [0.08456869378838955, 0.0038203561113923576, 0.11532878461380636, 0.1099435618582341, 0.007495576632283718, 0.07140008824904018, 0.022156085243228124, 0.012907354718643507, 0.08077750818317392, 0.02463191978445085, 0.007576816216768803, 0.08634981037096773, 0.037778717288171795, 0.07086174295517644, 0.056017797257547575, 0.10511038647847888, 0.07110407712657704, 0.020185456124050635, 0.002386243253875063, 0.009599023745743422]
            , [0.16889440823141466, 0.004395225879178659, 0.07790479429388072, 0.10725561330613591, 0.011727801912273602, 0.05665018110925451, 0.019584411160143506, 0.018730706432460935, 0.06465218509837894, 0.05609758545138612, 0.010009545583197242, 0.04195720230785683, 0.022183793154799743, 0.07549914588726628, 0.08064120601465337, 0.06710003110237489, 0.05784659690272064, 0.04348961641505456, 0.0045711895489898464, 0.010808760208578882]
            , [0.06685221436707552, 0.008452357992091054, 0.031243319119225933, 0.044255050809677114, 0.08700700157019639, 0.04824543130798959, 0.04569773845617965, 0.0509486676866983, 0.04551287287183278, 0.07789696495739783, 0.01759112438273006, 0.03986251995226186, 0.01758630417209608, 0.027918198304957682, 0.0450480367, 0.055096150701152216, 0.05010900879623721, 0.059926491129891714, 0.014868289446733027, 0.16588225727557618]
            , [0.07729105785837401, 0.0033732391547674897, 0.07017345151642322, 0.14305803366296874, 0.008847899967284656, 0.04076691036803253, 0.023112310225848694, 0.01918713856608835, 0.13654038981847136, 0.046047779769078666, 0.010297708818102689, 0.05729541328342606, 0.01322956756829828, 0.08896014024440212, 0.08348523844621425, 0.06562544959448315, 0.061206119016590815, 0.03778805540052671, 0.002283814936603404, 0.011430281784014746]
            , [0.07144151070978326, 0.010440063707838546, 0.027848455767198972, 0.03333132826282536, 0.1813614571809552, 0.05179829817697487, 0.02434323187478332, 0.06281937135913507, 0.02858467608932334, 0.0990395932086944, 0.024330508778194006, 0.027517630302095863, 0.019853465023870368, 0.025710136482660434, 0.03535309849836454, 0.05594754190135346, 0.051065013329786524, 0.06837875069166827, 0.01606465226742384, 0.08477121638707026]
            , [0.06402285740320743, 0.006370744343728494, 0.05600551158838774, 0.04688956615836107, 0.02027193264720272, 0.29516825362195626, 0.01679997527127222, 0.04381594084299744, 0.049177613061863946, 0.060223384796596564, 0.013145300200611464, 0.05336791767140175, 0.019761833341164232, 0.037132740094045505, 0.04525932687632993, 0.05577532063528323, 0.043563314238617215, 0.050342293246833966, 0.006036536638667818, 0.016869637321471245]
            , [0.07927522286871985, 0.004433102073161515, 0.10744144915723973, 0.2317929922132468, 0.011306323802309153, 0.04452901708096972, 0.016944689190816195, 0.02097055734580437, 0.06879912861389348, 0.04812617728212223, 0.010449597542195144, 0.04630430257202414, 0.02282964954503509, 0.06454667946161982, 0.04939548570311249, 0.057945045832619724, 0.05387522182252293, 0.04546300093492047, 0.0035145320218580036, 0.012057824935809225]
            , [0.20151090131970073, 0.01050789167490288, 0.04227430530993281, 0.0450295183256092, 0.011467245981463332, 0.06506322460350525, 0.014152065890900128, 0.020012010865017978, 0.04029034065807052, 0.042660273063368045, 0.01175283150137955, 0.0477692494026151, 0.039102747344165315, 0.04131651057609472, 0.03687816692443131, 0.17351497026939222, 0.09056612233599533, 0.05146717851781536, 0.003714819803721896, 0.01094962563191838]
            , [0.06766195843314037, 0.008463131728469022, 0.022528917185986038, 0.043688190668558245, 0.025109160530998514, 0.040156618710367256, 0.013442318596053035, 0.1344219711015682, 0.042479437450292326, 0.08475053200629062, 0.01734609303383162, 0.01983528385429164, 0.016537485613049636, 0.023278395721757335, 0.041520778406124566, 0.042190777331338934, 0.0561217209754724, 0.27683688741976237, 0.005372325500626886, 0.018258015732021043]
            , [0.0543698824065398, 0.007442694205014419, 0.010834898879039866, 0.014921569802814063, 0.06424088413757743, 0.01719307605668056, 0.009570711769628239, 0.16979179268494335, 0.015157092223744261, 0.29943184999746913, 0.05985397758322816, 0.011417936863982398, 0.010024448360470175, 0.014558564024716626, 0.01805305299210344, 0.022661614814410907, 0.03948620678278509, 0.12794676040488806, 0.0058217738638566266, 0.027221212146107277]
            , [0.07206516270949047, 0.006837995572469254, 0.034310635107647244, 0.05528535087952947, 0.011177784316302846, 0.04033800338389455, 0.04714977356939476, 0.020418035799729128, 0.10800227452103862, 0.06008674269612734, 0.012247456246267685, 0.04379837580224515, 0.014276043428430503, 0.07638905158102906, 0.22511197568051494, 0.05708956797136841, 0.054338239695201844, 0.04331962852007005, 0.004729893982193376, 0.013028008537055534]
            , [0.06082944353806533, 0.0049537096424532336, 0.03673174897602962, 0.06506609154966023, 0.01100294475188278, 0.03619673406268146, 0.02236242477177364, 0.03935807508792962, 0.22447758570243054, 0.05730811281454175, 0.014118362525168654, 0.04820839045807706, 0.014410504373308028, 0.0702932893187937, 0.11690005891201566, 0.05581457464723575, 0.05707837267484477, 0.04930807495392438, 0.0032749308259441925, 0.012306570413239555]
            , [0.09102551357698868, 0.0048324936213881625, 0.0450105860318362, 0.052231057893906245, 0.011592656929757373, 0.04562708213711149, 0.013260946017098407, 0.02745422788089318, 0.048960929004442585, 0.049242583542099636, 0.009618834912717268, 0.02697247645910138, 0.31183290140257175, 0.03925281229983001, 0.04402626804456961, 0.06650774339759519, 0.05099833693538122, 0.04688263624674419, 0.004192265625018962, 0.010477648040948494]
            , [0.050107433610301726, 0.007873046209923866, 0.015423140588067338, 0.01737802261866182, 0.1919088654534282, 0.021171475726144376, 0.060190883731096656, 0.03785953042764139, 0.018205370404442162, 0.07572100539191902, 0.015427084842684643, 0.021881192698222817, 0.01084053100226804, 0.01971323855059817, 0.022292927611124346, 0.04133140002891347, 0.03501837295778374, 0.04669173361791834, 0.04108340104056899, 0.249881343488291]
            , [0.0722538865122749, 0.003660112989216554, 0.21400058784198248, 0.18412607682349733, 0.006038491614093059, 0.06057279936244073, 0.021201914027936423, 0.009471547572381075, 0.05975852276500666, 0.01766483225941201, 0.006522163559734567, 0.0785293515193643, 0.022004712670590842, 0.05930691112707027, 0.03993439132644625, 0.06960214607608259, 0.0491659541358738, 0.01635345540247471, 0.0021990096394124805, 0.007633132774708692]
            , [0.06386959442717761, 0.00716926970452323, 0.009338332122093925, 0.013806137901349904, 0.043356136105663, 0.016396682664648027, 0.008297014387414163, 0.19486597239407868, 0.01338473070906344, 0.19682844203634378, 0.04605003533832468, 0.01077312100371708, 0.010221921549054408, 0.013421796713010272, 0.01578118706269144, 0.029499813809105224, 0.049806600095342754, 0.2392594558059289, 0.0043190541272081695, 0.013554702043261544]
            , [0.05789905294747425, 0.0068676789182342286, 0.02105267461575335, 0.03412026083198084, 0.04988330843789432, 0.03764386450204595, 0.013615212098578659, 0.0687291034453499, 0.03410488562634857, 0.3406475730398594, 0.052008437855497004, 0.019326638791437662, 0.013057668587104517, 0.033185806276182526, 0.04372328723364002, 0.03988827215721605, 0.04116530190855348, 0.06656138515557634, 0.006221347791563098, 0.02029823977970993]
            , [0.07911799395723218, 0.0067637848623812195, 0.04842939112880691, 0.04484805288616662, 0.010260027286297466, 0.04528135895437877, 0.014436808618931436, 0.019652670756966736, 0.04608413567899795, 0.03805442143748626, 0.01103399163975616, 0.062129610992379986, 0.019457363515935498, 0.038977736045458455, 0.042005015000659965, 0.19075832402804271, 0.22560764862650245, 0.042850298457373884, 0.003767219709430353, 0.010484146416814765]
            , [0.04891855148215098, 0.00426145097464596, 0.01805190944049361, 0.0531573201726965, 0.005770199309555866, 0.024805323819446883, 0.0382823916867151, 0.012390130462505337, 0.24321787396964034, 0.038193193636411125, 0.010397027061817079, 0.04622700177756421, 0.0092958623160655, 0.08439145670715666, 0.23656799782194213, 0.048069843842110035, 0.04597984246147303, 0.021827313070438566, 0.0024463903727216896, 0.007748919614449402]
            , [0.0780382762035375, 0.0017853409745039767, 0.10233025156991411, 0.2010398242787345, 0.003854554737422137, 0.03616518915438941, 0.017373115994308824, 0.008745220415965914, 0.15032428901124073, 0.020228884835547738, 0.005819755636261833, 0.06331803064947199, 0.010879100941962412, 0.0939716130585002, 0.0658174363216035, 0.06265279613041773, 0.05424775368419127, 0.01642440727547742, 0.0009688453706781643, 0.0060153137558704]
            , [0.2010461913149664, 0.008060888522454707, 0.04356015289727374, 0.040825962931020504, 0.011747964787527158, 0.2507019233822338, 0.013074346890058566, 0.015371745796181132, 0.036248970438610285, 0.04104177389237644, 0.009897956878561848, 0.04122477090996976, 0.022022219420336837, 0.03145986216605471, 0.03697040758456635, 0.09391701976590527, 0.049649507442354406, 0.038747567648253815, 0.004138886794264339, 0.01029188053702998]
            , [0.19498972627713018, 0.0023325282980353884, 0.10483669179521823, 0.1705520403718906, 0.005606946045992289, 0.05009226225595779, 0.013747880632527071, 0.011000034621676287, 0.05958995251753652, 0.03510924110752988, 0.005527506500651577, 0.04074324746605434, 0.01692691353448994, 0.07260732534509333, 0.059774564964410144, 0.06736620177335166, 0.05214048401877023, 0.03011669935456925, 0.0019584801570850575, 0.004981272962030156]
            , [0.047125774121445696, 0.005121704943135676, 0.005272908837551885, 0.007958814928642541, 0.05912015950291528, 0.008928849652365763, 0.005621289257943781, 0.2072337710333725, 0.008444957349960232, 0.3212184851705792, 0.06359604173117565, 0.006748461368531309, 0.006052979919380861, 0.009172078220880559, 0.009702793227904776, 0.013575343011415521, 0.033372001961846434, 0.16393064549953698, 0.003719025701921136, 0.014083914559494341]
            , [0.0733088824156735, 0.002340346899171449, 0.2191498212272301, 0.2877535930320687, 0.0033058712477904203, 0.04042699727073958, 0.01529859322974488, 0.00607477711751895, 0.054785478962265426, 0.011618397960604774, 0.004437226319092799, 0.05436424393132593, 0.023882447412710273, 0.06326535311588513, 0.03119953447266702, 0.05110254466818505, 0.03951722024083049, 0.012443069520447563, 0.001262115904625419, 0.004463485051422107]
            , [0.06208821463043554, 0.004200914512431312, 0.24922661254973547, 0.07080694827112637, 0.011473113552596993, 0.06440935028013081, 0.025229527254267834, 0.016288549077133615, 0.051557236463651096, 0.039131818879975334, 0.00833155215442891, 0.11272989645759456, 0.019581614427915166, 0.0414917370166716, 0.03976943794906048, 0.07625442859838653, 0.05722397294379199, 0.032271723180518484, 0.0042409666991184685, 0.01369238510102951]
            , [0.052510437851474495, 0.008260549515220721, 0.012098557924389181, 0.014772464764615939, 0.18905889024618944, 0.01911572453924734, 0.017130449868975044, 0.08641450952215533, 0.014668891098238088, 0.21914515644492805, 0.05367776948372686, 0.014872094043963249, 0.010616255741056013, 0.0157918418414906, 0.017995589062264256, 0.03244058641172259, 0.033846019731768796, 0.0782696943842053, 0.015299557252260223, 0.09401496027210862]
            , [0.06289886006308436, 0.008211028129692982, 0.04565730174286507, 0.048453726965265724, 0.04491582834151305, 0.03492697897253423, 0.17396441854753059, 0.021918825210105783, 0.05177217942406205, 0.05837121280830431, 0.0134754371476882, 0.06695363419916954, 0.014141273799822043, 0.06402128049621528, 0.06007886691611701, 0.05679421786754732, 0.050168747333201084, 0.044661017772879015, 0.007757266348645201, 0.0708578979137571]
            , [0.04582514486049407, 0.004726791387580765, 0.004468490397003587, 0.007233804562391334, 0.03336537323053796, 0.0066801255741140726, 0.004853302623878249, 0.27677706770951516, 0.007449730621907429, 0.1910415439144941, 0.0501634516300424, 0.005945846798781862, 0.005939572687229647, 0.007535378225143536, 0.007583789889969661, 0.015063907727669969, 0.03997905709374808, 0.27553484072700024, 0.0025965631211030704, 0.0072362172173949454]
            , [0.05763971912698908, 0.005037415328826183, 0.0492051917661731, 0.03822679295103048, 0.010455263321599526, 0.4751827946858091, 0.012008977344045773, 0.017364717065215928, 0.04051430731087261, 0.037712789573356935, 0.008472753620376193, 0.050727719964778636, 0.012571921782970044, 0.028754623070429412, 0.035712050520813, 0.0463342437382595, 0.028808341267845462, 0.031778071219152285, 0.0035841800243998634, 0.009908126317057115]
            , [0.4140172683205289, 0.013751250005108157, 0.024588026619051986, 0.031840958779345015, 0.013324936196042853, 0.07327600618490833, 0.010826717721116149, 0.03828926440017222, 0.027957328664943958, 0.051688280381804466, 0.01191023562832814, 0.015734006428676183, 0.011381620627485536, 0.017180811528171386, 0.03211985324966109, 0.08283324966543505, 0.05405472874262928, 0.06066388933834887, 0.003678925741792851, 0.010882641776449674]
            , [0.039237008009547755, 0.005742332117587501, 0.007479213997320199, 0.010611966545632224, 0.05727558049466132, 0.009625829253936416, 0.008028438414430142, 0.10060969362717814, 0.011670538261906007, 0.4723596171503992, 0.08503881525121525, 0.009132298223649122, 0.007769490209046555, 0.014866162911695348, 0.013493442175074989, 0.021561085300022775, 0.02895092611109347, 0.07740051325825124, 0.0048447191033838145, 0.014302329583968503]
            , [0.23808848765782384, 0.026795076843934024, 0.012161020166875671, 0.01895500419363846, 0.014423085154265406, 0.039564063705004794, 0.009518635721403932, 0.08281008003654196, 0.015028654379589107, 0.07137556777797838, 0.01955736622782218, 0.013540128354053015, 0.015257426148376378, 0.015216691197257014, 0.018434446885571557, 0.0618278615606751, 0.08145275148272804, 0.23321348121361862, 0.003372221818007922, 0.009407949474834608]
            , [0.1955098063536494, 0.01135599835255203, 0.016376254209574757, 0.024412697082472522, 0.03670015569449318, 0.053016573960670596, 0.011133104110597257, 0.0723762482136602, 0.020296478759988974, 0.1965939758763086, 0.04491151117268681, 0.0152058855751752, 0.01164414548993185, 0.02225827487822903, 0.0416292561986518, 0.04724555709892873, 0.05738349178899951, 0.10204310332889992, 0.0056409254693154404, 0.01426655638521409]
            , [0.04968416184638937, 0.006253654162948468, 0.019473230136247383, 0.03204248093067444, 0.041028223497739796, 0.0413533133962005, 0.011524581723228693, 0.3049151706569588, 0.03468682943817032, 0.10052597523582159, 0.031241969729460316, 0.01844538042752057, 0.01176818530531588, 0.015133583874979007, 0.031018881444403255, 0.03475976126187314, 0.046547074330844485, 0.14509026564488625, 0.004300692262011392, 0.020206584694326193]
            , [0.03224386439195141, 0.006673680042622601, 0.007662025767996278, 0.009402716770430988, 0.3315075313354595, 0.009062686428026377, 0.03701846920027573, 0.040059608029638184, 0.00942996544081995, 0.09399857677940322, 0.025408467373817738, 0.012315726495111189, 0.0065141260527170385, 0.011739828704989012, 0.01091933187054827, 0.026821433440424567, 0.01760341403853053, 0.04123713716788836, 0.03938296717953853, 0.23099844348981072]
            , [0.06795810774027584, 0.006815273858110863, 0.009244234688481644, 0.015631671304232438, 0.0184917180241737, 0.014338214350933624, 0.006590166893149284, 0.22997956638205938, 0.014507524023710234, 0.08495198821587673, 0.027540970627604258, 0.009975872251745224, 0.01041057328407631, 0.011309765958987458, 0.01427535248774683, 0.029302747395823066, 0.051135648050444564, 0.366345597217678, 0.002518567736725147, 0.008676439508165509]
            , [0.054250805359547474, 0.00204431228698061, 0.3105880279274335, 0.11192768897752749, 0.0038602124556992145, 0.05924839305315497, 0.027888936292332706, 0.0058357521158341474, 0.04857290284670312, 0.009424907922677658, 0.0038933259611463366, 0.15462406618249885, 0.011424106405836534, 0.039762106870171586, 0.024951717370411425, 0.07075757009855585, 0.04391392398302336, 0.009558143854765758, 0.0015883177175005775, 0.005884782318198971]
            , [0.06131987305326442, 0.004607236379126899, 0.09279955387766892, 0.04951534314015828, 0.009684648295371776, 0.05784416761686155, 0.04908006708820673, 0.013281319657209602, 0.054777820840997735, 0.02639577255389108, 0.00818585553141978, 0.25897602215950566, 0.011325048854423992, 0.046851290700200894, 0.03976743491537079, 0.1083753573647603, 0.06914022453623514, 0.019899878850886153, 0.003203705139940924, 0.014969379444499411]
            , [0.06737020965207392, 0.004572045851206678, 0.03926899251149961, 0.08100661376411206, 0.009588728923543172, 0.030826767157793474, 0.05321009398016514, 0.019733072853119156, 0.07528716637702414, 0.0638648304438316, 0.016402377763826935, 0.0481105624962072, 0.012708456115364824, 0.2422140361441545, 0.07399023772266024, 0.05485810275081381, 0.053276377164059, 0.03949868515699772, 0.003147070198715647, 0.011065572972830997]
            , [0.08647319762423937, 0.006714615929045911, 0.01937065446425963, 0.04811684196475175, 0.01281883155883556, 0.02147715862584397, 0.01192906131562518, 0.08755056245686665, 0.044534730932024924, 0.068889714311037, 0.019658717742396283, 0.03130105069360897, 0.01232976656998319, 0.041236776792567126, 0.04607971479826814, 0.06463311480859253, 0.19393964003839648, 0.16807343144464257, 0.003673631460240984, 0.011198786468773803]
            , [0.30193490055403965, 0.01445609969495487, 0.02573004146956583, 0.02949304787882433, 0.006225870575567312, 0.07449773142141806, 0.008682722796000129, 0.01069825816292536, 0.025005968582042754, 0.022114043849636483, 0.0073953515432710355, 0.035328032077473794, 0.02479692851618711, 0.02715563769045799, 0.017660115227333392, 0.2452151674318491, 0.07614488393169541, 0.039454017328248464, 0.002053738731383259, 0.005957442537125919]
            , [0.030503734122764612, 0.0031776167384304044, 0.0027068994611321763, 0.004577819127002525, 0.04959813623459826, 0.0038570384241719906, 0.0031969714817059775, 0.2407357419085955, 0.005131849127895032, 0.34053604428935585, 0.07679024501670186, 0.004099592839798406, 0.0035233002466264376, 0.006554100914273832, 0.005409267530636431, 0.008366131857112394, 0.02535004074883867, 0.17573028399094973, 0.0021100306723072677, 0.008045155267102668]
            , [0.09241901370089367, 0.008341267839191535, 0.04918028974600653, 0.03918288821669044, 0.009609693332948744, 0.06844383238833021, 0.013223016809063654, 0.014469624521342171, 0.041711620737710065, 0.03759562727776167, 0.008637118792366295, 0.0684455637023023, 0.0297005525268183, 0.034890341656212284, 0.034189026437889465, 0.30932313444905946, 0.09479471643587614, 0.032778992763455465, 0.003436616076630712, 0.009627062589450947]
            , [0.042862126960041054, 0.004862190799239315, 0.0032713482486336726, 0.00541204382405994, 0.016114603650358883, 0.0046890379720211685, 0.0031810148875791528, 0.3300791250015316, 0.0054008719734859115, 0.09166590567205206, 0.028511497091813682, 0.004815676930777614, 0.004038618737757522, 0.005116179661519141, 0.004998866577597834, 0.015733230722548317, 0.039041859793227066, 0.3842900267881603, 0.0015018933444078397, 0.004413881363187807]
            , [0.0316259627945295, 0.003414061448831435, 0.0021316560458173235, 0.0037270301966049325, 0.026594824965848692, 0.0033361388445582664, 0.002841812021574483, 0.32038108955114564, 0.0040190170084641475, 0.212720186434932, 0.054353176514574275, 0.003483309514856926, 0.0033140023322925233, 0.0046739192036614275, 0.00420101815904877, 0.00731887346272668, 0.028474175831430835, 0.2778619518409839, 0.0013753565187550338, 0.004152437309363277]
            , [0.02796280226204117, 0.002549046983168909, 0.0017588270416362092, 0.00287602435257922, 0.015411873879406394, 0.002460060774424143, 0.0018386322361758551, 0.3806365161934482, 0.0032232060650487764, 0.12760903262359857, 0.02904251426111214, 0.0027473041035185036, 0.0023253663584495137, 0.003001071491100215, 0.002890148029373742, 0.0055935969004496785, 0.024174181129827593, 0.3602394430019167, 0.0008361141789429433, 0.0028242381337816288]
            , [0.024505548716520074, 0.00397429327483033, 0.002829216476149598, 0.0046014920640439095, 0.0653976658095404, 0.004028913990287649, 0.0043846071908306234, 0.13531664715209696, 0.005102723639954694, 0.5100467705168298, 0.089487950717563, 0.004423956854974551, 0.0038861162677528453, 0.007798035342083655, 0.006166917136552367, 0.008230610487242242, 0.01911074725130005, 0.08645636611284603, 0.003453402531683405, 0.010798018466917882]
            , [0.10150039677746697, 0.0028690546408386983, 0.03026893190741018, 0.03758103896766461, 0.005685832875159537, 0.027633863044948772, 0.007988759748068, 0.01083265376535722, 0.032975954174511164, 0.029562666094857505, 0.005423817743306784, 0.014679892934975167, 0.49864691854508, 0.029036153384371682, 0.027006443431199272, 0.0614196871093347, 0.03908609985033072, 0.0308424545038386, 0.002025488638114588, 0.004933891863166]
            , [0.06432726192838178, 0.003303082711228592, 0.1356259739193572, 0.0672976339279168, 0.005686910478299998, 0.25111320756962463, 0.025313000920171944, 0.008082580904100165, 0.056317795273531014, 0.014224280748817288, 0.0056187969234827275, 0.12588092877529294, 0.011820351211954312, 0.045951001567682434, 0.03980260504398663, 0.0767797869616681, 0.041062803869521096, 0.012467634631169695, 0.0022776277306106197, 0.007046734903202274]
            , [0.15956760958340402, 0.0023547609470051774, 0.060992012241950354, 0.1079762732278914, 0.0035452882884854276, 0.04229190860974903, 0.029931097579779624, 0.007842524182021113, 0.09451260214936888, 0.03519384294036061, 0.005588374050601175, 0.036811052249111055, 0.007008094158485169, 0.0997843917579406, 0.16229780171895092, 0.0614756951133477, 0.05401533165330057, 0.023744599969517492, 0.0015086025194283445, 0.0035581370593012035]
            , [0.017716182360995092, 0.0035566006014140826, 0.003949779415188036, 0.004737559126793837, 0.36126992652570206, 0.00434518257088273, 0.036672035900210204, 0.018225671525294702, 0.005130276850629103, 0.05060990396605486, 0.010020653335175357, 0.007560078908433061, 0.0028932858943181094, 0.00610649998191529, 0.005722869324550431, 0.015153337002125282, 0.008975009049486851, 0.02045872065439138, 0.041362524935317134, 0.3755339020711222]
            , [0.12026306584362405, 0.004367545950560388, 0.033876865786491024, 0.025552432199687586, 0.004783014487153032, 0.5499838184098306, 0.00806412322901484, 0.006400341480131777, 0.023615339242442097, 0.010459041128576924, 0.0048203857482460805, 0.038346787144952925, 0.010128668272262706, 0.018821586060366, 0.021667203484591988, 0.07198379182701672, 0.026727672575522634, 0.013257541227889384, 0.0020170263166346108, 0.004863749585004458]
            , [0.03445643498669413, 0.002934534488106397, 0.008696885849299047, 0.032754856125873276, 0.0031961501619632367, 0.017752725458331214, 0.027487972441012115, 0.0077110416944359125, 0.3456377779787489, 0.02399682213040515, 0.006640912917311002, 0.03544512807264253, 0.005903794500163894, 0.06682684664968708, 0.2952065773157685, 0.03442805895277319, 0.03352307259884186, 0.01181626619381606, 0.0014678292241061491, 0.004116312260020242]
            , [0.02016897792085123, 0.00261601610376171, 0.001567483061319442, 0.002636113495529497, 0.04520141419944764, 0.0021402149964763356, 0.0021403297104967043, 0.20072838923473307, 0.0026450912333742848, 0.46665040650592626, 0.08910676262360173, 0.00261878410925236, 0.0020569149793916294, 0.004193402983487398, 0.0031222048909987665, 0.0047551119805043715, 0.015479867652018519, 0.12604840676252468, 0.0014616728184368415, 0.00466243473786754]
            , [0.12210899157748696, 0.0018727927533159809, 0.10875210700461997, 0.14420224913667315, 0.004873826742347228, 0.04117322128811795, 0.010317880181493898, 0.008465740056888911, 0.06612705589768246, 0.02653660111140594, 0.004565966904671694, 0.03497646914966348, 0.19707752135524623, 0.04666301347116334, 0.03719269943250378, 0.06777152726353336, 0.04445620755912705, 0.026543687247272563, 0.0016076342162451988, 0.004714807650540692]
            , [0.026842492334256073, 0.004570071184805948, 0.00845607944548926, 0.009246406536009423, 0.1948104807872173, 0.009134134869352233, 0.0725213402440105, 0.014086807515829865, 0.010027920807160298, 0.04520544820933375, 0.008169770482867862, 0.021747728191083927, 0.005752943422427322, 0.012196719228018798, 0.012343266858849912, 0.02580655321824801, 0.016983685714330978, 0.025181574337135484, 0.041214985753694956, 0.43570159085987825]
            , [0.05443790457979562, 0.0022204885702596508, 0.02621040445335071, 0.018995045686274907, 0.002731572273205193, 0.7395643747140147, 0.004664594827511195, 0.004187365679032803, 0.01556339100990749, 0.00622267174714643, 0.002939053353653326, 0.027195961605303683, 0.005339971843009989, 0.010811273599625552, 0.013418460237104766, 0.034932273093070704, 0.0156948368639654, 0.010819849622876552, 0.0012538372634420315, 0.0027966689774492773]
            , [0.04510290652331418, 0.0016521128074081252, 0.35444786415200175, 0.29909573516288296, 0.002249185305895027, 0.03522743690341173, 0.00880707755297343, 0.003946815173797138, 0.03290201769685895, 0.0068211532742846115, 0.0030416311823178036, 0.062218448083687435, 0.01142539718756175, 0.04246076683770069, 0.009690384163570475, 0.040492924428334694, 0.02852893527232253, 0.00798853768380742, 0.0008739736742188346, 0.0030266969336509492]
            , [0.19880586609924375, 0.001631615784578207, 0.05298929126891034, 0.08477064657470446, 0.007098115980823853, 0.042537704476121325, 0.008956773158764293, 0.01602826234848279, 0.2077134325377812, 0.037561293664881375, 0.00728873099432047, 0.03993129681528997, 0.01511610049596031, 0.0686612176669499, 0.05193108747841641, 0.058738864825706345, 0.05120864661421632, 0.03994453013369349, 0.0022554542825781302, 0.006831068798577056]
            , [0.07775261750994777, 0.00702207572553949, 0.028652029578343327, 0.023062309155285735, 0.00472504381837368, 0.034698390964322194, 0.007112682932214428, 0.00814649228930501, 0.024057266326151065, 0.011935594524858064, 0.005861199538974892, 0.043789633497510284, 0.014634213864236717, 0.012674258405624918, 0.016906440360928282, 0.3564197338119295, 0.29160126236991446, 0.024718810124332757, 0.0016927604493223185, 0.004537184752885353]
            , [0.25033506893966617, 0.010020909214557656, 0.01308761751710624, 0.026202677185823118, 0.005164408770406279, 0.04268186035319181, 0.005928740271793418, 0.025752894676151918, 0.019945015393051164, 0.02707132473190306, 0.00915909108453055, 0.03288260818966851, 0.026143079302472224, 0.015351876096086077, 0.011458546413218246, 0.17625822082755843, 0.22639664364009238, 0.06980786856860485, 0.0017763803246044077, 0.0045751684995133666]
            , [0.22272013648537584, 0.0037455228500042, 0.03657218662746657, 0.044857049113400355, 0.0054646285711190965, 0.04556499724095004, 0.008564577761138703, 0.01094827266077058, 0.03516453183046732, 0.028807309460914098, 0.006279169842012231, 0.026478833904508493, 0.2544823759611465, 0.033950530978550233, 0.0303683593879818, 0.10015085811323853, 0.057633407297585364, 0.04134974456991091, 0.0021526563830400296, 0.004744850960419088]
            , [0.04895809304420361, 0.0020238135240972267, 0.07455875361515041, 0.07515505279196606, 0.005357628953246761, 0.05271321033906276, 0.04363314060097453, 0.009016562059227096, 0.2013680538052976, 0.016163842891601717, 0.005688488472472342, 0.15339711244590362, 0.00807311300163225, 0.07354041178022458, 0.08148653598090483, 0.0733454630023619, 0.05325738827628263, 0.011976587661163317, 0.001745312058047143, 0.008541435696179524]
            , [0.03390300191906395, 0.004703161846321005, 0.0044756099809400655, 0.006250193563251336, 0.20965135801641388, 0.00713569895462576, 0.00827930650387575, 0.1026600231293727, 0.00677011005072261, 0.325105512345968, 0.07326863186283615, 0.006495223439342887, 0.004647629801426207, 0.008482466045059655, 0.00739728965810788, 0.011941055202641838, 0.021169318550252628, 0.07539580270362654, 0.011813551937793817, 0.07045505448835723]
            , [0.02867330246808153, 0.002600008507401823, 0.0013420342399910591, 0.0024203505199308574, 0.008298152805331256, 0.001920508968684493, 0.0013698900975074972, 0.3531555500387474, 0.002236838232779324, 0.059988855576019635, 0.016285666238143495, 0.002100016771943247, 0.0015871693894078088, 0.002204449113190708, 0.002163265121172347, 0.005456056893543159, 0.022196764623533868, 0.4837807180453113, 0.00044386277303310725, 0.0017765395762462581]
            , [0.5303270753322289, 0.0263795338096865, 0.007538789948884874, 0.011591346594882177, 0.00468681094336196, 0.05782876464517322, 0.004874806818675458, 0.017363489819061516, 0.008035787767458174, 0.01998894792413972, 0.0058062635174849315, 0.009327793861609125, 0.009668087528170053, 0.007695808745065917, 0.00848167616564023, 0.1415500361473127, 0.06679608584421257, 0.05683315565151351, 0.001399766014736402, 0.003825972920702219]
            , [0.08318058568274098, 0.0008488326367352107, 0.21062554444052012, 0.3953166890034961, 0.0014811917100360293, 0.0269281718053424, 0.007546778934306136, 0.0030539539126318983, 0.0485736744825684, 0.005911810131305434, 0.002320458854663374, 0.0344602420973558, 0.0104994497514105, 0.06970906552099382, 0.01955169149010737, 0.0358231550585019, 0.028932831885170304, 0.012963763823455862, 0.0005442712005542942, 0.0017278375781042208]
            , [0.06923369732190238, 0.0013954166120553186, 0.04502511502333188, 0.10052054425873044, 0.004496873578733239, 0.025086471805629205, 0.010680588496534891, 0.027622460860194712, 0.1465387001417406, 0.026702373105454782, 0.006196806901845416, 0.04719464323795505, 0.008733131523107446, 0.07216804288503466, 0.054845594034107374, 0.09193437180161441, 0.1991833873150669, 0.05482987596756318, 0.002032287827051297, 0.005579617302346747]
            , [0.13230722622672464, 0.0005916235419994969, 0.11585021426470044, 0.19589545560871666, 0.0013260292870803647, 0.03639637757421693, 0.008241554383042336, 0.0040494824574313385, 0.14023791079875098, 0.007769695031387713, 0.002858538731209157, 0.05978321022316863, 0.007517346928735712, 0.10018895061560831, 0.052741951943796925, 0.071224105701216, 0.05099398744241518, 0.009761513218006466, 0.00039825059337871254, 0.001866575428414109]
            , [0.06271454645082779, 0.0012021038707882906, 0.03329259944172898, 0.09617126286938715, 0.0025290012691149603, 0.022591356271206883, 0.028919495772137684, 0.007271200471913549, 0.2727007047835395, 0.022425672350722334, 0.004834992088472957, 0.04367466238544427, 0.0047539966503938975, 0.16007564842760366, 0.12846869029120744, 0.04400824546480598, 0.04412154061415652, 0.015739241555078366, 0.0009193467747625144, 0.00358569219670718]
            , [0.021325776043471974, 0.0019189837532580887, 0.0012175187746807875, 0.0020229176766211263, 0.027767609409405335, 0.0019336334600782257, 0.0015501813377916786, 0.3325384774252914, 0.002282086779775186, 0.2855878171489178, 0.046728989956279283, 0.0019768497200682396, 0.0014927470410858, 0.0028543113213076567, 0.002485244823583397, 0.0036863974218874812, 0.015290859305806226, 0.24311743429083377, 0.0009188434134809934, 0.00330332089637568]
