# This script is generated automatically.
# Vector of amino acid stationary distributions.
distributions <- [
              [0.06544125632242151, 0.024658746378048817, 0.055994970877130214, 0.06320526440628839, 0.048898011018022956, 0.05716111657437937, 0.028902198760257913, 0.05751731057090535, 0.05911250912058328, 0.08099432051508636, 0.023120548889611212, 0.048736047759556506, 0.040675451549589584, 0.04906707993642631, 0.05886200787615511, 0.06391463375388168, 0.05644053324949595, 0.06636987843984539, 0.013655337213446368, 0.037272776788867784]
            , [0.06126232165608528, 0.006387472405985392, 0.056724732511872114, 0.06150357804644925, 0.04987251537571466, 0.06133076887479174, 0.026318198294147607, 0.056412476029300905, 0.06416607583521078, 0.07386658241836719, 0.0207888945722754, 0.05353676730678125, 0.0450017669040966, 0.05178272960563078, 0.057983129588675394, 0.0628354073731389, 0.05893769079601428, 0.06586342886465653, 0.015782218996531542, 0.04964324454427444]
            , [0.06314725909062223, 0.019932038684135178, 0.05298806875892681, 0.062479135901963904, 0.03918541990841645, 0.05866392123008013, 0.026438835606999073, 0.05996925021019221, 0.06084409418905609, 0.12514088924495814, 0.021044119661176048, 0.03466602866712069, 0.0356943298758133, 0.04958855567492418, 0.05928093134040058, 0.06412272495893466, 0.055705759755341935, 0.06545654756967648, 0.015826072939732764, 0.02982601673152913]
            , [0.06450867956309822, 0.01621685599726838, 0.05285671237099402, 0.06476364006367867, 0.03679936855779623, 0.052769215356073054, 0.02432049160449799, 0.06033063988182035, 0.06154775617262914, 0.1550207418456929, 0.02325201823257596, 0.046209798457878884, 0.027693316425503205, 0.046320004792252095, 0.053491727018964805, 0.06104461930008007, 0.054206016839989046, 0.06127432790623575, 0.0077077059597210375, 0.029666363653250014]
            , [0.06409998272065341, 0.01707786056871345, 0.05814973618355021, 0.06921141081423783, 0.03850412308618294, 0.056476383229497405, 0.03159909192462657, 0.06009000751808881, 0.06712811602168363, 0.08011494171938022, 0.02289469389452524, 0.0550110942995088, 0.03263874421117896, 0.054945900293104276, 0.061895315884868365, 0.06904089013226117, 0.05869666781238162, 0.06426671640053075, 0.005789578412379749, 0.0323687448726466]
            , [0.06966846016919143, 0.016755481665706784, 0.05334993254579754, 0.05991910325052806, 0.03478552037616805, 0.06158722569588519, 0.02390556573326797, 0.059944640189606, 0.054900286922048895, 0.08565173765581417, 0.020046126584193552, 0.03726470452949999, 0.03347074902367373, 0.0381526750053831, 0.11819026568899774, 0.0621173315485244, 0.057392198993613815, 0.06865342512773333, 0.013268561313026131, 0.030976007981339943]
            , [0.06560442614639661, 0.014126601640529075, 0.05895779477350721, 0.06086450154104862, 0.03353957041013295, 0.11753316855288395, 0.0235807221420664, 0.053995226110539626, 0.05790459646894913, 0.07769312328813159, 0.01911992211656134, 0.047811404984258093, 0.04320599130872385, 0.03879921232092482, 0.057628670038158664, 0.0629212847403747, 0.05670229540920168, 0.06409097162037308, 0.016638997705398614, 0.029281518681840098]
            , [0.06542538188562132, 0.015158038203920633, 0.05582057469950273, 0.06256026288239858, 0.03368240106375629, 0.059200023392812745, 0.02290643367629532, 0.05921484093367266, 0.11283650179180858, 0.08226394625876536, 0.021246962595234314, 0.047620679745986536, 0.03276102638822576, 0.04466722245422891, 0.061230576143734464, 0.06091180676644585, 0.05602209248113828, 0.0643280726027963, 0.012506166033446665, 0.029636990000208682]
            , [0.06816597511300021, 0.017469814964537065, 0.05454035455839092, 0.0603414643401328, 0.03880039937359826, 0.06103046156251592, 0.026546615256811214, 0.05959796097812245, 0.05782672577032726, 0.08313959024237205, 0.022073444804363775, 0.03736849765279211, 0.034381291014985986, 0.03986804303460763, 0.05870135833720223, 0.06449024818976995, 0.05837475917101851, 0.06608324198800566, 0.05791396094380594, 0.03328579270364006]
            , [0.06445639462833172, 0.019736132835472604, 0.05198180319423564, 0.06455200474740053, 0.03898747101425715, 0.05167304763411029, 0.024795973523556503, 0.06598463388650933, 0.06043599399701691, 0.1155141350593569, 0.027823445115933824, 0.050677585241970476, 0.029105382108324, 0.04775788284949261, 0.057259232899168254, 0.0661685208966934, 0.05735336341722245, 0.06906863380273183, 0.005702179130150898, 0.03096618401806462]
            , [0.06840185468746712, 0.014204293976237594, 0.05351016587742574, 0.059906006466126684, 0.033578644020406015, 0.06223290463169041, 0.022290825090887707, 0.05537546046534474, 0.05295784669131054, 0.08010648575658161, 0.020178128992460534, 0.0346375823718472, 0.10861335227274298, 0.04412849536859294, 0.05777853103390291, 0.06294176968050282, 0.05878800572779862, 0.06527573216277138, 0.015177773533755625, 0.029916141192146833]
            , [0.0677220391724011, 0.023027391002691317, 0.053896901592082484, 0.059848835515594646, 0.03553263873237501, 0.05801780278963088, 0.026605634614979962, 0.05557093997056382, 0.05877941716216465, 0.08049895776247472, 0.020025494772956415, 0.0513102780512083, 0.032823634477477326, 0.041110101718015574, 0.05643469140038922, 0.11191153559974157, 0.06166358435637117, 0.06321777489373197, 0.012523788546044426, 0.029478557869105502]
            , [0.0683876984187407, 0.01547654358701616, 0.05451889718377147, 0.06300692696540743, 0.03310611914758359, 0.05750207899246354, 0.02293659952970129, 0.05778569613409115, 0.05786968100413067, 0.0809388438032487, 0.0200639531805059, 0.04790351353376263, 0.03426520496547923, 0.046067343797860066, 0.05796507572748827, 0.06556426057462467, 0.11097019292302857, 0.0650042301981924, 0.012520531323519895, 0.028146609009383775]
            , [0.111856597025181, 0.012050014263305337, 0.05797908496212882, 0.06569954934574834, 0.03610773784882897, 0.06216336729912922, 0.02446165995867185, 0.05652850487772179, 0.06122275374332206, 0.07485379610730963, 0.01848931848766863, 0.04449161392979552, 0.0379363629524517, 0.04770877653628521, 0.05745514436595309, 0.06226947779411951, 0.05748515366764529, 0.06506349422192642, 0.01495088811575191, 0.03122670449705573]
            , [0.06743187493689715, 0.01312333283324197, 0.060449221755716466, 0.11431740373308735, 0.034354558872851715, 0.059856972467533694, 0.024244174870706073, 0.05626898257274777, 0.06148357263089322, 0.0774320364983068, 0.01947849277621249, 0.04415640280657177, 0.035356288761928915, 0.047816748490030134, 0.05648088448478969, 0.06105139669847462, 0.05675750988472378, 0.06297535847317699, 0.0158369642262326, 0.03112782222587671]
            , [0.06470984007701475, 0.006254528579938458, 0.053936288148893514, 0.059461959707754246, 0.048228186870590085, 0.05792442821710892, 0.02280686516491827, 0.05666497886385593, 0.05667377373601042, 0.12077261730629632, 0.023747723079752724, 0.04729640280687179, 0.04587404175152852, 0.0473447523453571, 0.05561759777375481, 0.05824434630944267, 0.05868079012476717, 0.06752877468338683, 0.014372906346736988, 0.03385919810602055]
            , [0.07117078569923897, 0.013099804067859707, 0.05469233773791491, 0.05872633813547409, 0.03520566369917624, 0.06118777381507244, 0.02394919750192077, 0.05974366864946286, 0.0562350404954096, 0.08238653775943444, 0.0214274283367068, 0.11657426783344597, 0.029581645045588707, 0.035813425583874174, 0.05313428073050218, 0.061399521899968765, 0.05641044859973857, 0.06585496363954799, 0.011732927667858037, 0.031673943101804984]
            , [0.06692193854597121, 0.014949492515326339, 0.054433081310746444, 0.05951672962697079, 0.03761500015890614, 0.06197679731922062, 0.02330493361906955, 0.0632658248096009, 0.055284699962787745, 0.07707499705286533, 0.021160112553913233, 0.03566684284851315, 0.0472820031318409, 0.033356387351947445, 0.05842548612244351, 0.06060356480132595, 0.059434462721008725, 0.1201489789758053, 0.017101230437099317, 0.0324774361346375]
            , [0.06387581918543642, 0.015240914161537568, 0.06350836285822363, 0.117171028462705, 0.032155407917751275, 0.05562186856083153, 0.02202119116261716, 0.061867884499032126, 0.05972874285283057, 0.0967764419050598, 0.022478656692077003, 0.046781620864308635, 0.027643540246167737, 0.04761175685066303, 0.050431590298630376, 0.06211460753612117, 0.05386030509787907, 0.06634786949328436, 0.007199297923679875, 0.02756309343116362]
            , [0.11223030747450459, 0.013676658179188795, 0.05802904573568041, 0.06718160190971906, 0.02701136054517, 0.05638604234358804, 0.025925152145426025, 0.0572722917834544, 0.05696772937556662, 0.09047651435210181, 0.02141615420952463, 0.05062564083921474, 0.029445381427780838, 0.05493859623608898, 0.06144989730855371, 0.06558164551915736, 0.056098693487275746, 0.0656055131633968, 0.0054591167374058985, 0.024222657227201273]
            , [0.06520356730047092, 0.013947679007762049, 0.050112877627843444, 0.056883472803063245, 0.04143455534711848, 0.05369087966366231, 0.022689562309955336, 0.05414366600613803, 0.052938765366564465, 0.19829580129398072, 0.022498618256100916, 0.04205535218736469, 0.026851702309226972, 0.04420176715496195, 0.052340741639517394, 0.057527424870507854, 0.04970843141839847, 0.06042353980226493, 0.008814849633883366, 0.026236746001214343]
            , [0.06765010114583465, 0.014399599284328383, 0.11227873469513061, 0.061496849876738154, 0.03424805062724865, 0.06402214466885812, 0.02490869479041627, 0.05475644630081942, 0.057821750037089885, 0.07661601703740162, 0.019122767381734632, 0.05269694759418113, 0.03619114794763353, 0.03673199247403624, 0.05684524586622215, 0.06159699863143422, 0.057834683349159734, 0.0634029828219808, 0.0159093062962682, 0.03146953917348375]
            , [0.06802853657001165, 0.01473433251324646, 0.05036142215473544, 0.05970683472104182, 0.059001859562652054, 0.05621821767535437, 0.023312049760746544, 0.06094138369345029, 0.057196637991979465, 0.08466661675651434, 0.021762154771023737, 0.038386975499305864, 0.028017462632693, 0.03167786902089351, 0.05043756416905462, 0.05992193423474193, 0.05235405265027026, 0.06587682558821564, 0.007574019270392102, 0.109823250763677]
            , [0.06555931043392976, 0.01683694727273429, 0.05454986156456423, 0.06455152917329232, 0.04028741142140435, 0.0569163296693248, 0.023550709577768728, 0.10589825844654896, 0.06346701844060823, 0.0807928130650158, 0.0240723029924233, 0.04627023863477241, 0.032866078536844784, 0.0367478384549853, 0.05472135389968918, 0.062473488369323746, 0.05780077675730162, 0.06982149345971186, 0.011076186235355567, 0.03174005359440068]
            , [0.06476969051957308, 0.014993709980542932, 0.055313379884331146, 0.06601883205862827, 0.03515329089999124, 0.1155012497456774, 0.022802842083881662, 0.06489067239118118, 0.062254372664378076, 0.08715402141030339, 0.020396291134784347, 0.0500013168216005, 0.027601592783353873, 0.04500092192457543, 0.05335051137460132, 0.06093358067371044, 0.05256906181980472, 0.06695494236269178, 0.0062543030331540204, 0.028085416433235248]
            , [0.06875247523220769, 0.014154017470713213, 0.053482430595961854, 0.0637974670609829, 0.10858407906443443, 0.055287002705454225, 0.02375591960657473, 0.06057230074130264, 0.05984615472881398, 0.07766856789497176, 0.01998813316200572, 0.04411708346312255, 0.029502802037131896, 0.03506313904860656, 0.05316712893766086, 0.06379035219627749, 0.05501063143761185, 0.06460643472078423, 0.00667294409672002, 0.042180935798661556]
            , [0.06624063902391268, 0.014660581113865395, 0.05588439365099814, 0.05402521764093338, 0.04146738725007693, 0.169191204737213, 0.02409585222238082, 0.05634499638523084, 0.049959081726383865, 0.07545802589637868, 0.020113895687663915, 0.038382295988023236, 0.030455006545304836, 0.031255969134230364, 0.056177943147901706, 0.05633789806993297, 0.05177447916613162, 0.06425933913677478, 0.0131075567901906, 0.030808236686472378]
            , [0.11159126355158111, 0.014600933365743515, 0.05818040005488898, 0.06041328993608222, 0.03247361730498385, 0.06646982139508548, 0.02776141350169402, 0.05256464977887313, 0.02629907565822132, 0.11730995999404306, 0.019264286394857288, 0.025809095977446798, 0.044647956820360366, 0.04990829070083765, 0.07128776992054767, 0.055126693573883, 0.055967610579475593, 0.06978353586891044, 0.016111473696024167, 0.024428861926460384]
            , [0.15838707889895584, 0.015875245463209158, 0.05311107446252422, 0.0595970773106701, 0.035362887933629746, 0.060564657325771334, 0.02583904398215342, 0.05454039340639615, 0.037972061713568685, 0.08147877399773547, 0.020226038154546058, 0.030962751550460414, 0.02865057693953224, 0.050268361433263, 0.059735756580387656, 0.06421086062055507, 0.05545028899043043, 0.06348950743039855, 0.014114792464410456, 0.030162771341402123]
            , [0.07360401254147642, 0.012034338280397756, 0.05073430929759636, 0.05450802155144809, 0.04420281442265018, 0.06057330969595873, 0.023963246249625578, 0.05560058978356135, 0.03137906109871725, 0.17125980387233578, 0.021733858949350857, 0.03017741236730564, 0.036570663383037216, 0.04631781019582388, 0.06236288808205133, 0.0560107154211382, 0.054410026507549475, 0.06505985616022436, 0.021752876753976857, 0.027744385385774548]
            , [0.07502960310818985, 0.013199767203354822, 0.055388329606516074, 0.06341355514144865, 0.0290661145646872, 0.05842369306955127, 0.02698697060925511, 0.05182245934359131, 0.06005630356122372, 0.07506374603359908, 0.020011554252794665, 0.05037931726624557, 0.02972034134287282, 0.10903930209583428, 0.06154959402909243, 0.06541932937234231, 0.058446747591956186, 0.06066203911973627, 0.01032079343086402, 0.026000439256844206]
            , [0.06624869780561123, 0.014465024672827152, 0.05024796678482928, 0.05768860196010925, 0.03374864012736207, 0.05512764335145441, 0.02205688529800963, 0.06512571584785365, 0.053080612655398055, 0.13592830298841227, 0.02103867860991283, 0.0315682018811403, 0.03012455909898324, 0.034365942852668065, 0.05345528389067723, 0.05882367239311376, 0.05766861221089391, 0.12322432740426416, 0.009612090987242878, 0.026400539179236508]
            , [0.07028826974496671, 0.009977388601855012, 0.067312370082205, 0.10453395949365353, 0.026331303437282016, 0.05448333378584935, 0.026813962396202463, 0.033588772829704995, 0.09889543864422291, 0.06303947994489423, 0.016046438626841186, 0.05785428230938609, 0.02850886826963749, 0.0631074585321621, 0.06428848376632827, 0.06742592174884662, 0.0614489552956883, 0.05098972241849845, 0.009176314449072182, 0.02588927562270295]
            , [0.0672332031251935, 0.011505226387818653, 0.05991999193666061, 0.1660300527969011, 0.030007384774373532, 0.05345506020118318, 0.02248050876448063, 0.05554110952656409, 0.06505976816885603, 0.0721445541507691, 0.01911354473319904, 0.04669402206144926, 0.025867744054190032, 0.045596007190707756, 0.05326879741152323, 0.05535658961653671, 0.05414302836870887, 0.05972671286702151, 0.009007300854566844, 0.027849393009296165]
            , [0.06520733737515474, 0.006022226722522248, 0.05868279017785318, 0.06382651762194698, 0.03211140598361845, 0.06299571086027671, 0.023076237615971936, 0.051152856830790516, 0.059400261296214674, 0.07342788625153263, 0.018106863615790194, 0.05658822653330755, 0.03707214464048966, 0.04819207232907687, 0.0564523728220507, 0.11622930315872793, 0.061519223261249104, 0.06165853198568429, 0.014425909069100202, 0.03385212184864152]
            , [0.0638662810466066, 0.014864270914134763, 0.051020761400011404, 0.06042781994639803, 0.03354318243874923, 0.05560434097735767, 0.022437461244275033, 0.11915990634676107, 0.05743722433352586, 0.07881369119598543, 0.01968899797760343, 0.034200837116877526, 0.028921733973366424, 0.031951817048357804, 0.051271148757238066, 0.05804149589857115, 0.05595758486461798, 0.12316787794406205, 0.010194130382108743, 0.029429436193391816]
            , [0.0696640889220612, 0.012465616337494946, 0.0527294725460388, 0.05537625110206487, 0.04921856614239435, 0.0561572681317891, 0.10038115982374066, 0.04378437358130755, 0.05080738822876604, 0.06827006229326665, 0.019194895328718244, 0.049341799728238295, 0.026257052998776842, 0.04567731047584574, 0.05799753698774735, 0.06050330002796923, 0.0546103691388174, 0.05913337549374928, 0.015353520809525796, 0.05307659190168745]
            , [0.06857474070954646, 0.018686999226267004, 0.05278174653508564, 0.06572956015610064, 0.03872564622122663, 0.05140941594641069, 0.02378814499040706, 0.06585729050282675, 0.06073192275955815, 0.08117552557816937, 0.023677629768503308, 0.04528293942216312, 0.027877534767323728, 0.0393867350919868, 0.05436996135981947, 0.06657201216830914, 0.06105183304136725, 0.12074761227134098, 0.006131676779988796, 0.027441072703599086]
            , [0.06742860016602097, 0.01687584914561572, 0.05780741663240387, 0.06985153445231158, 0.026685642866407726, 0.05523372215321785, 0.02604404308609649, 0.05554889829594853, 0.06609245300824103, 0.07221246669682704, 0.02181579517602535, 0.05846849333958625, 0.028220178657726504, 0.05179993896506414, 0.052542525043121145, 0.11553580713941147, 0.06711290347200405, 0.06109664754497045, 0.004513731349979687, 0.025113352809020134]
            , [0.06573806019104363, 0.011696807921851108, 0.053942412520538705, 0.06174468073859684, 0.03449328554602418, 0.05717516098147856, 0.021322504069323997, 0.11896502132544576, 0.05803248355506457, 0.1323269015483963, 0.019011079124745294, 0.04198594467780056, 0.02822276084792983, 0.03269336835324931, 0.05106134993358105, 0.055758476334055514, 0.052041709525853005, 0.06551671941678425, 0.01013006324783832, 0.02814121014039918]
            , [0.07060966525691058, 0.0168775333752229, 0.050936701462498714, 0.054758646892657574, 0.03372388600879471, 0.05630713324476511, 0.022014320917878104, 0.07208048150751867, 0.04970270097850612, 0.07711127177402013, 0.02140628784010082, 0.03327991232495874, 0.02713808145871096, 0.03130016203647333, 0.052551753356434944, 0.05608621423679312, 0.05641888874638697, 0.18140043386798585, 0.009273666578603906, 0.027022258134778755]
            , [0.0659019339409455, 0.01403559914755403, 0.11368085177022554, 0.06675478347234691, 0.03248174226757808, 0.05616731988057258, 0.022510130598610838, 0.06487799950735998, 0.06158790840790543, 0.09302084171279286, 0.0209819436009577, 0.04857883603027317, 0.026914017322132295, 0.04437998752558869, 0.050563484773588206, 0.0622099674254114, 0.054622364336312304, 0.06757275552115251, 0.00617129160104013, 0.02698624115765172]
            , [0.13002609514780705, 0.013773858596438177, 0.048223726149832516, 0.056802167241227934, 0.03187510799533718, 0.057088489461960386, 0.022365205935494046, 0.06212309383220904, 0.0467862244845503, 0.07718330163281316, 0.019123088037449085, 0.02890314301785335, 0.029867573428369876, 0.032483544654306376, 0.05440678305433261, 0.05882305249953034, 0.06084597554526216, 0.13234089304013225, 0.010634788431039974, 0.02632388781405401]
            , [0.11796553821825621, 0.012095778639142464, 0.05766845528957713, 0.06610239092728025, 0.026066752894015142, 0.06186421233861751, 0.026730563391865397, 0.03576827718173393, 0.03583206458997137, 0.08514158546916108, 0.017093556583216398, 0.025700337240610042, 0.030518433117625067, 0.05495276491151573, 0.13511569965886838, 0.05747310876982208, 0.05781551367561244, 0.06430234579470359, 0.01095877826695951, 0.020833843041446268]
            , [0.11415003778865493, 0.01021709480578433, 0.061914279446421895, 0.12116117921621058, 0.025837185704288498, 0.05810906276707463, 0.022348449436874713, 0.04992234541743253, 0.052643839139014596, 0.078653102750832, 0.016488928689213173, 0.02930172231812853, 0.032130322890312576, 0.051898921634078256, 0.06387660033581381, 0.05999816022754217, 0.05757020674076308, 0.06157941325615711, 0.010182416610485894, 0.022016730824916803]
            , [0.07170728445523293, 0.013218299529037502, 0.044412713553850514, 0.05126563391875226, 0.06688049788318827, 0.054035570820201995, 0.03176211212380818, 0.05093406074160306, 0.046295704755626985, 0.07604511757428445, 0.020500001549738064, 0.03389686620286937, 0.024113046793513955, 0.03259812125030197, 0.05482016807038274, 0.057995154320931525, 0.05322431313520845, 0.06309480845339101, 0.02803723687285973, 0.1251632879952168]
            , [0.06376808813297673, 0.01265634981818357, 0.04515202014536575, 0.057581757345193954, 0.028435713884602785, 0.052284897844354083, 0.022821912588926366, 0.05437826622741405, 0.12142472640081917, 0.0749435813866475, 0.019646954234226948, 0.04089530312224, 0.025822564557362787, 0.04655669665662381, 0.11949305023520441, 0.05797550638704235, 0.056340629971684084, 0.06255662306105525, 0.00926263957361038, 0.02800271842646598]
            , [0.12800825949528816, 0.011539213762590466, 0.055264528850413656, 0.05849503247350703, 0.029352011602241965, 0.12217316638634342, 0.02241030671097588, 0.05167053430330887, 0.04634987667235901, 0.07685615961510255, 0.017692157942120607, 0.034729239868524685, 0.031346694001816645, 0.04233779168606661, 0.057599535102576795, 0.06533244482156428, 0.05368204043517394, 0.06099788321782792, 0.009934621752714897, 0.024228501299482615]
            , [0.06281164507563623, 0.01324862092758292, 0.04177692413360405, 0.05391478021977574, 0.04320443513516427, 0.04600521941421714, 0.019966537141410758, 0.10723489155339325, 0.053342282076968776, 0.18241003410135215, 0.028059929267326165, 0.029580869691280882, 0.022471860358193266, 0.033728266631996275, 0.048027666334108265, 0.053788616002909954, 0.05141472445608422, 0.07461414285537751, 0.007618385075708764, 0.02678016954790961]
            , [0.10827645202072317, 0.020797172227304164, 0.05663002828821977, 0.0604136329784782, 0.023876940006183543, 0.06287829651546348, 0.03138052837595022, 0.0309146636340292, 0.029855827411830734, 0.06383259101514176, 0.017216852564642785, 0.05164141244140078, 0.0652180954299006, 0.04941430694826516, 0.0608686466635595, 0.1010136262423012, 0.06856590803756708, 0.062269474559170465, 0.010286256320327833, 0.02464928831954017]
            , [0.0726910660804178, 0.01180975444856362, 0.05582861787354017, 0.06572498034248449, 0.028101291368780805, 0.0523537960801026, 0.02275195761248378, 0.055872715398244656, 0.0631768470523272, 0.07720169070760999, 0.018618736502090515, 0.04783764496561036, 0.1141078159951529, 0.045871000941019084, 0.05060435228765139, 0.06950931994488642, 0.05623640816681754, 0.062000805797022565, 0.005316826700793759, 0.024384371734400247]
            , [0.20818488665510443, 0.01277859361719698, 0.05554319895619029, 0.06074539600489127, 0.028672747242093087, 0.059221001740715054, 0.02454490681928806, 0.04684023444405412, 0.04205799243640151, 0.07823297676335121, 0.017510877533543568, 0.026198107276231633, 0.026135799034024028, 0.04449004162730659, 0.06161078413279773, 0.05680706227511066, 0.052722600955586695, 0.060381015756966895, 0.01365470026491808, 0.023667076464228037]
            , [0.07039023304677326, 0.004597466871742784, 0.05680718059075395, 0.06342581198950029, 0.03400867056960572, 0.057231174455652206, 0.025207663854520154, 0.05476653738199494, 0.062234328697738955, 0.079788544927309, 0.01984070269717624, 0.04944076142692108, 0.026753234934264188, 0.05028423332930985, 0.11874587139337274, 0.06170049872310569, 0.058284114087746766, 0.06411597000614241, 0.010230218048187543, 0.032146782968182054]
            , [0.06386314756320467, 0.012715203439235972, 0.05354949534420869, 0.07229701193032077, 0.026979236577523, 0.04792043496815462, 0.023190243633005304, 0.0630684560208863, 0.12122411492002627, 0.08222536843326124, 0.024258004548464256, 0.05335123887162732, 0.022678978729947497, 0.05486868779448812, 0.0608703809490807, 0.06610228313458064, 0.05853739704301549, 0.06320086703325835, 0.0038545302990769486, 0.025244918766633876]
            , [0.07131583473108408, 0.01107737061572524, 0.1550151797519389, 0.054102215295534765, 0.035363872970012485, 0.057554445041349274, 0.021109698723119734, 0.06395667324503307, 0.05518083429423365, 0.08521595497773699, 0.02223771338128051, 0.03440364075045099, 0.029580361313830076, 0.031500948398022886, 0.05203838776317912, 0.051931778276025374, 0.05351719344286907, 0.07193900464689611, 0.011645161993699355, 0.03131373038797847]
            , [0.06527228916421922, 0.0036491555328676856, 0.0542541135040408, 0.05797947860341732, 0.043517533629925075, 0.05999539882923487, 0.01908603934617284, 0.06160569218034326, 0.05520964947401357, 0.07340486540784198, 0.019446104670279973, 0.04802327163982588, 0.038195833814281564, 0.044299853745088165, 0.05110577841876666, 0.060800240071057804, 0.06038245512491243, 0.13790314564712527, 0.013521954426260953, 0.03234714677032449]
            , [0.06409803666946991, 0.012867200618166104, 0.05320388154936935, 0.059531429783708435, 0.030477452604115482, 0.056461635793695945, 0.021785609523215163, 0.0576365546541043, 0.16683420764745124, 0.0712510963822346, 0.019848278730186825, 0.04600152474166713, 0.027640465636152335, 0.03727430764224889, 0.0630221235486206, 0.05758302769602619, 0.05354050664260055, 0.06311577928042938, 0.009749538733966348, 0.028077342122571153]
            , [0.07379442718112203, 0.012908528095357957, 0.05323936034656159, 0.0546586039693314, 0.12136080270634889, 0.06108307305406191, 0.026989169418421933, 0.05312830390454582, 0.04592060876118002, 0.07345652511379305, 0.02182703553942221, 0.034992357298005324, 0.029337073025900717, 0.03498560723402447, 0.055608382300500456, 0.057141375658652224, 0.054170350291973056, 0.06149650445309397, 0.02195822567692381, 0.05194368597077902]
            , [0.06610891658310888, 0.013813360375997952, 0.05003032963404835, 0.055445283196855794, 0.03118932410614819, 0.056565261778939, 0.024081114677702263, 0.045398036954944855, 0.05042206703567957, 0.07062492980595092, 0.018270740947329705, 0.04812421143561664, 0.025196885495252817, 0.04215920624623893, 0.054501246155442946, 0.12929375164253012, 0.12248141786190074, 0.05775161457071456, 0.011442733232229947, 0.02709956826336798]
            , [0.07284008459819118, 0.013747962639890607, 0.04971286756250588, 0.05683560869618973, 0.03199744024182914, 0.055524944405190714, 0.021221811621865566, 0.05318498706869259, 0.04933252235090819, 0.07280776662685906, 0.01919294287065848, 0.032314245853752234, 0.1624679818730902, 0.037408494628750635, 0.05468916514330878, 0.0589640254855142, 0.05679192698886897, 0.06220812231616098, 0.011082080991279318, 0.02767501803649364]
            , [0.06836985341859171, 0.014105639158099249, 0.0526295144220807, 0.05645381078368045, 0.030897535286094385, 0.057076093085746765, 0.024274840325585835, 0.05214288606514187, 0.05345368150852828, 0.0719459039033133, 0.020208488677914062, 0.04538927731733268, 0.028288625979512115, 0.04296344875045938, 0.055943476745308154, 0.06592251269953539, 0.16180670673570843, 0.06098631445919811, 0.010766778443286436, 0.026374612234882848]
            , [0.06796287331560842, 0.003110270551459145, 0.060570551504478286, 0.05631042976059366, 0.03308120840759459, 0.14035278504306173, 0.020015063462937695, 0.05087722397357254, 0.05811955859107521, 0.07188052000175092, 0.01779070006051312, 0.04917102888356399, 0.043349721175974444, 0.046455786156992494, 0.0514638765260331, 0.060370551535945574, 0.05405490254677816, 0.05993804459100307, 0.012267713472196504, 0.042857190438867376]
            , [0.062344830700289504, 0.010351141302233767, 0.05414236695779454, 0.05677159642437028, 0.03010071454838146, 0.18833297250900252, 0.019998826150566175, 0.06996572083515466, 0.05339251984202165, 0.08718546520207567, 0.020258304534153823, 0.042674370271056535, 0.02513862717113373, 0.031651483206883754, 0.04930913984784456, 0.052502300874613536, 0.04666106278701939, 0.06995767855966238, 0.005892209905859691, 0.02336866836988218]
            , [0.06595701212652182, 0.010009723306039109, 0.12535464171209043, 0.12337779085393963, 0.029244462922246018, 0.05329363574867588, 0.018917266900067956, 0.05334536354883535, 0.06083668120408554, 0.07262525148680186, 0.017921730913807974, 0.04646749585259415, 0.03034313196888142, 0.04141351316459486, 0.04653849691368006, 0.055979431411309725, 0.054130974352991676, 0.05895283533686259, 0.008904553128151966, 0.026386007147821963]
            , [0.08054057216482756, 0.0018095301528812356, 0.05832766065030537, 0.06027316424691281, 0.04317530853554802, 0.06163343121761861, 0.022384185037959373, 0.05327880861892028, 0.05940348506571185, 0.07813069258855401, 0.021264422624381652, 0.05241932252091941, 0.04498091612958243, 0.05714416246380044, 0.05891982339718604, 0.0614070340243746, 0.06185415334239289, 0.06387674988846721, 0.01622938181335052, 0.04294719551630563]
            , [0.07124578593921463, 0.013112544917746782, 0.09452775543346822, 0.12322294571012736, 0.016591228227309563, 0.062176116930885365, 0.030211851164001536, 0.020521174411498668, 0.07460328274064494, 0.04922871992823621, 0.012229189870061077, 0.06496342358798053, 0.043502386033905306, 0.06274345094769261, 0.06128650529965471, 0.08603171880412044, 0.05852138058055454, 0.031554539951190785, 0.005710492970362241, 0.01801550655134427]
            , [0.08257960820223777, 0.013445998669431214, 0.07644765755949164, 0.0771233221333376, 0.01764651873413941, 0.11953234895142874, 0.026758803740380165, 0.023811114853039612, 0.06523207157860599, 0.050652985536942884, 0.013637234940961897, 0.06410964464949309, 0.040502667464596034, 0.05505777627194651, 0.05624959449294, 0.09145921911780054, 0.06307967852136852, 0.039356705777492194, 0.006006296566416713, 0.017310752237949575]
            , [0.18801882663301356, 0.015706505412346538, 0.04681293698705662, 0.05506619198620493, 0.024172094788404555, 0.05912454619073664, 0.02076985970399657, 0.04571331262400255, 0.04875316284343913, 0.06645273384786167, 0.01717534513195365, 0.033246994734350506, 0.02705764475595867, 0.04327282814188037, 0.04889506114492885, 0.1112587081225036, 0.060211046435753965, 0.058940005768701696, 0.007674627028306358, 0.02167756771859971]
            , [0.06482212782702002, 0.004093612669690043, 0.05948013344650472, 0.058785807890096645, 0.0314812389819058, 0.06154335941806083, 0.018922010717745404, 0.055630160235945636, 0.06103696165205171, 0.07168630006117331, 0.01698727934339614, 0.0499263728163118, 0.04691056884603705, 0.04649177034846479, 0.05391984880048937, 0.06583658144333475, 0.12032935218425381, 0.06429504213908395, 0.012167119382016204, 0.035654351796418175]
            , [0.13963098970338414, 0.0025636429744931005, 0.06022654599506066, 0.05931217142835933, 0.029988393448366794, 0.061194363996193206, 0.01804607976844105, 0.05023633220806803, 0.06134677770291065, 0.06957867874735192, 0.01720269014338337, 0.04923994363906931, 0.04894649300852226, 0.05298583531090796, 0.05241792348150484, 0.06122237081860981, 0.06002742599779006, 0.0630984304600711, 0.012804126630594822, 0.029930784536917908]
            , [0.07299326306656943, 0.016626426166277297, 0.051421810772005486, 0.06850930757587649, 0.021025556668531994, 0.051356521245548084, 0.04244842002608737, 0.030243155594772777, 0.07771092229593289, 0.06504369923390156, 0.016714662991749327, 0.054521955175470045, 0.024607247877525672, 0.06385281714954712, 0.12528277201987545, 0.07756257674502268, 0.06022554610777158, 0.05241309666034022, 0.005485341916074304, 0.02195490071112036]
            , [0.06791981279995717, 0.014764299430689215, 0.052769290682367416, 0.06232456119058006, 0.034970232953811575, 0.05687442572308974, 0.02127270905121101, 0.1489298923961044, 0.06093379534686578, 0.07801548068608544, 0.024994610647699707, 0.046424083066266546, 0.02574598153544559, 0.03242146518000434, 0.05039847546997933, 0.06154464843408895, 0.05424990132592108, 0.06919822771899531, 0.006879974014643312, 0.029368132346194224]
            , [0.061356681596787845, 0.011008785092866617, 0.046394404791410306, 0.05157544345133488, 0.04214816467239531, 0.052138881533474415, 0.021205695467555935, 0.05635032344665794, 0.046872581705859104, 0.25772953473209925, 0.02926146800707129, 0.02772510851846696, 0.023828353420382253, 0.03361961943402373, 0.04784144197292679, 0.05059684312848101, 0.04733891690131032, 0.058141292853548444, 0.008775862817659174, 0.026090596455688425]
            , [0.13144531750499597, 0.01966357907057623, 0.04566432370116907, 0.055975512550242884, 0.03023876697414406, 0.05925925145146003, 0.023453132865591177, 0.04855216938114749, 0.049964172928965316, 0.07417036300607163, 0.01854415082594118, 0.0356496486623943, 0.025034527893159395, 0.043755899759815364, 0.05285636879944661, 0.13301318919923563, 0.05754011132206511, 0.060866462424461185, 0.007767397000872701, 0.02658565467824468]
            , [0.07224166778239154, 0.006625471157632314, 0.05784999298129479, 0.06143919117057781, 0.025066744137936407, 0.05595904973204896, 0.02028217740342971, 0.04414183248301815, 0.05816689014347136, 0.05915980644852186, 0.015900677280248257, 0.04159210913967086, 0.19788280069673564, 0.04150966060372305, 0.04922926993551132, 0.055765536892538714, 0.05161112629914257, 0.0553194675301822, 0.007800897677857101, 0.022455630504067303]
            , [0.0663728685713152, 0.017078256999003442, 0.026160074625687514, 0.0334354825449703, 0.10892294137192952, 0.030481358525305268, 0.02956907996305777, 0.07916425692673572, 0.03223938101093566, 0.1291360262552606, 0.03135783071500142, 0.025763054060422043, 0.021813388297784325, 0.029126410966339618, 0.04123702607069167, 0.05557193758425587, 0.052438857890461765, 0.08378077393864712, 0.025115835459478587, 0.08123515822271653]
            , [0.06550754635235191, 0.013303805028329948, 0.049784644923885464, 0.05149464154306475, 0.04894860643909387, 0.05958087557814804, 0.020795982310806968, 0.05501906642107452, 0.046156816939814806, 0.07686563945722033, 0.018747470353452273, 0.04910626102808066, 0.02818761772087501, 0.03063361581480794, 0.05332368875212771, 0.16946087094264176, 0.059355157985159154, 0.062273264836981576, 0.011361482555320915, 0.03009294501676248]
            , [0.07435698044728754, 0.011513675452281038, 0.06560459789498913, 0.12240747733710058, 0.02081619553453838, 0.05230686275982374, 0.024090025326342305, 0.052886834276126, 0.07392622277622772, 0.07313799166571186, 0.018332469592237735, 0.053968015170918, 0.02574405575443162, 0.059350322951875485, 0.059228981965486864, 0.07524850396040868, 0.05726373031046177, 0.058679115645140244, 0.0023151334368640116, 0.018822807741747237]
            , [0.06693835806086108, 0.0025875915160681892, 0.05791411541591736, 0.06403338446672793, 0.038219882601456145, 0.06103358522732565, 0.019113163121942802, 0.055078894755804, 0.06298968723967953, 0.15052628018532582, 0.016857708604188785, 0.051648251608750737, 0.03031567351212824, 0.0487144093680137, 0.05319161385470121, 0.05936857995171346, 0.05292199442993462, 0.05914841198227991, 0.008473116947913856, 0.040925297149267174]
            , [0.06082808368510026, 0.008447841471281319, 0.04998363338976166, 0.04214418203198772, 0.0256083381814373, 0.3049797203539371, 0.017997283735558808, 0.055702221497139284, 0.04255461670920874, 0.06476742823662884, 0.016497934306110833, 0.04601031406166135, 0.022937611516293366, 0.02752451321027414, 0.04136220586541805, 0.0468901268252393, 0.04184814050320386, 0.05599955195795075, 0.007435888921989024, 0.020480363539818545]
            , [0.06521949677695954, 0.013201671650494491, 0.05028787970310345, 0.05035500894892935, 0.030400693244321028, 0.24469100614019043, 0.020675103317853313, 0.05790516729949386, 0.05076201627594528, 0.07158217933104695, 0.01820880545549544, 0.046696231062867716, 0.022483544726349163, 0.03010460237912345, 0.047530463290197604, 0.048648195492451654, 0.0446414639519764, 0.05869439377060378, 0.00599919941455158, 0.02191287776804545]
            , [0.06524796293805198, 0.015648248346393934, 0.023674979791967983, 0.030174134321588435, 0.06580454521276963, 0.030724115264157033, 0.020981954989558748, 0.10851819505217376, 0.031182584343821873, 0.14192740817136137, 0.047211220848236424, 0.022503587491475623, 0.02251944401741834, 0.026750173060790364, 0.04292735321332159, 0.05253053336009435, 0.055409691147360454, 0.1227295672595935, 0.01963999765563228, 0.053894303514232196]
            , [0.07221305271141022, 0.010366446609136791, 0.05073764616794331, 0.05546465899385654, 0.027908849892556126, 0.05731357898218885, 0.022894391620890422, 0.05283603363562737, 0.057771431550271715, 0.07305660339419116, 0.01908712111013197, 0.03895838805313494, 0.02504661033037676, 0.04296849000633256, 0.18299194050966497, 0.05583887988366906, 0.05544128285227531, 0.06134406702840728, 0.009289233565735152, 0.028471293102199546]
            , [0.07488474993619666, 0.007962257125364086, 0.05477675787755892, 0.05123772148227461, 0.052783337759925546, 0.059801189497208945, 0.021801089999316785, 0.052159741756896395, 0.049444140017270044, 0.0692292825917605, 0.018583985862675834, 0.045080676987632864, 0.029638521749370334, 0.032822775302306206, 0.0508946749960364, 0.05921368112038642, 0.058187800227943655, 0.0622747836894695, 0.10319037555047178, 0.04603245646993465]
            , [0.07029567246253965, 0.003938818530965423, 0.11373825409028958, 0.06502634121562975, 0.03353702791053349, 0.06522590596064563, 0.022771310576094675, 0.050540124697008554, 0.064247908714875, 0.06969465170759134, 0.017326259680175805, 0.05912500249777905, 0.0353492501504824, 0.05036323348293284, 0.052687156706384866, 0.06186408764800915, 0.05738016675798897, 0.05893988038573779, 0.011752343212945542, 0.0361966036113904]
            , [0.2637838239275917, 0.01470393420689408, 0.04537726239967032, 0.052775350354307284, 0.02703140210130889, 0.059526670863309115, 0.021700388792727763, 0.0476889795182695, 0.042418801921792045, 0.07245701163441065, 0.018760531294017276, 0.025656340172062995, 0.02157741532648993, 0.0327490176219922, 0.05440969147650556, 0.06094201329645474, 0.04977811442308459, 0.0587212440017249, 0.008020550657352821, 0.021921456010033574]
            , [0.13351765420500022, 0.017143026708566694, 0.04318924432488505, 0.05379554080186545, 0.030529543148320484, 0.055737615438749645, 0.020447839843041726, 0.06418287425713981, 0.0461945904640574, 0.14853891230288135, 0.026266844434992664, 0.02786166849244816, 0.022568479404167258, 0.03509129971639912, 0.05262486219143929, 0.06220020276881421, 0.05592254268522278, 0.0734654435589727, 0.006935562377588519, 0.023786252875447594]
            , [0.15819661941545723, 0.013542318368570063, 0.052018532780677265, 0.0630405428047767, 0.02320514940068371, 0.05764385526029906, 0.021156899487455267, 0.05574992450958355, 0.06256607079285587, 0.077924874751936, 0.022269590041421518, 0.04639659453811765, 0.021906174508607507, 0.04888285226184617, 0.055581821697624705, 0.0715533359960077, 0.057511566906460906, 0.06541733667408964, 0.0034346115439432365, 0.022001328259586166]
            , [0.06761274884897044, 0.0076266050832283425, 0.060607928163218014, 0.13815452402257114, 0.02338946707777925, 0.044795066716887696, 0.01843178676332658, 0.04961448308696164, 0.1326773874125347, 0.06429054612321222, 0.0160823571492368, 0.049783304013947476, 0.021141075962442527, 0.054706097647647195, 0.055033654238836924, 0.05749708829896105, 0.05552359011718335, 0.05395558758625226, 0.0060173715601107205, 0.02305933012669156]
            , [0.1285052811935575, 0.010426080851078937, 0.05453032372298185, 0.06016913387147648, 0.026844940198239187, 0.06187178972924299, 0.021405573879820453, 0.04602888318078338, 0.03621671246407297, 0.07431328117119947, 0.016135780400466166, 0.027836197033563503, 0.12590518881358362, 0.03565054708660055, 0.05929916613430685, 0.0606364841402689, 0.05580493448311137, 0.06434123004024492, 0.01132867203580168, 0.02274979956959933]
