20 A C D E F G H I K L M N P Q R S T V W Y
16
0.5037215011693957 0.0739250929989093 0.0100562799595977 0.0559391271361530 0.0614125573299501 0.0474419426912647 0.0602886615458880 0.0243410943278082 0.0554793315644938 0.0612886332911607 0.0836326691886821 0.0182183028316666 0.0519415085673962 0.0393949773117753 0.0499225190114437 0.0602086731081896 0.0669031293298562 0.0621953979532790 0.0636107889169637 0.0092034819515566 0.0445958309839653
0.10063444984755066 0.0892401931178313 0.0033146013401176 0.1113916632398313 0.1423111091747833 0.0076744523349957 0.0517025600833882 0.0274818989941068 0.0139414620790535 0.0932868591360138 0.0371803080792517 0.0080407140459569 0.0752321507281593 0.0192967179355773 0.0782616082228325 0.0630387360427220 0.0741690008109778 0.0610389273969902 0.0316510460746776 0.0024485575782129 0.0092974335845204
0.06678520289749554 0.2347403824756739 0.0094573296609875 0.0446081252828143 0.0529138744235853 0.0143427330118420 0.0681257131564427 0.0146635207644799 0.0376028164166672 0.0455464879939868 0.0577822403299678 0.0129356192520470 0.0373889052088045 0.0266265637735042 0.0435201171380690 0.0487941655341133 0.0981064546792302 0.0705641515155561 0.0650366466076658 0.0046686772365558 0.0125754755380067
0.06300941519997241 0.0777583366498770 0.0088305966463825 0.0191946258864192 0.0383719151063411 0.0408510697558004 0.0383030675359491 0.0131285784354186 0.1461300989849015 0.0383187742062223 0.1175229214786437 0.0326566601543619 0.0186942162698547 0.0157286048710805 0.0220373219741222 0.0387402005764513 0.0448384324127006 0.0668219827375965 0.1967307011346252 0.0056031366916616 0.0197387584915897
0.04884382468389274 0.0560497654689949 0.0072365262473841 0.0116710652703406 0.0158293830469429 0.0770205491926778 0.0183757218517876 0.0108665797180729 0.1221524424318559 0.0161434757732399 0.3184908027971244 0.0681154354665793 0.0127894461161596 0.0102003033067211 0.0173346273184936 0.0216372134874036 0.0306518455031616 0.0390502583543609 0.1015838662824710 0.0067281189148468 0.0380725734513815
0.03158709538973257 0.0876460938988258 0.0058349394163752 0.0645910258455563 0.0464162052584633 0.0124500423592119 0.3274845227552396 0.0152875497609611 0.0188496570239260 0.0463972607692890 0.0430813785417150 0.0096812473315945 0.0654227353833911 0.0165456273983938 0.0363395669469199 0.0406515410422213 0.0692647044181336 0.0411896198199864 0.0368115103192737 0.0043170698114587 0.0117377018990640
0.025567038752917104 0.0541836963562274 0.0051800910964266 0.0041928435938061 0.0067176927639060 0.0301668010046474 0.0066482889184175 0.0042870850559634 0.2714635781822488 0.0068647128454125 0.1619797981480172 0.0452217404078250 0.0056804971893601 0.0053827589470802 0.0070345213610475 0.0070749765713643 0.0196164040840442 0.0432698861949088 0.3065777437350927 0.0020751517635433 0.0063817317806610
0.024997349540097306 0.0525215223270676 0.0030865105170889 0.0254028281793451 0.0569077313888903 0.0046636672104372 0.0260465094043900 0.0337571725754232 0.0104361924581355 0.2619748011257520 0.0324276228801685 0.0078194406566298 0.0448994908299829 0.0075146606505485 0.0846244875927148 0.2278251967219632 0.0442248443649509 0.0447132893383549 0.0233588109918918 0.0018762730936224 0.0059189476926424
0.02423350615609229 0.0673072214164004 0.0016040049217613 0.2813284798728181 0.2370144337616996 0.0025735477115494 0.0438840085559141 0.0162181818169943 0.0046614461214671 0.0507425533346841 0.0083967431720375 0.0033991700636362 0.0881575727138909 0.0112535339084361 0.0553777100924781 0.0248804977373269 0.0525106927268068 0.0365633273928984 0.0095887388820124 0.0010068952267675 0.0035312405704208
0.020926498595575584 0.0255875702603997 0.0048401240762380 0.0063530989809160 0.0075730275247952 0.3143235986223341 0.0073237089143510 0.0453927755018709 0.0281586096131950 0.0080219784377771 0.0700918202435474 0.0130344773670664 0.0110004772492123 0.0048538904570067 0.0096917915150752 0.0091404983344328 0.0227394139236748 0.0140932047871907 0.0298425596198397 0.0471641177142870 0.3207732568567899
0.01994039977876643 0.0931616927320188 0.0061173549761969 0.0413566325458097 0.0342598653103048 0.0063162296557093 0.0432579694148687 0.0097909722602325 0.0144178040245645 0.0397801129277321 0.0255674165824788 0.0078595433223747 0.0675308392990704 0.0139069056643333 0.0298186388662581 0.0275579189689733 0.2483779171489233 0.2433525218878364 0.0388727974344573 0.0022907599635693 0.0064061070142879
0.01918166571505576 0.1169893279628380 0.0036434824463272 0.0442239391348960 0.0535722489413943 0.0076062356800221 0.0382720960499291 0.0102564310749537 0.0142347611155047 0.0427847937239395 0.0367258896746081 0.0070097925954062 0.0239214318546761 0.3650221626143874 0.0354954591765972 0.0350356100967082 0.0700066421276247 0.0474031889703060 0.0382794356954385 0.0027796780065052 0.0067373930579380
0.016287235768307654 0.0210854662556257 0.0027231458402603 0.0019890963610915 0.0032335139819485 0.0554297351045246 0.0027174327295323 0.0027027197397037 0.1693645391492453 0.0035538443057706 0.4896077466204320 0.0943991534495056 0.0031993289734072 0.0025016499407287 0.0056349388594467 0.0039791979427792 0.0060603316091483 0.0169239046408425 0.1056395996212513 0.0019144866359923 0.0073401682387634
0.012880596462051162 0.0240865837488095 0.0020823449835823 0.0012935271556084 0.0021834352044031 0.0133849994443797 0.0018405897728502 0.0014484822553707 0.3892063482644771 0.0022306796938317 0.1200585301078228 0.0255496685273425 0.0020322837041653 0.0015723813176001 0.0023479410195630 0.0021951708671725 0.0041273923905887 0.0193267481104687 0.3824334821046821 0.0005697873423646 0.0020296239849170
0.01236455511232202 0.4677786621960587 0.0231496631285124 0.0090068753765123 0.0168062991670587 0.0039291214354092 0.0803804185735454 0.0044464298386553 0.0148628150806203 0.0087518944428200 0.0184909492546851 0.0053439362705007 0.0164898858188649 0.0101796403701519 0.0086841044167752 0.0078053961691836 0.1796470265149885 0.0688712295733914 0.0508235805169876 0.0012240414916868 0.0033280303635920
0.009039664930775097 0.0782948459193835 0.0025346837761401 0.0280446723119067 0.0184401289271232 0.0026026983235798 0.7036566662514602 0.0048964178113245 0.0039126749972472 0.0164865931784922 0.0060368577911661 0.0029242291591412 0.0297558300649311 0.0050449776115589 0.0122507707574013 0.0135526610477125 0.0417371389317079 0.0159722656468273 0.0100777914819222 0.0011197123273896 0.0026583836835849
