# This script is generated automatically.
# Vector of amino acid stationary distributions.
distributions <- [
              [0.07392509299890927, 0.010056279959597684, 0.05593912713615302, 0.06141255732995006, 0.04744194269126471, 0.06028866154588803, 0.024341094327808174, 0.05547933156449379, 0.0612886332911607, 0.08363266918868213, 0.01821830283166659, 0.051941508567396245, 0.039394977311775305, 0.04992251901144369, 0.06020867310818964, 0.0669031293298562, 0.06219539795327901, 0.06361078891696374, 0.009203481951556644, 0.04459583098396527]
            , [0.08924019311783127, 0.003314601340117612, 0.1113916632398313, 0.1423111091747833, 0.007674452334995695, 0.05170256008338817, 0.027481898994106756, 0.013941462079053538, 0.09328685913601376, 0.037180308079251684, 0.008040714045956932, 0.0752321507281593, 0.019296717935577253, 0.0782616082228325, 0.063038736042722, 0.07416900081097777, 0.06103892739699021, 0.03165104607467758, 0.00244855757821285, 0.009297433584520445]
            , [0.23474038247567391, 0.009457329660987548, 0.04460812528281435, 0.0529138744235853, 0.014342733011841989, 0.0681257131564427, 0.014663520764479916, 0.03760281641666718, 0.04554648799398682, 0.057782240329967816, 0.012935619252047007, 0.03738890520880445, 0.026626563773504166, 0.04352011713806902, 0.048794165534113296, 0.09810645467923015, 0.0705641515155561, 0.06503664660766581, 0.004668677236555822, 0.012575475538006716]
            , [0.07775833664987702, 0.008830596646382494, 0.01919462588641921, 0.038371915106341116, 0.040851069755800384, 0.03830306753594912, 0.013128578435418599, 0.14613009898490154, 0.03831877420622232, 0.11752292147864371, 0.03265666015436192, 0.018694216269854732, 0.015728604871080527, 0.022037321974122157, 0.0387402005764513, 0.04483843241270059, 0.06682198273759651, 0.1967307011346252, 0.005603136691661592, 0.019738758491589698]
            , [0.05604976546899487, 0.007236526247384056, 0.011671065270340576, 0.01582938304694292, 0.07702054919267776, 0.01837572185178763, 0.010866579718072906, 0.12215244243185593, 0.016143475773239876, 0.3184908027971244, 0.06811543546657935, 0.0127894461161596, 0.010200303306721116, 0.017334627318493626, 0.02163721348740361, 0.030651845503161586, 0.0390502583543609, 0.10158386628247103, 0.006728118914846754, 0.038072573451381486]
            , [0.08764609389882581, 0.0058349394163751895, 0.06459102584555626, 0.04641620525846334, 0.012450042359211938, 0.3274845227552396, 0.015287549760961059, 0.018849657023925992, 0.04639726076928899, 0.04308137854171504, 0.009681247331594454, 0.06542273538339109, 0.01654562739839377, 0.03633956694691985, 0.04065154104222133, 0.06926470441813357, 0.04118961981998638, 0.03681151031927373, 0.004317069811458734, 0.01173770189906404]
            , [0.05418369635622736, 0.005180091096426627, 0.004192843593806134, 0.006717692763905975, 0.030166801004647442, 0.006648288918417477, 0.004287085055963367, 0.2714635781822488, 0.006864712845412505, 0.16197979814801722, 0.04522174040782502, 0.005680497189360081, 0.00538275894708015, 0.0070345213610474595, 0.007074976571364343, 0.019616404084044217, 0.043269886194908826, 0.3065777437350927, 0.0020751517635433365, 0.006381731780660981]
            , [0.052521522327067575, 0.0030865105170889487, 0.025402828179345072, 0.05690773138889034, 0.004663667210437174, 0.02604650940439002, 0.033757172575423176, 0.010436192458135516, 0.261974801125752, 0.03242762288016849, 0.007819440656629805, 0.044899490829982854, 0.007514660650548544, 0.08462448759271476, 0.22782519672196322, 0.044224844364950895, 0.044713289338354924, 0.02335881099189179, 0.0018762730936224285, 0.005918947692642415]
            , [0.06730722141640036, 0.0016040049217612771, 0.28132847987281806, 0.2370144337616996, 0.0025735477115494143, 0.04388400855591412, 0.01621818181699426, 0.004661446121467146, 0.05074255333468407, 0.008396743172037478, 0.0033991700636362325, 0.08815757271389094, 0.011253533908436128, 0.055377710092478105, 0.02488049773732687, 0.05251069272680678, 0.03656332739289841, 0.009588738882012393, 0.0010068952267674911, 0.00353124057042082]
            , [0.02558757026039965, 0.0048401240762380275, 0.006353098980915954, 0.007573027524795194, 0.31432359862233406, 0.007323708914351046, 0.04539277550187088, 0.028158609613195027, 0.008021978437777135, 0.07009182024354739, 0.013034477367066422, 0.011000477249212269, 0.004853890457006722, 0.009691791515075229, 0.009140498334432789, 0.022739413923674807, 0.014093204787190741, 0.02984255961983974, 0.047164117714286996, 0.32077325685678987]
            , [0.0931616927320188, 0.00611735497619693, 0.04135663254580973, 0.03425986531030482, 0.006316229655709287, 0.043257969414868654, 0.009790972260232485, 0.014417804024564452, 0.03978011292773209, 0.025567416582478776, 0.007859543322374733, 0.06753083929907043, 0.013906905664333278, 0.02981863886625806, 0.02755791896897328, 0.24837791714892332, 0.24335252188783643, 0.038872797434457276, 0.0022907599635692754, 0.006406107014287931]
            , [0.11698932796283797, 0.003643482446327171, 0.04422393913489603, 0.053572248941394264, 0.00760623568002213, 0.0382720960499291, 0.010256431074953725, 0.01423476111550469, 0.04278479372393953, 0.036725889674608075, 0.0070097925954061896, 0.02392143185467609, 0.36502216261438736, 0.035495459176597154, 0.03503561009670816, 0.07000664212762468, 0.047403188970305966, 0.03827943569543848, 0.0027796780065052315, 0.0067373930579380445]
            , [0.021085466255625678, 0.0027231458402602856, 0.0019890963610914992, 0.0032335139819485302, 0.05542973510452464, 0.0027174327295322667, 0.002702719739703703, 0.16936453914924532, 0.0035538443057705686, 0.48960774662043205, 0.09439915344950563, 0.0031993289734071526, 0.0025016499407286776, 0.005634938859446733, 0.003979197942779185, 0.006060331609148262, 0.016923904640842497, 0.10563959962125133, 0.0019144866359923245, 0.007340168238763363]
            , [0.02408658374880947, 0.0020823449835823135, 0.0012935271556083973, 0.00218343520440315, 0.013384999444379736, 0.0018405897728501507, 0.0014484822553706665, 0.38920634826447714, 0.0022306796938317297, 0.1200585301078228, 0.025549668527342487, 0.0020322837041652627, 0.0015723813176000926, 0.002347941019563042, 0.002195170867172519, 0.004127392390588669, 0.01932674811046868, 0.3824334821046821, 0.0005697873423645952, 0.002029623984917044]
            , [0.4677786621960587, 0.023149663128512396, 0.009006875376512258, 0.016806299167058676, 0.003929121435409239, 0.08038041857354544, 0.004446429838655319, 0.014862815080620338, 0.00875189444281998, 0.018490949254685092, 0.005343936270500728, 0.016489885818864874, 0.010179640370151894, 0.008684104416775203, 0.007805396169183646, 0.1796470265149885, 0.06887122957339144, 0.05082358051698755, 0.0012240414916868318, 0.003328030363591973]
            , [0.07829484591938346, 0.0025346837761400817, 0.028044672311906726, 0.018440128927123246, 0.0026026983235797607, 0.7036566662514602, 0.004896417811324503, 0.003912674997247214, 0.016486593178492222, 0.006036857791166078, 0.002924229159141246, 0.029755830064931106, 0.005044977611558858, 0.012250770757401304, 0.013552661047712472, 0.04173713893170791, 0.015972265646827338, 0.010077791481922163, 0.0011197123273895746, 0.002658383683584877]
            ]
# The number of clusters.
n_clusters <- 16
# The base file name of this file (for reproducibility).
fn_distributions = "udm_0016_lclr_rb"
