# This script is generated automatically.
# Vector of amino acid stationary distributions.
distributions <- [
              [0.05201060321443288, 0.020078074723375916, 0.0597605848376274, 0.07309624163672997, 0.04378492155926453, 0.04978283327986127, 0.02668567470626115, 0.06592366241307242, 0.07754951335616303, 0.10095967329474653, 0.027736402302786595, 0.04089679530682042, 0.04403421745139376, 0.04001541731480694, 0.05559960404417302, 0.06395466841457688, 0.04564553091174936, 0.06396390216533464, 0.01235920536121759, 0.03616247370560562]
            , [0.0638625183172126, 0.005582491088764727, 0.05386834656898936, 0.07611691332410866, 0.03891805401400836, 0.05666589370816591, 0.0226583466814289, 0.05568369560032343, 0.06738801850384177, 0.09694110086582507, 0.0232757896907982, 0.04503394412816654, 0.043173546209743716, 0.038383962567975806, 0.05536213412664124, 0.07017598139148795, 0.05976345801648586, 0.07340810214227367, 0.014888265093035553, 0.03884943796072264]
            , [0.05430424536738087, 0.018664333363633226, 0.0634676504548059, 0.07891257155304324, 0.04115615589414748, 0.045063584321713056, 0.025668053204847538, 0.06647338866881965, 0.06831840291906274, 0.1062735605355289, 0.026447806080162162, 0.04995224109216919, 0.023288998878230445, 0.04641905188861545, 0.050768130893351165, 0.07106898197622184, 0.055805968433010736, 0.06463730820376822, 0.006927328993776472, 0.036382237277711914]
            , [0.06775404646154183, 0.01622946436808908, 0.053118774713165055, 0.06642729004492448, 0.0400170506095104, 0.05378321503121023, 0.024753212162022847, 0.058305355639611846, 0.05969869464982899, 0.07738154012525701, 0.0221537872276935, 0.03795469301150609, 0.12493481815428129, 0.03379442351000183, 0.044586013700179915, 0.05000478705050556, 0.04860354946165039, 0.06826846627524379, 0.015371184806349535, 0.036859632997426374]
            , [0.06958600487058819, 0.014117125200280523, 0.053397176385722625, 0.061844389188924515, 0.03330453787601174, 0.055743910557431726, 0.024464203213626752, 0.052615632227551536, 0.05833866009829331, 0.17558864688756207, 0.016585078851572486, 0.04045668651679824, 0.034602396860256505, 0.03924733065916059, 0.0460319892613807, 0.05815983553038255, 0.05149384078612789, 0.07099119774963428, 0.01077885149877938, 0.03265250577991425]
            , [0.08317018180750371, 0.014802406989806638, 0.05251059539237673, 0.0603602358375372, 0.03828864370699069, 0.05291575885751657, 0.02590389583816234, 0.05676517653569395, 0.05494121898292557, 0.08378395456983936, 0.023465792887134344, 0.04012333188128735, 0.03195355443266272, 0.03620270156257716, 0.04518588428205086, 0.1389349673414539, 0.052006360550679955, 0.06383932302053749, 0.01061432210687384, 0.03423169341638955]
            , [0.0661977704955664, 0.014371736069084623, 0.053861171851550024, 0.06332268349116953, 0.03777406603337363, 0.05743187933735808, 0.026612156019443334, 0.05429360586048491, 0.058098782856668765, 0.08352377625259952, 0.02114388501538366, 0.03637905524759358, 0.03369267401955447, 0.03653687097566975, 0.05008321731544387, 0.053935144087811124, 0.1400018060991354, 0.06545467752942269, 0.013229289239426161, 0.03405575220326077]
            , [0.05830086513702235, 0.01620963606932356, 0.05164012468880292, 0.0636999183285973, 0.04042256779181277, 0.14472577035539036, 0.024330591107652122, 0.06456384080892837, 0.0595359390189766, 0.08918208116873678, 0.022561584617770213, 0.041552504954502335, 0.02870466818464038, 0.03898976549293884, 0.04522767860452989, 0.057684056997006135, 0.04782548433124164, 0.06608560244338782, 0.006918112085947964, 0.03183920781279173]
            , [0.05605042748360529, 0.014934621014363795, 0.06014542195799996, 0.06411073349245433, 0.03736180550558427, 0.11057217524296405, 0.02401709670681152, 0.05668902436459808, 0.06881875872209467, 0.08040629199089133, 0.02240862800484217, 0.04072424583250346, 0.04890047850802275, 0.037580314846802465, 0.04482713713638783, 0.05318313363421197, 0.053962793155821226, 0.07076632184261947, 0.0170685937139409, 0.037471996843480466]
            , [0.07193071067207053, 0.01869879438093318, 0.04832033216276273, 0.06484460299558684, 0.03982795932968773, 0.046228980265572275, 0.027792780421687837, 0.06575945695216835, 0.055065583385025166, 0.10827768114737797, 0.027061086014597262, 0.0441098454947897, 0.045203539865547385, 0.03705703471331704, 0.053491569140788786, 0.07455271769024749, 0.059195751312547853, 0.07096182418447083, 0.004298244882927229, 0.037321504987893654]
            , [0.07118186103048817, 0.01600194633282719, 0.050299833894374625, 0.05546545764622253, 0.040135551440693404, 0.05957642699960314, 0.024303507846357535, 0.06226173074937053, 0.049063118532325964, 0.08870811775239894, 0.024482538797924957, 0.03967692484365541, 0.03488150376804287, 0.0322437027666383, 0.12341188883405606, 0.053561690861497376, 0.05235742168429177, 0.07168486121306901, 0.013813669828873509, 0.0368882451772887]
            , [0.0658765382172916, 0.03039700186331868, 0.05151457254883852, 0.06754142535765802, 0.04437004537537003, 0.03522496001054709, 0.03875982854677971, 0.05301761821719495, 0.05467471087342665, 0.09253089234487116, 0.024588181783728066, 0.0490356739942034, 0.04184868338598332, 0.04908008059301803, 0.05142227936168525, 0.0738408575096585, 0.0579951272143283, 0.06268152053838241, 0.015541523050552123, 0.04005847921316431]
            , [0.05866412614972389, 0.014583397958250205, 0.05051265165911976, 0.06325365095052421, 0.0352386661337024, 0.07276219962623497, 0.039600645787369264, 0.05200775807930315, 0.05299165091551273, 0.09431621473999079, 0.02167925219172748, 0.03814699143435083, 0.05997940833315075, 0.04661738373606411, 0.06477295618603802, 0.06505431754580326, 0.0554182913622071, 0.0667041717724311, 0.02166142490089581, 0.02603484053760016]
            , [0.08452013258113701, 0.01755056356475474, 0.059493899131606666, 0.08102322715226698, 0.02327593708567011, 0.06184105215991722, 0.028136589755292596, 0.053909743699265884, 0.05106801416711113, 0.10895330246220983, 0.026403348576503043, 0.04047016981257728, 0.02716086014791932, 0.05534075911944376, 0.06512861351040793, 0.06625054878937477, 0.051628018345161876, 0.07243314736725678, 0.00633908304282619, 0.019072989529296862]
            , [0.06013587801153314, 0.01878082245050766, 0.03870644548862285, 0.04908868633450782, 0.03453378614665991, 0.04666579962207363, 0.021433226352842418, 0.11391953274180713, 0.04891859056522226, 0.1146544861260637, 0.02801731362772424, 0.032804099763200416, 0.03162422231085587, 0.031229954369148733, 0.042391183779618175, 0.052689189547177426, 0.05080077828668834, 0.14864521359882263, 0.006248576961138972, 0.02871221391578465]
            , [0.06791430198835817, 0.015080609028183638, 0.054817949505947657, 0.06575280823917944, 0.11066934408727426, 0.05604134538267693, 0.023363436908087894, 0.06091759308333294, 0.060803525617465826, 0.08407048234379477, 0.020479501571708827, 0.043870269359737875, 0.03329849061878321, 0.03899525156067496, 0.04804704225444776, 0.06473766270013871, 0.05305376296550568, 0.0667717617643807, 0.006600784713439264, 0.02471407630688152]
            , [0.084394928486298, 0.012830235177255126, 0.05439782037396824, 0.06070433789971808, 0.035668593061404234, 0.05764636169111846, 0.023806115758968335, 0.05605456805123062, 0.13835497458812532, 0.08498954188293967, 0.022509864775770876, 0.0366678060851847, 0.034144747896585025, 0.03609585850037582, 0.04608749665440137, 0.054889307132313686, 0.05200518360457124, 0.06429895097463335, 0.011845696398781545, 0.03260761100635592]
            , [0.19553900043117156, 0.0140248827063556, 0.051051297897023395, 0.0649770625542723, 0.03244386490065014, 0.05172243846794109, 0.025080567414227782, 0.047690489432356854, 0.05344093343087899, 0.07848323788149084, 0.020622977810392486, 0.034726458152293575, 0.03422458928027079, 0.03959471654144237, 0.05465618927525161, 0.05649044631112854, 0.04636969271585115, 0.05820950814123496, 0.012269083423549662, 0.02838256323221619]
            , [0.058218138910236666, 0.007240553443959578, 0.05404947759831039, 0.06523289802832395, 0.04979608175739954, 0.049274128544804896, 0.04166945147372149, 0.054142388435101364, 0.06348502718463366, 0.08355591389407727, 0.02056895581865355, 0.04219099848215131, 0.04288915663090532, 0.0576845888004268, 0.06148542059289434, 0.060857863061918836, 0.05356616630841305, 0.07362174548990874, 0.01648728389563467, 0.04398376164852459]
            , [0.06357778813097623, 0.010866096505431726, 0.13326120414832363, 0.06309296189815175, 0.039686051111112904, 0.049886362782218786, 0.027651215291154888, 0.051068834670226035, 0.0563897715258159, 0.07662366555107501, 0.02092025041570818, 0.06413036001612922, 0.03492253689945933, 0.040167177696283037, 0.047855659097407834, 0.05914580192559967, 0.05092337710987657, 0.05805328187683586, 0.014711999472076314, 0.03706560387613701]
            , [0.07498858811049386, 0.015315609181863706, 0.044503571499487825, 0.0545898333023377, 0.04129639002814809, 0.05927591636911095, 0.022145031976403964, 0.05961021034435943, 0.04686791991230867, 0.0870878908756808, 0.02522664935620695, 0.13119193465519208, 0.037075997350592235, 0.03502040070581495, 0.04872504029473148, 0.049807801435385664, 0.044995330481175, 0.07129987953533297, 0.01600490204538288, 0.03497110253999102]
            , [0.0627358448690432, 0.011779527046637312, 0.04674034283467408, 0.050123122338828846, 0.03479195744866359, 0.04950218386584573, 0.020219983352103, 0.07761968687129342, 0.048639768299247335, 0.2456692853265921, 0.03206091934457221, 0.03601626305024331, 0.02184886396830285, 0.031985541840394524, 0.041237049207900445, 0.04678573934509635, 0.04195761076601726, 0.06545736828224147, 0.006701113015667719, 0.028127828926635373]
            , [0.06510865545644647, 0.012869020782546361, 0.05435991379540514, 0.06353696400068956, 0.09394605310493347, 0.05459878794758429, 0.02409304507303455, 0.04939919712064972, 0.0591865856449019, 0.07554537344805479, 0.01929036665324733, 0.04176468172364233, 0.03786318547918794, 0.04246471725448618, 0.04892527458676337, 0.059129663731145275, 0.05070255702870359, 0.056088345098660564, 0.010678528144577008, 0.08044908392534021]
            , [0.11087574464408723, 0.00953594138996214, 0.0686893526046319, 0.0690522995220791, 0.03555723844120241, 0.06957366754637594, 0.02826847441465436, 0.04384505910676591, 0.03046698011589021, 0.10856698313639311, 0.024505977718590272, 0.02992025541871997, 0.03694912387428386, 0.041313875571356865, 0.08388508997841672, 0.04915530538767405, 0.05289274306717021, 0.06405026358052095, 0.017034471211058864, 0.025861153270165863]
            , [0.051576898295995446, 0.016001313149972995, 0.051657335227213975, 0.05566245022164288, 0.03189179231293056, 0.05568731655199191, 0.02678386247580819, 0.12913242742782574, 0.05038330635599065, 0.07583769284503052, 0.01869633590565645, 0.03649724839178961, 0.03419061496167928, 0.035536964805588316, 0.04853614389602023, 0.05062698171039411, 0.040033486642768484, 0.1431110023670093, 0.015219550708710911, 0.032937275745980474]
            , [0.06367074227402585, 0.019633419317034165, 0.04396935288696844, 0.050449315234836555, 0.03734741326159033, 0.053816442336806894, 0.03131819059530515, 0.059231555645732493, 0.04164918202572343, 0.16009354788884853, 0.04662920641941642, 0.03336345790198266, 0.03549404556517387, 0.03592737990148261, 0.04963249401992151, 0.06615290295103926, 0.0552532843147889, 0.07498761421491809, 0.01372104136102446, 0.02765941188338036]
            , [0.06808234413675111, 0.01622517860929362, 0.07849701985984955, 0.0896563315091714, 0.02486116305414897, 0.05935031828762623, 0.03587182773419299, 0.03858661405481288, 0.06880783297496403, 0.0654482588591981, 0.018436616597187254, 0.0651469304048515, 0.037391955615363265, 0.05537432790942692, 0.05467499077374922, 0.09049585742035327, 0.05896339897103025, 0.04698622441335888, 0.003913373756015512, 0.02322943505865503]
            , [0.06597993196938155, 0.012063466022467625, 0.05644966391888501, 0.10064237526909318, 0.02613694824727586, 0.03885332480222129, 0.02531808315985633, 0.04711029419243833, 0.12940813468936818, 0.06990397438351381, 0.021999200778404924, 0.050990412922576035, 0.02944186462696829, 0.06269148902087368, 0.06227375217736195, 0.0662692298254585, 0.05389773057117592, 0.051009928215504506, 0.005610233174186273, 0.023949962032988627]
            , [0.07750728721248022, 0.014552035704378588, 0.05200823199561409, 0.05966204812159192, 0.03359478833201192, 0.06096923987688583, 0.024102627617316155, 0.0567532992147433, 0.05006043218971, 0.09055995323549582, 0.021633206457065332, 0.035845442677104544, 0.037786397501108855, 0.03843623885240414, 0.05373992111861489, 0.05480477397198233, 0.05024222133869791, 0.0689405298748142, 0.013340251001720274, 0.10546107370625978]
            , [0.0728492138367726, 0.03020575788956319, 0.049057159855138144, 0.05728736476990251, 0.03662301815649041, 0.07532850621799439, 0.027054071522652434, 0.04573473271445329, 0.051387153077783486, 0.10416195557451587, 0.012711361347310048, 0.030156498557097216, 0.05006640409338152, 0.04384820339134684, 0.06446107946703186, 0.08060830182531221, 0.05520553195075566, 0.06760638903148876, 0.01674833762831765, 0.0288989590926917]
            , [0.07004615168165111, 0.014305250367173538, 0.05564326545050629, 0.06325480944243332, 0.03241849513677666, 0.05691079568449528, 0.024720060236957206, 0.06298581600959172, 0.06047344686663862, 0.08655898916642996, 0.02282414432449019, 0.04408879795536251, 0.037076889989661375, 0.0400552216775995, 0.04771633298203205, 0.06201831155969786, 0.05485852015684703, 0.06569651555010078, 0.0717795577074902, 0.026568628054064885]
            , [0.07652044275352485, 0.014853310303369349, 0.14666207908221215, 0.04295948560332144, 0.04001834403027326, 0.060318596599153104, 0.022593916340889964, 0.062616323511125, 0.04848014515263345, 0.09140298376250872, 0.026348204761722612, 0.027184115568193366, 0.03452525194472166, 0.03288378309324647, 0.04873686650513561, 0.05029245580423911, 0.0496904479246284, 0.07537008031084191, 0.014324385987277848, 0.03421878096098187]
            , [0.059910795149843286, 0.016005906693773025, 0.05176893215069716, 0.06666193116797617, 0.03823104275687018, 0.04626580877136056, 0.07285667393459565, 0.05987541007347111, 0.061692628025785734, 0.09303686698849373, 0.0240374617141355, 0.04866778941179474, 0.028091969171065632, 0.055025293287717984, 0.05009517435629512, 0.06451407817072971, 0.05179305456021978, 0.06304842543542852, 0.00667408641572047, 0.041746671764026015]
            , [0.07339477484523295, 0.010335544004924306, 0.06296165329949006, 0.1435414139362681, 0.037113344273358065, 0.04476800536078089, 0.021203089459345858, 0.06252114612150095, 0.08278246638917612, 0.0788805168319792, 0.020981048526776007, 0.042810276046289016, 0.03312720940873962, 0.03399037867845972, 0.03809793140185829, 0.054664015274391825, 0.049520439852234525, 0.06761016374452856, 0.006906372938994879, 0.034790209605671224]
            , [0.079430593565923, 0.014389739214749746, 0.05228084144364618, 0.060000076696127384, 0.03878947448385136, 0.06270063842659436, 0.1032944136542822, 0.06481474908884524, 0.05532488145657495, 0.08745363241180283, 0.023869628017796803, 0.031058593246801502, 0.03317633633078361, 0.02952399626875903, 0.04286416058625889, 0.053617610471167566, 0.053711626108855534, 0.07567822681756693, 0.01190629233784445, 0.026114489371768277]
            , [0.0716287750708554, 0.01702348365759415, 0.06821958151135596, 0.07905152792872558, 0.03065301811557173, 0.055922927157208195, 0.044479577299076936, 0.03144625990603187, 0.07447803144616168, 0.05771429406173411, 0.019405759726690442, 0.0659670147249839, 0.03494664866156502, 0.05844775147337342, 0.06403051184794711, 0.0825371505101387, 0.05595538370505297, 0.04244695675823594, 0.011978032905393295, 0.03366731353230345]
            , [0.10096534907474142, 0.014333185747342509, 0.048726334565263346, 0.05758906230900505, 0.034305458648778264, 0.05342814066241887, 0.0265671652708278, 0.04859337623092264, 0.05137997951037247, 0.07819861911565264, 0.020344316977890728, 0.03521208452533459, 0.03484275726005421, 0.035870555310593695, 0.049339426754533865, 0.05105373022748756, 0.04727981953719438, 0.16843617580833514, 0.012341594166296098, 0.03119286829695481]
            , [0.06018386977946293, 0.07575491101141013, 0.05910286978711606, 0.06071604732705887, 0.03825012168610031, 0.06436619612947443, 0.025458726417820175, 0.057209962143042935, 0.06249922328558665, 0.08033397716219769, 0.021980853509993348, 0.04569328367961255, 0.0431550401958832, 0.0402797910527124, 0.05021683878175936, 0.053324040093332165, 0.04831703471563003, 0.06186975804351718, 0.01553038561250359, 0.03575706958578575]
            , [0.10642627048700273, 0.011322395249978584, 0.05597586167772246, 0.07071254669661385, 0.03221302717471686, 0.043335307642178356, 0.03259641213599607, 0.04995230636667657, 0.04303680517393345, 0.10997968460617616, 0.013004451417888018, 0.03740573116180253, 0.0408225458945103, 0.08159449985283242, 0.0684571819690462, 0.05789264132376249, 0.05104615418594617, 0.057650786813247853, 0.007532226420962732, 0.02904316374900611]
            , [0.06293365445536406, 0.012190661419407023, 0.050942089480985595, 0.06857579497507234, 0.04007685239695751, 0.03881340885845295, 0.027859495187750678, 0.05524628663979126, 0.10125233437222833, 0.08419279839070375, 0.01956297618195779, 0.049201703540172115, 0.023257154414832844, 0.04140554382419806, 0.1147859508118059, 0.05759026906206548, 0.049884747209276596, 0.05603057623837017, 0.00817548398527505, 0.038022218555332436]
            , [0.11524172399852657, 0.021956832183444182, 0.06436655453996469, 0.07090018955903896, 0.020446758810497713, 0.06280553855125097, 0.02996559515834593, 0.029294153218072067, 0.053367637560416306, 0.0548419427941014, 0.013763675469272716, 0.04926547305244446, 0.050666242619176995, 0.050447787896393495, 0.04905964326447195, 0.11225992862203171, 0.07519751934376273, 0.04787258696667604, 0.008073718944672258, 0.020206497447438975]
            , [0.07814591613758426, 0.01566254565083109, 0.049996996040810655, 0.051232025076014355, 0.037461027025187915, 0.06534020908884093, 0.02177989762047119, 0.06090714396311358, 0.047494985935997366, 0.09230420677383795, 0.02428153082326797, 0.03846932167714178, 0.03126584408065899, 0.11144634765619596, 0.04344035899121989, 0.05897079353629528, 0.053829701757549774, 0.07357192014397432, 0.011551279766862137, 0.03284794825414452]
            , [0.060956555606030124, 0.018276613026299824, 0.05176169225095505, 0.06573835717483882, 0.03224086701795799, 0.0470323827769778, 0.023808097140803643, 0.0639028363687969, 0.06550746208669894, 0.12876535786878854, 0.07152592056043576, 0.044137464934698716, 0.025733409757526148, 0.03931640489191977, 0.04700136152850812, 0.06267920076637128, 0.05067253663052523, 0.06131013546917698, 0.0071841607259009, 0.03244918341678908]
            , [0.05836534764150514, 0.010393803399798725, 0.055419571292541644, 0.06531050136794646, 0.02774415252037332, 0.0503390169268701, 0.023182106422786394, 0.13825883162537653, 0.0634345546053104, 0.08802593792633105, 0.014601938396764694, 0.040711648761470536, 0.023342760879051353, 0.038923511457015836, 0.04304610041608418, 0.05012887414656228, 0.04792573624263, 0.12723204633791796, 0.0065540747912043425, 0.027059484842459038]
            , [0.09089894371240427, 0.013649558263519303, 0.04359764807884091, 0.15407579164695062, 0.03453280676760794, 0.056424783367967746, 0.025339267519923055, 0.05518745858444334, 0.04495183724871421, 0.08602645726873431, 0.02143007307135816, 0.03212469990178524, 0.034875956262988256, 0.03536060977987251, 0.05657230683113606, 0.05228152493979629, 0.05115507415656496, 0.06959560680560307, 0.013007328239396357, 0.02891226755239304]
            , [0.06940330409767653, 0.01106109768387075, 0.05508918957150145, 0.06903358071200091, 0.02493683541624445, 0.04164446705221882, 0.023338073750720684, 0.044244648675809566, 0.06593477939786625, 0.06326017869623664, 0.0195503614422448, 0.05043546408396291, 0.026575770004586403, 0.04331222509292763, 0.043025832702323005, 0.11174699768660608, 0.1522146551272811, 0.056864322781519, 0.005687887472545565, 0.0226403285518573]
            , [0.07227992270123791, 0.005224092348353687, 0.0630780814824825, 0.04469862407887407, 0.034690435545709754, 0.08395139879805821, 0.016749658816603275, 0.04861304418416226, 0.0551604081375815, 0.06642281957017289, 0.015394510216442185, 0.062029364619981035, 0.04684256262413027, 0.04146003538942229, 0.04641187593102272, 0.08699169206365183, 0.06281585143595324, 0.06902002671287616, 0.026137873391197917, 0.052027721952086166]
            , [0.09464960254815563, 0.005758616837469904, 0.054381293005652726, 0.08063835056498833, 0.028899799778219992, 0.06574078284368558, 0.019176317792840028, 0.06962393817487317, 0.05340794083842418, 0.09310434887722442, 0.026118154442525188, 0.0432966360698204, 0.027651301798244307, 0.04334709996461142, 0.059917277149903816, 0.07348885114180372, 0.06069331081614764, 0.07113419016652782, 0.005893319570933737, 0.02307886761794825]
            , [0.08607027160407348, 0.008783038410819006, 0.053321110116265134, 0.11586474392949735, 0.03789984545596932, 0.04190149448035687, 0.02484712898148512, 0.046688675667625655, 0.08330435862414644, 0.07919882497083248, 0.016404391097706097, 0.037108264454783366, 0.02711578294867877, 0.07062717639990607, 0.046158214530519416, 0.059469141925037376, 0.06389896431109461, 0.05228470897477816, 0.014173364434053344, 0.03488049868237196]
            , [0.09739972099882166, 0.0021610681080372943, 0.06772234733145993, 0.0585861290576511, 0.03761268160693578, 0.07527163017639676, 0.02129775723484108, 0.041385855449619605, 0.05756769877866453, 0.07706805489437528, 0.02031193470257734, 0.04235302327071298, 0.051995098279752995, 0.05006408921440977, 0.05363213696941697, 0.05127655917784029, 0.06929212984583054, 0.06733466040171009, 0.02142583064826531, 0.03624159385268065]
            , [0.0722170411923482, 0.06692496110141345, 0.05105335870988427, 0.062278972735604975, 0.040801948617068005, 0.04763271280087259, 0.02458720487913401, 0.06234542953047286, 0.06210473131411864, 0.0960660714317118, 0.023162551634733693, 0.04224907167949275, 0.026945664360224386, 0.03854358592675908, 0.046769146524890365, 0.07692873703095254, 0.051862236224149434, 0.06543163076016023, 0.006675411345710904, 0.035419532200297484]
            , [0.06508442078017104, 0.004258134011961792, 0.07512514052485215, 0.08591094655878695, 0.02435956924864536, 0.05034267254962215, 0.031265457814731265, 0.033008410626344575, 0.09808002545004695, 0.052886113898724565, 0.01609675142653072, 0.07052909569464674, 0.03431118769442643, 0.06342280916743644, 0.06501951924906028, 0.0835249041502632, 0.06795013024064257, 0.04430779603374439, 0.00705482742863892, 0.02746208745072362]
            , [0.089593477157784, 0.02971038270261486, 0.03612192198470187, 0.04172698893740839, 0.034590989950045316, 0.05279408449101101, 0.032154838924054796, 0.04271220483308777, 0.046230223187439176, 0.0756280406314362, 0.025213171904530762, 0.04747681138708578, 0.054659481719923055, 0.04285837984983788, 0.05331300912995454, 0.09975479907707642, 0.08762806394699126, 0.06865899182860748, 0.011882130603956622, 0.0272920077524527]
            , [0.07444152526185534, 0.014539038938891004, 0.0351027266552199, 0.0415777372708544, 0.035672370523378766, 0.21539709281139718, 0.02113406104006158, 0.07504716940288288, 0.04169071893887515, 0.09384024038000782, 0.023968145261494815, 0.028977065879799934, 0.031268901651024215, 0.027005861246141613, 0.0383608259793372, 0.043489048775584446, 0.043816563178995155, 0.08062972581883765, 0.007517686037908176, 0.026523494947452896]
            , [0.07757565519228549, 0.0104160633028338, 0.15337770710868012, 0.06243235313502744, 0.031144890272048826, 0.051941976411666264, 0.02297437282655305, 0.060553745970857824, 0.05622730584908137, 0.08588919521396673, 0.022453500766412608, 0.04127495554497959, 0.03129187253038765, 0.03745864899370134, 0.048873221674358834, 0.055611786155577415, 0.05066230241010751, 0.06828779125983729, 0.0059720542918354665, 0.025580601089801338]
            , [0.08317119955666154, 0.01450912040010227, 0.05525785950849207, 0.05842541410740349, 0.04059692059467569, 0.06291901315105694, 0.026048645098587297, 0.046970322765777214, 0.056382446886912595, 0.07333299997067197, 0.08719374218468878, 0.041832144892425406, 0.04226889463859062, 0.039418441633785904, 0.0493755345092291, 0.05501343608353815, 0.04833570619929196, 0.0656402572952866, 0.015858445790453646, 0.0374494547323688]
            , [0.07335996393209215, 0.006786396404855626, 0.12943330556190935, 0.2141676680083479, 0.011421262653689679, 0.03599652004735061, 0.025119292496373607, 0.018437253924921824, 0.08602534891496713, 0.028770507679519008, 0.01239493814159271, 0.05407542158390331, 0.030986233036694018, 0.0653868413078238, 0.04898662570688699, 0.061269989598789834, 0.050573939303924426, 0.028276553543893485, 0.004045821406181604, 0.014486116746282978]
            , [0.07900452307314881, 0.014740250094338997, 0.0531391281597119, 0.05949757250800116, 0.03469441520441385, 0.06178551488464025, 0.0254140537841797, 0.1409022867632069, 0.05847165303405274, 0.07016255031351218, 0.01773138560006268, 0.04224137261708747, 0.03659042431123583, 0.038336367310156425, 0.0482160798387383, 0.06052556186866064, 0.0524743550329226, 0.0603957866949049, 0.012120864573299809, 0.033555854333725]
            , [0.06168013332053217, 0.005192016406225335, 0.05467831184945436, 0.05511635344124596, 0.04277356587922803, 0.16203598939625494, 0.02786447722739499, 0.04938111576258711, 0.046514699233264865, 0.08177003264348917, 0.022456315686671984, 0.03492329353794357, 0.041875677844722174, 0.037425882661535334, 0.05420328973549596, 0.05549229559217801, 0.05150627989250399, 0.0630422802840677, 0.013019824585779386, 0.03904816501942493]
            , [0.10563262428776603, 0.010672431206795804, 0.05190705475781637, 0.06972349165483034, 0.02396259361349791, 0.052773228911432137, 0.03149810919742048, 0.03265919365427204, 0.07683805325783805, 0.07415436412615439, 0.018186874918140576, 0.03601910215519685, 0.02804135138581142, 0.05389194103358255, 0.14479038001535458, 0.05523829709933741, 0.05202070468931427, 0.04862352987671594, 0.010986003106715773, 0.022380671052007004]
            , [0.068562273262892, 0.012286809543424619, 0.04884778231346521, 0.05296199988285878, 0.053814328771598634, 0.0524841922153793, 0.027249825557199358, 0.05503923298392828, 0.048882175752731204, 0.08296620719315097, 0.02379563675803298, 0.038551113453545637, 0.03269975430710854, 0.03565602052563089, 0.046420657317907954, 0.053567173203943205, 0.050296750066424985, 0.0661758871047302, 0.07556029419822943, 0.07418188558781771]
            , [0.0671773367334338, 0.006275902903430699, 0.04779284221663771, 0.045927314459976, 0.03647384155269903, 0.08552128928371999, 0.017394104820401834, 0.055113319982794305, 0.025612815227352266, 0.09094688458902898, 0.019634897239389004, 0.050882829746243884, 0.050566518947549724, 0.030910771485455513, 0.05995484660644618, 0.09404118709955064, 0.09437550372407198, 0.08149484663827963, 0.007058908258370497, 0.032844038485168266]
            , [0.055633563914719124, 0.01573918255718944, 0.12382142031474541, 0.1508139103344125, 0.039477643669299754, 0.04889099058801819, 0.01851224320829428, 0.06254716444596307, 0.0377654942431823, 0.09658119836123172, 0.025793900257685368, 0.029902657062515863, 0.03050887584138931, 0.02757503772520579, 0.03221690336709575, 0.05062830724882177, 0.04703968925363007, 0.06699108450831714, 0.009315910827318084, 0.030244822270965158]
            , [0.08162353394399716, 0.01249616380986135, 0.05433346861360811, 0.06058070645471248, 0.030887391037098425, 0.0641097856904566, 0.025625028948483286, 0.053902548201373315, 0.05578853034523237, 0.07967839930287672, 0.021648516145612237, 0.13402048416812676, 0.02513752600400609, 0.040883028219319044, 0.05069698025793839, 0.06653084957090057, 0.05057943414138347, 0.06051062029512131, 0.006445620595240368, 0.024521384254651984]
            , [0.07501082877328866, 0.010194225560235883, 0.05178696895059126, 0.0772326902194114, 0.02984134434393658, 0.06081935062467227, 0.025860297378245772, 0.07926095623692966, 0.07547785435117262, 0.10438298844139986, 0.022626770650510133, 0.042031466943769934, 0.025618860508238635, 0.0418339349552387, 0.04845335458389153, 0.061691710593674516, 0.055577493967802066, 0.08421814396296338, 0.0018745810271802337, 0.02620617792684667]
            , [0.07009895515821829, 0.014313798915274055, 0.0494103783345434, 0.059213343479332964, 0.040510388588844634, 0.05435532853068826, 0.017111359389984062, 0.06978657569156936, 0.058958096329431116, 0.10361976508160677, 0.028780765593161395, 0.03760302756292233, 0.027580198497214718, 0.03282372272803948, 0.042042566413052214, 0.053602716548838046, 0.04718910005246098, 0.07095684801162794, 0.006542706409754548, 0.11550035868343542]
            , [0.06285539940232719, 0.005582237278579596, 0.05239732730993283, 0.047976016918495956, 0.032212906707435936, 0.0631728825213954, 0.02043685285463992, 0.12412712538220765, 0.05026456945566653, 0.06618990595291993, 0.017474198679846065, 0.041746620862619495, 0.04380021498070882, 0.03349986971389114, 0.044512862679596144, 0.053417379456734, 0.04683815812735735, 0.1479437424100872, 0.012983574571700542, 0.03256815473385845]
            , [0.10165305265537498, 0.013853193503363892, 0.03417293537876369, 0.037167056454722736, 0.02771186282504837, 0.05130471683109125, 0.015255163008227232, 0.07688148690037114, 0.04148717097218513, 0.09800940913763563, 0.025052243645352107, 0.06271060784775546, 0.03762009849281144, 0.06101219321029602, 0.03270929136390542, 0.0972862897606126, 0.08026903276541102, 0.07222494697672222, 0.006274140767304401, 0.02734510750304517]
            , [0.06799480085734798, 0.02635327336976659, 0.05677575044758671, 0.06666216840903834, 0.033157661610631564, 0.06548164463018717, 0.030412356362374625, 0.04727782595893776, 0.04740333455079511, 0.08260702646310782, 0.023753001816326835, 0.039567375021582495, 0.05861957658043007, 0.043882172621352425, 0.06601964393199951, 0.07317615301705739, 0.06033712342991838, 0.08019932140816313, 0.006270081568299142, 0.024049707945097174]
            , [0.08997444830514671, 0.013104286207874898, 0.059658734314772484, 0.053316721952105565, 0.030437122618818716, 0.20442610555149981, 0.0301802977998213, 0.04570499959576128, 0.02807755341210082, 0.08871526990370564, 0.017966115656535005, 0.025630414896849786, 0.03735433640646917, 0.036388523343791675, 0.06312019529837695, 0.042352406081766075, 0.04252662169053191, 0.06003454334125778, 0.01078131210252945, 0.020249991520284883]
            , [0.07088816476176077, 0.009575937514029744, 0.0712103122482991, 0.0854106509431351, 0.03205926390317363, 0.042175062120120316, 0.026971783576486427, 0.038585928530773125, 0.07439527539651239, 0.05954936766574916, 0.014837683893891576, 0.04825880050007175, 0.1275525219205036, 0.042909079390800194, 0.041816535596692135, 0.07622010369353356, 0.051880479162378826, 0.04538338997397195, 0.00917516747403557, 0.031144491734081233]
            , [0.08198007459830532, 0.00340243904839645, 0.05464598034854403, 0.0485741536812142, 0.03671653224751851, 0.06371606756605006, 0.01786505694032494, 0.04885544233153574, 0.0505063065223424, 0.0725926403911878, 0.017898396987400693, 0.045857692111929374, 0.15904466972509518, 0.03174253023422587, 0.03834754163950992, 0.05785761866392198, 0.053313859179295695, 0.06307434012533308, 0.01701247500192489, 0.03699618265594424]
            , [0.05885321155349662, 0.01908048132948554, 0.033108525320741246, 0.04650037696688192, 0.09654293427603104, 0.03153441817442697, 0.03452857470198075, 0.06461824542011685, 0.05137909458034884, 0.11238685456770083, 0.03044557549601958, 0.03321490273321699, 0.022803002382133047, 0.03601324083643843, 0.0468314766763514, 0.05240695469525222, 0.04260149400839667, 0.06687133496463003, 0.02605972102584517, 0.09421958029050614]
            , [0.0855986600901428, 0.013210122061203321, 0.05621291487907495, 0.060497170767781, 0.11017338452539607, 0.06451063735546636, 0.029443056699349882, 0.04913125877949672, 0.04439740359341499, 0.08181236602982911, 0.01895930854389603, 0.034946447235808364, 0.04132709676210271, 0.04090608910425102, 0.05982486093537076, 0.05364231510693768, 0.05150122793912227, 0.0642794516140644, 0.014256729439693284, 0.025369498537598387]
            , [0.15038582663478192, 0.01446562179325082, 0.06719937972275851, 0.06505402182648201, 0.027813334113321018, 0.06612612258138449, 0.031337469439937385, 0.03588650948118827, 0.023183436327594058, 0.09904949576419636, 0.01333248366953099, 0.018240071112526103, 0.0420150804290849, 0.06679723060680948, 0.08516896545430261, 0.05007400775048514, 0.0519897816271315, 0.05713223806404757, 0.018305483007213765, 0.01644344059397312]
            , [0.07115028179055209, 0.006665418478096824, 0.05011100385777192, 0.06424821271460293, 0.03232691600587855, 0.0420015400962475, 0.021606597856094492, 0.06408291776419489, 0.06946234362003913, 0.08481957745211924, 0.020362755927483392, 0.03785592956409733, 0.1584864178138912, 0.03294177950706635, 0.04429750173734533, 0.04485957489711522, 0.045912672426700885, 0.07327958384327014, 0.005452327131753094, 0.030076647515679386]
            , [0.08770585265755773, 0.010438264437032595, 0.04755145781487549, 0.04508800941158426, 0.024119253392163933, 0.06221377832226803, 0.026051018883280434, 0.09501983344033187, 0.02504350187067023, 0.16789047980892155, 0.021181283974955795, 0.022645172808222827, 0.03392896691916401, 0.02949993416246102, 0.0577518394777135, 0.03875066543439819, 0.03853832994208023, 0.1385032451498146, 0.01044241911515294, 0.01763669297735072]
            , [0.08643135144229372, 0.010006546979883955, 0.09952134902615087, 0.15320394557035283, 0.021887774211582472, 0.054945723739349896, 0.018899315615291214, 0.031419391896394866, 0.0804497355143663, 0.051519615443464783, 0.015834876701537125, 0.04668548731619931, 0.03796700488924843, 0.04662040882741598, 0.05752438517342448, 0.06119070360217877, 0.052159267961772865, 0.041452015922439425, 0.009889414637971453, 0.02239168552868122]
            , [0.049372950791257295, 0.022322357050804084, 0.027527566693087778, 0.04315077710557842, 0.062081323587890175, 0.020998073833318698, 0.02641578209534137, 0.1071693588827178, 0.05256441199174652, 0.15555700408673687, 0.038054692729828976, 0.031172229075137167, 0.021669684711339725, 0.03675054118506464, 0.04432610598381541, 0.05276976514475863, 0.05515281561233525, 0.09721512210695275, 0.012224731902485908, 0.04350470542980246]
            , [0.06674808175897293, 0.01178641157301696, 0.05217357859604244, 0.058032778560778674, 0.025865749031629255, 0.060989047936049576, 0.022165742137619834, 0.14122024394912228, 0.0505320595653533, 0.1825415032307065, 0.013769134500824736, 0.03766449504407019, 0.026404092378066204, 0.03394523677220122, 0.04594343264499478, 0.049634393302575866, 0.03841762778862828, 0.04603677503111432, 0.009149059569203226, 0.026980556629029283]
            , [0.09249156453645442, 0.016106284068594448, 0.049920718015654515, 0.07415268811959151, 0.022173596327194806, 0.040707730124052995, 0.021763847606351028, 0.04484857468640219, 0.06001865596148931, 0.06331496718562193, 0.016264528583636455, 0.039573107193551824, 0.16170340198723554, 0.03977098111243133, 0.03947075041591902, 0.08036667377052571, 0.05740677495493001, 0.05773706207846084, 0.003930496724102832, 0.018277596547798983]
            , [0.06540227683300562, 0.01923382264418068, 0.036014536915638176, 0.050866377931523966, 0.03353820039504197, 0.04099537968952547, 0.01926599623514736, 0.07076600774995101, 0.11343923323397531, 0.09048436921141713, 0.029856645816284357, 0.04086629013901036, 0.028713356282477228, 0.04284925659733312, 0.09266156296548589, 0.058384597131372055, 0.05366714384371437, 0.08257849260533208, 0.004908036653827691, 0.025508417125756022]
            , [0.04575559632352324, 0.011429127220005844, 0.04365743209760745, 0.05067828212632188, 0.04116626748631058, 0.04746604654575679, 0.02255246215152559, 0.044059139024562426, 0.044655137119157556, 0.07673534714462478, 0.021095222952167703, 0.03520780614038064, 0.024724511026658257, 0.03112486460233479, 0.04188619431329841, 0.15728750683643644, 0.15901194952975303, 0.05180525564044005, 0.01302206157843955, 0.036679790140695126]
            , [0.08750698792350574, 0.020083505118053336, 0.04386978389699694, 0.06265857557216295, 0.028477970459320188, 0.043359661598017706, 0.02011133399362566, 0.06916653185223243, 0.05394990926056407, 0.08251200212961902, 0.01984517607911286, 0.034809822195838586, 0.030070153520795496, 0.03488813426321939, 0.03804457160089918, 0.07180989279091053, 0.11368091214420945, 0.11518441634721108, 0.006405162479013833, 0.023565496774691434]
            , [0.05178202057056519, 0.01851765843625425, 0.04078874153888895, 0.050911195470406644, 0.03982106412748341, 0.04345465292117604, 0.037786033811000985, 0.05789951214518722, 0.054549683819559144, 0.1105477252496744, 0.02605338010008071, 0.03889920081255361, 0.1047275577761646, 0.0493693094484511, 0.05265372316902999, 0.06902988583503285, 0.048106543946539695, 0.061865154008156, 0.008711007333082634, 0.03452594948071267]
            , [0.07366847957300264, 0.017448843460752962, 0.08190795333377537, 0.06987349108007132, 0.0234611765167209, 0.15427865181577913, 0.02861436002092259, 0.02608399916578029, 0.06388613821365541, 0.04188983497308622, 0.015535133312925716, 0.07356710145939492, 0.034455366216714384, 0.040161970090397396, 0.0480443206828414, 0.07808818181463091, 0.051350604362812004, 0.03807554484474407, 0.010976073605303425, 0.028632775456688946]
            , [0.0748007140065439, 0.016277746256098197, 0.07901140467086593, 0.11551822220332598, 0.01668082699487922, 0.05103113551052499, 0.03571150941713884, 0.01746017588411683, 0.09717510793403147, 0.044459701284258496, 0.014545399348787146, 0.05968107674919792, 0.02699916600209015, 0.07786144720363532, 0.07700396763146501, 0.08412910322978542, 0.054031624403506485, 0.03003268173394842, 0.007965986275932353, 0.019623003259867784]
            , [0.04739645705015798, 0.012005239322542188, 0.030465012983879002, 0.03746133875404781, 0.08209423443277758, 0.03525620660117496, 0.025130435514410326, 0.1252404048837656, 0.039033471667799954, 0.14905407456590924, 0.039183007259034015, 0.024166311234892487, 0.028535107345000622, 0.02396699772661187, 0.030964028493351517, 0.036780494764724656, 0.040767276968777064, 0.11302972277894141, 0.020824241872027135, 0.058645935780174574]
            , [0.06692924849471239, 0.020338585088992795, 0.06839207027705649, 0.0891496191721066, 0.035129183589135256, 0.07656399370928359, 0.026420997515381274, 0.0567734247724086, 0.0768538448671679, 0.08525612014667557, 0.017029388976095194, 0.045717449734300024, 0.027568545124521136, 0.053192471778853584, 0.056644964472835964, 0.05326497421612135, 0.043888970622249904, 0.051118324761290794, 0.019281782047358236, 0.030486040633453223]
            , [0.19895543295006585, 0.01303108731958581, 0.050853444307422405, 0.06754194578419725, 0.02537479565176702, 0.06497444020932988, 0.020913483545941105, 0.04283185178701234, 0.0633080863571763, 0.0665850545812454, 0.020425082307682182, 0.03435142575186628, 0.028181814177294505, 0.04067394086969386, 0.04531949132686898, 0.08575052633919843, 0.049432016736881725, 0.056891506896103235, 0.003793399726467851, 0.02081117337419955]
