# This script is generated automatically.
# Vector of amino acid stationary distributions.
distributions <- [
              [0.07447082616059841, 0.010652623529129953, 0.059312940603913185, 0.06286898302008066, 0.04025696224911626, 0.06147650878312419, 0.024496258300472952, 0.05761280310233614, 0.06232873174773404, 0.07646594206200694, 0.018596851353484618, 0.053553574952749254, 0.04902890173214574, 0.050501518445941654, 0.06051516798266151, 0.06851933875409771, 0.06247210127552518, 0.06655444508202218, 0.009621918278551772, 0.03069360258430754]
            , [0.07045800391441637, 0.009400478679986604, 0.03623534461570842, 0.04912539535946542, 0.0551235967966839, 0.04804604167759999, 0.018775288747775596, 0.07754526020977402, 0.04776018902014106, 0.18176720877613026, 0.04243413883518581, 0.02614253480484181, 0.02076749812259401, 0.04337273931342318, 0.052156721160540584, 0.05091418406654266, 0.05307199706504937, 0.0782235299332151, 0.00830983331061584, 0.030370015590310204]
            , [0.0863585933989423, 0.004667789218810199, 0.0952444146928945, 0.13680621750964425, 0.011984374774857996, 0.053055167764641614, 0.02098905614993581, 0.020754338831560807, 0.08629894623250507, 0.0496362748830292, 0.010763536642853592, 0.05969670242958388, 0.03722455003931946, 0.07275327173820481, 0.062432787770287344, 0.0717776261686438, 0.060880059161186016, 0.04193524069959158, 0.0035987567968486915, 0.013142295096659347]
            , [0.2116458669251764, 0.008981243890535895, 0.049979778836059904, 0.05706258975843057, 0.018128342505113134, 0.06503075781632144, 0.017044654836750817, 0.04172725510252299, 0.04813048762390822, 0.0653652217340205, 0.014346209114413519, 0.03511580283734422, 0.038422275777259214, 0.0468414796826683, 0.05452939586483146, 0.0798864908079328, 0.06109265924994446, 0.06490290536355511, 0.006018782387194835, 0.015747799886016284]
            , [0.07287012311769764, 0.008846819027851737, 0.022067766361201578, 0.04249110136474429, 0.0391363132893675, 0.04089376361345085, 0.014163323217522908, 0.14801829014145496, 0.042139616873940314, 0.10381605624113567, 0.02324531882504718, 0.020496144377907893, 0.01725972710314411, 0.02366434520731782, 0.04155310633106156, 0.04554147469407816, 0.06517076347994923, 0.2023380632887924, 0.005937103803002698, 0.020350779641331338]
            , [0.06601976395444971, 0.004728064176193108, 0.03724319795912472, 0.0659666001992338, 0.008785778556006632, 0.03502538664813841, 0.04324600672573182, 0.01882865740667509, 0.17432774055063815, 0.05031567697054248, 0.011663885213145923, 0.05148333769543842, 0.012295958865438352, 0.08877319018551959, 0.1650125832488059, 0.056911245792268514, 0.056402105107632036, 0.03906752496437064, 0.0031757153799540846, 0.010727580400692757]
            , [0.08380148841064787, 0.006944677778040902, 0.06347507296346928, 0.051438748161604965, 0.01866514528617544, 0.23993909488337256, 0.017837147745715785, 0.03880353908738523, 0.05068005530496932, 0.057830572500129386, 0.01303847323764587, 0.05795418489252126, 0.023397843268793617, 0.04010061713170644, 0.04774414877072593, 0.06830552478621565, 0.04845210915451872, 0.04861767652837925, 0.006136279233491569, 0.016837600874491123]
            , [0.09215852836877478, 0.007514858551771476, 0.049624375099840065, 0.05030869636582694, 0.011859115164767804, 0.05103838238806881, 0.01518911908653974, 0.033039922135954906, 0.0526600609422807, 0.0453905455049504, 0.012022659929422006, 0.0595510462289925, 0.024993965232270206, 0.04430399359476311, 0.044104126407131315, 0.16596833534839078, 0.1713771304444255, 0.052742887565025334, 0.004218162305161126, 0.011934089335642464]
            , [0.0596888949842765, 0.007486559564163695, 0.012133168643843513, 0.016176467757532478, 0.07109769589646783, 0.02074337421873647, 0.010778451224921699, 0.127825371530015, 0.016218635225452076, 0.3084636150136649, 0.06364875175291543, 0.012989766809935388, 0.010630043632267923, 0.016783104396321972, 0.021514234079743642, 0.03156959825293357, 0.04090303943188715, 0.11007467418220843, 0.0065056441650728145, 0.03476890923763938]
            , [0.05773452457833757, 0.00814694749843675, 0.019019132321109074, 0.021503378136860454, 0.15136654883220949, 0.02986641821503319, 0.06173174666764644, 0.04713502039314794, 0.021738963792519366, 0.08419602999176476, 0.01793929206141488, 0.026470692661775604, 0.013102150510272944, 0.02318958820489714, 0.034441042789476434, 0.046773786715880256, 0.04143564369997393, 0.05394161171163924, 0.06991605660463666, 0.17035142461296787]
            , [0.07857050760779467, 0.002916909413554582, 0.21359007215229106, 0.20874530467368482, 0.005063018651433505, 0.05414542676131886, 0.017744485618810587, 0.008498354210046478, 0.05761305252507379, 0.016498430093630837, 0.005710436391940117, 0.06950360621845779, 0.03155947989729343, 0.05948369301564391, 0.0370686231712068, 0.06318012238048547, 0.04621938789173596, 0.015770977838338668, 0.0018629463293960585, 0.006255165157862423]
            , [0.05173615825657517, 0.0054412505171977195, 0.006389678542793535, 0.009852850026291106, 0.03768700417146268, 0.0098331792215149, 0.0059586531783803656, 0.2575999078127261, 0.01015022600302728, 0.17644141585191572, 0.04785522203665545, 0.007877862015462546, 0.007352740645489996, 0.009493322604676712, 0.010425489897558869, 0.022318697128787156, 0.04476423923872298, 0.2664301014230577, 0.0029265502547594457, 0.009465451172944471]
            , [0.12926511048097006, 0.001412201584413278, 0.08326252031295373, 0.18571878110626608, 0.00319433447285664, 0.03702680800952014, 0.01330779440754172, 0.008032883360503694, 0.1309678244214366, 0.023341460689885858, 0.004828860054915816, 0.049313017439941285, 0.009936159673961541, 0.10490313657845252, 0.06829907859316216, 0.0619729432699687, 0.05498003598940474, 0.02528745950421749, 0.0009932572936516765, 0.003956332755976446]
            , [0.06140267375145677, 0.0038604208324897935, 0.1268511838183475, 0.05934513686777609, 0.008903308987317025, 0.07037592753525745, 0.04987221654641281, 0.012177213159749675, 0.06508951640285696, 0.021604207180338987, 0.007366889346498088, 0.20837343205029313, 0.012649696609970961, 0.05107802426469951, 0.04205479372917524, 0.10162728470319753, 0.06270373979803162, 0.018165807433115553, 0.0031297757409168184, 0.013368751242098601]
            , [0.11619360060743959, 0.003524877520165239, 0.04300559312008217, 0.05160273928042178, 0.007430178938430758, 0.037346307993449124, 0.010077277139255844, 0.013933690219283954, 0.04150912242152343, 0.036095388011312464, 0.006895972883630837, 0.02302924629881654, 0.3776988858933658, 0.034701520083914285, 0.03421578594493741, 0.06934982302617482, 0.04650897984993897, 0.037561513564121594, 0.0027251396366419324, 0.0065943575670936675]
            , [0.3497744754907866, 0.01229026115857071, 0.027604534678748956, 0.03250850363504533, 0.007098347894308381, 0.08526866598316563, 0.008305152642893842, 0.014791928371485621, 0.02649740494484418, 0.031070545212516575, 0.008020985212800842, 0.03074948663872879, 0.02494142692724179, 0.0239141355220434, 0.022439098044803846, 0.16124112212909794, 0.07580352260188766, 0.04914670460377631, 0.0022820710412121796, 0.006251627266041418]
            , [0.031087497418983, 0.004233335683400307, 0.0038219313493523285, 0.006001336568131946, 0.07434766376597694, 0.0054511093146554085, 0.004984800971932803, 0.14553373597885236, 0.006654206543619315, 0.4403291907569385, 0.09019893335703275, 0.005514424976327476, 0.004521851932600388, 0.009150768999592674, 0.007465106382251649, 0.01049820948973179, 0.023694345386700476, 0.10106545957750518, 0.003750399405143279, 0.021695692141271438]
            , [0.09314457998526927, 0.004378960986019083, 0.052848312216408504, 0.03572648864875569, 0.006561532581465078, 0.47939319985940737, 0.010555523062930092, 0.00935050494572744, 0.03506893358631956, 0.02409797142165366, 0.00601135642023758, 0.055012534718166764, 0.010614645656482813, 0.026794149683309922, 0.02886464141019843, 0.06136544545322152, 0.028729913562476107, 0.02252568593551043, 0.0024661156807274914, 0.0064895041857130345]
            , [0.029990951535779613, 0.005786129442883664, 0.007560122875505642, 0.009066010864585776, 0.30355098837731503, 0.008726388288552904, 0.045742107836015095, 0.037373973463521774, 0.009428754864808422, 0.08816299583505285, 0.020579641816726068, 0.012416363754500927, 0.006105011889269042, 0.011383507976499828, 0.010912738029539428, 0.02671088471195115, 0.017003884246939712, 0.03727078789359518, 0.044326465733780594, 0.26790229056317727]
            , [0.041479061375518496, 0.004108222094283761, 0.0024028509980486778, 0.004016252367312918, 0.015872091994766215, 0.0035998163156603924, 0.0025158430857939577, 0.32840804945641117, 0.00416020122942939, 0.10549143633768938, 0.029570205816326633, 0.003677336053323883, 0.0032216233960491473, 0.0040788508587977, 0.003970910926688925, 0.012014718030965606, 0.033997307591651614, 0.39281946510222604, 0.001146344627058422, 0.0034494123419976136]
            , [0.036483598099787455, 0.0025220399220974334, 0.009153444912333684, 0.03587834152818619, 0.003157653463316356, 0.019478954256244695, 0.02724147624421552, 0.0072418894929296256, 0.3296111968874545, 0.023132803889552966, 0.005891621280301037, 0.03563230944116338, 0.00526072466939214, 0.06987969926728255, 0.30544033434863704, 0.03347121394098152, 0.03388432879879709, 0.01125960692932703, 0.001392609739724754, 0.003986152888274922]
            , [0.023900126848898785, 0.002448493955712677, 0.0016288854107793804, 0.0027595324272944297, 0.031134263594911015, 0.0023897980180981973, 0.0020894972666422144, 0.3098451906792006, 0.0029686527692917145, 0.29566956116074894, 0.05953208354086544, 0.002607136646445596, 0.0021845521242131053, 0.00378991118387102, 0.003278196908934877, 0.004946070178906497, 0.019017477328534833, 0.22474304738019538, 0.0011293867257831337, 0.0039381358506719874]
            , [0.2347390255022513, 0.02896377762051599, 0.007210317329655265, 0.011875343411632206, 0.009231777479603376, 0.02982724427786672, 0.005725249945154298, 0.08814201984114821, 0.010015314766543298, 0.06399701588757963, 0.026757409169636644, 0.009240850891821584, 0.009122316484125403, 0.010328989788945399, 0.010638782549026119, 0.056379761537476085, 0.1066359172891501, 0.2736023834145392, 0.0019783037519780274, 0.005588199061351212]
            , [0.06253903247561395, 0.001112868368316857, 0.2723783850698182, 0.37176009164873436, 0.0017053669965373588, 0.02953800337974557, 0.0076970043461736404, 0.0033421422799806747, 0.0407342269952309, 0.006241016612801096, 0.002582578476356806, 0.042760362033698845, 0.010127398006780164, 0.05538926186185497, 0.015974858264821066, 0.03662243772987556, 0.028121587765409684, 0.00850742734981599, 0.0006549366079316908, 0.002211013730502318]
            , [0.07788689000488005, 0.005373998532312208, 0.029152779191999566, 0.022358285899155887, 0.004202254858580259, 0.03142926651959868, 0.006213875355921263, 0.009675613113630242, 0.028077461694693245, 0.012455215330698535, 0.005609013788466721, 0.05062694904540552, 0.009761296059395403, 0.017417146025702424, 0.01681876662481896, 0.30723265001577266, 0.33223308885862635, 0.027853120703976626, 0.0015194391770017395, 0.004102889199363837]
            , [0.01544889800215477, 0.0019429858760428278, 0.0014092922274955583, 0.002242005387009415, 0.050416836128255725, 0.0018421295172760662, 0.0019219848850708444, 0.13797570993248368, 0.002461824053048307, 0.57035522267197, 0.10226985551817523, 0.0023655946600292716, 0.0017209320526723358, 0.004500237121280045, 0.0027138377857781107, 0.00457270860825002, 0.012905532818950448, 0.07690121275936873, 0.0013329838584440676, 0.0047002161362444716]
            , [0.03821200723772357, 0.001496097898470897, 0.36396549996327426, 0.07853999192101317, 0.002718501742762243, 0.05601594952366264, 0.023428019520430294, 0.004084159211107598, 0.03994697197868528, 0.006710497555408097, 0.0028081697126771483, 0.22235194091824007, 0.005824897606845708, 0.028770957601082642, 0.016752791159448017, 0.06073220699281956, 0.03534214281882255, 0.006826048042811642, 0.0011414647771121208, 0.004331683817602568]
            , [0.019485471702913985, 0.001605216256313131, 0.000991823334753152, 0.001671037612653737, 0.008944902294432094, 0.001350124150219357, 0.0010934021260369643, 0.4122213791450407, 0.0015754276024079871, 0.09074390769481312, 0.018082162987481026, 0.0014823177869191337, 0.001103795988283333, 0.0017282243496195325, 0.0015908587344193469, 0.003076949038303523, 0.015441764162249641, 0.41611681233628134, 0.00034340535005469467, 0.001351017346804258]
            , [0.013444450121370098, 0.002741822900969327, 0.0029594579219408288, 0.0036682112938052334, 0.36544082577515596, 0.003324122082223874, 0.03373720815784507, 0.014346580052689212, 0.004001391227141036, 0.0437645758205428, 0.007510739298817187, 0.005976772105951516, 0.0020591518048315204, 0.004987650776109303, 0.004310436906496128, 0.012350677341163558, 0.007139113588552041, 0.016197148221235386, 0.029999739673013143, 0.42203992493014686]
            , [0.0685457096400126, 0.0020745903837601364, 0.020647391568801476, 0.013804607467063619, 0.001980035857051635, 0.7642084980867361, 0.0035117144526497193, 0.0030622817505024003, 0.011936959032099752, 0.0045255092076960535, 0.002343011619793075, 0.022008790393616383, 0.003884328932094947, 0.008666391976539123, 0.010157176642740275, 0.0343561722676522, 0.012869648104279782, 0.008527946525682327, 0.0008708618063204547, 0.0020183742849078892]
            , [0.5315205891752277, 0.020005463244292022, 0.005512755826249075, 0.0065668729464662045, 0.0025610262600550427, 0.07952298342898308, 0.0029760560920957723, 0.005273870926319553, 0.004886267943111105, 0.007196672273819678, 0.0035482639042378936, 0.01121893867606052, 0.006830431247442195, 0.005628942602753385, 0.004851994428888911, 0.21012742882283852, 0.05598007888971728, 0.03277257138017952, 0.0007912654771760997, 0.002227526454086583]
            , [0.016045102975499857, 0.776029326885093, 0.011711359717168487, 0.0200669735734177, 0.005400659094212418, 0.014651237463452938, 0.006255611904844421, 0.012234395549076885, 0.01599639563633261, 0.015239794300300568, 0.004195400125701726, 0.007257816064143895, 0.013140145776985504, 0.008823943984640122, 0.013732773230453316, 0.024255528659682446, 0.013980077849921904, 0.013776787083843623, 0.0023105213555916953, 0.0048961487696368555]
            ]
# The number of clusters.
n_clusters <- 32
# The base file name of this file (for reproducibility).
fn_distributions = "udm_0032_lclr_rb"
