# This script is generated automatically.
# Vector of amino acid stationary distributions.
distributions <- [
              [0.06467796313186548, 0.014115134585924132, 0.05627847777466372, 0.06538514550459577, 0.047614226917274606, 0.06338455759953045, 0.039030503153747544, 0.05770809352099078, 0.05967624578857739, 0.0741565586422651, 0.024599555901019275, 0.04790023273097744, 0.04864241148047633, 0.051528648300005794, 0.05394858299022157, 0.06161526773458501, 0.0569651955927447, 0.06397594460382139, 0.015771561427268148, 0.03302569261944532]
            , [0.06462591636827597, 0.040205740613807356, 0.054048446793947644, 0.06022316605356778, 0.04596839790066757, 0.05052484535917979, 0.03265727158346613, 0.057153388094571454, 0.05783759424759803, 0.0783084039901726, 0.02188566361594334, 0.04866296012537316, 0.037583615141702435, 0.04815204161281358, 0.060026066791685116, 0.06714794261631837, 0.05872286708984071, 0.06560483425294258, 0.013906063838093974, 0.036754773910032304]
            , [0.06335714294245577, 0.017154998128577514, 0.058752045382523904, 0.06796953989359655, 0.04651990175148858, 0.055297088054827415, 0.03213677439972473, 0.06069828901381224, 0.06597067128408103, 0.08114290081247083, 0.023880292371087363, 0.05511113887596402, 0.033048012037862264, 0.053803397517286786, 0.05682394622690984, 0.06709557201890323, 0.057113881029252404, 0.06431932655709949, 0.005682170701510599, 0.034122911000565526]
            , [0.06525474028493478, 0.020622366737532902, 0.05537658179139324, 0.06234477651350327, 0.04691935523845051, 0.055300063997340894, 0.022169010712824098, 0.06601401592093471, 0.05958367474140818, 0.10462020438953498, 0.030778388221962102, 0.04857873540712429, 0.03307494984814954, 0.039923747052239764, 0.05640197894467787, 0.06348580918411746, 0.056486615543530815, 0.06747510248599517, 0.01141215040764737, 0.034177732576698205]
            , [0.061408195948234975, 0.01676260769397278, 0.053825535369032514, 0.06368875334728952, 0.034814354444335636, 0.05414983636987085, 0.025407080379889407, 0.060507816882223585, 0.06340983251539035, 0.14521621001862364, 0.025975844861867818, 0.04318099985549116, 0.02978621603518923, 0.04932765962173054, 0.05439789673756932, 0.06214739731240719, 0.05300767117956289, 0.06180026917321403, 0.010888668635717805, 0.03029715361838662]
            , [0.06302831146752162, 0.0191655188132001, 0.05782072271623932, 0.11364618250036322, 0.03482357194075546, 0.05840667172147283, 0.024070655101579116, 0.06044708507598846, 0.0605636844183588, 0.08831329903674191, 0.022284660636018416, 0.044627309621374275, 0.03401944714612805, 0.039530040698757825, 0.05469335568173716, 0.06252649421687699, 0.05366020227426258, 0.06591081752256224, 0.011343352981210834, 0.03111861642885065]
            , [0.06780635691042297, 0.014587905500734391, 0.05475885588995585, 0.06231303074104785, 0.03431037242976082, 0.0634126278739409, 0.023224745666735144, 0.05690853154233145, 0.05771141038184718, 0.07163920536706507, 0.02049572685922254, 0.03755662434881718, 0.1072270400695702, 0.03774223172513997, 0.05613624440584233, 0.061615724725023524, 0.05883628716539362, 0.06550805095119724, 0.016079428379486435, 0.032129599066465196]
            , [0.06598407257799441, 0.019959213302545832, 0.05443844490398058, 0.06218156362784384, 0.0395619855868412, 0.05925775642735447, 0.026594012775912907, 0.05972368225546888, 0.060931194685357515, 0.08169400718637218, 0.02293682838407867, 0.03710273026582352, 0.03364757165374176, 0.038212177682071434, 0.05731286335211201, 0.064318825471957, 0.057539790062334124, 0.06650861000040828, 0.05958916367355365, 0.0325055061242481]
            , [0.06323330785821712, 0.020739372927126375, 0.05488461729260178, 0.06246197964790403, 0.03608504396147008, 0.05514084583595039, 0.027263100689156616, 0.05883767101199239, 0.060892286658291744, 0.08161387952711044, 0.023774305601207645, 0.05241657744021633, 0.03505588639959899, 0.04126257628216511, 0.05537642668574826, 0.10771969515710808, 0.05989984116892243, 0.06405867654084485, 0.009052229673807779, 0.03023167964055925]
            , [0.06593734117174402, 0.01971707799956443, 0.05608778651577441, 0.061532851017015534, 0.03591420981142597, 0.11807108439462816, 0.024080805804196338, 0.05813527341871781, 0.05663224472015049, 0.08585991246676711, 0.020731717848028363, 0.037471892595826055, 0.03602767084238617, 0.03658095938133191, 0.05731938038247905, 0.0606864583369368, 0.055252267886914994, 0.06788372386087942, 0.01619138800714668, 0.02988595353808617]
            , [0.06553317867787764, 0.020206870645663916, 0.05409600596475902, 0.06859203813404909, 0.035879409682307246, 0.05301770606787615, 0.026897186406691594, 0.06431588060673112, 0.05761363139080319, 0.11708709879434835, 0.023714404098753427, 0.04909590655921526, 0.03194273458567735, 0.049392871200647795, 0.055940007889839376, 0.06729772442738281, 0.05619136687674176, 0.06721435140156966, 0.005062708990011504, 0.030908917599053832]
            , [0.06688835962532214, 0.012669418180018174, 0.055231721465820866, 0.06186221651541031, 0.03536817808813639, 0.06166197097370487, 0.02754993622484975, 0.05698017784100902, 0.06195407107659184, 0.08130570594466165, 0.021301346073815352, 0.04629462638343734, 0.03562118585140748, 0.04113059371771392, 0.10298167468835827, 0.06009488472676379, 0.05660779606564018, 0.06584879706659384, 0.0158633559093712, 0.03278398358137373]
            , [0.0616518511391832, 0.006117533022069488, 0.053251635080346776, 0.06240644217952176, 0.04731996259553907, 0.05824766771515757, 0.027158887820499713, 0.05657945751347317, 0.056767296167359406, 0.09398772922836665, 0.02483061922772429, 0.049040435987513675, 0.04745343322850937, 0.05199058398503658, 0.056494407637130636, 0.06252048860596156, 0.057485970800691635, 0.07180545672729007, 0.012267968206637211, 0.042622173131988406]
            , [0.06605561780704876, 0.014310039532879057, 0.10547741841302866, 0.06342745670459604, 0.035711891135961155, 0.06260154126554422, 0.025434183705259905, 0.05589977548746539, 0.05839609116058126, 0.07848391394220798, 0.020533549687275006, 0.05222259430488355, 0.0370750400353247, 0.03598982423439914, 0.056557586006920194, 0.06148808298869716, 0.0575276671094669, 0.0642306622865839, 0.016192184992315495, 0.032384879199561595]
            , [0.06554132876172017, 0.01598032107142373, 0.058565817573213295, 0.06538055082313801, 0.03368329462877816, 0.06076910047563214, 0.024169847998529326, 0.05656957193341121, 0.10765007129751532, 0.07237714274113852, 0.02022550689261387, 0.047972507248208125, 0.035618324740852816, 0.04817710194789077, 0.062138008254052135, 0.061948311173004034, 0.05626397342669597, 0.06218626126551583, 0.015365864805208221, 0.029417092941458202]
            , [0.11054184783794811, 0.01181279665090588, 0.05774426051056171, 0.06482761055359666, 0.037627191965316366, 0.06314288052860487, 0.02576786042895226, 0.05497003268080928, 0.05854651864869945, 0.07198544400953466, 0.017625006919635172, 0.04455481545145949, 0.04658798912328994, 0.04864467294372355, 0.057897343921109005, 0.06170669520307151, 0.056221943696649665, 0.06251124232826936, 0.015505071481916582, 0.03177877511594618]
            , [0.06392373461868683, 0.01563125883554136, 0.05596966551161881, 0.06131038813907164, 0.03705965108197949, 0.06058776347330515, 0.02592578015589521, 0.06525253098386416, 0.060902359505244814, 0.07583947402807018, 0.02150288800636566, 0.03773234807101276, 0.04421299825407424, 0.03511904574851135, 0.05760735199810853, 0.05932061756564915, 0.05788294241859007, 0.11597244001956356, 0.016846939374252055, 0.03139982221059487]
            , [0.06654619736823601, 0.017566003343050106, 0.05139606493599123, 0.06439408668962174, 0.031874493967403, 0.05163002885437212, 0.023505321751971953, 0.062491832786393336, 0.058504749359786355, 0.1585473871521021, 0.028208954993896366, 0.0473616333580766, 0.025502356115820208, 0.045206059843263584, 0.05304398123137329, 0.06335404266219825, 0.054512497760944065, 0.06413637288812316, 0.00529422002757224, 0.02692371490980409]
            , [0.06907177033362419, 0.015696682554906603, 0.054917726158754364, 0.059470681563165546, 0.033926125009989046, 0.05976760222515182, 0.023831959854234648, 0.056569067105747196, 0.054621317704766796, 0.07949270332826638, 0.018895850639680842, 0.04343563395600987, 0.04446255321111942, 0.045320978506224595, 0.057913600419486067, 0.0634332507321575, 0.1112013205223959, 0.0635496352844243, 0.015955777754997673, 0.02846576313489723]
            , [0.0641448434036248, 0.011942735783728257, 0.05445030872010719, 0.06146834443897326, 0.03459208967366762, 0.06477629204944961, 0.023955611455998237, 0.056724918846899806, 0.05654544184522681, 0.12235902611193743, 0.01788665747976878, 0.03903218167511081, 0.05028040884572397, 0.05036826263634111, 0.0589662100163542, 0.06281675381546416, 0.05922374557962489, 0.06203298217704806, 0.021034608549187362, 0.027398576895763676]
            , [0.06831888042160546, 0.016079273788014107, 0.05450261918857339, 0.061560884312904275, 0.10063944800340915, 0.05938695608910381, 0.025894439421718745, 0.05944947162399794, 0.0591612434932703, 0.07452222444760624, 0.02047704405505111, 0.03923339794121833, 0.03391136808139798, 0.03666986460648823, 0.05588568832504319, 0.06506011862592444, 0.05659978575415173, 0.06551128671731969, 0.009880755842628826, 0.0372552492605732]
            , [0.07022118377874778, 0.015356675973713315, 0.05878625561177507, 0.06074105195957609, 0.034798480305775294, 0.060997643546585975, 0.024769391005173176, 0.0577970692835909, 0.05562318166892884, 0.07776082097410379, 0.021196713959914962, 0.10986832478178125, 0.03274593698093993, 0.03596779345757427, 0.054122336027642284, 0.06245590608749886, 0.05593705139674373, 0.06467371031313224, 0.014163986736188345, 0.03201648615061373]
            , [0.06361084783918193, 0.017758666257030504, 0.054243887893856035, 0.06665244978592742, 0.038889389181310435, 0.05403170824109222, 0.024109449791936546, 0.11166957410533972, 0.06490699818806499, 0.07972460465016822, 0.025405275573110318, 0.047083331369334146, 0.030671678910663, 0.03705927506308934, 0.053038774375710473, 0.06295070479752617, 0.05756580247960298, 0.06917604032269374, 0.008803853246070548, 0.03264768792829137]
            , [0.06733306121070119, 0.013093394366210744, 0.05529873139075137, 0.061641414977384984, 0.05221912841260065, 0.05906025959458444, 0.022945797300612348, 0.06129852391578649, 0.06121888737079436, 0.0777274368843113, 0.021573111156818883, 0.03956819435820354, 0.032877290928353335, 0.03359923475551866, 0.053460494317415855, 0.058748033657902564, 0.05377820912009061, 0.06663842299004272, 0.011372483806735504, 0.09654788948518028]
            , [0.06374804859794811, 0.021828190800079725, 0.04874011442339196, 0.06032974244901943, 0.035046920422750975, 0.05161802592277781, 0.025663480230335843, 0.0644133585698635, 0.06338910690597588, 0.08581501818782544, 0.02308510659946207, 0.04309836632070896, 0.029822226784274375, 0.04518658601494337, 0.10712960396805547, 0.06502760485548706, 0.05836927711030727, 0.07064680149646921, 0.007433715607527441, 0.029608704732796018]
            , [0.11623164280887101, 0.02349046939636837, 0.050845258063033284, 0.06041464349019071, 0.03992458493286184, 0.05502797395785246, 0.024044360941641352, 0.06001486620622949, 0.05974464661447357, 0.08561707331617564, 0.02414600729907928, 0.04100813420038472, 0.03358132635352294, 0.03625949575792941, 0.05371544247897799, 0.06722044395917186, 0.05967968828525886, 0.07011632800904635, 0.007370868147914267, 0.03154674578101677]
            , [0.06248510914050702, 0.016055573550316712, 0.05021620459858942, 0.06123238090464017, 0.03413115240183673, 0.052138285240808116, 0.02198233736841932, 0.06070305074582185, 0.10406680153517023, 0.10891948349041988, 0.02236009006637658, 0.04860065995786321, 0.028633097807353965, 0.047833427505817025, 0.06209266868630993, 0.061895349521543255, 0.054814976288990354, 0.063227338859944, 0.009951943681987619, 0.028660068647284636]
            , [0.06861626266158281, 0.009332756670687037, 0.05927696150818346, 0.05991810935209501, 0.03478658664923025, 0.06375649242930873, 0.022214783515793868, 0.053152155743864185, 0.05733301704181767, 0.07248756677534537, 0.018617668544591338, 0.052010135488397724, 0.034290958588652685, 0.049562046744278915, 0.05483729089480845, 0.1130721396925923, 0.06392295809202918, 0.0625724474585379, 0.017455794100051932, 0.03278386804815115]
            , [0.06470797103211344, 0.015711622732037238, 0.0571708391254722, 0.06878153600252136, 0.03619831077171606, 0.10412783994379102, 0.02398028514936457, 0.0632866090681905, 0.061140411057972334, 0.08642869285861425, 0.02065356588769542, 0.05079243348100112, 0.028836796685368506, 0.047080291299223864, 0.054078720541776315, 0.06342862472779894, 0.05329601883875687, 0.06578042758660911, 0.006045194566075768, 0.02847380864390103]
            , [0.0677525146421979, 0.013919549517030243, 0.11287936450462839, 0.06161325634213617, 0.03497175103474218, 0.05824564380783157, 0.022582056488769438, 0.06810748724260068, 0.06037622344910118, 0.09508756040459247, 0.021901224751104148, 0.04355924919552401, 0.028609904359581825, 0.0362253871215268, 0.05137870215366766, 0.06062207260670576, 0.05399214308656851, 0.0717610131968483, 0.007133270012060224, 0.029281626082782543]
            , [0.07163362668481037, 0.008736937430694633, 0.05858659884507012, 0.11471879177209969, 0.03549861064830579, 0.05725514266305072, 0.025302451254708754, 0.05329327167402829, 0.0629575620800514, 0.07215348357773971, 0.01879100714686685, 0.04758317069455425, 0.032724087994931025, 0.05565585382461803, 0.056325722196089154, 0.0621324019608179, 0.056586381122912865, 0.05988788569338797, 0.016605680972387276, 0.033571331762875196]
            , [0.06846830442399174, 0.014820732258765722, 0.05471728070684981, 0.06277787769045007, 0.031102421496190257, 0.058984918802481426, 0.02678487217466011, 0.055789501728035144, 0.06303620390928713, 0.07416608300684602, 0.02161332108585681, 0.05043404451896455, 0.02968628432851586, 0.10696005960193289, 0.05693865865871148, 0.06444911790522542, 0.05811235175442543, 0.06305072071692648, 0.009924935996931315, 0.0281823092349523]
            , [0.06281975990701219, 0.016250350087308487, 0.04703909303548614, 0.05672547797603351, 0.04342884291489425, 0.05143970760342761, 0.021641930766009385, 0.05790633964448575, 0.05490376245849428, 0.20201237065345767, 0.030455954997307758, 0.03593172107241191, 0.023859522318591907, 0.043079192132221236, 0.04973854390784779, 0.05824910023953997, 0.05035078563317087, 0.062414708072989766, 0.006894002519070789, 0.024858834060238682]
            , [0.06725129047087346, 0.01812093764855166, 0.052398904827024494, 0.06385267346838265, 0.04235885459113957, 0.050377035561038744, 0.024264261381130445, 0.06682302314841665, 0.060056312007691716, 0.0831767782167005, 0.02428697095477191, 0.04539277135985504, 0.029583740045989036, 0.04342009863127727, 0.05325788716383743, 0.06760491442458208, 0.058798945869070085, 0.11481889319597444, 0.005986294152449956, 0.028169412881242924]
            , [0.06571489682832964, 0.006174057015702917, 0.05802000259541544, 0.05689142230817474, 0.03862631496263015, 0.06367944329769755, 0.02143287239771424, 0.05529344191090257, 0.057959696890047964, 0.07287034235261619, 0.019183114187788022, 0.05334050682557436, 0.03751390819022836, 0.050041179250985925, 0.05572407890165984, 0.06350687093992989, 0.05949431547396031, 0.06595979903241685, 0.05224087527697536, 0.04633286136124985]
            , [0.06585145319321292, 0.014358109279521915, 0.05157857000925507, 0.05960240384537079, 0.03610764380390682, 0.05854921549595028, 0.024185787875494528, 0.05182037493809363, 0.05599353795616618, 0.16949051974351725, 0.012708825265124127, 0.044500327750960585, 0.045437748687219455, 0.04882565317703364, 0.055220620475241004, 0.057632112777413425, 0.05106702303388767, 0.057927807508266795, 0.011430359119556551, 0.02771190606480737]
            , [0.06484999675049108, 0.01186415708995912, 0.054957047732915244, 0.06300554109481366, 0.034017642868392144, 0.057462515650254196, 0.021634768048366664, 0.11523617198977948, 0.059867549807036305, 0.13073768065007996, 0.01865601742764712, 0.04439853116111661, 0.028997418691338626, 0.033661611318179865, 0.05087699501525755, 0.05684905762616304, 0.05184431969809402, 0.06234708318058758, 0.010125006934346427, 0.028610887265181312]
            , [0.0637447263975556, 0.005330745618972333, 0.059099896715021784, 0.06586737761542401, 0.0434091576195531, 0.054836850054264356, 0.02829355890286592, 0.05738047228078159, 0.08920268591627213, 0.0691317369785207, 0.01660655114364509, 0.058330196531774715, 0.034819708412839316, 0.056482665584738904, 0.05541661535316062, 0.06387695568832127, 0.06035791181898805, 0.06106281799561381, 0.011385503403555703, 0.04536386596813125]
            , [0.06410541481867713, 0.03846988384804257, 0.05043139794034579, 0.056027263104632054, 0.03568646292555856, 0.0583057831138551, 0.028810532277894003, 0.055921033204319154, 0.05104391631827922, 0.11927736601104101, 0.017880429280327858, 0.03016335063630234, 0.0366486469059402, 0.04940306646221212, 0.06237452384240041, 0.06935971502321486, 0.05769041075917942, 0.06700731642875456, 0.01789623252928045, 0.03349725456974301]
            , [0.06963691301042209, 0.016364363947084345, 0.052115323476510544, 0.0629376635331622, 0.03141311879472638, 0.05350453616893848, 0.023178293893328462, 0.06311357629731633, 0.061496788309737524, 0.08385979011743341, 0.025729634351491195, 0.05085301406605787, 0.027579102336565294, 0.0474178362055261, 0.05456545721231519, 0.06752894075588756, 0.10629383087421988, 0.06937333450590014, 0.006006455338607128, 0.027032026804770164]
            , [0.06577743794439606, 0.006993615433096488, 0.0582370448489364, 0.05923637398181153, 0.03639304481042515, 0.113885093581599, 0.024728703630875537, 0.053372985359669466, 0.052998808116949805, 0.07604458186966832, 0.020195207411048705, 0.04648089852787938, 0.047364599207460056, 0.04757563202516245, 0.05668575698062146, 0.06318245727951236, 0.058094918695831874, 0.06502534847175646, 0.01521717258718942, 0.03251031923611036]
            , [0.06949418550427447, 0.01453817094602564, 0.07595589423516237, 0.10225732263101626, 0.023983087444491933, 0.05786703177866662, 0.033010496422037655, 0.02911257410989887, 0.07804694963989242, 0.05927549846337364, 0.01605282627307338, 0.0635033582918012, 0.03456984300157393, 0.061998394229398464, 0.06321591142565958, 0.0788784749902002, 0.05949143591616747, 0.046143082397817885, 0.007926020807413624, 0.024679441492054362]
            , [0.10985417591246105, 0.013399510922852142, 0.056877873866586624, 0.06307743976315461, 0.03507377595628169, 0.06424644413685801, 0.02837734184988816, 0.05731065405686299, 0.0312777986275122, 0.11437555076203627, 0.02138879276445545, 0.029287711539699314, 0.0324158746571789, 0.05247905623332147, 0.06502826031488719, 0.05622822905368523, 0.05623739373064872, 0.06835648155405093, 0.019001314061116558, 0.02570632023646276]
            , [0.1088929663687451, 0.010042816283121474, 0.06285973389874953, 0.07312203485729406, 0.021732493795392806, 0.05857217048721288, 0.02637896678719447, 0.05589537027979496, 0.057130165548561485, 0.09071286023399214, 0.02242856000068024, 0.05235210821580142, 0.02569186802408315, 0.06112932045895009, 0.06521907073125995, 0.0654091204770773, 0.05403734713470118, 0.06347324357979486, 0.005331687329233072, 0.019588095508359618]
            , [0.06255177184770536, 0.004711851898037397, 0.054009063221956366, 0.05442108040570547, 0.04919378968477195, 0.058195060676643595, 0.02146160380477855, 0.0555035108479464, 0.05438166187580837, 0.13898625439342077, 0.02735431010163932, 0.04800904150703249, 0.04181158792179384, 0.04608635486482325, 0.05258484755957786, 0.056623007414780914, 0.05648303924994977, 0.064156284163276, 0.016143877082934036, 0.0373320014774179]
            , [0.07096254938874338, 0.011348926911723971, 0.05839768301527427, 0.1629329696821616, 0.03149354479525352, 0.05431737784679992, 0.0222106173384849, 0.055403452343918226, 0.0598541890825777, 0.07494338334365996, 0.020623183237948876, 0.04459902246600305, 0.027981213765207315, 0.043752040212176505, 0.052691406167367, 0.05374505177313409, 0.05274752202734285, 0.061519078689797224, 0.011988658667615535, 0.02848812924480992]
            , [0.06477727572228294, 0.012602842977011707, 0.05389833055863884, 0.0688848687646427, 0.029028305222149404, 0.05078970445850835, 0.025129160252983503, 0.06025632764038971, 0.11783903288156361, 0.07778493106217077, 0.02275039117704479, 0.053634094923692366, 0.02719102203113417, 0.05524608697385254, 0.06070931132019974, 0.06673887622319842, 0.05950816409096378, 0.06237047203521726, 0.0043817987456997365, 0.026479002938655547]
            , [0.06830520139756105, 0.014830253586650272, 0.05427210287163597, 0.05358134232388152, 0.04592438222153362, 0.16713082872319182, 0.024255703158134186, 0.05448077059115342, 0.040203874541657386, 0.07581956834260807, 0.020983461918304434, 0.03639307211182514, 0.033020313089600635, 0.032521169657889315, 0.05358776648831375, 0.05633599826742607, 0.05471914433710506, 0.0641730893579512, 0.01705895092745883, 0.03240300608611808]
            , [0.1189201644569841, 0.01760840886761535, 0.04972343533707594, 0.05776388941818922, 0.03379544870694277, 0.056784673772906975, 0.02246005970865226, 0.055426534486877135, 0.053004049622494026, 0.08006827579502818, 0.022149151569319292, 0.03713427717759477, 0.028434398446547778, 0.03497815973675508, 0.053095634878272714, 0.11849956844426508, 0.05843808132727959, 0.0659377809158484, 0.008200017878363471, 0.0275779894529878]
            , [0.06438958734593628, 0.011337460617052042, 0.05083362406814214, 0.0536086306349482, 0.03576656965297789, 0.20189838043565395, 0.02164335820207958, 0.0615621210705514, 0.04724089353231969, 0.08947619689265131, 0.021328045808804364, 0.031621691098010156, 0.027064538205884826, 0.03060852820622997, 0.05174266897039972, 0.04975619767284015, 0.04874908326216813, 0.06598446807726864, 0.009149836615548383, 0.02623811963053302]
            , [0.06852193094013424, 0.013689101924167954, 0.14884440311433608, 0.05425370380654247, 0.04136301414660933, 0.05803863481635434, 0.023041988743412577, 0.06004164199183347, 0.05527529507708542, 0.07998888412586183, 0.021703057958767268, 0.039156088517821666, 0.030618909673117613, 0.03218291170146388, 0.05180722951909845, 0.05379291332232158, 0.05263523384449203, 0.06649871819234457, 0.014024449725211852, 0.034521888859023346]
            , [0.08870319512899764, 0.02537061190845728, 0.05443596140018013, 0.05953920592179771, 0.02945545404093241, 0.062004521119107286, 0.0281981466096873, 0.03963431329903095, 0.0544052185895411, 0.07856027700795058, 0.014909293271969735, 0.038157122592303104, 0.05173139405488422, 0.051860344281618224, 0.058400075570228034, 0.09890927085275528, 0.06598642292567787, 0.06007933175639237, 0.014460363897048712, 0.025199475771439956]
            , [0.06793931852756044, 0.020173087959991943, 0.05171757271088088, 0.056097592525429174, 0.03603221783770151, 0.0588118777258407, 0.024422680971024822, 0.06621512762243521, 0.05154411297956608, 0.07783857568914582, 0.020572798566599753, 0.03609535056398354, 0.029310704739793112, 0.0320100045798881, 0.056728893300236366, 0.058601970491842514, 0.055058940582679516, 0.16112796171916097, 0.011310715282318732, 0.028390495623920656]
            , [0.0626114430376533, 0.014415819473083789, 0.05379787761647439, 0.061241895174841514, 0.033350990340946934, 0.05905602170248724, 0.023450827376007025, 0.11921968519115725, 0.059349115084799856, 0.0696914459474411, 0.016802516117243715, 0.036413615800834666, 0.03113867512117925, 0.033664253502417314, 0.053143741218961024, 0.057170734203109634, 0.052524446142249194, 0.12195636140138039, 0.0110554016297801, 0.02994513391795223]
            , [0.08370769071769144, 0.011653659136168552, 0.054289233093397525, 0.059385120601077375, 0.041911310144234035, 0.06093345421695416, 0.10772443365515519, 0.060906338387248043, 0.049103541149383895, 0.0900759463479127, 0.022129854256093144, 0.03065434763331028, 0.027162147642639838, 0.03072940027988906, 0.0512615758164522, 0.054978044727644344, 0.05448436515888475, 0.07153051048849905, 0.010500547942413296, 0.026878478604951073]
            , [0.06571820500747318, 0.015367462429781797, 0.04243634499397082, 0.05109484845679153, 0.07430708186420829, 0.04877247616936674, 0.05059646387000162, 0.04374737553775842, 0.04418606058029159, 0.07252880055802226, 0.020060324621870452, 0.035625858784598285, 0.024146809935828434, 0.03466354336230607, 0.05543817124721382, 0.05905628982273227, 0.053062215439853726, 0.060044626914203, 0.03406387382556655, 0.11508316657816095]
            , [0.0662986693733083, 0.014352880295651866, 0.0524501682292888, 0.05945104627289135, 0.03529679704184092, 0.15387430857932935, 0.022570278040366706, 0.07236424275967998, 0.057843047270809626, 0.08773287718587514, 0.021107771941172124, 0.03887420441776913, 0.02642815483050539, 0.03102426977957124, 0.04939881303408704, 0.053804942752857424, 0.05087878425983725, 0.07160252492356302, 0.0066297567586934055, 0.02801646225290203]
            , [0.0728057351333595, 0.015088064605349517, 0.05123990323989567, 0.05749605526799047, 0.035055337418164044, 0.057128338752184184, 0.022839476605128157, 0.05292081233048493, 0.051479672524803836, 0.07234499342697882, 0.019261119085539184, 0.03315815360857077, 0.15597076084252, 0.03392558776918563, 0.05347572185622748, 0.056450953954161005, 0.055171759560670296, 0.061272946423338755, 0.01231877048510658, 0.03059583711034128]
            , [0.15522652107087395, 0.011486035011382357, 0.05932355285594757, 0.06516354145751704, 0.03132171753477209, 0.06277000189993294, 0.029650088426480186, 0.04934838625084294, 0.03588970128113513, 0.080674938591651, 0.017347875820238782, 0.031221102867228942, 0.03173038647885277, 0.05650763756264417, 0.06737917822145732, 0.06077623411206322, 0.05472950556367469, 0.059886832084583314, 0.014338412013082011, 0.025228350895639403]
            , [0.06492940847439843, 0.017987720425476444, 0.0506616445673963, 0.058224800909210554, 0.030722489797784497, 0.05421704777651231, 0.025702505359163134, 0.04833679184899844, 0.05453696696486289, 0.07122813362003058, 0.019412832573470942, 0.049136441779023494, 0.026250683571501128, 0.04229074058378825, 0.054046288071673644, 0.11656084407141627, 0.11898306089491446, 0.05972201651755617, 0.010833653986069954, 0.026215928206751962]
            , [0.07281995742232873, 0.012551456690279185, 0.05557123827618082, 0.06777859836018621, 0.02949139850011641, 0.05450891807130041, 0.02307055984457631, 0.05745512053908489, 0.062184698081979406, 0.07435121714439195, 0.019644608010935902, 0.04858972594653979, 0.10891029832567732, 0.04544092300050649, 0.04993016440397845, 0.06770315606699866, 0.0562850981806163, 0.0628210193925795, 0.005228875667803906, 0.025662968073939505]
            , [0.06858346583845322, 0.013071896272929697, 0.0509838291798117, 0.056380844441868284, 0.03310936945855017, 0.05613426434013039, 0.021974560962960063, 0.054391126505256786, 0.04554144355775471, 0.11296333701979365, 0.020024552864691212, 0.030033491097810377, 0.1063343454265789, 0.05054653608381218, 0.06036748477887237, 0.06060948067324124, 0.05675302914039264, 0.06533224590334173, 0.011809597530119308, 0.02505509892363139]
            , [0.06414669243454245, 0.012504264313902913, 0.04822067280643864, 0.05685066198947003, 0.03298837865258948, 0.05126736318111244, 0.02099256386987733, 0.10807181306682974, 0.0534334879164253, 0.18726965147763575, 0.022519842210012162, 0.03069351058401094, 0.023872234749376456, 0.034707967518743055, 0.05064989292576755, 0.05140237718376166, 0.04830098439876712, 0.06598430979290994, 0.009504801888453504, 0.02661852903937379]
            , [0.06597054345804759, 0.013940943469245164, 0.05271532293270051, 0.05479558803831186, 0.03529246646279042, 0.059832477037808376, 0.024366359077183534, 0.05374499019118533, 0.052865703690414385, 0.07348606754352532, 0.0211836693894186, 0.04671347365724149, 0.028767383217560588, 0.03824109218477537, 0.051865810371080366, 0.06303580202316346, 0.16142935492482358, 0.06210139622890573, 0.01094736321880953, 0.028704192883008756]
            , [0.06676557770021162, 0.018217445607075184, 0.033776465416752624, 0.03987177663025949, 0.05910305461125286, 0.05453323852819132, 0.025590176044354693, 0.06384718652599349, 0.0308761030132608, 0.18279310053833658, 0.03894667649404584, 0.03076791179319229, 0.02687651768349014, 0.036698011043502676, 0.05614241811684793, 0.05836673930025195, 0.05159458129806453, 0.06539625946580037, 0.02138277365920828, 0.03845398652990714]
            , [0.06501551957198559, 0.0046817948392370665, 0.05409337239900266, 0.055871473701448515, 0.04572425436206706, 0.06121809875993937, 0.020166946061794002, 0.05671407750176129, 0.05334118498095717, 0.07267572477385426, 0.020757593130144126, 0.047702668322865995, 0.04540905595744458, 0.04067683963295934, 0.05359358837894469, 0.0631400528547203, 0.05972198490121757, 0.13069844000298705, 0.0156339565870309, 0.03316337327963853]
            , [0.06833231364661012, 0.013156581198151157, 0.05797671748656059, 0.13655942532297344, 0.02837908648555748, 0.05316083469756012, 0.0245515753030311, 0.06218975171280885, 0.06463251920156243, 0.0800433008924813, 0.01966579156229184, 0.05015097939384107, 0.02785330077995718, 0.05165436442880408, 0.05241553864169139, 0.06414129038087635, 0.05429548264766411, 0.06187724196861649, 0.004220042244068475, 0.024743862004892384]
            , [0.1153273540395391, 0.01651223171978357, 0.05816533423577143, 0.06357320214650623, 0.02847747835131834, 0.06444545312460549, 0.02640962501596517, 0.03733893710116856, 0.025494543913604256, 0.09151341028192209, 0.018001821106211964, 0.0254881292795632, 0.05079326078198045, 0.050276227331064745, 0.1077693681376015, 0.060186892796701856, 0.05808788304763974, 0.06639518626659204, 0.011445606792440407, 0.02429805453001984]
            , [0.06802288513947811, 0.01418798889410768, 0.04777088158094673, 0.05562872343390489, 0.10717157769415961, 0.055955401917967294, 0.023264201480360503, 0.0619113807365258, 0.05244366700304149, 0.12811582863981297, 0.024159690142704512, 0.033744566251894925, 0.02706135181168648, 0.033636949456583576, 0.049862584636877774, 0.06076973769962732, 0.05215553323267982, 0.06723662419264842, 0.007705719174781877, 0.029194706880210225]
            , [0.06803022315188038, 0.009137948884225032, 0.05509270050641139, 0.06005405777740067, 0.03194117142337805, 0.05932911022011587, 0.0234226277522215, 0.055354846477937966, 0.05362452979340083, 0.12777413771320228, 0.01537144731167231, 0.03383501817603257, 0.035367469786254796, 0.045390683934388595, 0.057386216487885756, 0.0568948440764343, 0.056454040959486716, 0.11461157795441111, 0.012016018961948403, 0.028911328651311363]
            , [0.07400318335716859, 0.014565723080946988, 0.05112726529798734, 0.053147797930586965, 0.1243305051902908, 0.05936601600672007, 0.027691437984844452, 0.05383501953794703, 0.03646250981311978, 0.07596137054921814, 0.023444483828139465, 0.03426427455763508, 0.027458933998407802, 0.03387289954048527, 0.05307591693184, 0.056443255430138714, 0.053312735681362376, 0.06310970301105646, 0.029820598190176455, 0.0547063700819284]
            , [0.07692879103734857, 0.009452891455159788, 0.056104317584176513, 0.0723764672537865, 0.028618319613903785, 0.054771220732303394, 0.024470550788698232, 0.057329500616171446, 0.07026635117945727, 0.07540326951387358, 0.02055205703805724, 0.050377366836687795, 0.02363479650172181, 0.04919021812642957, 0.12058347290948786, 0.06050926306388965, 0.05521656617420394, 0.06220267788555067, 0.005871034093473175, 0.026140867595619142]
            , [0.12508323222363418, 0.015190410973081808, 0.053168474312593084, 0.05872320694745272, 0.030872408798807115, 0.11678338017151228, 0.0226808900494595, 0.05413728655900609, 0.04792660402746236, 0.07939219039985163, 0.018018006572976773, 0.033760367436077854, 0.03108194078425895, 0.036944759921207077, 0.05582583425011292, 0.06801274334233184, 0.05537818882385104, 0.061837313662430435, 0.010014901279839757, 0.025167859464052453]
            , [0.06622899393924532, 0.012793066062239773, 0.0575681902527391, 0.06029889509390551, 0.03269562950282601, 0.05854236634842197, 0.023022636788825705, 0.060956037457040146, 0.1493733653426696, 0.07566928478821465, 0.02125299446706737, 0.04512521750855535, 0.029170946056164687, 0.03257033162156621, 0.054630737699085184, 0.05618189332805362, 0.05506098088733789, 0.06424815038040146, 0.012174817343879164, 0.03243546513176144]
            , [0.12192800491696128, 0.012039272566804855, 0.05230614508733758, 0.059118612857705484, 0.033842270963190674, 0.05842377811738298, 0.024449545990695886, 0.061464995146445184, 0.048857923349483356, 0.07489327500667756, 0.017533193300988854, 0.029539630975949898, 0.03711108137143714, 0.03479088886799922, 0.05569409308803211, 0.057820128930419594, 0.057919593889547524, 0.11920653485269636, 0.014134886259597369, 0.02892614446064694]
            , [0.16529556899289324, 0.016563863137635575, 0.04893005164268119, 0.057255290466177416, 0.025560113685618866, 0.05974111396468378, 0.022265793993054936, 0.04408641493826642, 0.05139241878302306, 0.06739946593502824, 0.017028314004033433, 0.035169107887081975, 0.02900988985811439, 0.045228416664245964, 0.051305861883539076, 0.11503441870996019, 0.058626294407398104, 0.05636123978222941, 0.01001977293317598, 0.023726588331158982]
            , [0.114085908108833, 0.015564798035453088, 0.0557087042133005, 0.05857567134882989, 0.031245928324389133, 0.06337408940503163, 0.025390094496483728, 0.05152992245290611, 0.024990385456448324, 0.15434520913305613, 0.018935006674778265, 0.023247302718123766, 0.03558315947203149, 0.04480297052628939, 0.07163867470043866, 0.05289247552857402, 0.05360395738723925, 0.06824562662190309, 0.01394763750211331, 0.022292477893777248]
            , [0.06496892893986879, 0.010603962604368265, 0.05931297256361246, 0.1168422473861927, 0.027775087409050582, 0.051241417836490014, 0.02072078991509004, 0.0552592235313621, 0.11622283490046233, 0.07119014078391721, 0.018298103698888415, 0.049662040602000385, 0.02606777235028312, 0.05026283030244767, 0.05647345592653194, 0.05723169535147362, 0.05493809575135443, 0.05783438363804211, 0.008869746079049404, 0.02622427042951443]
            , [0.06154701918875303, 0.014392126976052775, 0.04218130078028637, 0.05569574130782739, 0.03535092934649653, 0.05124445264382692, 0.021820335174751442, 0.06163022484842478, 0.12861324548083033, 0.0821736362684659, 0.021523181941239707, 0.03331314022851269, 0.0262228477600448, 0.031520715054575, 0.11401207047527331, 0.05732892588519419, 0.05384352405932364, 0.06809475534889244, 0.007927962501615277, 0.031563864729613485]
            , [0.126838971285114, 0.011111253607752275, 0.05437028991506532, 0.061733037553620876, 0.026647544008374758, 0.060637123398491796, 0.021364616947470657, 0.04695718458811559, 0.041164633851671774, 0.07354885290388205, 0.016205029673513508, 0.02813771842528158, 0.1214625250830827, 0.039667786935721636, 0.057215495939794754, 0.058543567263022026, 0.055801969726149835, 0.06421455552104771, 0.01157313375273422, 0.022804709620092976]
            , [0.07002779731578539, 0.011472927705880775, 0.05434730796840826, 0.05535305318809524, 0.05143984688681954, 0.05445142023066735, 0.1072795670603385, 0.02897361893367929, 0.0529704766138103, 0.059506340871958587, 0.016567734623573253, 0.051311659364939255, 0.02408334549586627, 0.05331730803040167, 0.06233543479164087, 0.06331866012302993, 0.05498399819651829, 0.05099426443506106, 0.018260789511869307, 0.059004448651656764]
            , [0.06443672915817245, 0.015567555223590768, 0.057555511844138076, 0.06778079640604942, 0.026504071276446498, 0.056292418340330386, 0.024858055585640314, 0.06098314253582002, 0.06554885238073811, 0.07301364892632171, 0.02302512504596771, 0.06057939275117689, 0.027596875137794956, 0.04901946776021875, 0.049637438450912445, 0.11503218028459038, 0.0695177067374094, 0.06368184288821374, 0.0036441104647691467, 0.025725078801698754]
            , [0.06829489491353707, 0.011263828090993477, 0.055935613656492605, 0.10863048964486384, 0.030933578892350284, 0.05484809568211865, 0.02184582870243205, 0.060278190794664364, 0.06063546616281712, 0.12654662803001474, 0.019372097795212324, 0.03532055825823708, 0.026459042492376978, 0.0530802348930618, 0.05478089537411215, 0.05806175028016233, 0.05528827236040581, 0.061784761538220316, 0.009839480613238824, 0.026800291824687964]
            , [0.08208816262677937, 0.014353886955891492, 0.053631305958148474, 0.05819478854485009, 0.03334955748665898, 0.06086309063284119, 0.02465219299918824, 0.0567213903437962, 0.02651270090078253, 0.09772176741565053, 0.01996136767140119, 0.027656315938718482, 0.029425727256357316, 0.047015608237287856, 0.14619808244038154, 0.054959482968362505, 0.05589389354521313, 0.07038277558288637, 0.014159596454039705, 0.026258306040764724]
            , [0.05982020755300841, 0.011727837745274559, 0.04965701451617386, 0.05294998976480317, 0.043748713787522715, 0.05259219314492693, 0.020752315327698476, 0.06052112608439021, 0.052226252252356976, 0.2473457895740987, 0.03448963997719677, 0.032309396006401876, 0.020074478724408793, 0.031282971155626955, 0.04643630435040462, 0.04993568211130235, 0.0459267776613926, 0.055875471560163766, 0.005755645621409575, 0.026572193081438756]
            , [0.06472249500008033, 0.014564497882422487, 0.05393125861010706, 0.05990365344701125, 0.04497970882292193, 0.05942076586715266, 0.02182598038311605, 0.15797339934867918, 0.057291144537918816, 0.07751023181249338, 0.02006637839875289, 0.047098061281420245, 0.02677714489008163, 0.03132697872208079, 0.05104829623788728, 0.054821325216337737, 0.05112553482369509, 0.06846438494946105, 0.008138052047762431, 0.029010707720617777]
            , [0.07167018215846076, 0.004274123283073756, 0.060640283877143486, 0.05641452260391123, 0.04115983673070161, 0.06533215343891825, 0.016427315072198478, 0.05328246845340955, 0.06003246097885365, 0.07013307262141644, 0.01707518278864234, 0.05235017009994657, 0.03134804183018925, 0.04051863235206597, 0.04574409852883592, 0.059927953924043, 0.05721903138913301, 0.06393085316310189, 0.012425704089536681, 0.12009391261641782]
            , [0.16334835706041662, 0.01693697775129235, 0.04949143436418098, 0.061887731258943486, 0.027311061585056643, 0.05655261852841315, 0.021480470572382056, 0.05721881775526961, 0.058761603389734976, 0.07638540997963279, 0.021738296201999994, 0.04314881661880678, 0.027487515949366517, 0.04178473353212929, 0.05212659571335619, 0.07017201913443169, 0.05866670545394796, 0.06620609162632386, 0.004112403514350779, 0.025182340009964246]
            , [0.11075682071813522, 0.011398639460058988, 0.060713287485107424, 0.1227661279737272, 0.026689403769319456, 0.062133561651530125, 0.02423775382740925, 0.05123837831027901, 0.03203522900745351, 0.08876780800788477, 0.017281632096365008, 0.027226132303348353, 0.033755335947690486, 0.05098225699242303, 0.06747779200534194, 0.05780356004420858, 0.05658250791221178, 0.06495030579462648, 0.011614033131961252, 0.021589433560918327]
            , [0.06252996863968273, 0.015322923888741973, 0.09992951444572415, 0.11789807446112238, 0.03172679979797666, 0.056860052837097455, 0.021333654813120755, 0.06075444480994203, 0.05289770814881898, 0.09371364100217056, 0.022212016616690103, 0.0422186841745313, 0.028472174943588377, 0.03738043326065815, 0.04417780228672688, 0.05952662539282345, 0.0525325489101016, 0.06635686258551975, 0.007437337115334509, 0.026718731869628032]
