# This script is generated automatically.
# Vector of amino acid stationary distributions.
distributions <- [
              [0.0944133568851164, 0.01280926094179436, 0.05137488168189418, 0.05917148669335527, 0.035179697541563346, 0.06340767532211894, 0.025924885232576404, 0.05909151648701904, 0.054707354061345415, 0.09230848624859118, 0.02372769822065531, 0.04290346390690653, 0.03634618462173965, 0.042537393279065805, 0.05378264780500158, 0.07144224719216946, 0.06408395549258805, 0.07576601398868855, 0.010099595229174085, 0.03092219916863633]
            , [0.11026143049934409, 0.004924730543866216, 0.09526702544955971, 0.11092846723400905, 0.008918815100487226, 0.06652757366962794, 0.025990221034543935, 0.016421087603402815, 0.08706291037457463, 0.030134587763238102, 0.010205343283070835, 0.07202361053112322, 0.02467145866172083, 0.06991801736864149, 0.060108144603917515, 0.09652906774592301, 0.0676721817572714, 0.028758926638419672, 0.003037603086708839, 0.010638797050549506]
            , [0.04979933532433168, 0.0076799554371296775, 0.006567060592107645, 0.010253427468709062, 0.036008365835097186, 0.010269129530104735, 0.006739258609872196, 0.23010437073039897, 0.010659445169463586, 0.24609911095588882, 0.05426768764153214, 0.008816905020711136, 0.0075629858636312485, 0.011583846127106168, 0.01161009417336588, 0.018901820028130893, 0.036334802116680553, 0.22144190655377527, 0.0034487474342609816, 0.011851745387702277]
            , [0.050068222723770574, 0.011098413273348038, 0.019066523626365472, 0.022501071011829923, 0.19096482111490612, 0.02453442706062251, 0.03955437831728315, 0.0477986400126982, 0.02281681678120967, 0.11485160073277395, 0.028171105495707005, 0.0248344785605731, 0.014076935090433562, 0.02431520288443854, 0.027604096390523684, 0.03767834701855165, 0.034845701324600555, 0.054512095858867377, 0.03370960327075699, 0.17699751945074005]
            ]
# The number of clusters.
n_clusters <- 4
# The base file name of this file (for reproducibility).
fn_distributions = "udm_0004_clr_rb"
