# This script is generated automatically.
# Vector of amino acid stationary distributions.
distributions <- [
              [0.0807997689528299, 0.008902634660406613, 0.04858614232555192, 0.055103374201708015, 0.055727724136883365, 0.05751458084182212, 0.021310706124093765, 0.06301084915149857, 0.05428506271149312, 0.09058477841963368, 0.018309370328548562, 0.04553791625461246, 0.04364072394744047, 0.044841083405704134, 0.05339122135046802, 0.06468211913305888, 0.061502850784862985, 0.07316976457072205, 0.00802435962062562, 0.051074969078035555]
            , [0.08518745740837459, 0.0025767627162350064, 0.12902227138196598, 0.14750716911116457, 0.005008141527273791, 0.04874086100429816, 0.027048410303079733, 0.009593808398152869, 0.11052182672662608, 0.02556002007444446, 0.006156373628168234, 0.07560795694298464, 0.02376610419593929, 0.07533153530361807, 0.07827159306168559, 0.06756363641291568, 0.055322578673966394, 0.01916775397331136, 0.001774601613115873, 0.00627113754267957]
            , [0.03831066916903676, 0.003913003399357186, 0.0031015668993217937, 0.004964304972397894, 0.03938083659927709, 0.00458851068355757, 0.0034911703383756275, 0.26878352135514977, 0.005184463136331353, 0.25419823983683365, 0.05880748982528133, 0.004458927482839482, 0.0038028659401978574, 0.006021326940165373, 0.005483931861712702, 0.009995368694276235, 0.030667360748636487, 0.24648189039120186, 0.0018880189910994705, 0.006476532734950469]
            , [0.22479890050432927, 0.008127699458994555, 0.03605839284324877, 0.029604114129719108, 0.006052048752216917, 0.22625193422618084, 0.00815767937684927, 0.011816756431697125, 0.026565219027316022, 0.02528726935816519, 0.006846867882389914, 0.042132969006371215, 0.03025916080233246, 0.02214365141081522, 0.022621110403843615, 0.14330636254776652, 0.0792670580436785, 0.04298916776041142, 0.0021278126206668224, 0.005585825413007416]
            ]
# The number of clusters.
n_clusters <- 4
# The base file name of this file (for reproducibility).
fn_distributions = "udm_0004_lclr_rb"
