20 A C D E F G H I K L M N P Q R S T V W Y
192
0.08247081620114372 0.0688273807617999 0.0186236068815604 0.0571515043903865 0.0636923835677306 0.0434046040705069 0.0591558426970971 0.0265435497152930 0.0624050954861079 0.0604695604646181 0.0841177101459794 0.0216595329225869 0.0503171227043993 0.0385425260004504 0.0494639418756771 0.0596369309861288 0.0646162856396743 0.0596508512650807 0.0686475231494156 0.0107649250861099 0.0323091221893973
0.0392395798605922 0.0703211120896075 0.0116383613887020 0.0491401014262105 0.0588357460128080 0.0476102286868937 0.0545305522138756 0.0222596505703404 0.0656152290081994 0.0543207306594781 0.1541821078165958 0.0234786060924223 0.0350398784520128 0.0273764352412932 0.0479263157493694 0.0554626555400465 0.0594040104937261 0.0550941294341317 0.0691436351120653 0.0094788793095490 0.0291416347026728
0.034968188094517315 0.0697387536199517 0.0049636382830004 0.0588370475212354 0.0597418281238864 0.0453051564766049 0.0619106823823228 0.0220726822158029 0.0568158215884506 0.0592651314890115 0.0765831678589371 0.0194039216318587 0.0543208731441599 0.0463197579821955 0.0508696842422419 0.0560144166026375 0.0641432015883289 0.0627840042825990 0.0670355046219936 0.0174768121985381 0.0463979141462431
0.030620156524027217 0.1475367259039503 0.0109896305246893 0.0566428112792005 0.0641352341604135 0.0267910910837871 0.0636324210730926 0.0220884336778704 0.0515804343236948 0.0513617109900115 0.0813894693881285 0.0179258701757540 0.0346103752768238 0.0313168865798185 0.0506515159223890 0.0606465840408592 0.0686460997647984 0.0603508071817754 0.0674263259346212 0.0091295997491465 0.0231479729691759
0.025209386332312747 0.0755954570317384 0.0092721904344710 0.0732959692867039 0.1322687415871301 0.0240568936986636 0.0548488037420671 0.0221427961813182 0.0492434588237913 0.0697180002158757 0.0719849863261206 0.0170499951817814 0.0505887918845239 0.0283199241111414 0.0558847947263913 0.0571450766207089 0.0644629653247396 0.0576735163400989 0.0569349105057798 0.0067698057676715 0.0227429222092835
0.02380560058144065 0.0810046223104757 0.0132881395497693 0.0566233320377032 0.0611699304042455 0.0255077237953903 0.0607007697262852 0.0230668210799270 0.0476812460857280 0.0578665659167422 0.0701636404608082 0.0177061044280248 0.0578533878389967 0.0306500161844081 0.0498015156075017 0.0541972470894989 0.1284281730900067 0.0737353536315700 0.0588967727771976 0.0075448267052058 0.0241138112805155
0.02142721198442168 0.0748317860245991 0.0097215318464724 0.0611752298855303 0.0597532198997314 0.0293085882480526 0.1454816859562802 0.0216213697842832 0.0525773762848113 0.0553828564571838 0.0754107191611104 0.0177196117477404 0.0514045926873265 0.0310157255537112 0.0425345721070684 0.0549939695601004 0.0657206274099888 0.0549804661152718 0.0608476092346192 0.0096811603370633 0.0258373016990552
0.020945658546679388 0.0745208629420055 0.0105234350505369 0.0471377542336840 0.0563273580060502 0.0330683258388731 0.0535754874040248 0.0200574903226390 0.0803861665182998 0.0537684408195730 0.0801649483426595 0.0196479081713247 0.0313663986395652 0.0267309476994575 0.0343221279227216 0.0528104575442688 0.0570616909701165 0.0645623845357161 0.1686915382971428 0.0087953806462755 0.0264808960950655
0.020101343368038392 0.0684918156610384 0.0084145161641822 0.0557431911956997 0.0703382365167230 0.0246086029303358 0.0535661975234156 0.0215846021929915 0.0529767761292436 0.1394639832899940 0.0713810899746600 0.0177229534465551 0.0553433060168394 0.0235838904427971 0.0557720325417976 0.0682208307178753 0.0642937531931052 0.0593894801361458 0.0581120890430246 0.0063352455871265 0.0246574072964491
0.01758500312307203 0.0693094767920819 0.0084836016042520 0.0400983333410298 0.0498618482692681 0.0424668975962037 0.0484577777879112 0.0181248075693074 0.0645764887515327 0.0482304741874931 0.2290459557752673 0.0407933776435272 0.0261372366344645 0.0190599990066826 0.0446258965466202 0.0543585629423541 0.0487656532447662 0.0501323913713479 0.0652521562548281 0.0075837665062461 0.0246352981748158
0.017278443905411153 0.0880176479321653 0.0075362788563272 0.0546608185357622 0.0621364927603250 0.0229881100308474 0.0570504554908845 0.0192022878207545 0.0457807481891912 0.0553512043377890 0.0682708752024926 0.0152419365487867 0.0393186434241480 0.1551884960969073 0.0445090948000369 0.0522520247522983 0.0670927540864480 0.0572088078951581 0.0600947131180186 0.0076964977699634 0.0204021123516956
0.01692845546524832 0.0800815453263503 0.0098518219575588 0.0507925499189202 0.0631575803243098 0.0235270110548688 0.0550738284098183 0.0266708699018304 0.0464624029761491 0.0698798910125931 0.0775133336351696 0.0169628480644376 0.0413574142985828 0.0234803070168235 0.0572967106327045 0.1448995992755515 0.0613019469864692 0.0596020912687598 0.0608005689920079 0.0086508389392848 0.0226368400078101
0.016311505039705805 0.0748832275284154 0.0078799158994745 0.0508950464044009 0.0574485568646792 0.0242321654914909 0.0536498328438004 0.0186490619475089 0.0559718014764214 0.0576074257447923 0.0699487328638345 0.0174709350397907 0.0501878770308216 0.0232129240095150 0.0463895814030390 0.0534392285003091 0.0770237726969868 0.1622348775875819 0.0688715465292822 0.0078932047365944 0.0221102854012608
0.015798018350123837 0.0750125660331069 0.0073924409432840 0.1544468642217628 0.0681137933968499 0.0257674059336414 0.0619973518264211 0.0208026473159360 0.0489333857602827 0.0573464610156162 0.0695493759499229 0.0161584296486463 0.0607838234043906 0.0291554275514765 0.0450890371554199 0.0506490122452163 0.0625002363050172 0.0558472047250100 0.0575870961961736 0.0088005445881214 0.0240668957837040
0.015307523601866435 0.0722655734089250 0.0109973414623547 0.0231095679911427 0.0380764711686958 0.0531508159134157 0.0425158687872622 0.0166727761271708 0.1117026315665882 0.0321989350143888 0.1690352745197562 0.0422482326850066 0.0212549512328441 0.0197053792133475 0.0257695469466489 0.0427727288920730 0.0482707059452493 0.0567145217937591 0.1371903494908470 0.0085638476522048 0.0277844801883201
0.0148693993866261 0.0645336528279684 0.0089555933714428 0.0475464573653061 0.0542731207735332 0.0425999264636227 0.0546287412332032 0.0184314494458596 0.1687525796577949 0.0555186994543809 0.0876995859593264 0.0214626166678471 0.0412790401691475 0.0221810515972106 0.0291552110080656 0.0491505162331415 0.0521811225457541 0.0544058913818130 0.0902478474467595 0.0078990022611136 0.0290978941367096
0.014090228041738038 0.2280841086988333 0.0092879471420794 0.0506954598553947 0.0549793713630930 0.0250753402298611 0.0614427386494190 0.0189421912781226 0.0478903848388456 0.0485770626727188 0.0728285997584639 0.0169044328974487 0.0297292677093011 0.0232438949443336 0.0444033658954626 0.0528042740604529 0.0645061707009212 0.0592115338068896 0.0618903993212067 0.0081013373519827 0.0214021188251696
0.013876913919449011 0.0845541015026172 0.0048693536078462 0.1025606839120779 0.0996820849633721 0.0097570496041461 0.0704898012472204 0.0232786279625406 0.0157235486318011 0.0819823894785951 0.0370533052355934 0.0091217721119213 0.0814362270292334 0.0376567341855087 0.0679094318115829 0.0610070450160752 0.1027709703379527 0.0713233198041241 0.0239624073062954 0.0031396420291960 0.0117215042223002
0.012350504481512562 0.0653081519587642 0.0063265836629433 0.0728043339661714 0.0589755746644025 0.0232930230808804 0.0624026133131500 0.0226177003520253 0.0476669045245666 0.0665154083228109 0.0608834269920097 0.0141601674102000 0.1553989910950320 0.0204166689454616 0.0500012572240113 0.0501763220855609 0.0762759519341011 0.0623918963090819 0.0507756818847790 0.0072325879726146 0.0263767543014331
0.012341563170997454 0.0679651298745624 0.0087344647186125 0.0426020972663938 0.0486188227606423 0.0770972703921163 0.0509098195358413 0.0318567902687290 0.0527278151731857 0.0497534310036164 0.0792195875895934 0.0182149465283807 0.0421716343522805 0.0197021177621016 0.0299163807182530 0.0467716414790621 0.0565601595354481 0.0520812900352406 0.0612105014865350 0.0132037964189727 0.1506823031004327
0.012314739239452128 0.0712942281333071 0.0109450745781077 0.0419497647151576 0.0488276259847569 0.1443625620689348 0.0552260055099617 0.0239151435843243 0.0615742218160969 0.0435977374209673 0.0917493073924186 0.0232268884413816 0.0310826173895938 0.0230095272715777 0.0289014751416427 0.0461642633300043 0.0572801303060339 0.0522748792872910 0.0669129334614500 0.0135607163715036 0.0641448977954884
0.012277696667318105 0.0667020112309858 0.0070580120027447 0.0569794797222610 0.0498443821031758 0.0251983341970095 0.2297855859201752 0.0190276043093255 0.0499165744462600 0.0514972412162614 0.0688743044574884 0.0153992116421281 0.0539356042924077 0.0234864429838143 0.0382097730537284 0.0491075927790581 0.0589658318386844 0.0497300013242712 0.0569911751851121 0.0073069788053777 0.0219838584897308
0.01075000989930807 0.1844150426384880 0.0105598232509910 0.0465173131754960 0.0508388091992200 0.0157968013433337 0.0657897130593942 0.0168747503166481 0.0272886967203182 0.0455873165173660 0.0525207382277020 0.0139065448992851 0.0487389253840178 0.0291191353184346 0.0466503939829530 0.0429152685574691 0.1533085647891335 0.0749827231128927 0.0538587762912503 0.0049428268819098 0.0153878363336973
0.010513703835694478 0.0755527066860765 0.0037988426370729 0.0707801241789277 0.1471423295598104 0.0101538656008222 0.0421002220768119 0.0218686626749435 0.0205539121444567 0.1360064425149058 0.0478449675603705 0.0109793213677191 0.0563326129573293 0.0139984341144017 0.0814941589471547 0.0802596508843201 0.0655671719559505 0.0614462771267936 0.0387094013879228 0.0025516798930811 0.0128592157311291
0.010202035297739253 0.0845111018729133 0.0063750980335172 0.0546240062648146 0.0804848804978560 0.0151606543693498 0.0451142196961946 0.0363885306707461 0.0299954579648168 0.0749960943905622 0.0663036429651995 0.0158478653195492 0.0571618474157734 0.0178709358691260 0.1388884655672944 0.0731560902174509 0.0682534052472875 0.0638816364245462 0.0499670986289837 0.0047127588220488 0.0163062097619697
0.009823945595957506 0.0638394309247254 0.0091543172926075 0.0200760922026932 0.0367687501233875 0.0357055448001714 0.0401311496548610 0.0133978569923598 0.1907778228027805 0.0380340731790825 0.0990313508836314 0.0220625702666401 0.0202336770538503 0.0166016888630279 0.0207705025539540 0.0376310326688815 0.0433366336250433 0.0553376429443762 0.2121312972041013 0.0056030961979250 0.0193754697659002
0.00964001006536098 0.0735407994687382 0.0050736107886570 0.1599684914295471 0.1726311753557796 0.0103993756215751 0.0555194156239673 0.0209114572057902 0.0156650538289134 0.0672843561730939 0.0400602817893572 0.0094823997812247 0.0644804908645257 0.0336514219620415 0.0605363594552900 0.0478480668355118 0.0679046981582359 0.0537067056027633 0.0260952928932605 0.0034937069284445 0.0117468402332830
0.009553151620357065 0.0555072528963215 0.0079994032012560 0.0192392766106034 0.0326293249245287 0.0498497046691859 0.0335777363530847 0.0128590540278747 0.1743669299853017 0.0370729992613138 0.2291423507388572 0.0481386796128234 0.0181068226995283 0.0134108726382544 0.0207984280883304 0.0357785073444123 0.0359697897494535 0.0453719221643810 0.1022228940071003 0.0059725858873727 0.0219854651400161
0.008982185077463681 0.0635190454073633 0.0053717254300177 0.0397899647136261 0.0636705750572887 0.0133341421028634 0.0398010173116109 0.0221135082538189 0.0434386872206958 0.2065951851758992 0.0626409202409281 0.0150775678658603 0.0484581013858978 0.0158742311164618 0.0671693542515854 0.1030954606258052 0.0582549897678011 0.0603983136849801 0.0531656049199353 0.0038007679256097 0.0144308375419511
0.008676903189876392 0.0727272365114238 0.0089237070672696 0.0547608286285980 0.0518518512799658 0.0191208398847709 0.0633559554596510 0.0187518177567103 0.0340286231295747 0.0538469437554755 0.0586675541890132 0.0139182424054420 0.0596287134164580 0.0251615108896280 0.0435243946892504 0.0494091414314908 0.2082086082018633 0.0888843374317934 0.0495769549744966 0.0064161511489910 0.0192365877481339
0.008266880236254971 0.1824778456462408 0.0035552121853421 0.0933565085763663 0.1434934970593672 0.0096781506913523 0.0525002626704013 0.0165604831693363 0.0160396933919396 0.0578907152663458 0.0473636974260869 0.0084445593653512 0.0396209720096354 0.0301010936906789 0.0681470325110279 0.0620878753541090 0.0643462125450206 0.0535404623586159 0.0385336630478843 0.0035935917477642 0.0086684712871338
0.00786835325329583 0.0790635216815703 0.0055233801632031 0.0660870686376826 0.2078830425624334 0.0175270941366454 0.0447956084388967 0.0165626201513308 0.0474735519531505 0.0649450432446324 0.0663769894331782 0.0138903834690656 0.0377459707504533 0.0186201770757587 0.0591428194395236 0.0547040735164662 0.0554056497083140 0.0595305943658959 0.0624129551508560 0.0050099047995510 0.0172995513213921
0.0077955454391013725 0.0817500648682061 0.0059258586755006 0.0455160547465229 0.0504558513062290 0.0157857772632768 0.0498058537330523 0.0155103809516704 0.0385611405563366 0.0480004579892584 0.0609786137129252 0.0120334828699103 0.0258595758261059 0.2699081163119128 0.0415444567336120 0.0473698075799690 0.0643493203481124 0.0532684327537473 0.0538925039808689 0.0055209911282583 0.0139632586645250
0.0074532209793800605 0.0562852413025470 0.0073920363813266 0.0096348871919574 0.0144474923088515 0.0451314523645323 0.0150767350433286 0.0087410915651577 0.2100117968549872 0.0148287218079001 0.2100652653752567 0.0495972320042584 0.0112231831406867 0.0105621347000481 0.0137879783921123 0.0167142148951819 0.0277356927410976 0.0481519554257871 0.2109840142848370 0.0046907563323661 0.0149381178877795
0.007310160011138318 0.1845066223227187 0.0088228638386042 0.0509601058101642 0.0478568867178991 0.0170818641747825 0.1905581528182675 0.0161779347953231 0.0223882911231804 0.0421297718495981 0.0528082824224580 0.0124141069678455 0.0437110449559417 0.0258123762621023 0.0379943052756378 0.0454907585598163 0.0816576255020900 0.0531318715295930 0.0461799745576493 0.0057799746251867 0.0145371858911418
0.007153048412087119 0.0663331724275718 0.0074705049647538 0.0316001936106267 0.0537527682126292 0.0128064464421518 0.0399623970129056 0.0490015306022478 0.0244728500928367 0.1008915677505314 0.0633891284835154 0.0130726568477375 0.0432019567930383 0.0152162207001668 0.0730783953129221 0.2285673730613950 0.0559909128143057 0.0546702900886343 0.0463869581069070 0.0053133683996881 0.0148213082754353
0.007081517927966248 0.1974138938164797 0.0137608565328137 0.0214182754239156 0.0379072292113650 0.0226761575180710 0.0479185385506354 0.0146722748001103 0.0746483487144896 0.0267263155052979 0.0799538919158433 0.0199030458944867 0.0195933547931358 0.0204822425341030 0.0228418167720870 0.0397746673554656 0.0607906577177880 0.0725230325795149 0.1848330727783007 0.0057398915304887 0.0164224360556082
0.007062357976862443 0.0663630400646364 0.0063200211615520 0.0520772690343909 0.0446672954033205 0.0170419863679700 0.3425191533421868 0.0152951769006027 0.0397045349355641 0.0456163798423454 0.0547972527043355 0.0120685947178656 0.0490454637786765 0.0185541615752786 0.0346094906287383 0.0434900889081039 0.0527579339128585 0.0388430655730071 0.0465425075117782 0.0054286998332728 0.0142578838035165
0.006952507590533962 0.0672391266620384 0.0059398118882489 0.0508583081475128 0.0526943362764428 0.0135701487049206 0.0452783170349631 0.0154878699334871 0.0355989139460313 0.0513710743222097 0.0498382144240189 0.0124508692934289 0.0547649380159768 0.0164355794293271 0.0428669704729993 0.0495878260695558 0.1295340962263045 0.2385915057103946 0.0494344672225972 0.0047690772500569 0.0136885489694851
0.0069231289988414615 0.0494263042177724 0.0070410347528412 0.0092295578514689 0.0131575451916560 0.0667079729499130 0.0130529483399632 0.0093084871630918 0.1439723713190741 0.0133689260286683 0.3522252021156545 0.0758984595281974 0.0104008768443058 0.0092295554094867 0.0147712892171399 0.0165673605997451 0.0201255476109549 0.0360569244724295 0.1122370552939729 0.0057711580477788 0.0214514230458861
0.006694486915669391 0.0884433693429608 0.0018609849113619 0.1091045214680755 0.1541604694207348 0.0041306818380638 0.0465429412033377 0.0306875344366135 0.0091590785700249 0.1133854665361121 0.0198023206584380 0.0058345288677636 0.0731214402019560 0.0127584032789800 0.0971974237056006 0.0683973545998361 0.0791313586797071 0.0631130450309380 0.0161206831638876 0.0009760102086464 0.0060723838769611
0.006485004783601126 0.3471099305689817 0.0125855210523590 0.0352793877894979 0.0402990218340546 0.0183433482966393 0.0706593447983583 0.0144335006399564 0.0427001843974381 0.0334889153024647 0.0595857232957707 0.0139256098860797 0.0202424706777378 0.0135072240101927 0.0255861479541482 0.0399375977197175 0.0763940067055496 0.0525008104785020 0.0628244682254766 0.0050435038744317 0.0155532824926434
0.006467122162570908 0.0738136532500885 0.0077799248908739 0.0172709869827119 0.0248219855332624 0.0433483573448891 0.0426718762112499 0.0123269742734697 0.1010314695326472 0.0185614042174146 0.2324447530893515 0.0397549846959103 0.0141026927536213 0.0146805562920403 0.0197111250641290 0.0378286471035625 0.0367892682446190 0.0499524095691580 0.1907724132702823 0.0061623023005070 0.0161742153802117
0.006396869008523624 0.0650383016307347 0.0092132138162487 0.0197556399300908 0.0228757990957254 0.2013515395608623 0.0412843228457331 0.0428613718666358 0.0511499807127218 0.0210616682312296 0.0863203710983655 0.0201517444949261 0.0237113097128350 0.0148216799386793 0.0218415457612075 0.0277971115130226 0.0503165869291099 0.0445133478849509 0.0591372754760951 0.0282877092155288 0.1485094802852973
0.0063879276980085145 0.0599283314960920 0.0096904694435629 0.0161885037171020 0.0197374248328508 0.1511270763534726 0.0355378514526752 0.0177532031854777 0.0741388180746876 0.0187600211983211 0.2302751992027512 0.0513893407943348 0.0175667562225676 0.0139830983959076 0.0196344972371894 0.0251265091487428 0.0403244055855292 0.0407637530571482 0.0707333553872672 0.0142498870898638 0.0730914981244565
0.00614012566373264 0.0643464626879255 0.0084429420893390 0.0478303824171187 0.0496735428251629 0.0440342486238842 0.0386318414199087 0.1662160675711432 0.0231506617103048 0.0526681892649185 0.0589795174678961 0.0136594908077822 0.0684642418559192 0.0150407391116986 0.0613452707878206 0.0596527139579521 0.0576351748806684 0.0507264150424981 0.0455369319270971 0.0078878465619648 0.0660773189889972
0.006009837996226767 0.0603853671332507 0.0033330066408354 0.2414039291212103 0.1817137082399896 0.0052528932247421 0.0590722800653998 0.0262278166642059 0.0081365354542888 0.0580170406030464 0.0143279001289260 0.0058098349390519 0.0929116868806301 0.0183862880319790 0.0538259808050494 0.0347535702376330 0.0676931570051311 0.0456693172823516 0.0140295868220001 0.0018755766989489 0.0071745240213298
0.005768422612318826 0.0526804704929091 0.0054374977949249 0.0205191084307104 0.0524698510265984 0.0085268438541757 0.0334635936135037 0.0362217712674985 0.0169474420911287 0.2320389637804779 0.0442364091678402 0.0124321842846167 0.0468547982010656 0.0128410102110871 0.0668092515119013 0.2103082912398201 0.0523283253149051 0.0486002370072490 0.0339472944548907 0.0032707600670014 0.0100658961876952
0.0056802868372413245 0.0619558138664765 0.0044376699336029 0.2549199291746866 0.0690824098861545 0.0123756757734760 0.0594042499555926 0.0294631590434545 0.0178621143386492 0.0507357901387531 0.0423188435201538 0.0088431295232340 0.1032269550285885 0.0195072997592621 0.0414514403269036 0.0407888383187144 0.0727019500430781 0.0568275614371401 0.0354813394063835 0.0045050121203382 0.0141108184053584
0.005666236206431868 0.0560343745706293 0.0066666705516169 0.0236141853041215 0.0342706085663322 0.0466799698372546 0.0381852065438519 0.0135930331655485 0.0611699886400056 0.0343478270288949 0.3608632580885254 0.0518325215721024 0.0209478860407595 0.0124290165975528 0.0342626118882083 0.0431819563667297 0.0379813012841150 0.0402061814935473 0.0575766913779895 0.0063186062195836 0.0198381048626308
0.005553831159956213 0.0798232881658663 0.0031371641757957 0.1220877732831393 0.2890256293462626 0.0069102105240627 0.0372756461687988 0.0149106867430915 0.0130049622465463 0.0707215389561188 0.0338885685708490 0.0076792206317753 0.0439707764598944 0.0169231646080475 0.0717806026769375 0.0440325989340354 0.0522169058608155 0.0476366236688897 0.0346882727927106 0.0023291613308285 0.0079572048555342
0.005548721839661866 0.1642174945500901 0.0048455233762020 0.0591678531228318 0.0834764180907887 0.0083374565328004 0.0517875578047648 0.0323190913801262 0.0135349549590550 0.0686834082779587 0.0558390739366958 0.0088029542324105 0.0350558430134577 0.0121438403873381 0.0793470535581529 0.1503256325816842 0.0645145329645866 0.0578394965048539 0.0385382121118460 0.0036631856602898 0.0075604169540670
0.005171909467953704 0.0554208439710899 0.0067075962836917 0.0183165498789857 0.0210973568314972 0.1269665275100858 0.0282378469675905 0.0702581403304109 0.0341453567561283 0.0236263306422383 0.0674002335836468 0.0140177819051450 0.0359139111156954 0.0111204801704185 0.0228504352231357 0.0339233234125733 0.0458340075668079 0.0386741345035977 0.0470665838992578 0.0333008986785326 0.2651216607694710
0.005056949761330876 0.1363860429635968 0.0112574681560735 0.0392305746196359 0.0404561323521225 0.0090008003897740 0.0549436532427018 0.0143950009257817 0.0153398713482267 0.0403576745921446 0.0321084632631013 0.0104674217991141 0.0562354295117060 0.0407586841918183 0.0380947710106536 0.0334172809986477 0.2338259919382775 0.1408073230866224 0.0409592414579548 0.0031864642432273 0.0087717099088197
0.004941990054708047 0.0606227510409399 0.0069312116823119 0.0109395896175250 0.0195320241083195 0.0199509396210462 0.0159553230843896 0.0076763603467511 0.2295133692487622 0.0190058596742698 0.0909833897890671 0.0284845239739162 0.0119010743868446 0.0118259579799068 0.0130014473465759 0.0169307899425715 0.0310597734233289 0.0543285444862295 0.3386535419713314 0.0027793337417941 0.0099241945341187
0.004833416998453154 0.0446422324097826 0.0054327617826310 0.0053292929354920 0.0085121007098249 0.0329250732193506 0.0074017426474147 0.0054898717804778 0.2670022341391334 0.0088385364956166 0.1879981542631343 0.0491499629079975 0.0066845196895071 0.0065042844432830 0.0087318930016438 0.0088695348265379 0.0186972492400541 0.0408487531105134 0.2760446789090837 0.0028009440619488 0.0080961794265731
0.004814257047349348 0.0932555709310570 0.0037542029328223 0.0392400582528867 0.0468418905644507 0.0081750572823344 0.0364392051107568 0.0104883935340934 0.0151863703971378 0.0439710954298149 0.0381711503483917 0.0072761716333700 0.0238634247056151 0.4047248966696158 0.0361139322697489 0.0372881066896298 0.0629839067686063 0.0445181095639261 0.0372923843210723 0.0030486783489953 0.0073673942456747
0.004650758797930215 0.3034584362613870 0.0110696848263040 0.0300722433281085 0.0358342274430336 0.0088323264333152 0.0693011502888312 0.0109620887398281 0.0152876145557447 0.0312181256122850 0.0322713343217469 0.0092230842856062 0.0341664100242403 0.0245504655203406 0.0309683366371462 0.0281724111837945 0.2001385835421383 0.0675076900366169 0.0457328327795880 0.0028310937542090 0.0084018604257356
0.004643094817488693 0.0452654594176575 0.0087726067182301 0.0113684803446124 0.0132689920193110 0.2839318211668855 0.0147392103912273 0.0386985032261394 0.0487265543255411 0.0134796523877622 0.1054109135638919 0.0216173033165246 0.0152993962939063 0.0091169670999775 0.0154009586315325 0.0156157744080662 0.0355808642070945 0.0284707028739980 0.0507745652985823 0.0372774722606063 0.1871838020484536
0.004549849722116843 0.0661843335993971 0.0073880425452220 0.0336880609689699 0.0498477003500664 0.0196872743969578 0.0419791482003653 0.0137224193897847 0.0830963629017106 0.0468693176205184 0.0701204958329524 0.0139883200686078 0.0200402332848164 0.0164889778321326 0.0336892950256865 0.0445153494115688 0.0410197711305118 0.0550512194043499 0.3192348741678989 0.0053990459011498 0.0179897579673330
0.004498756519173363 0.0402788411239062 0.0053821967420928 0.0060761392634828 0.0096472878599897 0.0485295708431881 0.0084421617424455 0.0062912344512843 0.2279543710358839 0.0107280188557651 0.3239958868298269 0.0660382135103759 0.0075190677801145 0.0066878697489393 0.0101342130412784 0.0113817030154928 0.0139530040488234 0.0324747599903446 0.1493853852427891 0.0035134185895157 0.0115866562844613
0.004479596568069558 0.0702947712789738 0.0038747338564346 0.1341532432586148 0.0765323130950090 0.0082771105223856 0.2012753782842760 0.0222944808855154 0.0117165947856303 0.0624794496639623 0.0224470631961010 0.0072410049559618 0.1055393401053897 0.0193319834141975 0.0513844577723489 0.0449736956972524 0.0786097136256887 0.0494231019511956 0.0172807013645188 0.0032399424658535 0.0096309198206904
0.00447065525755445 0.0565533292545149 0.0025533676851891 0.2323277297737899 0.3184889805307144 0.0032782716725372 0.0372479014262414 0.0150485542574191 0.0058372071367607 0.0525718093978929 0.0112066034054812 0.0046444561399074 0.0547822993141019 0.0159955379083092 0.0625800686167080 0.0267898561541941 0.0460511511987277 0.0358907487167806 0.0119779479174014 0.0012811414584824 0.0048930380348468
0.004462991277112928 0.0724797306812472 0.0027974316584376 0.0409607958065793 0.0881875566083113 0.0039179858743949 0.0259552773489957 0.0431105564868608 0.0101462512443884 0.1633128242473469 0.0367934481117326 0.0076446941821287 0.0487254563141354 0.0070498566645198 0.1396762819395879 0.1752435226506429 0.0543181837449830 0.0520695097039790 0.0200766580187645 0.0016700994375608 0.0058638792754029
0.004333980939680642 0.0656675262484442 0.0054439530011957 0.0440425906053148 0.0346774251765979 0.0109681426512061 0.4915925625895772 0.0113336719196505 0.0179011894504960 0.0340101096647795 0.0379904279233578 0.0087971158043622 0.0419175090786528 0.0130892003136299 0.0252726655064697 0.0324314628320466 0.0487405591647797 0.0297289701405012 0.0319727715779450 0.0037273257442686 0.0106948206067248
0.004096397545993463 0.0936820449736981 0.0027412059095889 0.0926252775448836 0.1235596310025089 0.0080626605827195 0.0461756651091497 0.0131525398476498 0.0143391707305972 0.0763520015831974 0.0368083673675017 0.0067066308987454 0.0403946311840948 0.1831987794960820 0.0488093162068559 0.0467288904070582 0.0721770232199785 0.0511395164690347 0.0329467392652920 0.0024535531781738 0.0079463550231900
0.004091288225699115 0.1919350296314598 0.0048459325481998 0.0436588671339905 0.0510083194828309 0.0088460639501368 0.0512190924857259 0.0118396776692731 0.0171423777257807 0.0408169011129226 0.0413592192204562 0.0085302464538814 0.0289998211926023 0.2063452463336585 0.0391703592723176 0.0408695163974845 0.0924819449307825 0.0613299604386196 0.0485760294949803 0.0035061625153506 0.0075192320095461
0.003990379149885743 0.0419762932494046 0.0035235277755032 0.0124622035371108 0.0440299745919582 0.0043504206955362 0.0216596091885653 0.0331426515670286 0.0101539002554144 0.2897803582402789 0.0319033294391090 0.0085733644589050 0.0426383794057705 0.0074445716950300 0.0778511183003059 0.2639126027010682 0.0420078436458727 0.0407427315832380 0.0157666604166332 0.0020076236414744 0.0060728356117930
0.003936731286795089 0.0368456117085770 0.0040168308588627 0.0025058898469964 0.0042419460681721 0.0250812284891196 0.0038809880472008 0.0030948672413533 0.3163926898410177 0.0045309436759689 0.1884152112879699 0.0441147742835849 0.0039095444100490 0.0038206109945839 0.0052150327017238 0.0047318897101075 0.0086935552409656 0.0321598992493946 0.3024117933887798 0.0015136369209997 0.0044230560345728
0.003932899296574329 0.0686043905760368 0.0057488650222193 0.0198262434840973 0.0506986293666910 0.0135212376954024 0.0186035826249369 0.0126074656918927 0.0975976419649862 0.0508295590635193 0.0728195823801640 0.0193293131426372 0.0313733457336615 0.0117369300812453 0.0448729163348331 0.0507699672904748 0.0570749861178490 0.1890630524698796 0.1689928293093120 0.0038067072545734 0.0121227543955884
0.003903520704881828 0.0331224079705533 0.0030755248751639 0.0029823964072664 0.0051522114097682 0.0417042448202035 0.0043702052765096 0.0035947710111152 0.2600928094506081 0.0055519807488942 0.2858517529706230 0.0750740528177869 0.0042375677378535 0.0042064001931426 0.0066468135279199 0.0059308418313279 0.0088583910751743 0.0293110442137796 0.2110837199725510 0.0021296571301665 0.0070232065595925
0.003702979883328671 0.0339825399022944 0.0066191403492907 0.0100634766219955 0.0118399501981965 0.2375861000466305 0.0105047015294125 0.0589143642737835 0.0274952146764365 0.0122963221188166 0.0618827403091494 0.0112084950043120 0.0166067154417566 0.0074860210969760 0.0139984512593185 0.0144860324050891 0.0301442157780476 0.0202954995559897 0.0344696090024169 0.0390549396293605 0.3410654708007271
0.0036876519224456274 0.2099194552754136 0.0117056161391784 0.0158004001085059 0.0246476649799200 0.0347837358171825 0.0523233016575606 0.0110433134851076 0.0684934308600837 0.0212482722780667 0.2101143578139383 0.0458419993647282 0.0150526051888336 0.0101205927470582 0.0241980878180609 0.0424589907534739 0.0461893320551691 0.0522231911683352 0.0847026810862222 0.0052404453670206 0.0138925260361403
0.0036352813894285608 0.0513394912670859 0.0074080201516324 0.0107721158938962 0.0138468180506809 0.1400485443238014 0.0169502520592235 0.0137481924801078 0.1595437105998211 0.0135880150415035 0.1724286589165684 0.0497532958572744 0.0131489854208461 0.0095446036115887 0.0127369422640477 0.0146959329545403 0.0207730518588826 0.0399915289577465 0.1384832772491815 0.0113875291710894 0.0898110338704816
0.003535649643688776 0.0715062232837378 0.0018421013893393 0.0662875327334725 0.1948933289842025 0.0045570983246655 0.0276639595120182 0.0139939847354997 0.0122175626468421 0.2071591717647470 0.0298360493859870 0.0068301680400870 0.0507484153444036 0.0092301597245107 0.0912131547170081 0.0764320807225138 0.0492767744990255 0.0505622170325661 0.0278356961537448 0.0011944458454369 0.0067198751601920
0.0035126577023642104 0.1881614957630814 0.0020201314777920 0.0569251297831502 0.0833123549070443 0.0096766248696444 0.0429860482329348 0.0108442398089082 0.0211446998506241 0.1780674977761331 0.0464778342660124 0.0086440643796061 0.0427257181658593 0.0178432437288864 0.0689407568933950 0.0518813954516253 0.0618018297016757 0.0530576934945310 0.0433541225182695 0.0029691852120341 0.0091659337187928
0.0034871111008924704 0.0732179575473092 0.0050696401169609 0.0722578137640480 0.0450491623911021 0.0071004613111092 0.0614338299714750 0.0332217827663734 0.0122094386596000 0.0533455678707778 0.0187530311678394 0.0077780596879012 0.1794316096075623 0.0138530189808596 0.0482047223392466 0.0386412799159327 0.1961258115798590 0.1027101551365959 0.0188691101428764 0.0025725689029240 0.0101549781396472
0.003436017897948991 0.2405206934206853 0.0017480014493738 0.0784865790782343 0.1535521614678487 0.0035299761864743 0.0437415572158276 0.0123064431672671 0.0077333247552364 0.0722358792904407 0.0310799706970111 0.0044362056409070 0.0313013971172876 0.0073733369754679 0.0831774375414723 0.0974865335282797 0.0570704246848534 0.0455707928561542 0.0241044980907456 0.0014154074884393 0.0031293793479937
0.0033299995018412714 0.1544896102618886 0.0019088277559359 0.1777312835560795 0.1992285004413535 0.0037764390044420 0.0563933276288300 0.0139124598073951 0.0073376774633838 0.0502123054794147 0.0172812383215131 0.0042807603091970 0.0434093154838522 0.0309677349087218 0.0639684864959858 0.0468776081757137 0.0624229081966350 0.0462601038737272 0.0146401195422604 0.0014148488512368 0.0034864444424340
0.003303175570295945 0.0507662900673101 0.0022911590684903 0.2503445447637171 0.0764942390219982 0.0045961080515074 0.0617556545005490 0.0342452341898277 0.0067434267198821 0.0547860259297786 0.0103037148209640 0.0041830914189861 0.2147493677401456 0.0095065733281012 0.0389215406192236 0.0271955106659622 0.0834153355856235 0.0493186400581941 0.0101259572172655 0.0019318714619458 0.0083257147705278
0.0032584690177204 0.0591925461333839 0.0051622619095869 0.0904365187517459 0.0493805100872885 0.0136478602347659 0.0573617298740055 0.0479380930577507 0.0169682929729676 0.0545554558483804 0.0375276356307817 0.0095702381698721 0.2741993262500618 0.0117784281447322 0.0446782863443610 0.0422663282110314 0.0723743453197455 0.0573450136551301 0.0322806290305201 0.0041138681345101 0.0192226322393785
0.003240586396690182 0.0317916621512923 0.0050635138152086 0.0074475273586670 0.0101306019206701 0.0511196368527094 0.0091827435765985 0.0076815648049849 0.0995523208006799 0.0112916095094980 0.5259132042314132 0.0621071185520730 0.0094375449302741 0.0076846685297263 0.0131562391361976 0.0126416764919187 0.0232341260408368 0.0252613444298632 0.0712801115014300 0.0042122278564138 0.0118105575095449
0.003170333242642898 0.0280966358023407 0.0040772986832196 0.0030435155900938 0.0052548177181370 0.0567263182230879 0.0043261954424595 0.0043282064752192 0.1685014365373044 0.0059608914685124 0.4463931990236054 0.0890163961818730 0.0046576873037911 0.0041936366394684 0.0078525817889387 0.0066166536118400 0.0086237369090100 0.0224656086086672 0.1180442703957337 0.0030750295112710 0.0087458840854269
0.0031077440690371358 0.2349927817322272 0.0115802433239156 0.0170387939150405 0.0348784156177928 0.0101892739176330 0.0446473316200407 0.0092691357722522 0.0493194256531656 0.0198333228697488 0.0481284253441791 0.0162498997024094 0.0285727441415901 0.0160685393619995 0.0193673281007173 0.0206253449763994 0.1063373038602398 0.1888886079367648 0.1126053775262345 0.0030936541757925 0.0083140504518573
0.0030477095555785476 0.0733851035173822 0.0073334768520533 0.0397881070237808 0.0316450217589535 0.0064428826325679 0.0393029707839435 0.0107197984259649 0.0116582088863780 0.0332314079495032 0.0167618020403179 0.0076808348424544 0.0547367646800141 0.0159256334686005 0.0252537375538582 0.0286351752588043 0.2823519695700444 0.2753092908297819 0.0307495664640636 0.0025968974536882 0.0064913500078450
0.003011944313518112 0.0357048786619338 0.0037495345500898 0.0021870958796151 0.0037212819738182 0.0139237695822592 0.0031144292949777 0.0023732625157763 0.3467683553884530 0.0038525149324276 0.0938828499261514 0.0260445330672323 0.0034651128694187 0.0028744210211008 0.0035553421526990 0.0034626797544228 0.0109487597975224 0.0303242145888356 0.4056593743352337 0.0010962283671431 0.0032913613408890
0.003006834993223764 0.1910214991319805 0.0198096382226278 0.0087023411639205 0.0137886883789156 0.0134735662726546 0.0279348210545507 0.0073155588253171 0.1153105185763952 0.0118116289126114 0.0813045925676018 0.0317326145783802 0.0104689643975210 0.0116061283964469 0.0124577324064537 0.0135325895430105 0.0513633595205560 0.0815972491876846 0.2868499881187255 0.0026146800840785 0.0073038406605678
0.002987675042119959 0.0441809436035711 0.0049576341657606 0.0046426338797209 0.0073581782073599 0.0177351120606144 0.0061936110344234 0.0039543726553581 0.3265061191369286 0.0074389582859225 0.0859474036558781 0.0300459760512852 0.0062881181138384 0.0052479437798194 0.0063784280365480 0.0066866284024166 0.0189213592120023 0.0438254362005871 0.3660494284856387 0.0019028437109210 0.0057388713214059
0.0029659604308689804 0.0703607708274131 0.0043785677631970 0.0423158197492085 0.0903457935783859 0.0092713886733322 0.0321140039915905 0.0507348798945258 0.0201162041063884 0.0733340098675632 0.0643383397087077 0.0146062086443626 0.0479228591839642 0.0119767471491864 0.2382585627538114 0.0685778497403897 0.0551771293190027 0.0531038109370060 0.0399931908455704 0.0027410547206077 0.0103328085457868
0.002900816597116044 0.0229097095814224 0.0032225319052067 0.0019379990553569 0.0031672727005341 0.0513125119298362 0.0027074655249499 0.0025692848677279 0.2201484278427796 0.0032227570735087 0.4299975463163626 0.0759132508612308 0.0030279739721096 0.0027012783206696 0.0048785437670224 0.0038813042157653 0.0057447561050487 0.0171914901601322 0.1371174016154324 0.0017957726166447 0.0065527215682591
0.002896984606895283 0.0487249766694847 0.0023894763759386 0.0768090263231532 0.0722901695194676 0.0067553039200665 0.0551451086452092 0.0442093611854077 0.0107016781025278 0.1844533419184554 0.0199468247190423 0.0065531236795583 0.1571749437879691 0.0094575262366786 0.0719460192776362 0.0778008463765332 0.0748770754603912 0.0547958799102401 0.0136329270676566 0.0020206625144376 0.0103157283101461
0.002845891403951804 0.1318135646134679 0.0019738217080889 0.1264642203310281 0.0967616738047915 0.0035579803493000 0.0698465170004781 0.0095104499361417 0.0071028836283444 0.0569027665479555 0.0117574236959554 0.0044217386119233 0.0857717452016546 0.0345898372538952 0.0616551929623706 0.0361498708766142 0.1540376003412871 0.0864835399772252 0.0154059998202311 0.0012927352827707 0.0045004380564765
0.00281779014233289 0.2672837205480581 0.0079086541540119 0.0314299734765253 0.0316605828786435 0.0103801531449103 0.2989223200658703 0.0101379793201328 0.0156460950525382 0.0254716047128080 0.0389641378609056 0.0093460774538867 0.0278875320962903 0.0160895040070525 0.0175251675634219 0.0275470019175562 0.0721929447571365 0.0401297727838324 0.0390752719424265 0.0036110760216266 0.0087904302423666
0.0027947982010083244 0.0241456971948755 0.0057883218446076 0.0055855829808661 0.0072066525989921 0.3826507498892002 0.0068930332259211 0.0308957907540387 0.0385643908143612 0.0073935977450664 0.1041390380227312 0.0289896760041258 0.0100349756010913 0.0052957036717811 0.0100397646586165 0.0082497714318233 0.0210035049579349 0.0138848129390458 0.0361685642374865 0.0306357936494604 0.2224345777779742
0.0026785611643119086 0.0635646184931363 0.0063619744200166 0.0186849357482356 0.0369683316208400 0.0392487510707291 0.0324745212990631 0.0139253587210280 0.0702601979533828 0.0475487819226307 0.1625759886915775 0.1960094287287748 0.0267493641144824 0.0113837860339706 0.0525570074360540 0.0430348565935057 0.0429150754926828 0.0530974705570171 0.0612631650839474 0.0051576296801690 0.0162187563387568
0.0026760065041647346 0.0951673565748487 0.0007646554834688 0.1369319160093635 0.2142519941201518 0.0017016496469512 0.0340537868302415 0.0123087699760620 0.0042751733644285 0.1398330260674940 0.0084368417059054 0.0031869643018478 0.0699455401245872 0.0078339565856918 0.0952766813736652 0.0517692418604533 0.0643268977476121 0.0477167054431771 0.0088902675035501 0.0004720725656730 0.0028565027148271
0.002645350582398647 0.0204258081877709 0.0040326662969946 0.0053742869256647 0.0060614499081523 0.2813588988780470 0.0054572395153335 0.0540674743779968 0.0120987764185934 0.0064955120379524 0.0430066646549828 0.0085304813147997 0.0111531601406826 0.0036999846325669 0.0077247069878792 0.0079703167862061 0.0183137970552035 0.0104055170541512 0.0201843325918888 0.0408965674677027 0.4327423587674307
0.0026172493207797334 0.0458800711383736 0.0019017135466730 0.3957284748657173 0.1482209800266367 0.0031065397844422 0.0484077735358246 0.0207741256634863 0.0048119233530171 0.0377400695848754 0.0083046722696495 0.0034918645051711 0.1166086685110138 0.0098226864846410 0.0352947854419731 0.0188450837780303 0.0525377588028036 0.0341712048412422 0.0089172732511981 0.0012795342030682 0.0041547964121630
0.002582761408792885 0.0225664396797775 0.0023875696842199 0.0017191267350806 0.0027067898415430 0.0178410777503790 0.0022574413925948 0.0019622711978084 0.4047297178220112 0.0032832375707332 0.1585351184914543 0.0359811221238447 0.0027514559928030 0.0022637877697238 0.0032213567726565 0.0030604758507988 0.0051973764438950 0.0213338799681240 0.3043937437223945 0.0008160921310849 0.0029919190590727
