# This script is generated automatically.
# Vector of amino acid stationary distributions.
distributions <- [
              [0.05299332019820017, 0.008927449684279566, 0.05603952434167136, 0.06361509594180531, 0.04455428373249219, 0.05638676456117623, 0.03012630148739716, 0.05369896646604545, 0.0666970894963349, 0.09454318179717944, 0.024650293828387335, 0.04600533261254279, 0.038785151824837154, 0.03605573533167444, 0.07055558423855372, 0.06757718102454197, 0.059246836151097985, 0.06951261807887578, 0.015464132969665905, 0.044565156233241275]
            , [0.06355895048376178, 0.01638765166014146, 0.05257864420664201, 0.06389964475947393, 0.10314358196609474, 0.052502049608746174, 0.025934314992417013, 0.06003036127620727, 0.06438318410303816, 0.08288469497593284, 0.022567741630534086, 0.04502206239330943, 0.03513473568696619, 0.03933209735399122, 0.04873105226329346, 0.06567688720180012, 0.05376407550891259, 0.06323973764342557, 0.009808514524181024, 0.031420017761130986]
            , [0.05564412079920461, 0.020816497582409672, 0.04917623936408271, 0.06231954096216392, 0.03805862650057227, 0.042919747684560555, 0.02339374570081649, 0.07344393446949796, 0.08035083845585823, 0.1093636249569922, 0.02809329470636609, 0.05562451714538422, 0.03465443187745257, 0.04064403154339384, 0.05643043088262722, 0.07069432043004432, 0.05056035601773156, 0.06205539120951332, 0.01027704559684803, 0.0354792641144802]
            , [0.058594518846706495, 0.015003485498239311, 0.05644559072188888, 0.06508960002090025, 0.03548732256950782, 0.11240638122811027, 0.024252530943177402, 0.05805933119990651, 0.07066565379810777, 0.08075354978749026, 0.021416037668849842, 0.03919690760897935, 0.0487093147812676, 0.037632360506390655, 0.044889740419407555, 0.052284794791457895, 0.053943812309898684, 0.0702386080701368, 0.017980159793378348, 0.03695029943619836]
            , [0.06505063080102085, 0.024749225873350926, 0.06295416154372883, 0.09314124142136077, 0.04759011089206782, 0.04535957160795005, 0.032721528697036574, 0.05213487543024005, 0.05163546395975833, 0.08695062583240472, 0.02461694240725693, 0.044166239997146695, 0.04185816555720518, 0.041785882719711245, 0.047185873162400666, 0.06583166284670976, 0.0518260714117533, 0.06335349341460561, 0.015437846857007803, 0.04165038556728367]
            , [0.06424292133271649, 0.01712886757359208, 0.04961369766633047, 0.06035591863757717, 0.04111208640572629, 0.05565277655260626, 0.028419343856071682, 0.05787899728646786, 0.05598482845172476, 0.0789392140196177, 0.021808699492628546, 0.0371391076341692, 0.12937098135604777, 0.03683741358129096, 0.04603108717166068, 0.04877149814444005, 0.0490078697856596, 0.06463943398305827, 0.017782663579345433, 0.03928259348926888]
            , [0.06123820282852996, 0.01779052092432505, 0.05635028830615257, 0.06792202298469578, 0.03687605282422686, 0.050508786745627844, 0.02437280898247115, 0.06469493656055669, 0.0633236360383938, 0.1657439461957595, 0.02159687322696005, 0.04460578127393832, 0.026024101281535893, 0.039952837852781975, 0.0477287793892223, 0.062176765628083615, 0.047560076965826044, 0.06101593208491408, 0.006501817706250867, 0.034015832199747804]
            , [0.06389269298135102, 0.017275383041543215, 0.12605482465758167, 0.05824392897110344, 0.041451575070318845, 0.049251292532890505, 0.02262712282321915, 0.0692573716883697, 0.060196747618786975, 0.09624154582721045, 0.024960802364561854, 0.035729112480269234, 0.03206228195271116, 0.036219841031051817, 0.04427200739302325, 0.05568361512495511, 0.050645096754457906, 0.07258338453037251, 0.008849391315349144, 0.03450198184087301]
            , [0.08129266096925904, 0.014333544231681697, 0.05361478059806061, 0.0607761018328026, 0.03585563308853577, 0.057876894535830725, 0.02466201854534017, 0.05711863941207902, 0.13929575759122087, 0.0852168598439184, 0.021731992962956387, 0.036490960446476234, 0.034190185747360484, 0.03773542441813621, 0.047611689653153495, 0.05238287846598851, 0.04964262874009553, 0.06613961827519121, 0.01214831828546321, 0.03188341235644976]
            , [0.0652418877577224, 0.014386782081637989, 0.05126356902303284, 0.13705836909776997, 0.03839765259476044, 0.04617295789011725, 0.02538533748492673, 0.06540003517705265, 0.06998001543761029, 0.08380591086218629, 0.02420922003007812, 0.043442174008612756, 0.033625555904750214, 0.037896594335844296, 0.04413217424171694, 0.060548047698789347, 0.050613185318322304, 0.06517822317245632, 0.007538218160671651, 0.03572408972194125]
            , [0.06363857177401427, 0.016583443368149035, 0.05254656632228994, 0.06389455414038905, 0.0346455208832379, 0.055693253094147924, 0.027202930109798823, 0.04793378731987804, 0.06025393724329451, 0.17086109170339417, 0.017395332631942068, 0.041425221323038795, 0.04293738073574384, 0.0393633756831664, 0.04759036299894035, 0.058933763339670604, 0.05042419721344314, 0.06087969937133238, 0.012987157618758974, 0.03480985312536973]
            , [0.054170290773119883, 0.016914239413134528, 0.05202032647759411, 0.06269913063738877, 0.041443598915658825, 0.14634989336760537, 0.02338320402656425, 0.06494101964139384, 0.0675969142107452, 0.08674933175304674, 0.02261532074192015, 0.04212050579560416, 0.02720617507659348, 0.04005960587642122, 0.04712274430315054, 0.052729682137151915, 0.0473543563976294, 0.06596747842577118, 0.006583731214282446, 0.03197245081522383]
            , [0.05096303750538863, 0.016558258484214623, 0.050700472194841716, 0.05490469720903152, 0.03357119804794276, 0.05622128039026773, 0.025787172912547986, 0.12449196638322606, 0.05394831802324773, 0.06684660821412547, 0.019716494624861733, 0.03816555018977034, 0.03614526554864281, 0.034371620556973514, 0.047774494620421264, 0.05176682515370813, 0.04170564690953476, 0.14721082724180143, 0.014463576277675713, 0.034686689511776087]
            , [0.07173678488226272, 0.02823619379560549, 0.03961410183084365, 0.04744717617751754, 0.03524297560442083, 0.06123791079451539, 0.03335620810572917, 0.050687089354490185, 0.04967244767031139, 0.0945907592667789, 0.017252055208936086, 0.03363017825996335, 0.05752542710124776, 0.04728873338011741, 0.0654568570384884, 0.08046052602004757, 0.06665218926429939, 0.07379531706096738, 0.01463455625446299, 0.031482512928994434]
            , [0.08807640105392828, 0.014380611708282413, 0.05151321398641618, 0.05903221770418906, 0.03840100748051265, 0.053107698609935326, 0.026884742646811777, 0.05615188558585438, 0.04798340585151527, 0.08499528985470303, 0.024361400508153865, 0.033203763160170374, 0.03315038998041808, 0.036423991844561444, 0.04966676869549024, 0.13994410492259388, 0.04815767636177091, 0.06674709323213117, 0.013628307296539823, 0.03419002951602202]
            , [0.07010319511251853, 0.016666128627274342, 0.056298659829119746, 0.06573573515198762, 0.039351158412907594, 0.058306560527477895, 0.026347660652765604, 0.06164988359733412, 0.057118537789056054, 0.08522498519146275, 0.02191968513668591, 0.04391221120202928, 0.03678986990049811, 0.08795023898764498, 0.045707527923255185, 0.05872323208501569, 0.05249756787592519, 0.06773503028977958, 0.014001586546323464, 0.033960545160938084]
            , [0.060097265961820204, 0.018241368617774506, 0.05135405825783813, 0.0651253165017755, 0.03756394613695909, 0.044932730263461076, 0.023896555820531618, 0.05632219206917626, 0.06253608846864352, 0.08520509973320162, 0.022569349925848494, 0.04172793933737609, 0.031786776634806696, 0.04051808213950514, 0.04506386374195114, 0.09466618632794868, 0.1154279795842093, 0.060241482208385155, 0.010645514086819815, 0.032078204181967857]
            , [0.065991984956213, 0.01758846263417538, 0.056481447226072234, 0.06061485719747313, 0.04181076161795909, 0.0564574046235017, 0.07724282622850968, 0.05622687157075828, 0.06007137151452953, 0.08062988748125466, 0.022150829031954703, 0.04363034552918657, 0.04131349027092972, 0.04063463966080619, 0.0477130568726703, 0.060449339520640744, 0.05265527494129892, 0.06690672984773126, 0.016642267981543113, 0.034788151292791586]
            , [0.0670708148893527, 0.01531818923809226, 0.05981752842048282, 0.07379765542365353, 0.03930901074418916, 0.04972893924247438, 0.021891774775656563, 0.06275204911990301, 0.06687985871690702, 0.0824700188476823, 0.0215431337150591, 0.04382772893769466, 0.11526941334014194, 0.03256922439213543, 0.0372031504443308, 0.060105014957968286, 0.044984771554109605, 0.06441007817928075, 0.007849396663717303, 0.03320224839716837]
            , [0.06330501714893282, 0.010799179485856923, 0.05678229330636188, 0.09037707536017982, 0.02794334931762482, 0.043410089341974635, 0.025298748662172108, 0.050511395883937965, 0.14546378625994275, 0.0713558681775699, 0.021468849761675762, 0.04877593844019925, 0.031279602584256126, 0.050854544683293625, 0.06257040862660242, 0.06271724504531857, 0.05119230398965469, 0.05327812910279787, 0.0053917712871283515, 0.02722440353451992]
            , [0.06471518470279382, 0.013643346379506515, 0.05524528370394136, 0.06781644127188455, 0.041989660831295114, 0.04168797395044434, 0.027437897456256535, 0.058871796436526604, 0.0753912257917664, 0.0863429050862874, 0.02206375180940433, 0.047445672298828366, 0.024611615247312545, 0.039111726253724784, 0.11711887512868181, 0.05845176954583474, 0.05137729849853829, 0.059969161347294984, 0.008199546649317088, 0.038508867610360306]
            , [0.18055071838925693, 0.01692630374042015, 0.047600819915757014, 0.06217522255202279, 0.03624240878779695, 0.049498709764672945, 0.026694041173079414, 0.05316679714863265, 0.056751902536450925, 0.08305448187538647, 0.022831164671501907, 0.037175608278687156, 0.03292707317417523, 0.03965170303647919, 0.05065435892161686, 0.05456793083001645, 0.045912385633201463, 0.05937959362634071, 0.01155943273209081, 0.03267934321241412]
            , [0.057635613861454695, 0.06116524056119681, 0.052729143930495034, 0.06440890797208061, 0.03912521793180924, 0.04619310049775389, 0.028017943896001728, 0.0622542650763148, 0.059361661378658066, 0.10020810403500352, 0.024315875895818736, 0.04547627043690684, 0.029235601183772563, 0.040792141894576944, 0.051339610378536946, 0.07701345321090092, 0.05141367964248692, 0.06263648049326867, 0.008012355891904792, 0.03866533183105857]
            , [0.06919045099622775, 0.01603623313885021, 0.0723140302446724, 0.10037440674729019, 0.030048816807157843, 0.04775386019527769, 0.03753281071325494, 0.03315338262603624, 0.0795621007218057, 0.061846795310480186, 0.02047119411970194, 0.05366870840251422, 0.038667061061584275, 0.06170914536621419, 0.06051904447904688, 0.07497657094631595, 0.05407208529974937, 0.04504097508125342, 0.01169609350278234, 0.03136623423978422]
            , [0.07410025297910758, 0.014148529423526722, 0.05383387545775959, 0.06372953344725597, 0.03007262871431538, 0.06272797503398596, 0.020433970728543315, 0.05949659824340017, 0.056127304606638215, 0.08864614144021755, 0.022902505869843548, 0.03816094283995256, 0.03946967180115827, 0.038069838888707706, 0.050021846140831265, 0.05448499742745267, 0.05046691475746283, 0.06882709429303863, 0.012332744308731212, 0.10194663359807074]
            , [0.08371257970027486, 0.015555299275333586, 0.054592230423790966, 0.06750102147125117, 0.0348994843380912, 0.05725798714288716, 0.024511015460303705, 0.05416155749503813, 0.06525968901360871, 0.07817908250377043, 0.022519938356526225, 0.04552088588329125, 0.03188474614467383, 0.039404446253132885, 0.044963723707536034, 0.1305575301900397, 0.05461181232808496, 0.0585963934780388, 0.005797639331781, 0.030512937502545655]
            , [0.049296611236792166, 0.015340132016204672, 0.04746164098244688, 0.05887497453858173, 0.03726184686131002, 0.04294933951686328, 0.027126035235656692, 0.09699385870650806, 0.06042960970980514, 0.09896360296400909, 0.029784056922908454, 0.03741374811451923, 0.032001845421403365, 0.03699628531430747, 0.04723340181545772, 0.05735394081857758, 0.05023567386237099, 0.1340679912454021, 0.006205043772725086, 0.03401036094415047]
            , [0.09601195100052749, 0.013450550043597905, 0.0438247374753038, 0.15428403900707213, 0.03337162000068119, 0.05887519001091674, 0.02577763813032521, 0.05472212785025468, 0.04193398296142717, 0.0871543020692215, 0.021409476556114665, 0.03140816184442105, 0.03395208571193809, 0.03508575046237332, 0.058065029960433126, 0.05123022780808049, 0.04933573698655672, 0.06905696326050385, 0.013134181549884003, 0.02791624731036678]
            , [0.06706871614829875, 0.009386670961745643, 0.13612582863011696, 0.056249843374115385, 0.04059764656606152, 0.052918605173874485, 0.029729474581791166, 0.047563733484867664, 0.05308388892155371, 0.07443525414217815, 0.0216050130972353, 0.04887798399295293, 0.03994832700154767, 0.041982894011974144, 0.050902678856586836, 0.061848203679387134, 0.05331671321687524, 0.0574713120074584, 0.016610477405327336, 0.0402767347460513]
            , [0.07346355275280275, 0.015072705976783996, 0.0537594218713, 0.061092156541904405, 0.03629632294273223, 0.06364662934642291, 0.026301770979748926, 0.14321738475038728, 0.060695259774548205, 0.07185680368431921, 0.01911550518651588, 0.04299542084432286, 0.03605083050839475, 0.038256388810335815, 0.048801008614723, 0.06080254451026597, 0.05020190821283302, 0.05291476917322643, 0.011740336001677728, 0.03371927951675453]
            , [0.08188009555184418, 0.016410252556701633, 0.04846587882904717, 0.05625584551011884, 0.039547608522322315, 0.055801662100893275, 0.022937413233903834, 0.0659112691529023, 0.03884467708911005, 0.09353055015155251, 0.025600432368094905, 0.03395870176918759, 0.03187830417699018, 0.030426029645139886, 0.13436277671585256, 0.05103745693113963, 0.05164668670601527, 0.07570712819617595, 0.011553520627784345, 0.0342437101652236]
            , [0.04453571593100947, 0.019316850749750102, 0.06688196224835918, 0.07303313577876538, 0.042852410265604095, 0.06543436241403185, 0.028578327918696512, 0.05703759818056014, 0.07780527044326171, 0.0973557945717253, 0.026013129856318908, 0.03447253726019082, 0.049555528380267985, 0.044204785147732045, 0.05898258880054016, 0.06489446791716394, 0.041556307730677575, 0.06339177587214104, 0.012297716937996268, 0.031799733595207456]
            , [0.1077481642985452, 0.01009060729340304, 0.062086807270493566, 0.07562576663667651, 0.036279847732197314, 0.07171323563972475, 0.028328011879926427, 0.04134077222397143, 0.0297110318975395, 0.10592914879330184, 0.023135294259090514, 0.03131158295263402, 0.03631711819139452, 0.04333668143094966, 0.08913878562812803, 0.05007337608305382, 0.05297860841124066, 0.061184158459146425, 0.01740364733731716, 0.026267353581265435]
            , [0.07721866855485532, 0.018610109872854264, 0.04146294080695597, 0.05295896024383534, 0.03692739324568371, 0.042609263089953546, 0.029791385251223202, 0.06922455642193677, 0.04433362266144475, 0.11741466069897619, 0.030319917478100113, 0.04825020047164222, 0.036804403770383375, 0.04004080246544709, 0.04828429144136284, 0.08459497304886637, 0.072486324563357, 0.07177650928442648, 0.004850260530692156, 0.0320407560980036]
            , [0.06240525752072306, 0.016328171938537046, 0.0540721459767168, 0.07005531530695544, 0.026595105819853332, 0.05011883313982795, 0.02606694299440985, 0.054879943944922155, 0.06102717882283431, 0.14859099165940853, 0.0641496148001347, 0.042767008020235246, 0.026177856569575286, 0.04392722521546015, 0.05073446716638004, 0.06293057298129892, 0.04927621476101231, 0.05340901397539501, 0.007280687699939075, 0.02920745168638095]
            , [0.07661648348571903, 0.014531956017489559, 0.052262057497157274, 0.06239641025487914, 0.03639438753664039, 0.05730586861943863, 0.026717549014255076, 0.045227947944427936, 0.05569758278244962, 0.08326868196737534, 0.020851647952656822, 0.03891906835890665, 0.038438742794509095, 0.03862517722619947, 0.05034430127791705, 0.05456296962096829, 0.0505713604945134, 0.14917776012050415, 0.013970445300205785, 0.03411960173378717]
            , [0.06691805529299427, 0.011125854802809615, 0.046586865993442396, 0.0479722017473374, 0.030766423766124488, 0.053386036232419005, 0.020317850059108997, 0.066471963062994, 0.04332970362567739, 0.2520464243780966, 0.03726463296563285, 0.03419244478375364, 0.024048489156325716, 0.031356088567809894, 0.04181981381856989, 0.04621429085310042, 0.04353462301595841, 0.07252386134826343, 0.006282422247835419, 0.023841954281746205]
            , [0.06721916228078492, 0.013309958820439526, 0.05206906565153866, 0.07149303169308878, 0.03782000914476344, 0.04992613793408627, 0.030003759609219288, 0.05498880078241264, 0.06522587317018197, 0.09357402589245056, 0.023980652441699984, 0.043789697881072696, 0.035240116192232614, 0.04686919271321493, 0.05477291710588807, 0.06427009271113698, 0.05323838211244311, 0.057737029437885404, 0.051502659632967726, 0.03296943479249262]
            , [0.08011227967168748, 0.022130889961671438, 0.06600738650794159, 0.08462791037557098, 0.023568992909734483, 0.07088573589873466, 0.026010359566812476, 0.046640791549915066, 0.05352199587271753, 0.1035173554125063, 0.02568649978069537, 0.04070730774913102, 0.025998402427438453, 0.04927141091217978, 0.06481417371357777, 0.06777692785767846, 0.05184223415902074, 0.07259088427444685, 0.00670282517230258, 0.017585636226236937]
            , [0.06615541191421208, 0.01698571553275401, 0.04423040883984824, 0.04794777630402025, 0.04239949146862776, 0.13547674895305253, 0.028773093024208624, 0.06032774134154066, 0.04918550255901483, 0.09694665516325437, 0.026193209102496177, 0.04219267917953767, 0.02611387758862487, 0.03787828933468866, 0.04760106575782645, 0.06544378228855777, 0.05370535593279825, 0.06457207400736084, 0.012274575332792782, 0.0355965463747831]
            , [0.06840313303116557, 0.01869461424686594, 0.03971788426651524, 0.049867931411724624, 0.03900663745374221, 0.04054094533845938, 0.03296252465972849, 0.05503252685591285, 0.05070553312392914, 0.09466438942792005, 0.027066780371623533, 0.041040808986477544, 0.10770999767896476, 0.04470437839561759, 0.052586208368906935, 0.07820828088982845, 0.05629317380325364, 0.062134683976016694, 0.007722591704651701, 0.03293697600869578]
            , [0.07256296370218314, 0.017806570315068982, 0.048974137115522495, 0.060806278509787884, 0.04009732089626827, 0.05734043645003088, 0.024492089113990267, 0.056297391281234836, 0.05200291202278535, 0.08291427801311084, 0.023432213065248186, 0.11730514480261423, 0.0378198497866823, 0.037970791655302594, 0.04715542734531262, 0.05238835159131484, 0.04703151831970346, 0.06807653606576028, 0.017141307066312787, 0.03838448288176583]
            , [0.06139289876396254, 0.009411147280088303, 0.05450190164861233, 0.06015857965837338, 0.03724440750466463, 0.05459659277650573, 0.022070512823972113, 0.11599414639313901, 0.05810572795770134, 0.18125775320084667, 0.017269316299240747, 0.04148548169345049, 0.028211952135025368, 0.03369609051187432, 0.04149756808540542, 0.04937985100383466, 0.043278018782621996, 0.050011345422489, 0.00990706309123811, 0.030529644966953668]
            , [0.10247475181347934, 0.008834424833862223, 0.05739152787716289, 0.12310197152507804, 0.02631912084549183, 0.04890622329404995, 0.020673718417644784, 0.05533316082884802, 0.05972942597126162, 0.08761931999010888, 0.021133306214194087, 0.039455047233403345, 0.03240367434078865, 0.05366288662460247, 0.0563472315284136, 0.06084397855343181, 0.05318414822921093, 0.06667034921233292, 0.005973485448085513, 0.019942247218549005]
            , [0.08391290948880603, 0.013657889345782765, 0.05204938188177774, 0.06251514393324815, 0.03995530057322242, 0.054735382984017866, 0.015914933852962842, 0.06653434337415641, 0.0406839349820655, 0.1021878567049862, 0.026266194310503813, 0.06250682141267513, 0.03945544387778627, 0.058297565852839954, 0.029567255656600795, 0.0814504225625692, 0.06309167088497228, 0.07313636123887766, 0.00732621359164425, 0.02675497349050465]
            , [0.0771052270714327, 0.012075500902586982, 0.057953626345963856, 0.0698540862288939, 0.03382182085785758, 0.05729960098523714, 0.09162347383233156, 0.06101892853319762, 0.06767040726232164, 0.084780907176404, 0.020459784504331415, 0.04469298068982194, 0.028195570127764948, 0.04016653048725643, 0.04476450842507817, 0.05812060996153302, 0.050818583872254026, 0.06652263581968096, 0.006410278618530334, 0.026644938297521417]
            , [0.06206226478747847, 0.0165670885612955, 0.054946570982734054, 0.06740118530345095, 0.03891806354005139, 0.05346118372521727, 0.02750214569806577, 0.057971844911090274, 0.06677195977136909, 0.08754000250532548, 0.06485976603351798, 0.03939356956179293, 0.04680729390537601, 0.04281845167722916, 0.05201206954980485, 0.054765365397218595, 0.04864351691213037, 0.06491353940105181, 0.017854509231779853, 0.03478960854402021]
            , [0.0983459879322534, 0.0020497612790767437, 0.06814248962202886, 0.05685380852611116, 0.03753125443328691, 0.06930355518361378, 0.021651568104393427, 0.039550643700812384, 0.0554572176892713, 0.07938863401329427, 0.020392677265158442, 0.04531580608589882, 0.05356636939167348, 0.05179623321634012, 0.056920941156910175, 0.05170726270876259, 0.06985894316651502, 0.06462431963374407, 0.021634975519974613, 0.03590755137088042]
            , [0.08545701924432737, 0.014210013205354517, 0.040586110844183405, 0.047701533076980135, 0.0364209618758297, 0.17524487190551255, 0.020192610266354046, 0.07242888334083825, 0.04316717598674001, 0.09458659118549333, 0.026840232285797856, 0.02714116885893271, 0.03750522547214924, 0.0268868410560026, 0.039763342643659855, 0.047014775581879595, 0.04560770313644232, 0.08069196550092049, 0.008616365067593086, 0.02993660946500898]
            , [0.08245891936219717, 0.014716344273430436, 0.04932745819902274, 0.06854167051556945, 0.028054072734685076, 0.06697359883456694, 0.033403623145906516, 0.08360559349064252, 0.04526596075403889, 0.11227916532033069, 0.01885056060528807, 0.038786874052559143, 0.029326381637506043, 0.05983897635968872, 0.05759219816518185, 0.058161974212328486, 0.04842671082069492, 0.07143953953165223, 0.005215382533820606, 0.02773499545088942]
            , [0.07540153358870563, 0.010067398344051449, 0.05485035174974437, 0.07460126491058808, 0.03262851949146276, 0.050619801349681394, 0.024657368091580777, 0.05475213842564133, 0.06346202588704082, 0.08577128617469944, 0.02180485394323984, 0.03978160613524106, 0.027804880975538293, 0.04128060180028873, 0.0501543582105094, 0.05544586583694567, 0.1340911720007035, 0.06653012063493999, 0.006344630619035521, 0.029950221830361855]
            , [0.06300495320182699, 0.01971784670434554, 0.04701094445660017, 0.05493733788301265, 0.026038160461300065, 0.04878112589675445, 0.021308032408086843, 0.10095190271336495, 0.049154098315654905, 0.1581831729578485, 0.014837335836537584, 0.03759838949126935, 0.02897060559184321, 0.04205583462022225, 0.04458040373383449, 0.055662190025084796, 0.04410116117662722, 0.10381174029954947, 0.011220280791315049, 0.02807448343492148]
            , [0.06729002482464358, 0.014150345667264582, 0.038484179573974535, 0.04519906582629995, 0.07281796969888465, 0.04492140383512579, 0.03478150667087871, 0.06154343619195161, 0.04594602406230441, 0.09283495447007477, 0.02641970873837537, 0.0345674109451775, 0.02699096688813603, 0.034921159804863613, 0.04396842441337517, 0.052158172649542124, 0.04878474856659895, 0.07398760009604072, 0.023468239338624394, 0.1167646577378639]
            , [0.09169814673167753, 0.012425353586630989, 0.05661041219712694, 0.0590983959025582, 0.11118986304636222, 0.06585920680372126, 0.03013652453598882, 0.04647515153219661, 0.039778393627595665, 0.08402389589422911, 0.018924360593922048, 0.03383443186018357, 0.04118591676418936, 0.041283880742950904, 0.062109503107115514, 0.0520279578397668, 0.05172012859960558, 0.06199349165735931, 0.014025329318415039, 0.025599655658404573]
            , [0.07890120723547028, 0.013390290443099832, 0.053357644007053395, 0.051950485559138386, 0.03471824377948197, 0.19687898473538562, 0.030799229084572267, 0.05101645538832343, 0.031843618477867236, 0.092192272969525, 0.020061977103376195, 0.024603966704816, 0.03691345520879398, 0.035577727938173716, 0.06311291180870278, 0.037608936482873646, 0.042824527515547196, 0.06471193144801428, 0.012899642295303477, 0.02663649181448116]
            , [0.09656766058754213, 0.012659493359189394, 0.07249905967901651, 0.07591411350685479, 0.029630832750679348, 0.06641555177203681, 0.02111803711631272, 0.07349110245927785, 0.0629184063782355, 0.07181191856979581, 0.009870743088672595, 0.05841920212033558, 0.0380277345894624, 0.038153811838878414, 0.05503624844033677, 0.05739569513049685, 0.061414846915620984, 0.055535690108617745, 0.014035674733037616, 0.02908417685560027]
            , [0.06999859560362087, 0.015290429861565105, 0.055864459175444116, 0.05913790193723662, 0.029535938833244776, 0.05882678006083932, 0.022289407396364102, 0.06996082910081562, 0.05817929517058956, 0.0882672061757138, 0.02148562668970062, 0.04291350651394754, 0.03714583601949962, 0.037341662450124935, 0.04372023081535569, 0.05781573286038484, 0.05350425169860334, 0.07335066286854906, 0.0820142974236504, 0.02335734934474994]
            , [0.06182897405459877, 0.017975190800507593, 0.04104416514436714, 0.042615196689126035, 0.04051294105891021, 0.05098631823703437, 0.020865614631965877, 0.06074414758801152, 0.12096167988567909, 0.08997431924263756, 0.026511206837120594, 0.035598241401216216, 0.04221620348896655, 0.03032361542813412, 0.09200479235596841, 0.06470943693014002, 0.04892935543097983, 0.07258930610868873, 0.006899058753169358, 0.032710235932777845]
            , [0.0685628026394979, 0.02164862008281638, 0.04571237428393517, 0.05149022175566874, 0.038302001589470835, 0.047177733245582304, 0.03654255801564195, 0.05355557174233649, 0.03909774316324444, 0.14688187052488252, 0.043983276940046494, 0.034492125997097355, 0.032708858139801636, 0.034785031565329375, 0.052105210439329065, 0.08330099417540114, 0.06161991663972207, 0.0729701645473619, 0.010610246426704262, 0.024452678086130008]
            , [0.058020895961013716, 0.023644040343585866, 0.053819912630292656, 0.05957730092750299, 0.038655368951576126, 0.061569804005590506, 0.03758441991963774, 0.04547917929612791, 0.052167030206563866, 0.07458733540383104, 0.02324029727781779, 0.044036468073850456, 0.04986816864261031, 0.04610786207285159, 0.07712599463980194, 0.08073845306586812, 0.06309355261444312, 0.07967431587142895, 0.0059119244685896435, 0.025097675627015623]
            , [0.10506579519269901, 0.01058442846627332, 0.05241610406168526, 0.06899329051831149, 0.030658538810463872, 0.03786503176263871, 0.03428933805223052, 0.0516732955283313, 0.04493156661278882, 0.12458929836020052, 0.01205657992886277, 0.036761172851985914, 0.04123786349133364, 0.08212822477163088, 0.06653207585804538, 0.05614446656472368, 0.05130188266844059, 0.05644090991026876, 0.007818764273855128, 0.02851137231523025]
            , [0.0943806148283407, 0.020889136936749906, 0.06823411260908503, 0.06986169821220696, 0.022670968450545073, 0.08115188294290276, 0.027576528719314992, 0.03222494175259495, 0.0617285850769027, 0.054853675681720844, 0.012913803810140774, 0.049290029494880615, 0.04223743575170787, 0.046890395871920086, 0.04973156855659947, 0.11057970342755608, 0.07407478538219438, 0.04555924125583292, 0.011493839298398497, 0.02365705194040533]
            , [0.06645004231562017, 0.0051419025114873805, 0.04574744020048317, 0.04259835023302371, 0.03469974369217253, 0.08462716622327417, 0.015086073572249399, 0.051373254824162086, 0.03742393302077394, 0.09868720187733171, 0.018654264395291362, 0.049063763962932765, 0.06499423994718789, 0.02594093863246006, 0.05373037375151665, 0.08859220551883648, 0.08695217950307739, 0.08566234531211521, 0.007298994282548485, 0.0372755862234555]
            , [0.07227750463675149, 0.015199176208546227, 0.05688250232003351, 0.0925472668234336, 0.01822504317857931, 0.0433687090839019, 0.02989419988895423, 0.03887767240467638, 0.09276229376638777, 0.06732390856945039, 0.02449155519394761, 0.05850405865394604, 0.031031059826402963, 0.0652650069840391, 0.07073198083038684, 0.08642500019449202, 0.06489765206866295, 0.04959575123823971, 0.002802977833495859, 0.0188966802956719]
            , [0.05611977006867806, 0.010759903081207098, 0.05784224881590528, 0.06548418790458094, 0.0281337994229278, 0.05549782033534776, 0.022976471386392038, 0.15589559695240118, 0.06262404084893124, 0.06801008720922296, 0.012443099523652046, 0.04111340750117853, 0.025213885111347013, 0.036848024406884256, 0.0415290219682648, 0.04964387194894758, 0.04107746513995389, 0.13307562505290027, 0.0071418764308451435, 0.028569796890432077]
            , [0.06470231330994224, 0.005770507157033797, 0.0691080096463594, 0.04586442804257665, 0.033645918508980285, 0.09114246567419479, 0.016918812030893477, 0.0458400563679144, 0.05834319931624104, 0.059831702465443296, 0.014014083414620772, 0.05617211321932085, 0.050505780814496234, 0.04230080365609793, 0.049817916615380056, 0.08866994187748027, 0.0631270654814807, 0.06750814668124872, 0.02889515085576292, 0.047821584864531926]
            , [0.05778783721411082, 0.017557436956077484, 0.09365727340467586, 0.1022229038851698, 0.025722212956016736, 0.05785589875712599, 0.03290710005886026, 0.035729087443889265, 0.07790018560823612, 0.05725234268132958, 0.016444614514308297, 0.07402524326015754, 0.03779685460147935, 0.05264666783675625, 0.05218551892433279, 0.09120071166330296, 0.051962534314469684, 0.03672725084582324, 0.0041313674946792, 0.024286957579198947]
            , [0.06645965193531948, 0.00879208999394505, 0.044888821321682315, 0.05577929829054453, 0.03795706559781661, 0.05540533189512443, 0.05745812877499933, 0.047906427068267435, 0.0645300692310112, 0.08629465774997004, 0.02116905765822527, 0.0346182667843131, 0.041050217358643344, 0.05471578357169328, 0.10050593710756925, 0.05835960117347048, 0.049392217800735, 0.06261202194723492, 0.016466331800199616, 0.03563902293923517]
            , [0.0665019728845009, 0.006097091202115637, 0.05039575166697038, 0.05776155047757002, 0.03823111107371097, 0.05112169120617622, 0.024895769448531672, 0.047297903509511074, 0.056882025694002046, 0.07921402026720972, 0.02313734739845577, 0.04265351741363363, 0.12146108175238128, 0.03871373405314079, 0.051101302783306074, 0.07126436386068265, 0.05610724590241275, 0.06434729631474861, 0.01488045062344287, 0.03793477246749724]
            , [0.058374801705839585, 0.020202197983347485, 0.06035683537272387, 0.06254304338575838, 0.04177351351264539, 0.0610802373329531, 0.03035579958968603, 0.049998431594792295, 0.05937895115696452, 0.07682536139160595, 0.02499468485485475, 0.049432506667831104, 0.061841878938868146, 0.03487228756713403, 0.07056005997208965, 0.054489404783712704, 0.053559419232881135, 0.08232441865828266, 0.021286935270197267, 0.025749231027831953]
            , [0.07373529148072976, 0.011881420047444458, 0.05740161488987513, 0.0631701848781701, 0.03344664223333802, 0.057311047264077555, 0.035173405920969944, 0.050668148619360774, 0.05814752156549336, 0.07646355799503858, 0.02039175064982351, 0.14865082966441776, 0.026558705321305817, 0.044261424511145765, 0.0489839700351293, 0.055164689423630696, 0.047215474771089797, 0.054732730301887404, 0.007835467961131104, 0.02880612246594107]
            , [0.08557875234964883, 0.016438581765346433, 0.06219901044976515, 0.07294098543146503, 0.02447124160914968, 0.051109880255533584, 0.030565784152826486, 0.03414695091582483, 0.06974842623997538, 0.05793228131458797, 0.016052762977615164, 0.04770659461519394, 0.10921307439888459, 0.049632791711593925, 0.04890057597709344, 0.08206720676281005, 0.05721368657224798, 0.05100427397134291, 0.009918810393237523, 0.02315832813585715]
            , [0.05877239248091339, 0.016082402665127376, 0.05012553681488091, 0.08100032807395549, 0.03715111903521284, 0.035149549035592406, 0.04641224812412284, 0.04879887346217362, 0.07496857337727739, 0.08265537256617299, 0.026091707628410937, 0.06403735342308933, 0.01956358735262481, 0.0689029113130754, 0.056227844680798805, 0.08086398271285919, 0.060135082956545086, 0.05357936315579335, 0.004920167398666224, 0.034561603742707545]
            , [0.07994729972870593, 0.006615532567523461, 0.08020882814865254, 0.1282554879216093, 0.017686980835326615, 0.041440570305596815, 0.03652560966351004, 0.032818489008187395, 0.10269377294924445, 0.05229269204942517, 0.013956915365961449, 0.056556939359346727, 0.0212106500509419, 0.07798914484241048, 0.07305854365002934, 0.06367832621396816, 0.053357805095268475, 0.0412660543283293, 0.0026890199368318187, 0.017751337979130696]
            , [0.0634853349497927, 0.009737405728493059, 0.11479446631120761, 0.1403976260889645, 0.03441354519154489, 0.04251390367379367, 0.016155327020770854, 0.05170429757486537, 0.06821987934626346, 0.07880979240601622, 0.018179937294856088, 0.05113588484656788, 0.03704722500440978, 0.03547071225551918, 0.03326857491309753, 0.053387194300740445, 0.05407152056691937, 0.05566396401339546, 0.01227509285887573, 0.029268315653906314]
            , [0.058485344921571654, 0.00566060795590935, 0.043706090256855214, 0.048768633369713876, 0.0402654017459609, 0.20952686168925616, 0.024605248721509994, 0.05958843553552937, 0.04471033777768689, 0.08270784965778179, 0.021483716388045405, 0.03180120777569136, 0.04159628005080421, 0.03048581905975795, 0.04414330580182444, 0.041294985231659496, 0.04907647134937311, 0.0693595317804524, 0.012967736045774928, 0.03976613488484159]
            , [0.1115803650752319, 0.009373029502509468, 0.05389485865162994, 0.06586093862434324, 0.03301038254403625, 0.0600886122655085, 0.01969220886678687, 0.050097144530791775, 0.04884945509886529, 0.07280531420255018, 0.022004885169428005, 0.032210388325263815, 0.1468262994477832, 0.030946883296316393, 0.04742458469120582, 0.044616779467275824, 0.0439081016755904, 0.065411702449869, 0.015191865623402783, 0.02620620049161146]
            , [0.0663971993670377, 0.010615941828508292, 0.05715160905131771, 0.041277938410926994, 0.03479623428382966, 0.056234222897489555, 0.02496953765016043, 0.05075366528483935, 0.034246863982776876, 0.0692929398736742, 0.022128255837052663, 0.07504478373714045, 0.07663616565756132, 0.05176939062007517, 0.04098504549357566, 0.05742255453692427, 0.11162816541968662, 0.05980742263182764, 0.018021727922582522, 0.04082033551301296]
            , [0.06684749693144638, 0.012625081103840391, 0.05276388542747437, 0.06187538766718505, 0.11955246856907763, 0.05618984881019915, 0.023081449993502298, 0.05219539651414773, 0.05586947091643708, 0.07530691453350226, 0.01842145484491406, 0.043244406397640454, 0.033014341935652274, 0.03832042919990077, 0.04757091125762484, 0.06088975073294155, 0.05112172119924972, 0.05729358847469848, 0.00517698955935508, 0.06863900593121036]
            , [0.07785464667104708, 0.07216424429429627, 0.0640167638643269, 0.05930248712457605, 0.0342558872372366, 0.06660356253045571, 0.020941430552871523, 0.06320815501890152, 0.06140014184799553, 0.07517872131125289, 0.019055123784486563, 0.04886676026242879, 0.04008734100093396, 0.03836919227945117, 0.040461646231383624, 0.04853900585237019, 0.052470680180674044, 0.06515775804680296, 0.016464651692878352, 0.03560180021563048]
            , [0.08870092395459861, 0.01834484522299258, 0.04993710026999078, 0.06367112612407236, 0.018347242684307083, 0.041079198108845194, 0.025568210659216273, 0.04513330518479558, 0.05817697075237487, 0.058166098814373485, 0.017755564118983203, 0.047603482173787556, 0.02818830485864767, 0.04570976483829513, 0.04846994836183779, 0.12079817930783014, 0.139881122082269, 0.06350815706569933, 0.005229176342557661, 0.015731279074525574]
            , [0.053898151478899675, 0.012098483042061415, 0.035139859214314194, 0.04319580402460131, 0.04817886403886426, 0.040091317590766354, 0.022238738827042383, 0.1232942165381475, 0.05550576600445, 0.19819827877306714, 0.03469239088760279, 0.03338459639054492, 0.018748945739596484, 0.027007925341024735, 0.04084917826224513, 0.04313233678689982, 0.037990882002369164, 0.08304095451397511, 0.009383447192431223, 0.0399298633510963]
            , [0.23291010132014578, 0.011341974661841153, 0.05417458310799332, 0.06239076477112855, 0.025646727161853657, 0.0610727914107358, 0.02641790110651339, 0.037236674571360574, 0.03450798204887056, 0.0746670407794617, 0.01658596692621608, 0.02438500597418727, 0.033731261914778925, 0.03989847476475209, 0.06956770412441168, 0.07008559547977852, 0.04554264026663504, 0.05027442960732765, 0.011137848200149432, 0.018424531801858903]
            , [0.06562070582144808, 0.010833360981226885, 0.06174646875599724, 0.0694100278746334, 0.03430319167807594, 0.0634878597281707, 0.024063156118222132, 0.05494689367036105, 0.06567679716042252, 0.0755048634802701, 0.01857471024465537, 0.03610136367167071, 0.04221026352840456, 0.03369743380777244, 0.04651208316812046, 0.0528810080542672, 0.13004453383787118, 0.0641143991733244, 0.01747766694434392, 0.03279321230074168]
            , [0.07071818437845123, 0.011094498603833412, 0.0957372322599189, 0.1079564987072001, 0.017212967566393563, 0.05994251806480235, 0.023299700598692782, 0.0360270191548364, 0.0826446678508565, 0.044033627170129284, 0.013762303027655022, 0.062095081577775685, 0.0344237775604483, 0.047309076465971454, 0.04870708835174391, 0.0842304726092329, 0.08558135762791269, 0.04963668500596515, 0.006595810415540849, 0.01899143300263961]
            , [0.05480868477918272, 0.014176074909840741, 0.11053414813152032, 0.06723496635287511, 0.03694047210673111, 0.04786747480648132, 0.02583665481735232, 0.06433695779564448, 0.06472955364979384, 0.08213794596342325, 0.020185864937276626, 0.08680303518148694, 0.022843119237113074, 0.03435163715014666, 0.042697913193464034, 0.08192418360317213, 0.04485466602188774, 0.0609040334698802, 0.00915843237201484, 0.027674181520712892]
            , [0.10569550659069707, 0.01299036126529482, 0.14546432063770182, 0.052755773282772936, 0.03388573469655667, 0.06140027566180706, 0.02558986165609267, 0.05050929098225608, 0.03763143687987231, 0.09116499711775546, 0.022448362654887324, 0.02296071399269459, 0.03832517240562177, 0.03605029594654474, 0.0615205906420091, 0.04671838292628755, 0.04846445815503921, 0.06741369383798253, 0.014215631987827125, 0.024795138680299228]
            , [0.07885869641632355, 0.005194013564536698, 0.05918914527863827, 0.07435171735702757, 0.03328959464376659, 0.05829946193020743, 0.01847369834599064, 0.04559950495817671, 0.08002894316788663, 0.07403038584326752, 0.020217450740553738, 0.04341990535740805, 0.0388219174907136, 0.08671644094207571, 0.05378472872936631, 0.05789664466227505, 0.058175565107864, 0.06221877807114592, 0.016443006006980097, 0.03499040138579568]
            , [0.08277190412405637, 0.025027767326701655, 0.03615564593822846, 0.0566469514983513, 0.040566235381422545, 0.07022673084301252, 0.010628965636673291, 0.06331938627522686, 0.057309216544360685, 0.09525438361879457, 0.02704626222707912, 0.043512289915113855, 0.043822794287357816, 0.03239388820899144, 0.06115220033499041, 0.06730930908700934, 0.06595514518992306, 0.07888324917908379, 0.010164841510557155, 0.03185283287306559]
            , [0.07761368757310257, 0.009721956059768536, 0.17533835994877975, 0.06130921853024672, 0.027496821697453048, 0.05278242513056047, 0.024780204068544996, 0.05177389594869616, 0.05531764142000921, 0.07731165696744731, 0.021388779597482723, 0.0500629129660453, 0.03139047582116931, 0.03885933094119701, 0.05090830166675058, 0.05577876036546066, 0.049961642485323, 0.059971065545631516, 0.005008786792656957, 0.02322407647367425]
