# This script is generated automatically.
# Vector of amino acid stationary distributions.
distributions <- [
              [0.06746086234897908, 0.016497624862629793, 0.05816718587672588, 0.0790365357910477, 0.040958359171976384, 0.05935458271470767, 0.027975006370299094, 0.06154618381533839, 0.07285303803455534, 0.09115574495728604, 0.02357879962467646, 0.041446003589394556, 0.039394880054196696, 0.03866448108886402, 0.05373991432553883, 0.05816698926448651, 0.04998716840205773, 0.06524738422826173, 0.01672588307774299, 0.03804337240123493]
            , [0.06128926278245065, 0.01720365263299581, 0.058157000930320536, 0.07740732618627638, 0.03769510363628053, 0.04891059190472776, 0.026730890045270225, 0.06814822119135791, 0.07247500442750647, 0.09873804771143245, 0.025643222584722992, 0.04929008055436784, 0.03052191370248849, 0.04276592816681072, 0.04864525372464415, 0.07322967926494017, 0.056384144453458206, 0.06738655956966108, 0.005716843604627888, 0.033661272925659895]
            , [0.06457645691933173, 0.00568490675311639, 0.05311004476376131, 0.061599679596813915, 0.042097704341903124, 0.062865619521958, 0.02726873251535512, 0.054983870790758074, 0.05637678930526257, 0.09921115408854655, 0.020894346420794616, 0.04485752749259011, 0.047196919813632936, 0.04132642328511732, 0.05717113524014856, 0.07065237154675123, 0.05900866534721682, 0.07830491409173915, 0.012330151242848498, 0.040482586922353785]
            , [0.06229750716305091, 0.016346083776522965, 0.046328194720097075, 0.05550879918313358, 0.031988159192643376, 0.05183462316343075, 0.023575970369575525, 0.12631046465443646, 0.05235736051101152, 0.07770672351499178, 0.017734880776699907, 0.03574632848760574, 0.030078879180410252, 0.03468389468263175, 0.04548219739953166, 0.050280616377333325, 0.049618149288818546, 0.1536674910405811, 0.00947258575838994, 0.028981090759103642]
            , [0.12904099880094075, 0.012851455684658942, 0.0627532464509272, 0.06563702569292384, 0.02972740825658442, 0.07493896814325439, 0.030797925762186606, 0.04119648722161279, 0.02283210052192966, 0.11134839883624621, 0.01722454260501478, 0.020417144949247245, 0.04340633542574463, 0.042601428419519805, 0.08502095053110757, 0.049209147240639656, 0.05322260437631323, 0.07500709824370393, 0.013361179791009436, 0.019405553046434976]
            , [0.06395114362151212, 0.026318144851221116, 0.044285427831687436, 0.05346702292818235, 0.03953529094161999, 0.047978838573052414, 0.03768207041576592, 0.05224946944203031, 0.05163584672664288, 0.097014049256247, 0.02424382102652322, 0.04243165568959038, 0.056680073830351216, 0.04705856702342784, 0.06009249118792652, 0.08251118070659405, 0.06095949299452454, 0.0692657618952274, 0.010311704616832429, 0.03232794644104081]
            , [0.07691383045329869, 0.01695664179943693, 0.076087402042201, 0.08258319994167584, 0.021491477124337834, 0.0713225200754735, 0.03339029137829095, 0.027612712019785633, 0.07554912660099598, 0.05092747549315893, 0.01530497584680599, 0.06449927339571321, 0.04269079425155507, 0.055951160818050294, 0.06333556676535944, 0.09001920193777353, 0.06284658125845564, 0.03985464011041435, 0.009599882176852141, 0.023063246510365152]
            , [0.07114122287296468, 0.018575550709087355, 0.04773015388970473, 0.05769302058022721, 0.03470906919815255, 0.07064222566411954, 0.016686573519057783, 0.051816795360034786, 0.05751205172818766, 0.09428376117067021, 0.019128752646927746, 0.03879848518510148, 0.060010510027707506, 0.042637256203090224, 0.06592176042736615, 0.07013699861233262, 0.06432867125012359, 0.07587052367037503, 0.017119559771204537, 0.025257057513564603]
            , [0.07082330116885655, 0.012180677476553829, 0.051334160603042786, 0.06164780675122097, 0.03872713963458995, 0.054005778707901915, 0.02443848379820457, 0.055474097619311685, 0.05425152465542755, 0.08232560189038611, 0.0215615061411222, 0.03581136555755062, 0.14193664118977353, 0.035698133305134494, 0.04811090833278441, 0.05004319926625455, 0.047652027946746056, 0.06537181305588627, 0.013174618264305537, 0.03543121463494626]
            , [0.1947264386210849, 0.018585700016978648, 0.043095588118254605, 0.05435517569961726, 0.03179196082237332, 0.05896042385711627, 0.022840098494303934, 0.048283331283595195, 0.0491394843316854, 0.07559377989741176, 0.021463968261143714, 0.03391518900015026, 0.027404905903786834, 0.03532909008063972, 0.044815742440636124, 0.09555648182309387, 0.04864409358485735, 0.0594842642727982, 0.008068677460740787, 0.027945606029731892]
            , [0.0674540892945705, 0.01094063019635241, 0.05056867466828512, 0.05090997076568931, 0.0391560258893676, 0.18856695065998821, 0.02476222126728818, 0.05419677080931504, 0.04310449535903052, 0.08346470241829802, 0.02199821810228603, 0.03436917988785902, 0.037431195865198136, 0.03312715370480887, 0.049769645633770926, 0.0481484817344179, 0.04709499557411865, 0.06513162650254618, 0.015112968927957627, 0.03469200273885165]
            , [0.08547236679454237, 0.013642983797830459, 0.04854541344684311, 0.07051047208999908, 0.0325414784709632, 0.04811103388126236, 0.028879174446408994, 0.05640180664026272, 0.05119578454452722, 0.11015467306361554, 0.018913314101360205, 0.03847325564717857, 0.02654148600659119, 0.10326880341902994, 0.059164346262415825, 0.057261710050634, 0.05107852954841428, 0.06014349004628268, 0.011041573757635604, 0.02865830398420254]
            , [0.06728725503114558, 0.015246184139667789, 0.049305889090799006, 0.05838371362946476, 0.03476198014242266, 0.05144656036699576, 0.02619098856731776, 0.049593482299474884, 0.051863246280123905, 0.07712512938400563, 0.020632720133497498, 0.03674148345082941, 0.027421056278585383, 0.03668731085665036, 0.047818013114556364, 0.09216185626732515, 0.15200007838759474, 0.06302094932506927, 0.011415958631188246, 0.03089614462328574]
            , [0.07064059078869837, 0.012399143825222043, 0.05332069334054514, 0.059702661064060907, 0.12218034472700101, 0.05835983513153597, 0.024467647251445963, 0.05485570295706408, 0.052696592166250236, 0.1061716582524849, 0.01965981267040837, 0.040575677539877335, 0.03289501397693469, 0.03740473534448738, 0.04859213146582533, 0.05855730669227089, 0.050224756424146845, 0.061867557445043075, 0.008757257283599874, 0.02667088165309731]
            , [0.108993654489496, 0.012196053583884824, 0.0644617229161474, 0.08846034920892316, 0.01735308614240841, 0.05196669029450453, 0.026297608233293586, 0.0429554433075861, 0.06246338075394434, 0.07547567805288166, 0.021037075716366836, 0.04976297796931637, 0.02898842879565587, 0.06436706300428677, 0.05781331171608924, 0.08276406053234303, 0.06724536635998235, 0.05850397727736678, 0.004262117533420648, 0.014631954112102222]
            , [0.05572121299771423, 0.01572256076198096, 0.030650903711275764, 0.04367685219440982, 0.05223720245150595, 0.03031647685256102, 0.022084008163829827, 0.11175209554276469, 0.04827882626856404, 0.18786140995534772, 0.042375591361361105, 0.030988681271637456, 0.02029294026062276, 0.03301023841674593, 0.04053850954487524, 0.04757806146265796, 0.04886407623312405, 0.09959392919376511, 0.005812275051227456, 0.03264414830402906]
            , [0.0682980230826298, 0.013389238573032812, 0.05111436056993227, 0.06017380713736666, 0.04549639367586465, 0.05562476483557324, 0.023716153511556263, 0.06278269602734181, 0.0568829503535899, 0.09389158974073807, 0.022855547032056982, 0.03910285934324241, 0.032751441510964346, 0.035812102365252854, 0.047340363726103146, 0.05575545055580045, 0.049935307095516836, 0.06816419657937253, 0.00923646897166919, 0.10767628531239594]
            , [0.08144035361610735, 0.006183443477321173, 0.06740606778107083, 0.043014575803676576, 0.035861847253527535, 0.07863795025221816, 0.018586973442252935, 0.047740274500565436, 0.045969218288663745, 0.06810002269424212, 0.01467590992282805, 0.06356467786362022, 0.04439879239687498, 0.0420483491548906, 0.04744888723792273, 0.08080357653464504, 0.07994232655645617, 0.06414658169591626, 0.02304129159654256, 0.046988879930657305]
            , [0.08223884874329862, 0.008493366399595022, 0.05690355925444955, 0.14078191623415276, 0.031048535914300235, 0.03773169849561484, 0.020068021928561955, 0.04678479798841559, 0.1200107984701487, 0.07005151843761473, 0.01773473006102868, 0.042340869620428184, 0.02279920005724511, 0.060231175560023116, 0.050043945737803144, 0.053498666555923696, 0.0514953731277433, 0.0510225107712869, 0.008233522596046516, 0.028486944046319348]
            , [0.07677915411699196, 0.01775603845111014, 0.048266397246914526, 0.055351704203614426, 0.03349710514396736, 0.05566616804969981, 0.025791766321619777, 0.04805435899178994, 0.04620662457655967, 0.15099267595138452, 0.07728507237081267, 0.035187509464407414, 0.029210910123456363, 0.03898697076905759, 0.05143462748958239, 0.055481897236700904, 0.05110644562224533, 0.06294051263094504, 0.010606323813697267, 0.029397737425442827]
            , [0.06393368722687794, 0.009497559394694028, 0.05033094611433305, 0.05423129515236913, 0.02330227617134907, 0.05623677801192434, 0.02060818182276871, 0.10785595113923996, 0.04428429083378984, 0.22330318497593038, 0.01788712382420922, 0.033847785441156054, 0.024888643360660486, 0.03175318475129733, 0.04428484658771182, 0.04477307678259324, 0.0394660442256724, 0.07772108037243738, 0.007624622672584267, 0.024169441138401436]
            , [0.07726226270515305, 0.01164269566152863, 0.055729512205705614, 0.058962043984287164, 0.03835316596138366, 0.056299576574787194, 0.10858069311190913, 0.05886849693719332, 0.05286157412039503, 0.08570335375852338, 0.02252434146298044, 0.034956622777889676, 0.030465905479846553, 0.03808853923787086, 0.04582110941697128, 0.055249752953249666, 0.054155014015872506, 0.07173112032335792, 0.0112879287790911, 0.03145629053200379]
            , [0.09134669427706575, 0.010987722127256553, 0.05217059030310541, 0.06888121018892365, 0.03355369714304983, 0.05327994611583323, 0.02418723866389286, 0.0565119019392698, 0.05069189657201315, 0.09610114910921791, 0.022591431818443652, 0.03515314516730057, 0.026262778051819004, 0.038751742170758066, 0.12886800619008548, 0.05378146131796939, 0.052867416891942715, 0.06745091700917022, 0.008792138555374725, 0.027768916387507933]
            , [0.07529043823432383, 0.012435451028600015, 0.05277485474793887, 0.057925456934816516, 0.029364715953875898, 0.1959630456810697, 0.023453807333407125, 0.05493842391789373, 0.05512525917480974, 0.0759819491031102, 0.019769910484793936, 0.04588893623338866, 0.024901741470749444, 0.03818807950588657, 0.04639556353803057, 0.05965399379317276, 0.04556660951896204, 0.05922052979960839, 0.004990913510297297, 0.022170320035264653]
            , [0.07253974684709255, 0.0039037487638683165, 0.08738621068193987, 0.0894096255989238, 0.0213922336003107, 0.057645438387388094, 0.032620435621014084, 0.025388266513741785, 0.09155477940261122, 0.044005327281739934, 0.013276765079686507, 0.07165282342783154, 0.03718751939331506, 0.06634116675008264, 0.062086325197606915, 0.08487608300517846, 0.06892656292990243, 0.0358288395247319, 0.008796161758701996, 0.025181940234332116]
            , [0.05176697097981859, 0.013594198816656217, 0.027815686716339837, 0.03372122297426988, 0.09669945203833838, 0.031667510148379534, 0.025706368373769505, 0.10470775568462537, 0.03640186782602742, 0.15138892591906683, 0.03749565194914451, 0.029341881799275413, 0.02504526058548474, 0.027973853779140478, 0.03296257358219106, 0.04438033589597071, 0.04689894816329576, 0.09800764479408419, 0.016314190041879513, 0.06810969993224225]
            , [0.0753915613392185, 0.011375574097681213, 0.055630842123198083, 0.05981224331609237, 0.03554596228658433, 0.05916808776865059, 0.025602687641472333, 0.05307189236840496, 0.052771777874361096, 0.08570955750736282, 0.021967877082585942, 0.04062194817885587, 0.03629712256199569, 0.0416153271137529, 0.05441004328856437, 0.06114301161506752, 0.05739361426080055, 0.06530649731447952, 0.07878335289980547, 0.02838101936106591]
            , [0.07850753890300458, 0.07654245010184911, 0.047761936376034146, 0.04911702476771048, 0.03828934122277984, 0.0676119226924377, 0.028816633366511753, 0.04733094873809815, 0.04526162424081157, 0.08268943863972633, 0.0198648951703793, 0.039803628953274786, 0.037612452336452405, 0.03902826764971972, 0.056800239324980795, 0.0694196824319957, 0.05460978688939224, 0.06580157678469986, 0.02015019167113394, 0.03498041973900757]
            , [0.10483358660531453, 0.0018507366304722041, 0.06191773945741014, 0.06157334200175076, 0.03722300920225822, 0.057148386075344226, 0.01993822068682945, 0.04585961273950167, 0.061555849117289785, 0.0839765316450948, 0.01996094991367204, 0.04328697607472971, 0.04038929629877794, 0.05132165022213248, 0.05349193856064779, 0.06203701598514021, 0.06598469143818331, 0.07175146740763473, 0.020283171733171998, 0.035615828204644026]
            , [0.06474814875073813, 0.015158406428977035, 0.05041854460699228, 0.05694778121986585, 0.04063443253665347, 0.061109289780854, 0.02460073731367969, 0.059357129997224735, 0.05958854496093606, 0.08674296370974509, 0.022038789271653588, 0.12846412554160616, 0.032483780182429554, 0.035496493212138214, 0.047369772282628245, 0.05732203136902481, 0.04716785527765938, 0.06405452663102, 0.012660784522906669, 0.03363586240326703]
            , [0.08424712289240344, 0.011535485542462077, 0.0546326835968766, 0.072426119129042, 0.025103089425809594, 0.04505338699527459, 0.023829276821865683, 0.045532815850067646, 0.06628692492621743, 0.06639548920574118, 0.017481035019068933, 0.043338504753670445, 0.13934814703164206, 0.041487261274309, 0.04195685016486776, 0.07948868939419737, 0.05859982780306557, 0.05667489511854192, 0.004399135769596113, 0.022183259285280466]
            , [0.07672932474850842, 0.002200523878014001, 0.068221817324582, 0.08762884527503269, 0.030416393783049354, 0.05570539728289441, 0.02832590274543658, 0.05791489240043272, 0.08414129131935635, 0.08837812257699953, 0.01940986444398175, 0.04646458619635035, 0.028216409539712155, 0.05353531258509027, 0.05929284757097483, 0.06071106306380848, 0.051477293995422405, 0.060626125661905596, 0.005536007632112329, 0.03506797797633594]
            , [0.0731222270406491, 0.07215504039556885, 0.04658396968333842, 0.05676156203500697, 0.03714625732881862, 0.047743711679983335, 0.023362686923047146, 0.06620067472414298, 0.05695296747434317, 0.09775482323341134, 0.02850709499309509, 0.04383158103879025, 0.027034418216637674, 0.03800210418829695, 0.04657034545689425, 0.06686123829745398, 0.05523616377587901, 0.07726224038061169, 0.007097446945627116, 0.03181344618840397]
            , [0.06398232210324006, 0.012080648777663442, 0.03853817107887227, 0.04474223807752695, 0.03453037618698099, 0.04851192735310573, 0.0211864872119741, 0.056275835773110953, 0.16043487475952903, 0.08419263503234235, 0.02229417965713715, 0.03308991031559329, 0.026753426210791346, 0.03166677344899427, 0.12201340936170058, 0.04907407510060475, 0.045240130592743066, 0.06811279537923931, 0.008326880696266642, 0.02895290288258364]
            , [0.0728335945427346, 0.013022269553074516, 0.1466577368257618, 0.05419479814030561, 0.03748079760056302, 0.05931834983334114, 0.023624307636434316, 0.05806850779038783, 0.05270180781242498, 0.08536397298234905, 0.022868308922903733, 0.036905836138219066, 0.03465430205964937, 0.03559608134158636, 0.04873987889460153, 0.05506389090630188, 0.050536423906019555, 0.06769845405169757, 0.012161003097532605, 0.03250967796411133]
            , [0.16689202353765267, 0.005959599904383477, 0.08261591071623356, 0.11319663523930394, 0.02440255896368348, 0.05591974588310888, 0.0259164465733952, 0.03133035720999127, 0.04333861668545836, 0.07100043724739792, 0.013726039125117905, 0.027344594645940554, 0.02850082297268139, 0.05553733377001223, 0.08021971172188433, 0.052932870948005355, 0.0486623406403276, 0.04265773324219515, 0.010796485221838837, 0.019049735751388002]
            , [0.0828489604596227, 0.004321382458859234, 0.0891078695903188, 0.13320422904827833, 0.01210341082396239, 0.0410712605860907, 0.02699795476780587, 0.02572299903914498, 0.1038692159013512, 0.04490210452929793, 0.012276995292050511, 0.06064381071907828, 0.035739665035783706, 0.07725073804459391, 0.06444592841110906, 0.07554563737413467, 0.05935724306392439, 0.03516517992071248, 0.0015140940899792076, 0.013911320843901311]
            , [0.08235326148303355, 0.009380316118964376, 0.07302305793191916, 0.11856862448576858, 0.011699636477053367, 0.042296069746884844, 0.0469359044628014, 0.01655643962136779, 0.09248768587509786, 0.03999227709874122, 0.013070150006123353, 0.057702589166148066, 0.0214578176513181, 0.11012520129722471, 0.09101122682446691, 0.07082163522408344, 0.05381792581492113, 0.027252537099367626, 0.005744906480406295, 0.015702737134308302]
            , [0.07961165564828868, 0.011928565931516682, 0.02982322514644168, 0.033029075870766124, 0.04288987739328618, 0.04773994227330928, 0.023112509701956524, 0.09804017010542276, 0.020847446626300427, 0.21248281401272043, 0.03289595885942013, 0.01769324656951166, 0.026752863532927856, 0.02882836773496447, 0.05107588243833029, 0.03396191947687813, 0.038691420272719365, 0.1263954911918074, 0.017982251458334292, 0.026217315755097396]
            , [0.056659879574228, 0.009284666449136881, 0.1264884709965965, 0.09724435386487233, 0.021370134980001478, 0.06049994530731467, 0.026687178334814717, 0.034917050254542246, 0.07910456706830003, 0.04956859784088643, 0.015476678012768676, 0.10336321240425884, 0.017813740142125847, 0.045923710504963876, 0.042099628894682765, 0.08599905127197487, 0.062004629443378576, 0.03962669530470526, 0.004264870737557952, 0.02160293861289017]
            , [0.05505861226656543, 0.02088023529590677, 0.01589738044971913, 0.025464413767150362, 0.04235532256697278, 0.018923361702061197, 0.013609718177560131, 0.16900716332942559, 0.027770062630746585, 0.20709325053954233, 0.04532458555560323, 0.016234925441920626, 0.014530342469621007, 0.024251085929374548, 0.031023091040351905, 0.03129094415622918, 0.044626985609170076, 0.1644233403871402, 0.011145059889778671, 0.02109011879516021]
            , [0.06998188540623197, 0.009542884525833116, 0.12701043333520648, 0.18047592155309056, 0.033429082440991346, 0.04539949324656825, 0.016861139511770314, 0.05507353657404792, 0.04545984718493156, 0.08044470062222024, 0.020424611615879364, 0.03417267680411612, 0.028373457033448495, 0.03358144913839749, 0.031956476944119606, 0.04828505531476715, 0.04531232353154766, 0.06008775243897967, 0.00814279117164716, 0.025984481606205624]
            , [0.09295237269859387, 0.01123757991867963, 0.0361632225656826, 0.040223520170174, 0.03203279121704786, 0.05085311208353775, 0.016808914986876974, 0.0683970047098072, 0.035176895302213386, 0.09262161503183333, 0.02619217265912593, 0.08240510735134718, 0.034644599273292234, 0.05129592067647776, 0.03422740501804452, 0.0973082369591669, 0.09147595507536363, 0.07408273968752489, 0.006942533381700249, 0.024958301233510206]
            , [0.090321077180476, 0.013480895024994714, 0.09793476571839034, 0.10994302350380497, 0.009314694437123098, 0.06671357414460347, 0.02794273387789342, 0.020381893162657986, 0.07207631282764455, 0.03539827935771899, 0.012422840165762785, 0.07852275525589555, 0.029005947862788376, 0.06365317526840733, 0.046348801437478444, 0.11073597882703498, 0.07154984574392452, 0.031352178695096954, 0.0022865254055270804, 0.010614702102776362]
            , [0.06637506494390581, 0.009614835067243133, 0.045000378519632435, 0.09048079077683732, 0.021811893969595486, 0.027084301472359896, 0.035972120824385015, 0.04042524761604617, 0.12422696950866573, 0.06830259725241751, 0.021795892793039985, 0.05467033353379039, 0.011255639668244576, 0.08216358266289518, 0.09599244179258638, 0.06659132192111884, 0.06451978437290426, 0.046925481704394804, 0.003113607640764431, 0.023677713959172682]
            , [0.06292443959397855, 0.01569895113926122, 0.036177940350771286, 0.043889486128335105, 0.08935360102777677, 0.03876750479094792, 0.03249881783402211, 0.05596547440017171, 0.044933783496414574, 0.10147112225403057, 0.028216610047125085, 0.033505989082533924, 0.0240143977613373, 0.035586017380369664, 0.04868695431199449, 0.05034812921044199, 0.046280961728819146, 0.06328034633791026, 0.0652918727320447, 0.08310760039171383]
            , [0.07614571746466828, 0.004010402029202704, 0.1502294138761498, 0.27513155072018103, 0.007390275340487368, 0.02841972753911318, 0.01751061303649276, 0.014098166306711691, 0.07711966972591187, 0.022546887254565436, 0.009880689083371858, 0.046549914996689326, 0.022415262199802055, 0.08003891975595848, 0.03520710760245231, 0.05102643809106654, 0.045863352108411484, 0.02538084453087817, 0.002718459931647002, 0.008316588406238331]
            , [0.06110832142513906, 0.0077698053354354835, 0.23252569686095892, 0.1612659766972127, 0.010652250986035753, 0.06116584127374246, 0.027976425508566542, 0.012268216830583071, 0.04823303159949046, 0.021597953128066644, 0.008171019231153301, 0.0945916928520751, 0.025071906749961258, 0.047043192534428, 0.03339296486504144, 0.06693644224983614, 0.0417955341401317, 0.019620695799424343, 0.005187422668430136, 0.013625609264287304]
            , [0.04614870880986782, 0.013668804943440345, 0.01284306798607542, 0.018228858226598053, 0.11270174034193395, 0.01887899643022802, 0.01986959960032354, 0.128746188869424, 0.018274589590680217, 0.2285586299385399, 0.04847936211855612, 0.013511000177278482, 0.012082971941339206, 0.01725575240820085, 0.024999779504588995, 0.02437202532292501, 0.032993843396620544, 0.11552139906964433, 0.024462418433221098, 0.06840226289051379]
            , [0.05827830524326476, 0.0062492101480706, 0.030753290257815244, 0.05746944143198046, 0.009309788622701608, 0.03202385261652736, 0.02582067691842728, 0.018441235290290032, 0.22816334671536745, 0.03402309297342375, 0.015027897878682958, 0.04422901290095936, 0.026976750350143106, 0.07141288925908836, 0.19790889788001373, 0.05627161606448288, 0.04806232431335131, 0.025859824009100276, 0.003287523247105352, 0.010431023879204072]
            , [0.09261378659991508, 0.01068739074088869, 0.047859472072613894, 0.07370307663020406, 0.027873484975083972, 0.04800703785087926, 0.02150651473832007, 0.07545950656713314, 0.06731750834953892, 0.10895356246439354, 0.030666871355057957, 0.04140375869263064, 0.018239724092321302, 0.045925073693937404, 0.052006257729399936, 0.06485286410671658, 0.06164683697838714, 0.08716715688108265, 0.0019117253512872462, 0.022198390130208513]
            , [0.06699441107132963, 0.01308965257417775, 0.0549800818681923, 0.060865175184970255, 0.04394079907283056, 0.04338604813182763, 0.09455794417266701, 0.026612441297058174, 0.06241218038408108, 0.05466034183269727, 0.016226107417853217, 0.06605335366593125, 0.022550729176391622, 0.05776333810109382, 0.06906465973183343, 0.0742573004183939, 0.05324621019813994, 0.03672003005388753, 0.013613748403444577, 0.06900544724319901]
            , [0.04833387560442694, 0.0031958909995218024, 0.06872443785719994, 0.06477311718684867, 0.03513149599652521, 0.049976968883295704, 0.012256859807289536, 0.07138200071488933, 0.10167468645667366, 0.07429541055838661, 0.013704359917416406, 0.1112542580910337, 0.024966404929777627, 0.03196659910716721, 0.03319279494440815, 0.07823259049079619, 0.06870163637089863, 0.052601956346327985, 0.010408447690617908, 0.04522620804649894]
            , [0.03104541165501887, 0.00803970469280515, 0.009156116208970897, 0.014534883678152788, 0.055733289460428194, 0.009461130383612005, 0.011437322019243185, 0.12829331039939043, 0.018090364425364342, 0.39715249203315667, 0.10037491751770009, 0.012700468225068253, 0.008976186339114654, 0.02126926977926804, 0.017765372248829847, 0.020407915978022224, 0.026472011769677208, 0.08674219752271627, 0.004576516583803104, 0.017771119079657765]
            , [0.06836135469594758, 0.0067510922985658415, 0.048652591201205055, 0.051689791656781586, 0.13954835446820887, 0.05415718504801967, 0.01721583229067269, 0.0431541420681114, 0.04694168082519133, 0.07012239954629307, 0.01825435528345401, 0.034782622165997396, 0.026471128581883926, 0.03376277755745524, 0.042345932539031975, 0.04987967676332417, 0.04683703842212209, 0.05433401123448834, 0.008719838014696448, 0.13801819533854912]
            , [0.1349625983833803, 0.05516977608555274, 0.029020598694467246, 0.033824880363214654, 0.025455947286782268, 0.038864461502113354, 0.021298275869563153, 0.08237142619848806, 0.0298429256308145, 0.10458849518872712, 0.01955216566936952, 0.021708958624275042, 0.01785440741330146, 0.02713728534499519, 0.044957988870153905, 0.042087157391966605, 0.057099647237601886, 0.18512405233074278, 0.008206721268847687, 0.02087223064564264]
            , [0.07193647095340992, 0.004456010319560113, 0.05244305423120823, 0.05535152832743771, 0.03790363376330963, 0.05650338365249737, 0.02118211487521812, 0.04757589088552691, 0.05399792548269538, 0.11073234530220502, 0.08309015082942302, 0.043855422117812695, 0.03512327360824747, 0.0455637929780606, 0.0451091658301353, 0.0583247032018915, 0.0584208306985042, 0.06643840897740622, 0.014376912546684783, 0.03761498141876582]
            , [0.12157949416516362, 0.014422599436495783, 0.05314185316568331, 0.04240670147716207, 0.009381179494823874, 0.3680704198664621, 0.019032572534489024, 0.012180332165043549, 0.03421348024985269, 0.02097035399172075, 0.00877376589534366, 0.05221780965437539, 0.019750178964877404, 0.029319696369502733, 0.03329386875924595, 0.08806047583679949, 0.03794289757503606, 0.02253452200568703, 0.003665731780343685, 0.009042066611891709]
            , [0.07773054764489305, 0.00836737983423013, 0.01816706235646075, 0.02028781339973405, 0.033839685733379504, 0.03024373195450926, 0.010870866137385013, 0.17199815105834637, 0.019775959474786994, 0.13103554481260263, 0.03290245514043862, 0.021084098361986808, 0.033928068802368795, 0.018721499630520416, 0.022077201704789308, 0.04031205155241703, 0.06433412700404866, 0.21662117070852394, 0.006519600784191581, 0.02118298390438714]
            , [0.1692836807122312, 0.01282557924606058, 0.0694947574408216, 0.0763515931908667, 0.01308930386707953, 0.08374445307879436, 0.03378839717303874, 0.017064321382742765, 0.029645767457905408, 0.0486483097448061, 0.010812417246949133, 0.027901617784005142, 0.043663392178894506, 0.05855455751588632, 0.0926624855175616, 0.08390802776160619, 0.06516565372461598, 0.04387938966314001, 0.00783339995974508, 0.011682895353248814]
            , [0.09549819831529124, 0.0025679272015109974, 0.05405039355761467, 0.05329772054997972, 0.03082172502016306, 0.056678209411431764, 0.01748311765899715, 0.041104203402218785, 0.05459496696797438, 0.06550077087512815, 0.015527692871873338, 0.04030223324060041, 0.1857894743108031, 0.03466790264450246, 0.040357237545414204, 0.06469129195995833, 0.051677653771906945, 0.054772947018228005, 0.010537312053738463, 0.030079021622664646]
            , [0.17821796779381607, 0.009075351335640337, 0.0358290788544377, 0.03878622262652679, 0.027083756186998074, 0.04395238239057664, 0.018674170994542796, 0.05468353278420571, 0.03335166152845234, 0.07100336668471867, 0.021451182206027375, 0.026369356671200803, 0.026259808374524317, 0.025922553393650245, 0.0406618219050551, 0.052657160750905825, 0.10660035942766993, 0.15666481070487084, 0.00918637920791754, 0.02356907617826291]
            , [0.12995463772803173, 0.026018800924197033, 0.04009866620117645, 0.03987265882467373, 0.013756035410690724, 0.06292369248028575, 0.025953667206259464, 0.019103208695662195, 0.04076131992534949, 0.03179512290912348, 0.013293585260449917, 0.06473392557670075, 0.03345590730490633, 0.03694867932677789, 0.038095236463440985, 0.2090344501651594, 0.11920967943146689, 0.03449463189685809, 0.0053504763868788136, 0.015145617881911239]
            , [0.060046774071037715, 0.009925259678517635, 0.05034170057857252, 0.0530644040376141, 0.02909709872578855, 0.05430214110629818, 0.02102431272794147, 0.1406255699631982, 0.05049966775299796, 0.09296864625093443, 0.0890358463497374, 0.037197450783548955, 0.027185671979956756, 0.030760530510491022, 0.04416595992865155, 0.04845796031959004, 0.04362933519838023, 0.08045854183328371, 0.008609905188014326, 0.028603223015445326]
            , [0.1294758026153168, 0.008422765963919904, 0.05479462797708282, 0.05990349664100612, 0.020468755390151062, 0.0640070615567439, 0.019545528059152523, 0.027824219712835625, 0.03030222293762208, 0.057660559535024386, 0.01413165416875437, 0.02389864587115385, 0.24267380271226058, 0.02965374418069502, 0.05111108366847519, 0.052722775420388286, 0.04240634171755594, 0.045940504654052944, 0.009763258236507403, 0.015293148981301428]
            , [0.044435345753918075, 0.00871608185947244, 0.03125023711854284, 0.03268927212910877, 0.019248739123186677, 0.043919148661780906, 0.015167783412981606, 0.22696193622289515, 0.027889979638726383, 0.12043632115838544, 0.01502049322078166, 0.02149075182892788, 0.014393908081222043, 0.019801478902611195, 0.0347905985535677, 0.02981228490641172, 0.02862814595798476, 0.24598195566842807, 0.0038164655873097, 0.015549072213756827]
            , [0.16763201134977865, 0.004379664861152277, 0.050479560511071796, 0.04755646754732744, 0.0141498225126063, 0.07400542202661231, 0.01221236863724111, 0.027205603748358145, 0.046396505449600035, 0.03815821884421197, 0.013524507442508653, 0.05352711177126366, 0.04020778099946694, 0.03747876962560533, 0.03192002350272878, 0.152063943106277, 0.11854757604304328, 0.05184820463976685, 0.0050630440349809375, 0.013643393346398596]
            , [0.16536692700481645, 0.003037707328503753, 0.08556464692972546, 0.16049982042217265, 0.016814987715276827, 0.032949580045817356, 0.01775810622058464, 0.027182298126411198, 0.0986193787320028, 0.05096673458341261, 0.009314175303187872, 0.043277848328703926, 0.007673029047550546, 0.07911881016419567, 0.06109323622087609, 0.05700295986104773, 0.03969072513773153, 0.02537121152663636, 0.003942405754949085, 0.014755411546397125]
            , [0.04987965589013064, 0.0042446227565420816, 0.051643237842659125, 0.04474064297246539, 0.027717540203046967, 0.06237082318589516, 0.02105966499201341, 0.16097769746620003, 0.042507993296318936, 0.07326511503767338, 0.012104851346797082, 0.03569550637021052, 0.031228886924942845, 0.029229055884608494, 0.04023818832502355, 0.042351704420235635, 0.035851076563321975, 0.19294134004256852, 0.011898962269510404, 0.030053434209835753]
            , [0.08467763268079408, 0.0014501986899536886, 0.06308964614947814, 0.04176136333484314, 0.03382292333296739, 0.1707605610112886, 0.015910686578306, 0.047572214682739505, 0.051536226803747975, 0.06938568905638653, 0.01608325869525315, 0.05888630152125551, 0.027193407885605963, 0.0406879452416264, 0.03574590224928908, 0.0701023292927365, 0.060749350448072385, 0.06210938023643149, 0.011352987674304336, 0.03712199443492015]
            , [0.1423973603772987, 0.005560098108377868, 0.07030195267753733, 0.05634185449814486, 0.03410301893800683, 0.06900180901084477, 0.008481731329123296, 0.049815045115357774, 0.07392666411009502, 0.06631789110449984, 0.018050989103427572, 0.05165413264983566, 0.04422204622346216, 0.045930489624188144, 0.02397515842602591, 0.07522792024061911, 0.06134945895497737, 0.06777123510074674, 0.010570658056998333, 0.02500048635043263]
            , [0.05981889726096726, 0.009398640606402659, 0.03062224537850535, 0.048474386289451964, 0.01763147345401806, 0.03879287177133129, 0.03521459682685606, 0.022766275691690225, 0.1472921045994005, 0.04713114303039794, 0.016717850438928532, 0.04076476174536154, 0.02645628440709392, 0.07615897929772217, 0.2022342005991643, 0.0587217984615703, 0.053841354393510274, 0.03287178980042103, 0.014823113539385374, 0.02026723240782138]
            , [0.03566144102286379, 0.012860225705812429, 0.014593879299305333, 0.019071683511095432, 0.23499892266994768, 0.015181877575015486, 0.04030105489736136, 0.04312575002921167, 0.02133767575810064, 0.10943289296058181, 0.028329284091390947, 0.02044873694628275, 0.01178629014676341, 0.02084894589363629, 0.023205382527140266, 0.028738153292105613, 0.02740867639104755, 0.04264643719687945, 0.03538087370803007, 0.21464181637742788]
            , [0.09379770486331211, 0.010559823471476487, 0.0761752459894324, 0.04148897126071427, 0.022110814303984615, 0.22550109750828734, 0.023297388303035876, 0.021154726798741842, 0.03649069940893601, 0.036282003290422304, 0.012551753501366465, 0.07557895143922114, 0.03258808616694057, 0.03198360268443159, 0.035107632932499376, 0.09959515232553666, 0.05335423797050306, 0.03374736014167345, 0.011956995275277368, 0.026677752364207177]
            , [0.06765331460080783, 0.041926185158267536, 0.029031756245224534, 0.0357652842990971, 0.11042701137213155, 0.03482142653501833, 0.04715614457078243, 0.043945062392444556, 0.03597142032663488, 0.0879428475167545, 0.022685385530642803, 0.037984585961863854, 0.02036069788566099, 0.032620999382027005, 0.04025231228699799, 0.07323742216682043, 0.050871829348357454, 0.05868596134236343, 0.008805487244231143, 0.11985486583387171]
            , [0.03685072230018961, 0.008156909557899064, 0.005311470939225949, 0.009798958774029802, 0.03474531271218396, 0.006468423362635195, 0.0059063398523896415, 0.26850409857313645, 0.01252808012813376, 0.2200753270623913, 0.049263579209407285, 0.007500459994707225, 0.007600471298220102, 0.010064535767876479, 0.009799039910140715, 0.016611400459086045, 0.035287018341564544, 0.23714764667623864, 0.0033028370302861563, 0.015077368050258133]
            , [0.07148355907970963, 0.0020824013886512473, 0.17655282866974029, 0.0907636631696934, 0.009024891819510694, 0.08881117928752731, 0.01503506253465531, 0.013260452339791647, 0.06241542308687974, 0.019600763895182144, 0.006619913777911859, 0.1384891590374246, 0.02443346907278915, 0.04015753128996576, 0.027427235027356566, 0.10717398166411238, 0.06550462511470309, 0.021663650262448673, 0.003923583301294231, 0.015576626180652267]
            , [0.32143530067796433, 0.021864361796765604, 0.02719141806514658, 0.03731275282122336, 0.00859914241605323, 0.08113730221779417, 0.013078198055361862, 0.02079567652771806, 0.02770682559838817, 0.027479216556324397, 0.012472774740009912, 0.027308857281428272, 0.021354608437258366, 0.02784300046066357, 0.025157089793526953, 0.1604428098867761, 0.07565075748955716, 0.05321463460984262, 0.0024168659475192916, 0.007538406620678125]
            , [0.15866931595280145, 0.1109317809314143, 0.024030571647326318, 0.027476950991836266, 0.023671469032129577, 0.04090542788491839, 0.021191360922049547, 0.03675365992623669, 0.02738199892044364, 0.05809380859660145, 0.020112782611635443, 0.03552893210730728, 0.01819534552466115, 0.026737390690681748, 0.03102811314960091, 0.13634013403710396, 0.09932721665927896, 0.07517937821167481, 0.006775108800033105, 0.02166925340226491]
            , [0.05133060725950346, 0.004711097491789645, 0.0340045952474998, 0.07862136415628022, 0.023619237855145112, 0.026278397739310597, 0.022366865188701523, 0.09145223632881654, 0.08457944639770225, 0.07063731385917418, 0.01564419428419986, 0.028736562532848627, 0.01562726196752348, 0.04640835521890504, 0.06803169995892645, 0.04235118836464996, 0.12510454294490128, 0.13665126729320254, 0.007656363499106408, 0.026187402411812825]
            , [0.10123636292252469, 0.019305737727708692, 0.020213465642142034, 0.031062654053739355, 0.022472682308363284, 0.028267496223541418, 0.015734585976472492, 0.10362158088661905, 0.031078349976232735, 0.18613625003767167, 0.07121434335033376, 0.02414220181726316, 0.014936991600734592, 0.03293688677838059, 0.032193486149133914, 0.05436303675710281, 0.07102645435500583, 0.12429944140836564, 0.0035269712629086747, 0.012231020765755381]
            , [0.11220930262200894, 0.01431653046626202, 0.029453497063412926, 0.03995287878151976, 0.012177466382240543, 0.0303247880242581, 0.01889135004547372, 0.04304669780243689, 0.04383394536381443, 0.041852655533261236, 0.022654133401098262, 0.046463304161509185, 0.019324902443417117, 0.03609765755732185, 0.03332800774772773, 0.154224622021262, 0.2152936120816519, 0.07185699586043642, 0.0033133749349240327, 0.011384277705963008]
            , [0.1535968654882265, 0.00492384248464994, 0.04303320313002606, 0.11357751694284884, 0.011129149353110008, 0.03173918418909123, 0.023258091608606576, 0.02805293274406797, 0.080034189558482, 0.06832285290471313, 0.01252568538988014, 0.019137338456227785, 0.012678625082957737, 0.08799645151229049, 0.13403078509690294, 0.04829674367391185, 0.05992717163037873, 0.05299262594698822, 0.005147090439917049, 0.00959965436672272]
            , [0.0666595185998037, 0.014774920234096026, 0.0073030201426759886, 0.013371463935313632, 0.013160215907535015, 0.009960921068937251, 0.006956020982726274, 0.24992406250759544, 0.012473548578865628, 0.10438282576410109, 0.025504604705696137, 0.00992145637223081, 0.010566912360992924, 0.011883780215616865, 0.012219216164618957, 0.02357330605711698, 0.05657691714382592, 0.34112010391329145, 0.0022703132708130035, 0.00739687207414703]
            , [0.11330752177064489, 0.0012500673256557833, 0.10693512388176114, 0.10868279679769173, 0.009299303486400779, 0.07313001503019476, 0.01668536608344428, 0.016051639633606514, 0.08689954042217933, 0.03372470617467769, 0.008095236053151633, 0.057039580636287515, 0.06112625493729583, 0.06569532344827869, 0.05363671449514223, 0.08147356223346695, 0.06158639384688612, 0.028778409319849478, 0.005554637006036436, 0.011047807417348324]
            , [0.05570213463710095, 0.004327561976905459, 0.15689266499445004, 0.18650978484462516, 0.005215902812964228, 0.043899219935659914, 0.03445453668481301, 0.00859517626414289, 0.10147691002599568, 0.01645083875404538, 0.006167023304566844, 0.09897264199334091, 0.010991705224919773, 0.08274569643490173, 0.05276692895725975, 0.06753371502486692, 0.041266613976267214, 0.013498452250080997, 0.0011400728994738994, 0.011392419003619099]
            , [0.10589876178547214, 0.007768872135660701, 0.0971074102609456, 0.08886598121025832, 0.010637149851503104, 0.060056100247573435, 0.022953654281046062, 0.016599958420522476, 0.0404034515487878, 0.031172890953830662, 0.008856468875880976, 0.05325995811241268, 0.16255736369372065, 0.043540762999457826, 0.03235365118042844, 0.11002406031044434, 0.06519628041874143, 0.02867704395528536, 0.003463233049790014, 0.010606946708237823]
            , [0.07956689197523337, 0.0013613081881023769, 0.040291549351725006, 0.036299493672021566, 0.0358933758302742, 0.05073384178214037, 0.01131697508194208, 0.11042083850654688, 0.039516355716775656, 0.158221210729424, 0.030252469038331807, 0.03637097666523913, 0.020905599616612973, 0.03706114516807089, 0.03332810891247874, 0.04691785612531903, 0.05357858753405181, 0.13985587996911933, 0.0066988626933908845, 0.03140867344320004]
            , [0.09086465179785214, 0.016197443831517687, 0.04853003767214184, 0.03692574364526026, 0.03803571771331331, 0.07387575929185074, 0.03137305229414277, 0.04023359927277897, 0.014137680987438702, 0.09664280239459314, 0.021901117127069616, 0.04295271336775799, 0.07014472289471176, 0.04459401671340769, 0.07310462499713334, 0.07817416036296623, 0.06554206740587042, 0.06306735490807111, 0.018456829804333597, 0.035245903517788675]
            , [0.2503897732525781, 0.008938320455396014, 0.02666360192092147, 0.02890127201382682, 0.030131256055651402, 0.22770681889950042, 0.01898937519287311, 0.03977091838787701, 0.02879162794403074, 0.06846703076617194, 0.019184847256170368, 0.022504973016199584, 0.017335731554601035, 0.022781119625964352, 0.03506704723872026, 0.049648309667275355, 0.03254438991097803, 0.03999011775232893, 0.007390013622157771, 0.024803455466777414]
