# This script is generated automatically.
# Vector of amino acid stationary distributions.
distributions <- [
              [0.06087915523543825, 0.019907199803123964, 0.06254236361357833, 0.08022124272187754, 0.04331210778342134, 0.05041925472996507, 0.030376387224844106, 0.05845050664236454, 0.06879363901943798, 0.08946743456280161, 0.024891644694180478, 0.04297570758177914, 0.04503028895798047, 0.0403845640088825, 0.053468186122688624, 0.06242027119001553, 0.04886026235505409, 0.06400552988283953, 0.01568540472393752, 0.037908849145789125]
            , [0.05820024565903332, 0.006449464642529259, 0.0544511087863805, 0.06783353905199349, 0.04353025689376571, 0.057028625324624216, 0.028197039078352533, 0.05673291993503123, 0.06421216600247388, 0.09473259337398411, 0.022650983284245627, 0.04514742469850878, 0.0442101190687163, 0.04166815925793117, 0.05810292760199863, 0.06599954247746154, 0.055197442955177464, 0.0775386820353262, 0.01532036822764832, 0.0427963916448174]
            , [0.06002208144525828, 0.014374850562172898, 0.06042937434884063, 0.08631316522286987, 0.03980278547368004, 0.04992949388629833, 0.024005119495023607, 0.06958439950203577, 0.09352881354310015, 0.09190959960206188, 0.024300037277534856, 0.04899696015460791, 0.027997615057438308, 0.041235147982609494, 0.04821616543024162, 0.06129356254344484, 0.049621490192482465, 0.06460942297645532, 0.007065382332433477, 0.036764532971410226]
            , [0.058180977974713506, 0.014486204622539828, 0.053309766545783434, 0.05907196668271716, 0.04016368921839729, 0.13827795565886353, 0.025034706616311363, 0.059890290340369266, 0.06038598584808823, 0.08463698036148334, 0.023252426492954385, 0.04022076211118672, 0.03799263328259233, 0.03603552265823563, 0.0478178803517772, 0.05334733980805387, 0.04921287432669009, 0.06776825509085223, 0.014177098367817434, 0.03673668364057318]
            , [0.07262338222792791, 0.021565051085809382, 0.051802096434157674, 0.06589822193280767, 0.03842824453491719, 0.057676383052532594, 0.02862989476018341, 0.05797442111122492, 0.051070503001327615, 0.09521086345023018, 0.024612162295215623, 0.04337098380810745, 0.045547063569784996, 0.03948836955398642, 0.057627431597418496, 0.07628232518241297, 0.06136973362861684, 0.07568625750749261, 0.005053119841728329, 0.03008349142411766]
            , [0.060335648633740066, 0.013837555205148394, 0.05322854625064841, 0.05933000686890413, 0.03378004850598138, 0.05848968364362609, 0.024648738132944326, 0.12404415418523848, 0.056529488072672246, 0.0729740065179977, 0.01779005338670227, 0.03969966054140479, 0.03542688510077488, 0.035266719775921225, 0.047217193563713025, 0.05251044465628986, 0.044543867547458385, 0.1237621832582033, 0.013419185536824382, 0.03316593061580692]
            , [0.06620610511192043, 0.016455745851481893, 0.04948741668853744, 0.057930202099136976, 0.0336473367824051, 0.054084196975217026, 0.02385152565378848, 0.05979226980668503, 0.054821675066480086, 0.1901681752462232, 0.019304190464559445, 0.03892147914879314, 0.031256243255996186, 0.037596326400697856, 0.04595979824622766, 0.058328729447447616, 0.04829200278910008, 0.07417518161044509, 0.009589190623981982, 0.030132208730875375]
            , [0.0744213732020804, 0.013348006706900638, 0.05497526772738421, 0.06656133848113015, 0.03849329316966556, 0.05795658334746465, 0.02341750003193735, 0.052242047575257466, 0.054493889532786326, 0.07254322930446944, 0.02020344651667503, 0.03656286645502919, 0.14018431209194285, 0.03363020369287581, 0.04746325485995571, 0.049389855196257715, 0.04800975741116443, 0.06393506353077412, 0.01586985700083492, 0.036298854165413945]
            , [0.0779433665247134, 0.016235433929953455, 0.0496877905785034, 0.0680594015851979, 0.03455517547882379, 0.05119307498596568, 0.02599198618024038, 0.05869796399513072, 0.05624197895154699, 0.10357998649766215, 0.020864628056642652, 0.04234310687459662, 0.02602995078882181, 0.0990771627623035, 0.05839365636659581, 0.05858976206179794, 0.05053492680054697, 0.060328108606449556, 0.012605262926211107, 0.029047276048296242]
            , [0.06780039502023487, 0.016211773070497246, 0.07598855157788012, 0.09812927221296358, 0.023524172961098353, 0.05211235882815057, 0.029702339354332714, 0.03875373332964528, 0.08426512651271138, 0.06215937293313808, 0.01773236815195708, 0.06219385893409261, 0.039000880404851876, 0.053972540254921396, 0.05301009703981431, 0.08755362967970615, 0.06192714820720421, 0.048093884235985436, 0.005820823383333129, 0.0220476739074816]
            , [0.13385450784517516, 0.013968725508871474, 0.06446149029418796, 0.06774905445520815, 0.029530665641809062, 0.06744589559516985, 0.029790419041914713, 0.03627468632676879, 0.024633767996289257, 0.10978261594713795, 0.016044795009862802, 0.020917197693290496, 0.04069010208089698, 0.05022148761011652, 0.09490877510163029, 0.05096868233303146, 0.0512720496041858, 0.06310233476681298, 0.014538503768643204, 0.01984424337899691]
            , [0.05954062006080718, 0.01959874211557777, 0.04837742839331335, 0.060237106955622545, 0.03823992480812229, 0.047933999816798474, 0.02722267532796783, 0.06196659197083167, 0.05819883626830087, 0.13969842379002972, 0.058211737270869694, 0.038811218582989235, 0.03203601364411132, 0.03917688225109554, 0.04979604665521886, 0.06181989530689257, 0.04993713173403872, 0.06525198120374778, 0.011189668875549712, 0.032755074968114764]
            , [0.06282829476754148, 0.016490341148582607, 0.041383894314534764, 0.051925956105894164, 0.03236070001698558, 0.0467712792482523, 0.02054835649263667, 0.12307847477135071, 0.05084553094452846, 0.10461504960083443, 0.024847312385395993, 0.03566763276160831, 0.027727762646251264, 0.03248580861838723, 0.04218180006780726, 0.052458450509433, 0.05422406150246603, 0.14691619902993955, 0.005572145579651829, 0.027070949487918414]
            , [0.05848720587204313, 0.012718492112456044, 0.0526162023055196, 0.06678243400228172, 0.03797118296044251, 0.044957821066781894, 0.025537737957069134, 0.054925380719546925, 0.0668157420827643, 0.08070900330782499, 0.020749319429327326, 0.04385839936221311, 0.030154443620781943, 0.03885416252088795, 0.046326580694305904, 0.08554152340117936, 0.12652839214971962, 0.062353870672223, 0.010465858692794767, 0.03364624706983659]
            , [0.058306698188375264, 0.01660178971693852, 0.04172035780761624, 0.05688176835007516, 0.033412020093800385, 0.0672889588401633, 0.027442314316192925, 0.04857751151089355, 0.055734993616783926, 0.11214194594899479, 0.020263772156626857, 0.032145893630188535, 0.07396284814362283, 0.057831986157480066, 0.07356649304511409, 0.060609688898697237, 0.055404054459049126, 0.06335727180045539, 0.018386940297721442, 0.02636269302120998]
            , [0.06411419385507318, 0.012026583598565543, 0.04636295495929455, 0.05342953928703599, 0.034163326080441155, 0.2139629112467168, 0.020936008380326766, 0.0678103208854896, 0.052058016764300497, 0.0878132186021969, 0.022098822107325226, 0.039410560531766906, 0.023009528221363956, 0.034254284084556566, 0.0408353489420315, 0.04761716353922851, 0.04334788529129714, 0.06637636363515537, 0.004993170633747921, 0.025379799354086206]
            , [0.07621395563464096, 0.013711538443358578, 0.05134043949299883, 0.059016503413991346, 0.03791209185203508, 0.05474034172493428, 0.02411831861394345, 0.061058643961798026, 0.048831667524212446, 0.08969953778070436, 0.02352840808101043, 0.03854580211666276, 0.029435771181648855, 0.03320243639695547, 0.14015188109184373, 0.053024953175873614, 0.051782563492469, 0.0691203561705872, 0.010637010944317328, 0.033927778906014124]
            , [0.06978072789078613, 0.016982392393181573, 0.04658561581189269, 0.055581737203067784, 0.03894568556512767, 0.05950001340351922, 0.02462666959256654, 0.059783920415503865, 0.052214523121893675, 0.08892499274150054, 0.02425384250523739, 0.12971932279749226, 0.032198743343991865, 0.03605120564252147, 0.04923724807256092, 0.05834008989074686, 0.046427666572258816, 0.06727298556525964, 0.011994079850725882, 0.031578537620165124]
            , [0.07370491524672883, 0.03117726878125846, 0.04180489161457225, 0.048188798816914694, 0.03535800192116442, 0.04472093737067797, 0.03977004750682189, 0.04498375329477363, 0.052150108410771154, 0.08223175407908957, 0.021850289684806457, 0.046939395809616404, 0.051159122452111995, 0.04918868450444611, 0.060634155462265305, 0.09400893968191612, 0.07495093512863604, 0.0633053104271869, 0.012979399007312112, 0.03089329079892961]
            , [0.06920112278906, 0.014748991879574843, 0.04627111138151602, 0.05555479384450092, 0.03866514503087725, 0.04551075299861185, 0.025098798845179182, 0.06028373427060479, 0.05554371573427972, 0.09663989636244569, 0.02642710612224945, 0.038369322454213636, 0.12310913418486294, 0.036477968817560776, 0.042596938367961565, 0.06963874951440238, 0.050237797108068825, 0.06564878395217034, 0.00734083164563386, 0.03263530469622625]
            , [0.07594392535905611, 0.012991143135612525, 0.14813272269290273, 0.047251737423952424, 0.03855841139091798, 0.05879114789057464, 0.023243083175985908, 0.060945830413696216, 0.05086786848231872, 0.0883523393432467, 0.024720161071576225, 0.031234768811654195, 0.03505988726578899, 0.034260981013430815, 0.048835889588981975, 0.0518924613981858, 0.0502885528844914, 0.07246713748897789, 0.012947004244225045, 0.03321494692442395]
            , [0.1933466467609244, 0.014733820483727442, 0.048319695262670756, 0.0604400421799321, 0.03334230879015742, 0.05702611079534617, 0.024983139140082336, 0.04931843145737391, 0.05356481539628012, 0.08089320803004311, 0.021693526240201527, 0.033392329997689575, 0.03245377755435832, 0.037176192559768305, 0.05247162117389444, 0.054867335728563435, 0.04584838480638426, 0.06442693857274, 0.011986705772804564, 0.029714969297057893]
            , [0.1078433277030818, 0.014385144171724666, 0.05961065931388884, 0.07665422021970497, 0.021404028493219113, 0.05992815705387926, 0.03041473676612253, 0.047549425263119706, 0.05303551438135597, 0.09850389543502608, 0.02267268558522828, 0.04419588205588478, 0.023760455448297885, 0.06317707930290538, 0.07095550514860348, 0.07007368357855864, 0.05178956210647996, 0.06057761080912112, 0.005701824156624959, 0.017766603007172563]
            , [0.06208062080722184, 0.05988828859275746, 0.05554379297953193, 0.05791114409603792, 0.03832669019030496, 0.06692346422644557, 0.02487569507599934, 0.05503482158475722, 0.05719699039741694, 0.08769852536364811, 0.018831318665736355, 0.041190163793264505, 0.04288202523661675, 0.04245453364839913, 0.05459629696281872, 0.06354561802339387, 0.05020313532801545, 0.06941989874382508, 0.018081916032518353, 0.03331506025129047]
            , [0.07546416298770871, 0.014321140784890945, 0.0509389568518811, 0.06060556325145591, 0.03468533451010595, 0.05920411222957919, 0.020012215151280512, 0.061704196066670366, 0.05395746346842609, 0.09605332289349358, 0.024167401748974655, 0.03639226614288147, 0.034146996850919355, 0.035161097834390566, 0.049650372600928076, 0.05377886800997435, 0.04942470667216572, 0.07051960470379671, 0.010191490145813295, 0.10962072709466333]
            , [0.07315202488081196, 0.017524553385522838, 0.08413535284094953, 0.08163515422114713, 0.02555880739756251, 0.08341891565563102, 0.03451109759660778, 0.028143666454553417, 0.07271955160379173, 0.04995129055768489, 0.016062073659627647, 0.0715141576389056, 0.030977179530805424, 0.05034104551847341, 0.06076774301462992, 0.08294810022831701, 0.05640850814205325, 0.037783024916172116, 0.01259068689975999, 0.02985706585699263]
            , [0.07967053687535822, 0.005211103033757609, 0.0772312182454881, 0.04488553899303197, 0.034834637249062696, 0.08075138567783874, 0.01707156169830065, 0.04579458583680011, 0.05606934924354391, 0.06211870450421517, 0.014743107803744928, 0.06656672898750028, 0.04491474122737764, 0.03948346712384514, 0.04235474384769471, 0.08827525616951967, 0.06490524124955026, 0.06196629405161022, 0.024033112463739834, 0.04911868571802022]
            , [0.066083360790584, 0.01563183985108791, 0.05408728242151446, 0.06244119924535123, 0.03470119052954515, 0.056793288852912016, 0.02580598797879322, 0.05986409562056739, 0.06299728795113178, 0.08840353113317477, 0.023429448970717432, 0.0425993895913709, 0.03728927289159619, 0.041114985903251314, 0.05171885859312847, 0.06225258008044578, 0.056730041817868046, 0.0648399997377406, 0.06472127228189083, 0.028495085757328245]
            , [0.08169181628532567, 0.014719800854706337, 0.06272727193523545, 0.06398646721968844, 0.03494592093072032, 0.07478119344848652, 0.02094094147944091, 0.0562233871550209, 0.05348723763082574, 0.08973768870253478, 0.009295284188166393, 0.047920527172413074, 0.036809265138442356, 0.041716886126314315, 0.06445168562687578, 0.07374451999944058, 0.06522370854670646, 0.06258204542095853, 0.017010658109134796, 0.02800369402956271]
            , [0.09159412082251546, 0.0114826015274916, 0.05123501344925171, 0.1581815770723533, 0.03315951880534958, 0.058890766833331616, 0.023087874608171476, 0.050160844161825396, 0.056672844994293196, 0.08148337558662559, 0.020964753951842066, 0.031872897463420306, 0.033796503160077526, 0.03585554524297234, 0.056025865061282175, 0.05011843406080162, 0.04949528886849223, 0.06466015152092248, 0.012246099147881209, 0.029015923661099195]
            , [0.0579795610904146, 0.012574089221701628, 0.03666495090640307, 0.04896268511057457, 0.06600789374309031, 0.03667716289323291, 0.024088006707256488, 0.09061700996856857, 0.05151113880532824, 0.19097651319479134, 0.03706554416360817, 0.03355075123559526, 0.02073419702223571, 0.03454437841819228, 0.0400246495391525, 0.048771570823630914, 0.0449665001336401, 0.07856839317687214, 0.0053624581414596344, 0.04035254570425155]
            , [0.08317506488106975, 0.014163751968297465, 0.05588093356236364, 0.05820317577090205, 0.03814262910893617, 0.06116566328148668, 0.10651371911912283, 0.060661804819482044, 0.04960381155114697, 0.08709770423195082, 0.023307260010443125, 0.030906180957370872, 0.03255502473098573, 0.031467624396584924, 0.04809514440234348, 0.05277237245589331, 0.05386025885676349, 0.07370457470415262, 0.013413613115128781, 0.02530968807557549]
            , [0.0642837086960902, 0.011885707664475933, 0.052600975394903056, 0.06143065327470178, 0.09728515360960527, 0.055513322647876416, 0.022681841459172007, 0.05212390076467162, 0.05520438946895619, 0.08067894995691965, 0.019092083669732262, 0.0390695114033093, 0.03618935259673785, 0.03838611628784412, 0.048361062578290114, 0.05766766290283219, 0.04980019843110422, 0.059469304699629084, 0.00656384826347103, 0.09171225622967769]
            , [0.08753845931187154, 0.012293288573464478, 0.04853645500235637, 0.05547328927323909, 0.038226991688117516, 0.0683006805295591, 0.023764291379570927, 0.056895246991493696, 0.0479113276635804, 0.08408617584606327, 0.024379661828685575, 0.033623143739269924, 0.02810546955465971, 0.033967020064674565, 0.04554231442061997, 0.15692389168859858, 0.04511474401836441, 0.0653749597509081, 0.011377683621095681, 0.03256490505380709]
            , [0.07238300110342408, 0.07021157987910064, 0.05085277390978752, 0.06213022958882685, 0.03506029382858392, 0.04679940192059211, 0.024526065937044778, 0.06464591498563821, 0.061922694777111625, 0.09308553170861344, 0.0231902353665175, 0.044423194793880315, 0.02697812992070844, 0.04065627340194484, 0.046746596381741445, 0.0710356013419109, 0.05646575660045809, 0.07020352420746094, 0.00683134414544598, 0.031851856201208215]
            , [0.09247810444497961, 0.005984285418304852, 0.059144845341201555, 0.05869152464018672, 0.03427404260078284, 0.06865645911933745, 0.025584514799066687, 0.04462919096284029, 0.03883181128136364, 0.09915221285223157, 0.023312915409479044, 0.042527839062363015, 0.04090530030846974, 0.06002109407411179, 0.07199484955610794, 0.05970142098012081, 0.061770145065621125, 0.06392617273765855, 0.02037422532421373, 0.028039046021559277]
            , [0.07709456622890998, 0.01409302845562427, 0.05183461059469829, 0.0567427743789367, 0.11452381785120291, 0.06194330008144902, 0.02807163317405735, 0.051700585779569604, 0.048095868374546664, 0.08477397804478702, 0.024596677572552336, 0.03842351183735048, 0.0370901363919215, 0.03801176782281122, 0.05358903666813939, 0.05627575857064406, 0.051411410206236186, 0.06322106807696125, 0.015234494278017659, 0.033271975611584216]
            , [0.0939564920858833, 0.01305378861775376, 0.03991618033073712, 0.04517446182241534, 0.03252507488818666, 0.052130328498776725, 0.016386005701698684, 0.07029766021463295, 0.03972580560616004, 0.09893049692189954, 0.026851695464875223, 0.06641879795683, 0.03748045068840551, 0.0666538331542913, 0.030935365482621612, 0.08918645716989387, 0.07417510211574796, 0.07252465013314989, 0.006781206370191186, 0.026896146775849377]
            , [0.05895570755945025, 0.016023355153965937, 0.05151745356328549, 0.06711148542972184, 0.04008932107733481, 0.04704323490353286, 0.07321566979328387, 0.05862860698018332, 0.06520464059092496, 0.0919374078177845, 0.022878338387444686, 0.04894212584696879, 0.02704629446479368, 0.054362769612314954, 0.052532070068316526, 0.06316974184601819, 0.0509413295601168, 0.06146430095492679, 0.006876868008979892, 0.042059278380651995]
            , [0.08397294329335739, 0.009548004648082578, 0.06394366384277009, 0.07668599053804842, 0.020806035951971658, 0.07516490700820658, 0.03051480749777292, 0.02589274021328236, 0.07032659879411511, 0.05144494108719522, 0.01578813932202752, 0.049627661650311676, 0.07430799536286734, 0.061405335302369586, 0.06327863988880222, 0.08688224285398204, 0.06394111554247286, 0.04362093992276354, 0.012034720269749881, 0.02081257700985092]
            , [0.09419396124938102, 0.006116975621410781, 0.0576456736695071, 0.08751441294087862, 0.028835904473803048, 0.05963899417383396, 0.019389886684878416, 0.06322661215086904, 0.05641394390636406, 0.08629716922798894, 0.024359654318836143, 0.0405831922909278, 0.02535864158242551, 0.04483736090550678, 0.07737690052807912, 0.06837692727773031, 0.06133360674270625, 0.06994731143705982, 0.005778965912903905, 0.02277390490490949]
            , [0.07610031560175642, 0.017867243731964907, 0.04671386307129571, 0.055841227147328636, 0.03649733345801079, 0.06594878566044324, 0.01125695083821459, 0.0569868002620399, 0.05918790060921964, 0.08288260378002289, 0.026076851314780138, 0.04435210064660682, 0.054837696910244454, 0.037986505472214833, 0.05630518287157274, 0.07405874036065381, 0.0698198314053477, 0.08828876840351528, 0.012741084662092079, 0.026250213792675378]
            , [0.06527991219400607, 0.00893866722918489, 0.056406483553804856, 0.09816978684251187, 0.03198530669235682, 0.037871509288975605, 0.033317692982755095, 0.036435606366192606, 0.12318805957584435, 0.06135359237259788, 0.01823329380808284, 0.052216569081472805, 0.024088918652772143, 0.05849573620172416, 0.09679962162264368, 0.059577198630507984, 0.051740598180075544, 0.041942570307094, 0.008915550217301858, 0.03504332620009485]
            , [0.06869061417389286, 0.003537551969805012, 0.08857586009460702, 0.08661825856280743, 0.022108499432510576, 0.05185361161872546, 0.03315158491755844, 0.028344664831874575, 0.09242444236206593, 0.04432912711527842, 0.013925516746912914, 0.08436362581323055, 0.03381342788205315, 0.06442390376467765, 0.054950208097948296, 0.08737396350207845, 0.06911985580376376, 0.037359408983342515, 0.008240312212361102, 0.026795562114506042]
            , [0.11487296808655781, 0.010036330229347067, 0.061316070908064256, 0.07458756421278417, 0.033817090910816354, 0.04726030205821147, 0.03157728619274626, 0.04394905964913682, 0.04544139024136674, 0.10424329685536934, 0.012313879090769574, 0.03410829616903031, 0.046846598111572275, 0.06741825987165335, 0.06942388561172357, 0.057829364402218995, 0.0502213251412277, 0.057446054409050346, 0.007652440524950434, 0.029638537323403255]
            , [0.07585803575666193, 0.006031681753742515, 0.11791934288264956, 0.1867996556631278, 0.012538643597405221, 0.040256493027930024, 0.026838953793842345, 0.016023671755133948, 0.0969388697084892, 0.028534560921191037, 0.012187025906155915, 0.05441248484761881, 0.031144247937073207, 0.06991557397490274, 0.057673556201759804, 0.06418704768233442, 0.05380681636582605, 0.02610155109090278, 0.005717235443922081, 0.01711455168933059]
            , [0.061719527447716346, 0.009788135839044398, 0.1643686381428259, 0.06158942716893998, 0.029892062566958467, 0.04728645360175072, 0.028000367422404953, 0.049965582193777947, 0.05413170440424771, 0.07466112393950328, 0.018562370714697008, 0.08824568683796524, 0.02456909542301273, 0.0389132485797318, 0.04838369023645895, 0.06187987824129963, 0.050187063000483485, 0.05574340208987269, 0.007431464004047579, 0.024681078145261322]
            , [0.08151773936917905, 0.007055696994365514, 0.11509711006892842, 0.17811454375366348, 0.021000544875215778, 0.039925626582252405, 0.019925260336066813, 0.0398264998912674, 0.0748242635407976, 0.06116600725910762, 0.015938470358603022, 0.04597424278944729, 0.026898898300246412, 0.05064951349544405, 0.038361493302193926, 0.06289615596750588, 0.05366615524936457, 0.04611896366600468, 0.004039166451973127, 0.017003647748372933]
            , [0.0758545419731726, 0.0032009126952980606, 0.05279063632826368, 0.04350424702924142, 0.037618666099678275, 0.2071433535577013, 0.02022617399204585, 0.04648637158587358, 0.04584460972520629, 0.07375655150194382, 0.018203389428159668, 0.04291294826225203, 0.038592582939446424, 0.036273646671356845, 0.04196235051426226, 0.05564963616593018, 0.05068362475871886, 0.05870637891298433, 0.013626279290333514, 0.03696309856813104]
            , [0.22761957085200274, 0.013446077668697385, 0.042618938370774094, 0.052419301427515476, 0.028007523000941704, 0.06360094700832933, 0.019426445327960996, 0.042192729366065954, 0.05006439753273284, 0.06242184159382881, 0.017304967465016217, 0.03571603307719464, 0.023819232814023882, 0.033170139788868035, 0.03826985747779732, 0.12300274818872756, 0.050325908217497946, 0.047005910988553, 0.005749103623385541, 0.02381832621008662]
            , [0.0651216700658758, 0.016156476775012616, 0.04935802433793876, 0.08331389428258715, 0.030733233233207594, 0.03247752861135412, 0.023868558671003386, 0.05504162313055879, 0.07807549151585501, 0.10526439631615817, 0.03731234955474699, 0.05919712122024289, 0.013964218039452705, 0.06358070809366685, 0.05175536797560788, 0.07441313238175698, 0.06911215324956647, 0.05980514453536158, 0.0039082607853254915, 0.027540647224720778]
            , [0.09267076698009717, 0.011254582130165424, 0.06280696609092185, 0.055754371375910466, 0.033991961525514355, 0.16899533469152087, 0.029482900488201718, 0.04787282441734765, 0.02805338747110646, 0.09487574004522874, 0.019282560700685555, 0.02546096895495219, 0.038750106381496355, 0.03482493501292675, 0.06636180498668057, 0.04429671700222262, 0.04580380570106689, 0.0643369901770856, 0.01204751898983927, 0.023075756877029396]
            , [0.07724292638997067, 0.009790289480806022, 0.05129078819495446, 0.10205700358723103, 0.018634046269302568, 0.036145748906244925, 0.024267731481335295, 0.04046240403216525, 0.14355065674538026, 0.061839165171081796, 0.020938614743651076, 0.04556655050072058, 0.022231359649894724, 0.06803575575837317, 0.08972536879086954, 0.06427631862108119, 0.05430095223125462, 0.04926592328477909, 0.002677468731448822, 0.017700927429455088]
            , [0.0687540229161529, 0.01342990315727366, 0.05472267180650924, 0.06517583225255531, 0.11250254059185143, 0.05749706044845036, 0.022965899676009222, 0.06844912348975604, 0.05766238567611906, 0.09020228183564875, 0.017797134236768975, 0.04237807335940475, 0.03315504257353582, 0.03876052269981875, 0.0474517725629451, 0.060963116020095076, 0.0512076077534132, 0.0712782832537201, 0.006264067471363466, 0.019382658218608326]
            , [0.06675203114146337, 0.0123356235380296, 0.04239639719720798, 0.04698090054462161, 0.06889717178522052, 0.0474579507560382, 0.029795516992526725, 0.06103389900460846, 0.0441975856037628, 0.09614687807679041, 0.02490525789040887, 0.03523401548472839, 0.028490712019805405, 0.035118093407050716, 0.048111913708779395, 0.051759091339141416, 0.04841669067069001, 0.07051188098375627, 0.07135967306386005, 0.07009871679150997]
            , [0.09906615340789307, 0.013838074408201492, 0.05294690314223222, 0.07142721379670432, 0.02042900556076439, 0.04485153799178359, 0.02072225052694223, 0.0419289944768396, 0.052506930689231554, 0.06261411822948529, 0.0176168265973438, 0.03999069208499627, 0.15359033491160062, 0.04089946673015664, 0.03684756546510539, 0.08864319906399416, 0.06345007503121697, 0.058290859480781027, 0.004061265100614476, 0.01627853330411285]
            , [0.0879681129757891, 0.00276367190661471, 0.05662408668122259, 0.053958789153039054, 0.0346645469925115, 0.058903876083338934, 0.018495328739678178, 0.043664379548729586, 0.052171639207596515, 0.06991839894650231, 0.016678956961672504, 0.04253353324174815, 0.17055497175625225, 0.03365128198597128, 0.0412985688158725, 0.06165480679671876, 0.050154117410073515, 0.055190618260509694, 0.014467220277932666, 0.034683094258226015]
            , [0.07840144069536437, 0.011034840199307446, 0.05305769036798803, 0.07761053563638086, 0.02944734215122124, 0.056144980923860666, 0.027052970409855954, 0.07446688141394821, 0.07498902724933061, 0.10162184145567901, 0.022149133831208305, 0.042584837606654394, 0.026810165640247897, 0.0437245356034934, 0.05088293590810668, 0.0642557727938196, 0.05523402727082081, 0.0819803840650237, 0.001742142593079081, 0.026808514184609732]
            , [0.0729576652965698, 0.00782597074615311, 0.045381002415668094, 0.05417047960030434, 0.03173588910095696, 0.05771494252697361, 0.02045798235488164, 0.048216601904619745, 0.15422963213577315, 0.08226959358456219, 0.020997196037559153, 0.03050012688863016, 0.0296201230266851, 0.0320246851172195, 0.12382979767770562, 0.044163211624872994, 0.04305891050273408, 0.061489707865359296, 0.011211397464228653, 0.028145084128542813]
            , [0.08349662482307682, 0.01460649577988253, 0.042340229886877745, 0.06449394369564135, 0.015499506053352092, 0.04692594744742214, 0.031251370561563664, 0.025906058144372492, 0.11960836349739644, 0.050606826847060006, 0.016973644441421406, 0.043111161755887396, 0.03279121905207288, 0.07079672098321564, 0.13756435438416564, 0.07409123707965318, 0.06496056241499089, 0.04176546291514419, 0.008050849233661221, 0.015159421003142316]
            , [0.06487387480269917, 0.01078744747695142, 0.1290365366450211, 0.07117574605438313, 0.014207700751743825, 0.06490899632228904, 0.0482584465708509, 0.01845136109973432, 0.05531631540216605, 0.03111230800876874, 0.011854384475161501, 0.1650000147575472, 0.02077079623073366, 0.04878758909122609, 0.045060338924052076, 0.09241225982020498, 0.05738542697161752, 0.02691071762833734, 0.005080160025549627, 0.018609578940962244]
            , [0.05049974130325344, 0.012044435862325457, 0.030148963842570722, 0.038312726736396574, 0.061484514621989665, 0.035262119647554296, 0.023995397916133653, 0.13759236669652025, 0.04215866660253187, 0.12788440427936465, 0.03219095131359065, 0.025074614864783837, 0.02588291563416053, 0.025114302671471703, 0.03883015434505459, 0.03789668355743435, 0.04453285360219028, 0.14263561127886157, 0.0175839741869821, 0.050874601036829815]
            , [0.11938368845799317, 0.02841843881095183, 0.04954108919627286, 0.0520933970510606, 0.016008953162133747, 0.062205711064522225, 0.02830659440625859, 0.02274181831249551, 0.0484575415184849, 0.037701618594549874, 0.014070471329779063, 0.06185462476206698, 0.040202889656366404, 0.04381458487389876, 0.04325925856021183, 0.16954299343988322, 0.0993771295816455, 0.03949877703770546, 0.006362386156422446, 0.017158034027296928]
            , [0.09014749043055648, 0.0018526512341709893, 0.06697329541432838, 0.08309458045303081, 0.030287314529138753, 0.06232054024826414, 0.02109039425556647, 0.07225979972093319, 0.06554515748050431, 0.10072638383114062, 0.02294941650062377, 0.038648043636366765, 0.03360251463812256, 0.04218050945162967, 0.05030856741224596, 0.057085779355672946, 0.04700433739460769, 0.07505920177557912, 0.00775735955967743, 0.031106662677840118]
            , [0.07418447482201959, 0.011302171677839295, 0.06877571658784856, 0.07343271916039401, 0.035894051991485, 0.06168881069060293, 0.01691737329809337, 0.057908411824231204, 0.11093531739287008, 0.07668001103419778, 0.01620418484464929, 0.06012083684314532, 0.03381156230487434, 0.05201364718951286, 0.026044428529476873, 0.058617495123694054, 0.057243562190546333, 0.06139002869843315, 0.014956934014190258, 0.031878261781895574]
            , [0.13356620235958888, 0.00852579659183959, 0.057497101221002475, 0.06725813661104701, 0.024524362237727443, 0.05863379297963585, 0.021593749079635575, 0.033152878274430815, 0.027583136904687947, 0.07426159210957428, 0.015323444243719496, 0.021127991988002737, 0.19140129575021075, 0.030352963324508906, 0.06285225230062494, 0.04546708931974177, 0.04493239406813534, 0.05352906149878494, 0.011806679124261145, 0.016610080012840103]
            , [0.06481078083855929, 0.009515514225410578, 0.05405747699858293, 0.05790636592534325, 0.02615531433015281, 0.06226936144010942, 0.021942096872824682, 0.16264055306355352, 0.05189222823566445, 0.1568653424223855, 0.01377337846555271, 0.0390277089264607, 0.02768059905025108, 0.03387515458523913, 0.04397315948488686, 0.04961861168899184, 0.03977189838274238, 0.046063952758291, 0.00911341161426378, 0.029047090690733933]
            , [0.10386708891875004, 0.008268920281043722, 0.06602920005430933, 0.12373646066093105, 0.009816417416102766, 0.034034883731352696, 0.03402540623652488, 0.025707069615842217, 0.08400684167358893, 0.05023320641003643, 0.012406886354817742, 0.050783227947374034, 0.018826004448619232, 0.11334774424029402, 0.07745879602026726, 0.07409550399648172, 0.0632873939471971, 0.03779164409196191, 0.002554687326632408, 0.009722616627872266]
            , [0.14080053683108598, 0.008169011113619066, 0.05917319250544889, 0.09889863227804718, 0.035131342703440094, 0.03560628935236064, 0.024953023690779973, 0.045149487611669696, 0.07834046034721386, 0.07564671032204093, 0.016908133053192408, 0.041321463629350186, 0.01957372119225437, 0.05259871285674458, 0.04265740427857448, 0.08129855399151757, 0.055627394223282, 0.042720653977839765, 0.011040549407619489, 0.03438472663391882]
            , [0.07934666745418596, 0.016461252645610328, 0.0466817942323459, 0.04995164113970359, 0.03410279144728404, 0.06092002314122464, 0.024031321295023077, 0.055503999434575756, 0.03792835345589137, 0.09642084804385853, 0.029100580374415052, 0.028832060194341702, 0.028298132707980594, 0.031275279819131335, 0.05005097029130962, 0.04928363841929847, 0.16146180610278202, 0.08018724987249064, 0.011099137927581198, 0.029062452000966403]
            , [0.09894511125323405, 0.016595491603493343, 0.03841456515828966, 0.04565969541487087, 0.018509462089140147, 0.03800272251385469, 0.021586963985021235, 0.0495530605720298, 0.04842456998064673, 0.05285595110669322, 0.020067362879453408, 0.04842524994894811, 0.02941325710527888, 0.03518037529622202, 0.037560162523257244, 0.13351254214144304, 0.17438889131286994, 0.07101292525415975, 0.004606867694308219, 0.017284772166785478]
            , [0.07688639292237655, 0.00581212212774897, 0.052354878216676025, 0.07180822045179508, 0.0281350325057567, 0.040564224310511175, 0.025240213307643155, 0.043581394813866914, 0.081670421186853, 0.06672905041210982, 0.01599795445508753, 0.035401608054078854, 0.1950006386116081, 0.03672433333705589, 0.048638601418249834, 0.0488551957539576, 0.04287794690110675, 0.05158684696386372, 0.004633878803768867, 0.027501045445885493]
            , [0.09819603303674243, 0.013289100490033364, 0.04705983324687168, 0.04884249528912694, 0.027730767473028047, 0.058987871958936094, 0.0280009388006997, 0.07948436901436634, 0.027934241551816466, 0.12098393036202255, 0.01571232398556013, 0.023259528483155212, 0.03605334297473323, 0.03778913042301336, 0.06544488861422973, 0.04169309943128544, 0.04327270141580173, 0.1502644391912231, 0.014043606600239912, 0.02195735765711445]
            , [0.05000453557391546, 0.010048462906585063, 0.03045762963082692, 0.05351953972050623, 0.012753408962967568, 0.02742431318240938, 0.03170124059951439, 0.019846773359667818, 0.21409209942903987, 0.03711648350546073, 0.013747059547099413, 0.04148631549187254, 0.01728884785245791, 0.06689147249299368, 0.2379360276847725, 0.04944842064216861, 0.040645613468223804, 0.025774814919635746, 0.004334938093400452, 0.01548200293648167]
            , [0.055726179902463126, 0.01683141661864533, 0.11567810851984839, 0.14329823247679965, 0.038573725931878404, 0.05009972110501362, 0.020333943018575835, 0.064338096358297, 0.041043539135081575, 0.0987375415400464, 0.025440947903741733, 0.032908330462460486, 0.02744621124752091, 0.031670363342723766, 0.03342582538994473, 0.050605295134535135, 0.046668425522741655, 0.06925787893519744, 0.007866191564821542, 0.03005002588966355]
            , [0.06563232635834253, 0.004869457479996253, 0.05880257363336661, 0.051403493347710175, 0.041635371434804454, 0.0643333686650368, 0.08946566861969377, 0.04753460097556516, 0.05680144222844528, 0.0763308639503325, 0.01952199000281043, 0.05283395189993459, 0.037356416958187665, 0.040176194816533325, 0.05103774198964421, 0.06519459597213487, 0.05661056216656007, 0.06411879666744212, 0.013658216924589028, 0.04268236590887012]
            , [0.05759769347778593, 0.021665992972717093, 0.03727631224860479, 0.037744733513310494, 0.041376749631912686, 0.05009973213283357, 0.023021991232654988, 0.06151991954156829, 0.14535701134274903, 0.08663208093793832, 0.022480638148758298, 0.03162556086895166, 0.028976140696749197, 0.028062519193506833, 0.11003891304140863, 0.05469429271549274, 0.0457493825584506, 0.0738772546248413, 0.008833959285198765, 0.0333691218345668]
            , [0.061603742863365396, 0.034949705769266065, 0.02673335686285107, 0.04043972349629295, 0.05374108906887988, 0.027923827010468777, 0.03040999345258345, 0.09096726612562064, 0.04468698420711453, 0.12656223353132237, 0.029845029243554696, 0.02777472161422788, 0.02485770384426155, 0.03694271609574177, 0.05135675459143087, 0.06268045144713612, 0.060489237876458525, 0.11484148100522695, 0.012335611320257244, 0.04085837057393917]
            , [0.08865086590756172, 0.011360344397667374, 0.06982307330562491, 0.059246648021946305, 0.01867047692373636, 0.18703460531972113, 0.02305031169863721, 0.03390341436014761, 0.058102817008469775, 0.04661002961414384, 0.015308922937760545, 0.07104550606082513, 0.027510907050563586, 0.039380937238114005, 0.040634099545939904, 0.09053549729866696, 0.05534080144107146, 0.043812679879628974, 0.003739559684065718, 0.01623850230570727]
            , [0.09205136367485472, 0.001847156027900195, 0.06861928681495258, 0.0594402175720957, 0.038852784312080835, 0.06144775996294582, 0.019998157414109475, 0.044108013200954956, 0.056159835835057334, 0.09474185214497742, 0.021857997424079526, 0.04411950531173975, 0.047438155378722334, 0.048928137883292463, 0.05343036191683706, 0.051764516940475964, 0.06300045097326647, 0.07089187835098744, 0.02291392789138385, 0.03838864096928607]
            , [0.11035430316052405, 0.010950554154131915, 0.0418281739821735, 0.04588619192625186, 0.03332256656951094, 0.058472430844028464, 0.026470884365115174, 0.05506703063241153, 0.02489481760946326, 0.21453682070029834, 0.04031226197178316, 0.0215711282212268, 0.026312341339039303, 0.03390376714843664, 0.06735783126727173, 0.038481584379632325, 0.041353090638397816, 0.07423158104521291, 0.012664617108624248, 0.0220280229364662]
            , [0.06522648744757668, 0.01741502686780549, 0.04794467508354719, 0.052008289650977285, 0.06090015928435029, 0.04862582002197225, 0.06566962761535786, 0.04644463068651498, 0.04945089651481411, 0.0743524651696964, 0.020554589885992902, 0.04270199011373649, 0.037099367639045915, 0.04011880146536341, 0.050297768754622996, 0.06017079119061737, 0.04803698860275258, 0.05754188292620913, 0.02103346758161977, 0.09440627349742683]
            , [0.0675476843480214, 0.004508940797569948, 0.09565693812177314, 0.11852983356789225, 0.014022622267636646, 0.05431615643188313, 0.027300700927980592, 0.023891390113386878, 0.10877838622786204, 0.041760930934550515, 0.012477208407087818, 0.06594886649854613, 0.051639113049947775, 0.06415323346322145, 0.06375352605209285, 0.0788661323521787, 0.055629445031586594, 0.03182760695334095, 0.001917542165561875, 0.017473742287879315]
            , [0.05790842351775011, 0.014241661493667498, 0.031206383458135537, 0.05811610992603086, 0.02768896498480178, 0.03075405140716415, 0.021720900172709823, 0.06674644263251164, 0.1069533381134434, 0.09400618927077711, 0.04553042437943659, 0.03608684157870084, 0.02674056711984969, 0.06758622465608191, 0.08313400710182453, 0.05832819911791926, 0.07096479617003472, 0.07387572095574114, 0.006847310068576542, 0.02156344387484287]
            , [0.14710636941630378, 0.01070377591869524, 0.05858884802761674, 0.07369698265061439, 0.01780047146231146, 0.0573130370261163, 0.028098153404099418, 0.032118324512158854, 0.03138280741245364, 0.06949009968145708, 0.014125773834786536, 0.022246407163113838, 0.034913334894283346, 0.04570941498058134, 0.08798591091278046, 0.07971317819680085, 0.0960406188060171, 0.07008669880824146, 0.00936134460344233, 0.013518448288125708]
            , [0.06941654815596565, 0.0028925713076901303, 0.038540169417563934, 0.07022023599034075, 0.010297284269142795, 0.03282506779778732, 0.030700534077407436, 0.019419111943218065, 0.19818360422846895, 0.03717699029619045, 0.01350821548734694, 0.042490739042445456, 0.023509080336134303, 0.08242386275835074, 0.17649762892462093, 0.05614734894341105, 0.051821760082301355, 0.02847971723574791, 0.0036991478639134363, 0.011750381841952191]
            , [0.15904179089897466, 0.003574064839305939, 0.04261201195917362, 0.04614568566547764, 0.03471136099654733, 0.0525717355495, 0.020195701278489967, 0.05070564460428107, 0.047048850883151236, 0.07658493058064554, 0.018615135368777843, 0.03473010417892399, 0.03779568545867536, 0.03165276006076553, 0.04086079491671901, 0.06455770372280804, 0.07094748266470444, 0.12457150326602154, 0.010953910145752411, 0.032123142961304654]
            , [0.05058161857416744, 0.0029635527379730975, 0.050787585775270726, 0.04267875720120233, 0.029745660264177777, 0.06770835029113113, 0.019367509443935005, 0.13353721252015557, 0.043877541155699924, 0.08920292363738898, 0.013967618971601026, 0.03924577430154007, 0.03451698651497929, 0.030137898968231474, 0.03667925983410542, 0.045489703518699014, 0.0388638158131243, 0.1825718627694302, 0.013261241027907723, 0.034815126679279745]
            , [0.07184929581882592, 0.014334311474644663, 0.08383515774429227, 0.11625285780458251, 0.01021926303269216, 0.05566469061789722, 0.03981285083174801, 0.012789128655402639, 0.10442511425825475, 0.034177326785046654, 0.010320372614354827, 0.06965096634995184, 0.021456904398077226, 0.08577674674635438, 0.09332600866547885, 0.08269985740513315, 0.05164184047300839, 0.022360856352803844, 0.005872704306068129, 0.013533745665382506]
            , [0.05292872171973117, 0.012526817524586223, 0.037708031695099495, 0.049123131403585506, 0.11568335552634629, 0.03342285789049352, 0.030425691027501162, 0.06449005978843758, 0.051932056815807724, 0.10544722475299403, 0.02669986719055213, 0.03529961668928164, 0.017598279224752104, 0.034129793966489054, 0.04308166720282895, 0.0482065192243055, 0.04583015270825447, 0.06439288451723867, 0.014742055390490767, 0.11633121574122413]
