# This script is generated automatically.
# Vector of amino acid stationary distributions.
distributions <- [
              [0.06807816854434748, 0.018190483690278147, 0.05772683552259671, 0.06581269891096572, 0.038851681868803056, 0.0689242397590045, 0.025564431479115416, 0.05767339845157076, 0.06449977086521716, 0.09060413994997175, 0.020665733082242458, 0.04029161553569272, 0.045350549599569245, 0.0412272697319912, 0.057226247720969854, 0.06112796821631151, 0.055973808745414924, 0.06875333941665376, 0.01804917439968503, 0.03540844450959858]
            , [0.06488040057268096, 0.020687673398004265, 0.049876340005879066, 0.06367719722375734, 0.03913850276567157, 0.05010654279995469, 0.025973662886160914, 0.06787687465703661, 0.060859580757419623, 0.10852346620601509, 0.027767753571836917, 0.04444994241006498, 0.03426242968985789, 0.042113308261162004, 0.051900853104898455, 0.07343268555145671, 0.059368096803933665, 0.07455216700999434, 0.007684468329780867, 0.03286805399443425]
            , [0.06417845586417012, 0.0057248035589196455, 0.05559850843261137, 0.061204108131560915, 0.042047636222804996, 0.0632557784756625, 0.02718911556178342, 0.055887357579490905, 0.05750868708639652, 0.09612114282288971, 0.022732466351586444, 0.04439776456574446, 0.045886886317258804, 0.041405410072154904, 0.05802042065840131, 0.06578035733230247, 0.05933416186076385, 0.07756667166882991, 0.014285883133396338, 0.04187438430327154]
            , [0.10263831797850635, 0.011792849281614162, 0.05342555695470656, 0.08341029974659579, 0.03061935889292159, 0.0497555116890113, 0.02744399173698447, 0.05323012226805824, 0.05661894771007552, 0.10138930033006012, 0.01884852021992558, 0.03891518724805173, 0.026772768807710734, 0.07324270460991615, 0.06608282950820885, 0.059050509821731434, 0.05189404035922326, 0.0592783767663536, 0.009476895364580375, 0.026113910705764208]
            , [0.0765128587348147, 0.014647250280673341, 0.07715050356572986, 0.08504868667892548, 0.023251733477777307, 0.06736461248306437, 0.032524680975516765, 0.02993562576030653, 0.07517392081346275, 0.053369029624094365, 0.016227247186591038, 0.06522008231745403, 0.039053216762830585, 0.056059400438799645, 0.059657768821773774, 0.08916315905885507, 0.06381008231083857, 0.0423163217396428, 0.009393120526478381, 0.024120698442370643]
            , [0.10819596500678658, 0.014340988243144068, 0.057186812976914046, 0.05317028623129473, 0.03572700416340759, 0.07654678740563052, 0.03175111645691826, 0.04437828733717743, 0.02101864439799389, 0.11394665831797982, 0.020654863115333603, 0.02697935125730146, 0.048772716708911056, 0.041238204816700874, 0.08126599940508945, 0.053170926083207525, 0.05431343031546808, 0.07450501666852279, 0.016188911239255078, 0.026648029852963166]
            , [0.06425387824471776, 0.010194038373863826, 0.044348297775045016, 0.04502872073650973, 0.033728405586207016, 0.2618767634090208, 0.020344947182663605, 0.059354548976021916, 0.041644917754681376, 0.08271285873092006, 0.02144222817970081, 0.033286798184887174, 0.02752522475322179, 0.029690854156246005, 0.04030900034090625, 0.042654536375535526, 0.041943633355868586, 0.06367394724463576, 0.008578453689569374, 0.027407946949777617]
            , [0.06946575999790944, 0.015328794949084509, 0.04628658365124148, 0.05839139155488347, 0.03667822413753405, 0.04822946668439968, 0.025734915682755086, 0.055505533497423515, 0.05480211618148829, 0.08831670715034937, 0.02153166938760254, 0.03848081798154635, 0.1300563979527714, 0.03888168722073957, 0.04719002805902835, 0.06549759055654075, 0.05344984208804753, 0.06513237753763605, 0.009209681852552897, 0.031830413876465645]
            , [0.07578118221733061, 0.07314847056676065, 0.047675895050115255, 0.05292102166133989, 0.03779313520871097, 0.056818523403228564, 0.02690449760708842, 0.05600397251989318, 0.05066023756213312, 0.09157578119290173, 0.022768419669101963, 0.04009700713216582, 0.033551855144016096, 0.03990383601359803, 0.05549913506639821, 0.06582185535803953, 0.05441836237592588, 0.07293323738188129, 0.012683611319345726, 0.03303996355002526]
            , [0.07309605551639463, 0.01038166184518974, 0.12297779143302104, 0.14048860320907675, 0.0344181112231371, 0.04838937810892767, 0.019009717086279763, 0.05508393069486499, 0.056561150093438775, 0.08027126994208104, 0.021273013140162667, 0.038201818020375984, 0.030500039697590912, 0.036020771797489054, 0.037798540591676484, 0.050888638429623004, 0.047289292840235475, 0.05993514594014219, 0.009106749557231186, 0.02830832083306143]
            , [0.07452293744860221, 0.012015526543312546, 0.0529743254923038, 0.057427950990748246, 0.03902662765616593, 0.05426635154021788, 0.10434423548074895, 0.05397551286895461, 0.05167497448335251, 0.08474617248125753, 0.022319854359976153, 0.04506097955405026, 0.029926804275461245, 0.0427291747575888, 0.049256233103010624, 0.05884257976002128, 0.053989466125024935, 0.06620265691762735, 0.010889335682735942, 0.03580830047883912]
            , [0.07318311961015775, 0.014812751610912042, 0.059455310897245664, 0.08267309621532717, 0.03321771987149165, 0.05218858070640639, 0.025765412693426356, 0.06302560385348839, 0.08176707040432454, 0.08929962467948543, 0.023663639311643118, 0.05523257314336089, 0.02223941877474414, 0.04678931490237859, 0.04641456209240559, 0.0737879343123934, 0.058815576552317915, 0.06448422617034581, 0.002639440990681442, 0.030545023207463613]
            , [0.06705327298082991, 0.010981424508872462, 0.05109430089694532, 0.05976369112718878, 0.07059828974183892, 0.05296926555941855, 0.02375938451446315, 0.0573839869706295, 0.05570705472926725, 0.08883816991506385, 0.02127088283205469, 0.03861536037938178, 0.03109773052739533, 0.035875029328142134, 0.04599438949527349, 0.05409234062676352, 0.04898703594999457, 0.06317733506399438, 0.008138703218531025, 0.11460235163395119]
            , [0.0626566082568016, 0.016434753911186723, 0.0251249040589047, 0.03225477952980131, 0.049641598362542866, 0.03374190798158588, 0.019703190668142363, 0.12456997013563995, 0.02920964454700735, 0.18623172936835242, 0.03892271851005601, 0.02111387864734608, 0.02633390992400213, 0.028740205083593876, 0.04112589053650433, 0.038339845993367726, 0.04418693289917037, 0.1353297305238144, 0.015619013540797663, 0.0307187875213822]
            , [0.07220938023091532, 0.011984764561083215, 0.0515032617442504, 0.0569760131728318, 0.03392791353041156, 0.05667746789156414, 0.02419489140508092, 0.06887544500098117, 0.053418304939861966, 0.09826529223216003, 0.08943445829036704, 0.04003025101547247, 0.032940249513905936, 0.037433697992982386, 0.047857752317141664, 0.055514001450264173, 0.05320827403808575, 0.0710608773959329, 0.01175292820242347, 0.03273477507428391]
            , [0.10703936915084208, 0.0018418062563767923, 0.06537411181854999, 0.06950922339010139, 0.03311002245538886, 0.06411140755883663, 0.02172889890617233, 0.0470857736364756, 0.06722962449652269, 0.08418628054021281, 0.019587484145849963, 0.04131075635522451, 0.04163073183779928, 0.051689241155800786, 0.05547006064166327, 0.06025862294339401, 0.05683167150458911, 0.0662111708729364, 0.012845477029661963, 0.03294826530360156]
            , [0.06984495647217404, 0.01131520254195497, 0.0424433299428215, 0.053702893158921634, 0.03292035008230624, 0.049198116672693554, 0.02155777342267049, 0.05639761277452097, 0.13355524271176583, 0.08367308029405672, 0.02231570543473624, 0.03566791037470923, 0.026079258660885233, 0.03493453120977077, 0.12437899217619633, 0.05168669191003866, 0.04817500516277316, 0.06559365249108835, 0.008062208222619239, 0.028497486283296895]
            , [0.05491292079338875, 0.01046413822983824, 0.050496301808799764, 0.05347442493900207, 0.02939204729119127, 0.056624610925690474, 0.023719225625827293, 0.15374759037350508, 0.04941897979689868, 0.07025939341336661, 0.014118783569602368, 0.03596395837960783, 0.02927149899724887, 0.03247053075566363, 0.04561307127316624, 0.04660764482337621, 0.04309409394411204, 0.16021851046848573, 0.01068897721113105, 0.029443297380097724]
            , [0.16700978484660123, 0.009564349249395206, 0.07222100126944646, 0.08447536216940466, 0.019918900181678533, 0.07012561060648574, 0.030300106481227492, 0.02783365144428941, 0.030120198563523156, 0.07239624501209888, 0.013454494943320596, 0.02179583677520357, 0.03873515674368923, 0.0512153880533039, 0.0914696002919823, 0.06134241596025664, 0.060388730907245586, 0.053732322956855934, 0.009454735530211214, 0.014446108013780476]
            , [0.09220321889877299, 0.005063354373904216, 0.07243907964154311, 0.041596730431217734, 0.035108434613644345, 0.09894269803883468, 0.01797511793294091, 0.041648494421041675, 0.045107218737426825, 0.06147224521773679, 0.01446000947674202, 0.06424906595916129, 0.043490001899820205, 0.039454764772735886, 0.042468701890188705, 0.08907549387282328, 0.0711140612137698, 0.05662174659653228, 0.022727252965179044, 0.04478230904598415]
            , [0.11510316138952, 0.006851168195422204, 0.051476487460121144, 0.04804783863122201, 0.03164989417875916, 0.06377802785625979, 0.012292510745976367, 0.059401105771128934, 0.04963426665622447, 0.07912423723751186, 0.020871147807297947, 0.05745340345613737, 0.04708568987487617, 0.04585236983095221, 0.033238466406662476, 0.08427264816385811, 0.08211138978405366, 0.07909055589374839, 0.008259022246310622, 0.02440660841395716]
            , [0.06458543777793999, 0.009017298035378289, 0.04908697030204752, 0.05345350208535735, 0.025047907952113035, 0.05358067647769874, 0.020509665669681404, 0.1120935908890735, 0.04351146247380063, 0.21840742415630848, 0.022943694426985326, 0.03198894811239415, 0.023643579577634695, 0.031421309188551134, 0.04636826498183483, 0.043322607762723744, 0.039259390277719894, 0.0801294055552333, 0.007210724707263499, 0.02441813959026029]
            , [0.08646972553142575, 0.00677329392926048, 0.08860018804719613, 0.12934192977173684, 0.015009699948406157, 0.04564701822952113, 0.024386115374938556, 0.03289917065225696, 0.088195285397129, 0.0545318541919252, 0.016173784923251486, 0.05856048174133388, 0.030031835126914326, 0.06947395226857678, 0.05474166985089061, 0.07792343689149157, 0.06187202818491367, 0.04286407748918318, 0.0023788221445906646, 0.014125630305057937]
            , [0.06344791636685522, 0.012965712318627035, 0.0772847751109156, 0.04798459747159599, 0.03958816463621189, 0.05444540540697715, 0.02427876865996205, 0.058002464558267734, 0.050405487230445016, 0.08890581304908327, 0.021733639075494512, 0.1385865103234472, 0.029315620911820214, 0.03372771766109028, 0.04536694764868895, 0.057439317872501845, 0.04830788967055378, 0.06394977229543788, 0.012154553907589469, 0.03210892582443537]
            , [0.23026983352290512, 0.012842651900965752, 0.0386040729214749, 0.045392294070964685, 0.0314777496969405, 0.05948780793872316, 0.02099160988828595, 0.044067501876776397, 0.04248780669005546, 0.06869429265657773, 0.019857903789669694, 0.02999722443438942, 0.020248109333857903, 0.031467093845150625, 0.04177938774123772, 0.1319183934737759, 0.044525446354422724, 0.04955394456148383, 0.008292487347125618, 0.02804438795521685]
            , [0.06979955005354416, 0.012132699792826062, 0.05242713535996325, 0.05948528348640144, 0.12242864269968265, 0.05806692263084227, 0.024388347984201395, 0.05631584861419655, 0.053106490907549916, 0.10529318099752691, 0.019752795595056206, 0.04084329146838646, 0.03245265702066115, 0.03757960790719099, 0.048257943302443616, 0.059013185388071876, 0.05041918672137166, 0.06248356169027139, 0.00893384118369318, 0.026819827196118848]
            , [0.07421233695460032, 0.0119925819256824, 0.051871664807905095, 0.05485244319979064, 0.03965807474812934, 0.05778555897405179, 0.025131768896276396, 0.05190260065929579, 0.050560956147250195, 0.08627965845731496, 0.023001822191945614, 0.04040628875214307, 0.03484265927237498, 0.04072070827806727, 0.05340634589742442, 0.06067104379403696, 0.056685141793961565, 0.06410256011489286, 0.08979130740407477, 0.03212447773078157]
            , [0.13633824935676886, 0.017505740731130322, 0.03577283939066023, 0.04221321197402925, 0.029124162395862976, 0.04507771815967151, 0.021440751546831456, 0.06932382801476611, 0.035641226999403856, 0.08477428926089162, 0.021289220177759426, 0.02748782809244252, 0.026154524032477155, 0.02887816896239955, 0.044836347569488254, 0.0487727218592622, 0.08219187444977682, 0.16923394040817938, 0.008714086307951901, 0.025229270310246882]
            , [0.06395732811702146, 0.003598134256222424, 0.07615033073036342, 0.10920900526892031, 0.02519015985228209, 0.038784357338042155, 0.03887739709424933, 0.03114204561258509, 0.11630646860853645, 0.051587270481839385, 0.015305382241398005, 0.07035318313837421, 0.019980645313066217, 0.07120707635737922, 0.06578223996021203, 0.0689339240014477, 0.058814648213608704, 0.03566618986995178, 0.005560508145089591, 0.033593705399410395]
            , [0.059919985635616214, 0.01689791177588255, 0.023951323963406428, 0.03062199128868528, 0.12062800132970511, 0.031140678301089363, 0.030579093044112295, 0.07664668725557348, 0.029809644267330664, 0.15211444459584916, 0.03658892518522866, 0.0239321800480781, 0.02029069006742409, 0.027364749098322504, 0.037249380229654384, 0.04123761957676095, 0.03942257576775378, 0.07691571684642311, 0.03639869134383676, 0.08828971037926713]
            , [0.05532139458597022, 0.010903479426443152, 0.048899615932249806, 0.04781241618737579, 0.03155692281816031, 0.049214156758632846, 0.023221608227400253, 0.0382410921154656, 0.04072185378545012, 0.06680277687998383, 0.0177902790948657, 0.039063383784539225, 0.022066812716257836, 0.03214331128693254, 0.043871767683051704, 0.14851695423355643, 0.196021187712229, 0.048677379937320485, 0.01063044139639605, 0.028523165437719225]
            , [0.07193715441922015, 0.019107275063163124, 0.02601958103367394, 0.03804914292164915, 0.030379508775405108, 0.029872519791772266, 0.016590148852028995, 0.12338846061982281, 0.03820097369605713, 0.19503621735836887, 0.058951476294556215, 0.02732496172593384, 0.01564345842151859, 0.031336457370171926, 0.035454853211336484, 0.04566559682744893, 0.05438742644545589, 0.12184487980315008, 0.0036400147510255456, 0.017169892618241023]
            , [0.1365113321200425, 0.017894148035977175, 0.04144840612950783, 0.053133102965262746, 0.014044438224633391, 0.046785201629386326, 0.02102700137485765, 0.0393181196407273, 0.047639212418606684, 0.05233542491171052, 0.02098587686577174, 0.0499620582988687, 0.02828422529263311, 0.04562051224780537, 0.03910450451349833, 0.1362957211620063, 0.12802134242951474, 0.06503975050771302, 0.00354623043410995, 0.013003390797366557]
            , [0.10317986716574394, 0.006554320428794337, 0.049317302688854384, 0.05104279711251969, 0.031249610173513496, 0.06393363538037423, 0.01927944920500691, 0.039231951886581365, 0.03758463654726482, 0.06871590605143758, 0.01755114165783188, 0.030089690216386637, 0.2206689498171746, 0.030142289211467218, 0.04559948756152073, 0.04935984051769321, 0.04334406784559752, 0.052862275100436444, 0.013810190642735809, 0.026482590789065247]
            , [0.09110279785888582, 0.014889193606046016, 0.10444917138770875, 0.10667572033817152, 0.010207477770794338, 0.07605702219924616, 0.032247232898551144, 0.016028823215728887, 0.06520129527831428, 0.032740463357403486, 0.010321148334051693, 0.07556950942749413, 0.03827803119251347, 0.06229876633456076, 0.05548432875056992, 0.10351964098426758, 0.06214716798946633, 0.027269104930409013, 0.0037066848717334, 0.0118064192740831]
            , [0.06151614108121872, 0.005111939584996077, 0.20214874766623014, 0.26206323093531364, 0.008442888889054092, 0.03531286662898291, 0.02230495982518004, 0.012464785176486606, 0.05960849820589096, 0.021417867414881428, 0.009372131160499392, 0.05812396925274377, 0.019427694975005832, 0.06664991014013724, 0.030702509062589135, 0.050902881471436706, 0.03963641763296058, 0.020972134684279546, 0.003084193665474317, 0.010736232546639048]
            , [0.08063907893093139, 0.017461657180731102, 0.04223936685430813, 0.0762258792306437, 0.017320138612374622, 0.03407334457541182, 0.04665779601034657, 0.03004382823311373, 0.1001611885628433, 0.06249525970035005, 0.017471735837256214, 0.0509538784049852, 0.016071143949524035, 0.0961891654990647, 0.11151128327209574, 0.07475694481427096, 0.0611673274777943, 0.04119765256816809, 0.004183533666359344, 0.019179796619427147]
            , [0.11597571390217028, 0.014017180098138559, 0.05743718679473584, 0.045928308201969054, 0.014057878828356758, 0.2953290561204338, 0.02280646841450555, 0.01770292604957218, 0.03928215819514207, 0.030160179191052197, 0.011471281280313392, 0.05521888630678815, 0.025533698448725137, 0.03343196737713712, 0.0398112178689642, 0.08847171833285991, 0.04441855630972143, 0.029924958873646178, 0.00554104888359278, 0.013479610522175604]
            , [0.051535729731206174, 0.0031572741558935874, 0.07350170179497509, 0.06871141293873696, 0.03546591291559307, 0.052967202312436186, 0.013340250736249427, 0.06925806553878139, 0.10197834727276905, 0.07494789019306139, 0.014488911188893658, 0.09897017747142228, 0.02514570850986139, 0.035425321535535986, 0.03246623145538938, 0.07110032582826337, 0.06654517269692353, 0.05488646774029229, 0.009974700192578024, 0.04613319579113746]
            , [0.10269510841682337, 0.0104188672891059, 0.04437427092405825, 0.05889374281977039, 0.013987606681859846, 0.04159200191707731, 0.02714284821193354, 0.022428079314432976, 0.054238401418323014, 0.04346617402951556, 0.012690929434096302, 0.03698593097021272, 0.2268432093134591, 0.04963105223217921, 0.05170469003064285, 0.08889217597229397, 0.05887385037687737, 0.03639517870136645, 0.004923623987466353, 0.013822257958505432]
            , [0.19701998914234042, 0.08236357309551082, 0.022783157786620385, 0.02630118759742064, 0.02654806624439606, 0.041151505345048446, 0.018788217176887053, 0.05906805455619346, 0.024851348586373372, 0.09085383220077135, 0.025786533296645438, 0.022468656144030597, 0.0147649781981446, 0.02387880315487793, 0.0323689412555808, 0.06791061582731185, 0.06977040696499266, 0.12472653891691036, 0.006993391817647968, 0.021602202692295843]
            , [0.0972741006017586, 0.0021650023907820014, 0.1070654675580622, 0.10390583637665043, 0.012303817116841432, 0.07283713754550958, 0.020931516641977937, 0.017728136003467936, 0.0842764557567153, 0.03442347779041192, 0.009067415457474953, 0.0636811958678161, 0.057244019817550805, 0.06359936758586084, 0.056567907760197225, 0.08397209884975006, 0.06271720540874826, 0.029319012044878762, 0.006357232041683533, 0.014563597383862053]
            , [0.04920034846643725, 0.011933481605851143, 0.022031504907781174, 0.030727840713127643, 0.08181730671002733, 0.023748014288891166, 0.02153644252872585, 0.15038638986576885, 0.03530394673053547, 0.17593278024928125, 0.0349518195859292, 0.024163056107443803, 0.01431863169008996, 0.02260672069249694, 0.028698401588865167, 0.03702980255869556, 0.04555791370530831, 0.1287976091069995, 0.004614288946946413, 0.05664369995079806]
            , [0.17775181176860164, 0.003923454352754232, 0.06943084179423008, 0.14411348444572575, 0.01671898672723299, 0.03462012501780213, 0.01977662657298801, 0.028323450933471685, 0.08347832954838035, 0.061118210578282504, 0.01093345267244232, 0.03158502295746665, 0.009700154482568812, 0.0807971630733105, 0.08152642385280351, 0.051702800789695275, 0.04291360012389975, 0.03173552491943312, 0.005713587846583376, 0.0141369475423275]
            , [0.10827429219209649, 0.0031754031170097806, 0.06939574184700151, 0.10051099910335383, 0.018250385530414914, 0.03525945024659652, 0.01463846450260519, 0.03300854104678072, 0.06873086267567151, 0.05084046483003813, 0.012267861523650003, 0.029517808470799177, 0.20936393511711104, 0.03863779473341495, 0.0382484739554114, 0.05827001702608078, 0.045999458452431995, 0.04629649777744399, 0.004240553827643199, 0.015072994024445173]
            , [0.07678047713586392, 0.0017821704324660417, 0.044294724130742334, 0.038421080719282685, 0.03837402364348917, 0.05782293705612393, 0.014689742114070993, 0.09830487830972216, 0.04137126825432062, 0.13175706987445407, 0.03231028159044854, 0.038833139477240736, 0.026014591150352494, 0.035278413314391584, 0.03519998062065851, 0.04932826014365254, 0.054898496943217676, 0.13729473041558976, 0.010287099716837387, 0.0369566349570747]
            , [0.06452768738857116, 0.013923240337767644, 0.011459290948465387, 0.017828733087989736, 0.024202059016669775, 0.015417880162189382, 0.009741647419808534, 0.21852145793785432, 0.018237286691039068, 0.1316200175326033, 0.03166155461889459, 0.014035428830559799, 0.01686656400511664, 0.016667349589766255, 0.01876843204879448, 0.02961841836313804, 0.05927293148009493, 0.2688843776892415, 0.004416524136362108, 0.01432911871507345]
            , [0.08541845414325078, 0.0034972858889877234, 0.11076959294614859, 0.1544142999236939, 0.005462927237222439, 0.04002786081548328, 0.027569580830479508, 0.013871563833654735, 0.10369816867445075, 0.024687920092860298, 0.006982905751848202, 0.07384880415262092, 0.027757334135479227, 0.08633727826339645, 0.05870976464982432, 0.0833430685301885, 0.06273454690920723, 0.0220979581540998, 0.0008350098147720921, 0.007935675252331163]
            , [0.0773905549548003, 0.006073828505629279, 0.03540593544389639, 0.07523753062509558, 0.008204247168359848, 0.032743701986558, 0.025238801026051638, 0.01808805239540174, 0.1965646803425776, 0.035225345475700595, 0.013881300920614783, 0.03948381199028661, 0.02953353010833364, 0.08379759487072014, 0.16274197556186001, 0.06178791408027032, 0.056251592662004, 0.02972535651832942, 0.0031799650839313444, 0.009444280279578719]
            , [0.05194750750189283, 0.014964386916792163, 0.010470167909431402, 0.013459333540917901, 0.0984636108427458, 0.01896686809551787, 0.013121237889501883, 0.14397100998731305, 0.01155574193594932, 0.2607145839339183, 0.0488442114083024, 0.010302559221803415, 0.012827733935886773, 0.013549033987819845, 0.018466072201245253, 0.022207440815179322, 0.0306414404838265, 0.13992473855712578, 0.022531140022461142, 0.0430711808123692]
            , [0.04701665404853222, 0.0074732188528080145, 0.03056122853393266, 0.030285243430576946, 0.02069433900950265, 0.045822255773941785, 0.014083147098473192, 0.22126652436043412, 0.025965945404337155, 0.130198951214316, 0.01601378725428781, 0.020832726446619626, 0.015771411772598918, 0.01885717004482172, 0.032602484853629925, 0.029109360914563665, 0.02904349725770813, 0.24521861685128665, 0.003941193594214774, 0.015242243283414095]
            , [0.033760079136267114, 0.007031263417270655, 0.00935692546512807, 0.015586343600827465, 0.05114140661381845, 0.010297721385600672, 0.01146694350074207, 0.12812201226589778, 0.019177878397397187, 0.38591911744607815, 0.09733506221404908, 0.012012911585310029, 0.00984129511497538, 0.023937502298902295, 0.021125646429271106, 0.020436919585402228, 0.027924850198137403, 0.09336597036376057, 0.0062380492297209045, 0.015922101751443145]
            , [0.07970224331345155, 0.014285234521703858, 0.04329386678013702, 0.04692451212131248, 0.06816797520286863, 0.0452788806044849, 0.07674519582804779, 0.0335165158526583, 0.03941516656200122, 0.07419773411011574, 0.018852778004737333, 0.03821530270694315, 0.023108428042382077, 0.0412370748524029, 0.06072230400267604, 0.057150698859554545, 0.04795998507626951, 0.04786609002685238, 0.04244794342134645, 0.1009120701100541]
            , [0.06659384493994186, 0.009723203780825244, 0.03860549883619288, 0.04003470137291912, 0.07402779051168329, 0.050430079215009416, 0.019302986793939842, 0.04665016309252538, 0.03377671436687535, 0.2618167728268833, 0.08270321514550143, 0.028985234115931898, 0.01829043999076472, 0.027737751786627175, 0.04026190909862743, 0.04022245032625321, 0.036984307082098364, 0.04763939809914829, 0.00797065334955418, 0.02824288526869742]
            , [0.3011172669378901, 0.022168575227181443, 0.025920599115092174, 0.033536271527887816, 0.007295562026846753, 0.08410600317926448, 0.013480450391783659, 0.0148247582555064, 0.024917285702672827, 0.022123588915261515, 0.010177325293598608, 0.030565416320757186, 0.02766971026199255, 0.026291861325233448, 0.023442197527100694, 0.19522590661534736, 0.08612267705088822, 0.04176111616426641, 0.0024797201740150844, 0.006773707987413247]
            , [0.060952816153302926, 0.011184163102306096, 0.03121307148393234, 0.04757232803971373, 0.016998669067479252, 0.040961469584765084, 0.03715223312384354, 0.02091289903801779, 0.13930708048878074, 0.04510647570339526, 0.015707369871865696, 0.041821830484738885, 0.028475358941392036, 0.07702708441916206, 0.20752702793959318, 0.06104427932803339, 0.05297082519229513, 0.0314637843879307, 0.013043393115065789, 0.01955784053438644]
            , [0.04213530266808238, 0.009642807518850148, 0.004729886572405055, 0.00890324730196589, 0.0222283087493808, 0.006886533130300734, 0.005560635123117044, 0.25402914293370543, 0.010569794174658137, 0.23371031320092273, 0.06278800639280166, 0.006275695229454463, 0.006330555028841084, 0.010879712743371387, 0.010643387387570124, 0.015915990706609526, 0.035181797067210314, 0.24637459459754607, 0.0020811944343447322, 0.005133095038862185]
            , [0.03779653961656341, 0.0048042452439291524, 0.0808364062298863, 0.04720812095582703, 0.02282640113177594, 0.3136378815017838, 0.023177658561537674, 0.034382729633613024, 0.06196838468546422, 0.05454794613596484, 0.013151171851941977, 0.08759651245280754, 0.016040200639097738, 0.03814572104128456, 0.039616526306624544, 0.036054605384955515, 0.027973605617203027, 0.0367253432510312, 0.0047207602544543726, 0.018789239504254204]
            , [0.18272814460279932, 0.0042716887454981815, 0.11223678720481212, 0.14805208965937056, 0.0062213559142782135, 0.06539940583175415, 0.025524910350916065, 0.009526772783773767, 0.03696352877343222, 0.028984887090541745, 0.0069252978306874385, 0.025840014269043976, 0.028172552018071333, 0.07214272671572397, 0.08832970682563235, 0.06830377328262485, 0.05477305571413381, 0.02685213190371798, 0.0037737634980471563, 0.004977406985140668]
            , [0.07691129515293856, 0.04524672401523254, 0.02897087776340227, 0.034798269450272847, 0.10719898777030004, 0.03781894965413557, 0.03811771776147101, 0.048057304542217495, 0.03434165677226039, 0.09384740394610205, 0.025453577617626323, 0.03621801138275175, 0.02102118951893117, 0.03080324693513531, 0.037458561985478867, 0.0743702660657707, 0.0517217379349767, 0.0636427235627904, 0.008436600172916517, 0.10556489799528973]
            , [0.060629924242039696, 0.0043098973203210475, 0.20187350281723782, 0.09562405540679011, 0.012777372982134744, 0.08627319320580555, 0.015953250628959564, 0.02006806791368912, 0.05356942313697972, 0.027519047118563223, 0.008997845092924802, 0.12944641094694406, 0.02055570257535024, 0.03452726823946427, 0.027937063997157743, 0.09158433248403051, 0.06017011004810442, 0.027481793884024042, 0.004589619287222518, 0.01611211867225684]
            , [0.06303161029835008, 0.004862618023217587, 0.03731237381678572, 0.10671501005300675, 0.021168172823454557, 0.0263631609023575, 0.021460085063739875, 0.06645440334465874, 0.09379325158838502, 0.06428317442690988, 0.012636456849845556, 0.028579339186191825, 0.015814368576848155, 0.0559447191635813, 0.06778646566541753, 0.045573343228609925, 0.1176197454222383, 0.12143496101737235, 0.006973486074613946, 0.022193254474415305]
            , [0.15499670872949553, 0.007001764173372433, 0.06216425239728511, 0.04843810613399914, 0.011581859124474951, 0.08667951899415624, 0.014605644098959966, 0.01652524160360848, 0.03531869382305319, 0.028442870043005653, 0.010624894458373588, 0.057730102556071215, 0.0663728063855433, 0.03506216718648423, 0.026910611762545947, 0.17896188770008586, 0.10664645623080109, 0.03360231852547101, 0.005701123113312666, 0.012632972959900596]
            , [0.04859410956492322, 0.0019806910579217075, 0.014784927812953345, 0.01699135339833638, 0.05265847156773123, 0.02224795712829821, 0.0072660664663648945, 0.19166687877536254, 0.018032543466245277, 0.2584489699534272, 0.052910039657194985, 0.015768829219349207, 0.014198604741023082, 0.01547476446977338, 0.016928453611964527, 0.02569284171300161, 0.03537588831911527, 0.16592845343924092, 0.005111674863898694, 0.01993848077387445]
            , [0.2886500460518812, 0.01932192527821482, 0.020331768694367435, 0.022230358407289975, 0.028202627404535587, 0.21455962300649148, 0.016308205423722712, 0.03654547661915053, 0.022098663128639933, 0.062196392410318685, 0.019109679402826787, 0.02029389768246212, 0.013796770799012243, 0.01892484220861762, 0.027682555074043054, 0.06511119080726484, 0.034597428561427196, 0.04122732409135858, 0.006788195632663336, 0.022023029315711793]
            , [0.08626818195492714, 0.005475393377792559, 0.22134560653813018, 0.16996228548405365, 0.0034434287605040544, 0.07868535736984333, 0.024529983085623812, 0.005979872037749722, 0.04207354007685234, 0.012863664464347566, 0.004647045376758886, 0.08468052175672186, 0.02590494244527408, 0.05473418406271149, 0.03406204290722483, 0.08197681556148938, 0.04455226861828555, 0.012945131726337964, 0.0016680498329921384, 0.004201684562379478]
            , [0.054976219532436164, 0.007957263193035774, 0.14138729638048766, 0.05559376785203553, 0.0181260120241332, 0.05518164868635209, 0.06960039054770546, 0.01788868775672306, 0.04847094890256042, 0.030936978578217103, 0.011295558168555795, 0.19042085500555564, 0.01693201306096069, 0.0410093525596703, 0.038785942048639485, 0.08954507658762074, 0.05273133189349115, 0.025140888849292355, 0.0055845759093814465, 0.028435192463145863]
            , [0.038578027429551964, 0.014040910590917263, 0.01719880909113919, 0.020266972469580438, 0.20433993219740748, 0.01762688628510661, 0.07373637975979502, 0.022290931668383435, 0.021466857493331156, 0.06089420766284569, 0.015100302343155332, 0.02559177144496219, 0.011921274994774566, 0.025164349521661362, 0.027722631178405687, 0.0336493299757262, 0.026587535297031333, 0.02960051040038572, 0.043084146092784124, 0.27113823410305515]
            , [0.06988182420888264, 0.005522395623543402, 0.04117231566405001, 0.03539943743954161, 0.14834635652161537, 0.06109980032635956, 0.020697488516588165, 0.035990336557760516, 0.032694111383385356, 0.06667780313516337, 0.019814418662363567, 0.03509786110360995, 0.024417828641276458, 0.029886714351870677, 0.03536979833284522, 0.04925323936801788, 0.0463532691291442, 0.05013107450227983, 0.028630129888466388, 0.16356379664323586]
            , [0.06466438427027207, 0.0061552727442284825, 0.07603724154289308, 0.09608377100411132, 0.0075460878811909994, 0.05295706861426197, 0.05523616057763044, 0.010781236157013162, 0.12485994860740736, 0.023577507514668875, 0.007209209593758587, 0.09930546467221772, 0.011795496316526802, 0.09798714571930761, 0.10757604926153312, 0.07649715969873576, 0.04962168030698797, 0.016241628996625117, 0.0038159809312426924, 0.012051505589386865]
            , [0.1293624820561937, 0.07472237138214095, 0.029118343470345677, 0.030799461045772605, 0.022623065539186908, 0.058245786001492335, 0.027288035480595677, 0.02764752117943206, 0.032168681671869495, 0.04655484634560813, 0.016877071044737988, 0.05720760617355711, 0.028110558619704084, 0.031188888984981997, 0.036111442042401964, 0.17578637122909352, 0.09962081747283019, 0.04696923166563828, 0.007736559904682272, 0.02186085868973516]
            , [0.13863549005309497, 0.0021275360518971504, 0.09267583912618194, 0.1267619565101329, 0.004565046497964898, 0.034220631053238644, 0.013129324277977932, 0.009280586189619732, 0.06398307563311344, 0.01953744917088449, 0.0052410261030151175, 0.03152540372384792, 0.22300936663546286, 0.04682569146659791, 0.03250607074638975, 0.07905242245514858, 0.048755162755537644, 0.02210782495794593, 0.001462845754404404, 0.004597250837543814]
            , [0.15517787146144427, 0.004228370544969462, 0.019331844364484728, 0.02645632062226512, 0.006049370218058839, 0.02767089949833726, 0.00963216034237788, 0.011557761250343511, 0.01821690652358681, 0.021801822361979514, 0.00680344921068623, 0.015318597022460146, 0.4800226733039769, 0.021269901775241518, 0.018305985860872485, 0.07959492186225607, 0.04370753522712066, 0.027595593888172065, 0.002307637259053551, 0.00495037740231307]
            , [0.11349193034067183, 0.02714599210498289, 0.013069590418686121, 0.014528553368043273, 0.04871524733905575, 0.04690038497054764, 0.010233335957087163, 0.1374967195700841, 0.012427318407981471, 0.23409787372233623, 0.04221379747353043, 0.012789698438903381, 0.011214268850329036, 0.012156649549014194, 0.018961028985409016, 0.029573662744918017, 0.03568585937714802, 0.15554541072984104, 0.0069962713423673585, 0.016756406309062975]
            , [0.09803020432837252, 0.000740636168264423, 0.06016658778787043, 0.04932908797536378, 0.02699721854523593, 0.08013955027115154, 0.014356687015596154, 0.04246101117996178, 0.05676300676486121, 0.06966471194540398, 0.014493084244848513, 0.07104206875888232, 0.018159271793046338, 0.057928701237011576, 0.04433333790010864, 0.10615988445174786, 0.08874869257581888, 0.06006173092262194, 0.006396514285904959, 0.03402801184792713]
            , [0.08809219358896149, 0.006825837157196421, 0.03282374053110853, 0.05626362213213315, 0.019340193485077536, 0.0350226905850551, 0.019969943346221493, 0.03669492738295829, 0.07024483685256991, 0.1471777205520224, 0.09251617013384454, 0.035365178320500276, 0.015002809054434808, 0.10361538281855705, 0.06471064020885998, 0.05157041794797161, 0.05675418351853847, 0.04596555220377896, 0.005537228183607008, 0.016506731996603054]
            , [0.03649256176189673, 0.015064049914595291, 0.007308670701997924, 0.011060931129316533, 0.06972018463339157, 0.008062972001459298, 0.009293176345883754, 0.1910459671733539, 0.012603284165612304, 0.3132911882270231, 0.06415246167486888, 0.010527351228103077, 0.006187654422609609, 0.012011162707616846, 0.010918026063528565, 0.018622936490865917, 0.02824713020865772, 0.14585676819688975, 0.0023509880548544127, 0.027182534897474436]
            , [0.07365446827353238, 0.0007119498720834191, 0.09233378352587522, 0.13261276701783922, 0.005786456782934218, 0.04088197665983651, 0.03152651214770438, 0.011666535940408616, 0.1385587341148883, 0.024379305386965405, 0.007245426980786507, 0.07215359554109993, 0.017282376894812598, 0.09605275839127576, 0.08681499468919328, 0.07342970985781183, 0.06134331187968066, 0.01950879607213976, 0.0029055400304685585, 0.011150999940663067]
            , [0.11297084639298613, 0.007562740075017185, 0.016752094408867664, 0.012359107425730613, 0.003396297241492971, 0.6845101504524984, 0.0059523686796164816, 0.004684125260340709, 0.011296366445509355, 0.007520635631320056, 0.003987036250125464, 0.020489535550248586, 0.006294503400235982, 0.009414874388299547, 0.009951919340237182, 0.05151292210730189, 0.01606557365304724, 0.010530673045997585, 0.0013141169750547027, 0.0034341132760722076]
            , [0.19571598433627824, 0.007960466049081545, 0.015363309979372892, 0.02198055154841272, 0.011796206978212287, 0.028529327795186393, 0.010131108591959117, 0.08364330946720612, 0.02026051497967427, 0.05817500433494737, 0.02720523036673984, 0.022309754282933247, 0.01799164517952202, 0.020460894564602004, 0.01900526097575797, 0.09224769980038, 0.15403469905465653, 0.18174256818080178, 0.0031208392895939567, 0.008325624244681877]
            , [0.02814835622325941, 0.010372053131605326, 0.007525808619718086, 0.009681319281743705, 0.3110441726538834, 0.010325429692465086, 0.022914347248993758, 0.046955689771441954, 0.010516350333165322, 0.1368548129763466, 0.03552479663937409, 0.012793023590743567, 0.006824513111400066, 0.012901024551719915, 0.011639846769920541, 0.020621916256503475, 0.020265011832087888, 0.04300385606290205, 0.03902567542848278, 0.20306199582424284]
            , [0.05853589168427216, 0.009229510164660509, 0.021863572106742953, 0.05106865469814751, 0.043298607854779535, 0.018713829377958815, 0.046331994614031285, 0.06340022215455235, 0.09573007587282314, 0.13420543333854942, 0.03293587935679887, 0.027113151390381625, 0.010667588752151487, 0.06361809382458682, 0.1138714308762846, 0.03743205144322941, 0.046018624581309495, 0.06697772069210917, 0.009455036000987514, 0.049532631215643545]
            , [0.04802486116705346, 0.0016030956050621995, 0.31047488620470487, 0.3766846288406245, 0.0021266726504050987, 0.023663369856288276, 0.009481356140064299, 0.004514817930489064, 0.028645073133413287, 0.008151893726031758, 0.003234421883037157, 0.04456039178257496, 0.009229143326017882, 0.04928786476657911, 0.00942835035989102, 0.03317444597331076, 0.023929774576058563, 0.00992150474403276, 0.0009122208936713368, 0.0029512264406895508]
            , [0.1286166543023506, 0.010351116758023755, 0.020342636686488266, 0.029175168641362697, 0.018774881303129425, 0.03214122479281952, 0.014936720384638186, 0.06393477733813549, 0.023760362444158932, 0.079951018382473, 0.019780743724685017, 0.020806058814147786, 0.22731285631584436, 0.024875437544019243, 0.03017603654240694, 0.057831909750478507, 0.06337007206392781, 0.11368929034415208, 0.0055498612816818746, 0.014623172585076474]
            , [0.019329031350627898, 0.007293790452520945, 0.0017506007351657078, 0.002982311870130791, 0.058738102223735676, 0.002885042065460538, 0.0031229727814901763, 0.18092566913158947, 0.003209429838507065, 0.46273037047339466, 0.08804066811309486, 0.0030301098659882984, 0.002453405843709199, 0.005326110323968527, 0.004223158365539878, 0.006390598032844389, 0.013156369148058348, 0.12001670072097902, 0.005835877440612295, 0.008559681222582528]
            , [0.025390734738426613, 0.0006111515958284594, 0.0020122729653618, 0.0034263494564522887, 0.01739239185882155, 0.002774590592542831, 0.0017972752613295724, 0.36168559403834943, 0.003734662870655333, 0.1626689671262654, 0.03577370112584265, 0.002951367912792494, 0.002958794901666399, 0.003855203865761493, 0.0032005206372693255, 0.006835070684566703, 0.019725348756648206, 0.33940538034996015, 0.0007979873438553187, 0.00300263391760391]
            , [0.025085525886887998, 0.006937310689486106, 0.0012554855551218885, 0.0023487401383478802, 0.011031308693507106, 0.002010060574660172, 0.0017476343656109914, 0.38013404796695943, 0.002512456070089024, 0.11876385103103235, 0.02390080002674287, 0.0023768115059456846, 0.001560489845947882, 0.002600802028164592, 0.0025857030385003795, 0.005553196751736619, 0.021329512954224566, 0.38579166345087046, 0.0003391944656956781, 0.0021354049604682232]
            , [0.05094420046978085, 0.009856965466223569, 0.03324030137273678, 0.042398048943235074, 0.02625761336494696, 0.02637488852514026, 0.20961127365092083, 0.01914395446374101, 0.05345392610326598, 0.04314812740324453, 0.01463169057216027, 0.09531334082793644, 0.01438625140636703, 0.09466644417198417, 0.07158451241141493, 0.05811521695499013, 0.04367623776603543, 0.02626730165417823, 0.005913468364694206, 0.06101623610700336]
            , [0.028352425882286553, 0.009851990034306405, 0.009129236567265497, 0.02151394474867727, 0.004870770507225737, 0.014280890916285508, 0.026145635473695195, 0.010085494000373205, 0.3055386277078403, 0.020598424828027227, 0.008584276256105994, 0.03173611040825689, 0.007697793211094568, 0.057892366220543515, 0.3568333212639231, 0.03533231200541167, 0.029053982709388387, 0.013692559077859896, 0.002356814713715811, 0.006453023467717191]
            , [0.03429670483045004, 0.009703632793625254, 0.002063506466608, 0.0034624984089789454, 0.018071692649161804, 0.0036640703073817144, 0.0026364900685274125, 0.3288221175396935, 0.0030985688808820794, 0.15503072164755982, 0.03156898600627812, 0.00313411870435338, 0.0034226690546119627, 0.004114499042370657, 0.0037997512255079405, 0.007949519000170545, 0.023034927445173506, 0.3533069092069896, 0.0036304422826012846, 0.0051881744390745695]
