20 A C D E F G H I K L M N P Q R S T V W Y
128
0.10214425399453048 0.0697286731102943 0.0187350765446757 0.0566697937905489 0.0640165774972754 0.0451932252666991 0.0604428892844960 0.0261414743935453 0.0608717019037984 0.0603215105105262 0.0813804321094546 0.0211793884898006 0.0508355210608268 0.0380478356610664 0.0498031394036456 0.0581104562420695 0.0686281465400274 0.0608462595400774 0.0675199908520811 0.0098936080171220 0.0316342997819691
0.04981204087967168 0.0701130343744021 0.0053939275769701 0.0587812855469947 0.0599214821015864 0.0475316329911333 0.0641630277110738 0.0218475837171376 0.0556254723489903 0.0583902120088778 0.0748059293155451 0.0187948806307261 0.0530254614646079 0.0480506316315578 0.0512309910383309 0.0552990631035626 0.0655587994964326 0.0628181410859316 0.0657372936942671 0.0166614963654566 0.0462496537964154
0.04551637984219864 0.0706407434585533 0.0115471108584630 0.0483087252908692 0.0581547706494518 0.0492768355523814 0.0546584594387331 0.0221212895942748 0.0665841797553052 0.0535808523247036 0.1504922928213919 0.0240609395349806 0.0338855216662078 0.0273310408330511 0.0484676116659750 0.0549539657167964 0.0592868014485335 0.0557397792655204 0.0718293293850913 0.0095480254614582 0.0295317252782585
0.0358725377866169 0.1560165014697746 0.0112298623425008 0.0537037092046347 0.0593341088836297 0.0269929547579856 0.0645043349962656 0.0212633692427018 0.0512535600082018 0.0501392589463562 0.0786122918518941 0.0181047344199545 0.0380628911208536 0.0306953015403116 0.0494539867920374 0.0566369675107632 0.0732462449852833 0.0616914020534328 0.0669705461876635 0.0088443142592562 0.0232436594264989
0.03032253861688145 0.0759859587844781 0.0084121399701878 0.0730649883138307 0.1391878947901275 0.0210918125831771 0.0539694195025314 0.0218735200756782 0.0454580300379059 0.0711134851734883 0.0683469031828165 0.0160368460517715 0.0517672813617166 0.0263867924015833 0.0627194545091651 0.0576511960707291 0.0662347894750712 0.0590198323231928 0.0550974197140004 0.0059349103722880 0.0206473253062604
0.02560152666490395 0.0799318984093780 0.0084882114093669 0.0615247410466625 0.0565486553858404 0.0257439477119432 0.1727832671692545 0.0205003523177893 0.0488179677308149 0.0535569403517114 0.0701669246359515 0.0162991458225161 0.0534774619256032 0.0281306016790921 0.0419874930025618 0.0526911070717891 0.0665650969215878 0.0536191676005806 0.0574748985912686 0.0083214858910355 0.0233706353252527
0.024454484258822837 0.0835755414873887 0.0106102652173656 0.0437527298924121 0.0540360789405470 0.0321756582904251 0.0520231929388203 0.0191205630134420 0.0785293838840949 0.0506599018264069 0.0873460726752680 0.0203021457903984 0.0282488096922463 0.0254183367893299 0.0339114307046708 0.0514469771776190 0.0564305053060404 0.0653603345066603 0.1738022417465072 0.0083936482404998 0.0248561818798573
0.023630606361359233 0.0676217118327557 0.0089403437390604 0.0317136404463841 0.0480365410750244 0.0515009337835533 0.0469196151151789 0.0179773088174253 0.0715868187209594 0.0458491163237268 0.2219671698667350 0.0462383868606790 0.0245527288611331 0.0186609372394595 0.0420688945504494 0.0514945437146156 0.0482194312363872 0.0495899213950954 0.0715527896745289 0.0080254968677305 0.0274836698791181
0.023585899808783686 0.0692249317419056 0.0075519904865236 0.0553334902221164 0.0706570756460385 0.0220605850241498 0.0520778413994246 0.0218917745244905 0.0499500720163273 0.1431558295747666 0.0686118406524009 0.0169694259531387 0.0558435841494547 0.0224610644442876 0.0618729548875031 0.0714779277426044 0.0654338531244939 0.0606501540170113 0.0564201037905488 0.0057686572631155 0.0225868433396981
0.02230090575475518 0.0866538613761446 0.0109445148175505 0.0558806765250505 0.0572388677489023 0.0206316744327041 0.0632526425508841 0.0208160605228225 0.0339915373120886 0.0562987278260895 0.0618277271410941 0.0154702960254147 0.0608141929023178 0.0270702488704428 0.0496751299113733 0.0520023882751049 0.1648061437847778 0.0820283110458182 0.0533326510897035 0.0065680707368548 0.0206962771048612
0.019744968277507623 0.0922266938425322 0.0067900103267633 0.0552002695293786 0.0634684000001285 0.0198008123402239 0.0551274931861508 0.0180120851821639 0.0420573976685320 0.0552462058751951 0.0646513717848609 0.0139659621526397 0.0376215768818541 0.1733829203127616 0.0448159836006644 0.0512510340197950 0.0682329572552399 0.0566675664887020 0.0571479194452020 0.0067182982978237 0.0176150418093883
0.01937326522609381 0.0812367683575505 0.0096981152711224 0.0504876869616868 0.0636508035930832 0.0224183071548789 0.0546735043491014 0.0274518851030782 0.0443266003813777 0.0695451222872878 0.0768217113900888 0.0167781471646370 0.0414517612026689 0.0229667235471322 0.0631550658066462 0.1437187849678185 0.0618167866025412 0.0600803373904924 0.0596775749842476 0.0083431401596774 0.0217011733248825
0.01897473824313467 0.0638343580340386 0.0090986865807973 0.0445459920517896 0.0527063030719437 0.0445778241520888 0.0524223996695155 0.0180834718772782 0.1656580473561812 0.0540001131722125 0.0939822753320304 0.0228701078621927 0.0358972379858529 0.0210783371174431 0.0287928085550742 0.0481711832424047 0.0512103586622693 0.0553550978287011 0.1004999273388583 0.0077423441074486 0.0294731260018791
0.018108708453242695 0.0740571925981387 0.0071175846922634 0.1558653724694643 0.0749995570269390 0.0236231504380679 0.0627944558676400 0.0208750120923078 0.0454663874345513 0.0584844916304491 0.0662524143488603 0.0153214336421553 0.0618749059182289 0.0292933226694338 0.0472952428558137 0.0504829889952597 0.0641864104462467 0.0563666296287005 0.0549451863825837 0.0080816369937704 0.0226166238691254
0.01808188452169737 0.0637830700557713 0.0093830751018575 0.0182937485171152 0.0256315574917688 0.0564390420311316 0.0342122950897990 0.0138873272760958 0.1456271562321776 0.0250036808430224 0.1972466495298239 0.0475659165954481 0.0173168705303104 0.0155996595897955 0.0208212644770124 0.0328132240957634 0.0396027177999342 0.0519784582450428 0.1497894100339088 0.0072849069781950 0.0277199694860262
0.01700509526966354 0.0730869947110959 0.0073632420210559 0.0505733740314683 0.0574650488838243 0.0215147713483199 0.0517565192889164 0.0180094668803255 0.0527437263037066 0.0573021438888418 0.0665091624478407 0.0164594703232163 0.0512333369054977 0.0212196262349063 0.0478911611633619 0.0532948592210551 0.0818558115154307 0.1794122665972406 0.0649875138633706 0.0071086805300699 0.0202128238404556
0.016021551113001558 0.2576335926991364 0.0110389215955467 0.0427046265871046 0.0471188988934620 0.0224995267385430 0.0690501442012462 0.0170678146616586 0.0478276216886016 0.0434346544235438 0.0658031710577334 0.0162570901822032 0.0264599151718402 0.0209500115016394 0.0367494033054870 0.0477702334723515 0.0713590713234443 0.0606423185068231 0.0695392261085391 0.0067856364577371 0.0193081214233590
0.01388968722018488 0.0658111003226433 0.0061006078300403 0.0729728641656176 0.0589543807300057 0.0216475442007219 0.0638835456450570 0.0238545871674370 0.0445116060300874 0.0677561255979614 0.0585846291345383 0.0137087310662980 0.1573241750903669 0.0197785133314165 0.0535978102723751 0.0512285446760878 0.0775093406984710 0.0627697137187615 0.0488199679737122 0.0067226594826601 0.0244635528657410
0.013862863288639555 0.0845686937883895 0.0038203561113924 0.1153287846138064 0.1099435618582341 0.0074955766322837 0.0714000882490402 0.0221560852432281 0.0129073547186435 0.0807775081831739 0.0246319197844509 0.0075768162167688 0.0863498103709677 0.0377787172881718 0.0708617429551764 0.0560177972575476 0.1051103864784789 0.0711040771265770 0.0201854561240506 0.0023862432538751 0.0095990237457434
0.013746626251943138 0.1688944082314147 0.0043952258791787 0.0779047942938807 0.1072556133061359 0.0117278019122736 0.0566501811092545 0.0195844111601435 0.0187307064324609 0.0646521850983789 0.0560975854513861 0.0100095455831972 0.0419572023078568 0.0221837931547997 0.0754991458872663 0.0806412060146534 0.0671000311023749 0.0578465969027206 0.0434896164150546 0.0045711895489898 0.0108087602085789
0.013274014124715953 0.0668522143670755 0.0084523579920911 0.0312433191192259 0.0442550508096771 0.0870070015701964 0.0482454313079896 0.0456977384561797 0.0509486676866983 0.0455128728718328 0.0778969649573978 0.0175911243827301 0.0398625199522619 0.0175863041720961 0.0279181983049577 0.0450480367000000 0.0550961507011522 0.0501090087962372 0.0599264911298917 0.0148682894467330 0.1658822572755762
0.012520389381299632 0.0772910578583740 0.0033732391547675 0.0701734515164232 0.1430580336629687 0.0088478999672847 0.0407669103680325 0.0231123102258487 0.0191871385660883 0.1365403898184714 0.0460477797690787 0.0102977088181027 0.0572954132834261 0.0132295675682983 0.0889601402444021 0.0834852384462142 0.0656254495944831 0.0612061190165908 0.0377880554005267 0.0022838149366034 0.0114302817840147
0.01219083822231419 0.0714415107097833 0.0104400637078385 0.0278484557671990 0.0333313282628254 0.1813614571809552 0.0517982981769749 0.0243432318747833 0.0628193713591351 0.0285846760893233 0.0990395932086944 0.0243305087781940 0.0275176303020959 0.0198534650238704 0.0257101364826604 0.0353530984983645 0.0559475419013535 0.0510650133297865 0.0683787506916683 0.0160646522674238 0.0847712163870703
0.011679906192879395 0.0640228574032074 0.0063707443437285 0.0560055115883877 0.0468895661583611 0.0202719326472027 0.2951682536219563 0.0167999752712722 0.0438159408429974 0.0491776130618639 0.0602233847965966 0.0131453002006115 0.0533679176714017 0.0197618333411642 0.0371327400940455 0.0452593268763299 0.0557753206352832 0.0435633142386172 0.0503422932468340 0.0060365366386678 0.0168696373214712
0.011392506926322325 0.0792752228687199 0.0044331020731615 0.1074414491572397 0.2317929922132468 0.0113063238023092 0.0445290170809697 0.0169446891908162 0.0209705573458044 0.0687991286138935 0.0481261772821222 0.0104495975421951 0.0463043025720241 0.0228296495450351 0.0645466794616198 0.0493954857031125 0.0579450458326197 0.0538752218225229 0.0454630009349205 0.0035145320218580 0.0120578249358092
0.011025913195202859 0.2015109013197007 0.0105078916749029 0.0422743053099328 0.0450295183256092 0.0114672459814633 0.0650632246035052 0.0141520658909001 0.0200120108650180 0.0402903406580705 0.0426602730633680 0.0117528315013796 0.0477692494026151 0.0391027473441653 0.0413165105760947 0.0368781669244313 0.1735149702693922 0.0905661223359953 0.0514671785178154 0.0037148198037219 0.0109496256319184
0.010240355199946862 0.0676619584331404 0.0084631317284690 0.0225289171859860 0.0436881906685582 0.0251091605309985 0.0401566187103673 0.0134423185960530 0.1344219711015682 0.0424794374502923 0.0847505320062906 0.0173460930338316 0.0198352838542916 0.0165374856130496 0.0232783957217573 0.0415207784061246 0.0421907773313389 0.0561217209754724 0.2768368874197624 0.0053723255006269 0.0182580157320210
0.009864820158312288 0.0543698824065398 0.0074426942050144 0.0108348988790399 0.0149215698028141 0.0642408841375774 0.0171930760566806 0.0095707117696282 0.1697917926849433 0.0151570922237443 0.2994318499974691 0.0598539775832282 0.0114179368639824 0.0100244483604702 0.0145585640247166 0.0180530529921034 0.0226616148144109 0.0394862067827851 0.1279467604048881 0.0058217738638566 0.0272212121461073
0.009198053859899883 0.0720651627094905 0.0068379955724693 0.0343106351076472 0.0552853508795295 0.0111777843163028 0.0403380033838946 0.0471497735693948 0.0204180357997291 0.1080022745210386 0.0600867426961273 0.0122474562462677 0.0437983758022452 0.0142760434284305 0.0763890515810291 0.2251119756805149 0.0570895679713684 0.0543382396952018 0.0433196285200700 0.0047298939821934 0.0130280085370555
0.009109918084822382 0.0608294435380653 0.0049537096424532 0.0367317489760296 0.0650660915496602 0.0110029447518828 0.0361967340626815 0.0223624247717736 0.0393580750879296 0.2244775857024305 0.0573081128145417 0.0141183625251687 0.0482083904580771 0.0144105043733080 0.0702932893187937 0.1169000589120157 0.0558145746472357 0.0570783726748448 0.0493080749539244 0.0032749308259442 0.0123065704132396
0.008911931923416399 0.0910255135769887 0.0048324936213882 0.0450105860318362 0.0522310578939062 0.0115926569297574 0.0456270821371115 0.0132609460170984 0.0274542278808932 0.0489609290044426 0.0492425835420996 0.0096188349127173 0.0269724764591014 0.3118329014025717 0.0392528122998300 0.0440262680445696 0.0665077433975952 0.0509983369353812 0.0468826362467442 0.0041922656250190 0.0104776480409485
0.00878803090627846 0.0501074336103017 0.0078730462099239 0.0154231405880673 0.0173780226186618 0.1919088654534282 0.0211714757261444 0.0601908837310967 0.0378595304276414 0.0182053704044422 0.0757210053919190 0.0154270848426846 0.0218811926982228 0.0108405310022680 0.0197132385505982 0.0222929276111243 0.0413314000289135 0.0350183729577837 0.0466917336179183 0.0410834010405690 0.2498813434882910
0.00877525760554259 0.0722538865122749 0.0036601129892166 0.2140005878419825 0.1841260768234973 0.0060384916140931 0.0605727993624407 0.0212019140279364 0.0094715475723811 0.0597585227650067 0.0176648322594120 0.0065221635597346 0.0785293515193643 0.0220047126705908 0.0593069111270703 0.0399343913264463 0.0696021460760826 0.0491659541358738 0.0163534554024747 0.0021990096394125 0.0076331327747087
0.008404831884202366 0.0638695944271776 0.0071692697045232 0.0093383321220939 0.0138061379013499 0.0433561361056630 0.0163966826646480 0.0082970143874142 0.1948659723940787 0.0133847307090634 0.1968284420363438 0.0460500353383247 0.0107731210037171 0.0102219215490544 0.0134217967130103 0.0157811870626914 0.0294998138091052 0.0498066000953428 0.2392594558059289 0.0043190541272082 0.0135547020432615
0.008021632862126269 0.0578990529474743 0.0068676789182342 0.0210526746157534 0.0341202608319808 0.0498833084378943 0.0376438645020460 0.0136152120985787 0.0687291034453499 0.0341048856263486 0.3406475730398594 0.0520084378554970 0.0193266387914377 0.0130576685871045 0.0331858062761825 0.0437232872336400 0.0398882721572160 0.0411653019085535 0.0665613851555763 0.0062213477915631 0.0202982397797099
0.007400850446362994 0.0791179939572322 0.0067637848623812 0.0484293911288069 0.0448480528861666 0.0102600272862975 0.0452813589543788 0.0144368086189314 0.0196526707569667 0.0460841356789980 0.0380544214374863 0.0110339916397562 0.0621296109923800 0.0194573635159355 0.0389777360454585 0.0420050150006600 0.1907583240280427 0.2256076486265025 0.0428502984573739 0.0037672197094304 0.0104841464168148
0.007289722729960926 0.0489185514821510 0.0042614509746460 0.0180519094404936 0.0531573201726965 0.0057701993095559 0.0248053238194469 0.0382823916867151 0.0123901304625053 0.2432178739696403 0.0381931936364111 0.0103970270618171 0.0462270017775642 0.0092958623160655 0.0843914567071567 0.2365679978219421 0.0480698438421100 0.0459798424614730 0.0218273130704386 0.0024463903727217 0.0077489196144494
0.006898859727443309 0.0780382762035375 0.0017853409745040 0.1023302515699141 0.2010398242787345 0.0038545547374221 0.0361651891543894 0.0173731159943088 0.0087452204159659 0.1503242890112407 0.0202288848355477 0.0058197556362618 0.0633180306494720 0.0108791009419624 0.0939716130585002 0.0658174363216035 0.0626527961304177 0.0542477536841913 0.0164244072754774 0.0009688453706782 0.0060153137558704
0.006815833272660155 0.2010461913149664 0.0080608885224547 0.0435601528972737 0.0408259629310205 0.0117479647875272 0.2507019233822338 0.0130743468900586 0.0153717457961811 0.0362489704386103 0.0410417738923764 0.0098979568785618 0.0412247709099698 0.0220222194203368 0.0314598621660547 0.0369704075845664 0.0939170197659053 0.0496495074423544 0.0387475676482538 0.0041388867942643 0.0102918805370300
0.0067174788569939565 0.1949897262771302 0.0023325282980354 0.1048366917952182 0.1705520403718906 0.0056069460459923 0.0500922622559578 0.0137478806325271 0.0110000346216763 0.0595899525175365 0.0351092411075299 0.0055275065006516 0.0407432474660543 0.0169269135344899 0.0726073253450933 0.0597745649644101 0.0673662017733517 0.0521404840187702 0.0301166993545692 0.0019584801570851 0.0049812729620302
0.006601241820297542 0.0471257741214457 0.0051217049431357 0.0052729088375519 0.0079588149286425 0.0591201595029153 0.0089288496523658 0.0056212892579438 0.2072337710333725 0.0084449573499602 0.3212184851705792 0.0635960417311757 0.0067484613685313 0.0060529799193809 0.0091720782208806 0.0097027932279048 0.0135753430114155 0.0333720019618464 0.1639306454995370 0.0037190257019211 0.0140839145594943
0.006594855169929606 0.0733088824156735 0.0023403468991714 0.2191498212272301 0.2877535930320687 0.0033058712477904 0.0404269972707396 0.0152985932297449 0.0060747771175190 0.0547854789622654 0.0116183979606048 0.0044372263190928 0.0543642439313259 0.0238824474127103 0.0632653531158851 0.0311995344726670 0.0511025446681850 0.0395172202408305 0.0124430695204476 0.0012621159046254 0.0044634850514221
0.006513106045220039 0.0620882146304355 0.0042009145124313 0.2492266125497355 0.0708069482711264 0.0114731135525970 0.0644093502801308 0.0252295272542678 0.0162885490771336 0.0515572364636511 0.0391318188799753 0.0083315521544289 0.1127298964575946 0.0195816144279152 0.0414917370166716 0.0397694379490605 0.0762544285983865 0.0572239729437920 0.0322717231805185 0.0042409666991185 0.0136923851010295
0.006326615854476339 0.0525104378514745 0.0082605495152207 0.0120985579243892 0.0147724647646159 0.1890588902461894 0.0191157245392473 0.0171304498689750 0.0864145095221553 0.0146688910982381 0.2191451564449280 0.0536777694837269 0.0148720940439632 0.0106162557410560 0.0157918418414906 0.0179955890622643 0.0324405864117226 0.0338460197317688 0.0782696943842053 0.0152995572522602 0.0940149602721086
0.006258917360576229 0.0628988600630844 0.0082110281296930 0.0456573017428651 0.0484537269652657 0.0449158283415131 0.0349269789725342 0.1739644185475306 0.0219188252101058 0.0517721794240621 0.0583712128083043 0.0134754371476882 0.0669536341991695 0.0141412737998220 0.0640212804962153 0.0600788669161170 0.0567942178675473 0.0501687473332011 0.0446610177728790 0.0077572663486452 0.0708578979137571
0.006201437507264815 0.0458251448604941 0.0047267913875808 0.0044684903970036 0.0072338045623913 0.0333653732305380 0.0066801255741141 0.0048533026238782 0.2767770677095152 0.0074497306219074 0.1910415439144941 0.0501634516300424 0.0059458467987819 0.0059395726872296 0.0075353782251435 0.0075837898899697 0.0150639077276700 0.0399790570937481 0.2755348407270002 0.0025965631211031 0.0072362172173949
0.006105637751745791 0.0576397191269891 0.0050374153288262 0.0492051917661731 0.0382267929510305 0.0104552633215995 0.4751827946858091 0.0120089773440458 0.0173647170652159 0.0405143073108726 0.0377127895733569 0.0084727536203762 0.0507277199647786 0.0125719217829700 0.0287546230704294 0.0357120505208130 0.0463342437382595 0.0288083412678455 0.0317780712191523 0.0035841800243999 0.0099081263170571
0.005931920861737961 0.4140172683205289 0.0137512500051082 0.0245880266190520 0.0318409587793450 0.0133249361960429 0.0732760061849083 0.0108267177211161 0.0382892644001722 0.0279573286649440 0.0516882803818045 0.0119102356283281 0.0157340064286762 0.0113816206274855 0.0171808115281714 0.0321198532496611 0.0828332496654351 0.0540547287426293 0.0606638893383489 0.0036789257417929 0.0108826417764497
0.005718606739448935 0.0392370080095478 0.0057423321175875 0.0074792139973202 0.0106119665456322 0.0572755804946613 0.0096258292539364 0.0080284384144301 0.1006096936271781 0.0116705382619060 0.4723596171503992 0.0850388152512152 0.0091322982236491 0.0077694902090466 0.0148661629116953 0.0134934421750750 0.0215610853000228 0.0289509261110935 0.0774005132582512 0.0048447191033838 0.0143023295839685
0.005650908245548824 0.2380884876578238 0.0267950768439340 0.0121610201668757 0.0189550041936385 0.0144230851542654 0.0395640637050048 0.0095186357214039 0.0828100800365420 0.0150286543795891 0.0713755677779784 0.0195573662278222 0.0135401283540530 0.0152574261483764 0.0152166911972570 0.0184344468855716 0.0618278615606751 0.0814527514827280 0.2332134812136186 0.0033722218180079 0.0094079494748346
0.005638134944812954 0.1955098063536494 0.0113559983525520 0.0163762542095748 0.0244126970824725 0.0367001556944932 0.0530165739606706 0.0111331041105973 0.0723762482136602 0.0202964787599890 0.1965939758763086 0.0449115111726868 0.0152058855751752 0.0116441454899319 0.0222582748782290 0.0416292561986518 0.0472455570989287 0.0573834917889995 0.1020431033288999 0.0056409254693154 0.0142665563852141
0.005253658592663271 0.0496841618463894 0.0062536541629485 0.0194732301362474 0.0320424809306744 0.0410282234977398 0.0413533133962005 0.0115245817232287 0.3049151706569588 0.0346868294381703 0.1005259752358216 0.0312419697294603 0.0184453804275206 0.0117681853053159 0.0151335838749790 0.0310188814444033 0.0347597612618731 0.0465470743308445 0.1450902656448863 0.0043006922620114 0.0202065846943262
0.005221725340823597 0.0322438643919514 0.0066736800426226 0.0076620257679963 0.0094027167704310 0.3315075313354595 0.0090626864280264 0.0370184692002757 0.0400596080296382 0.0094299654408200 0.0939985767794032 0.0254084673738177 0.0123157264951112 0.0065141260527170 0.0117398287049890 0.0109193318705483 0.0268214334404246 0.0176034140385305 0.0412371371678884 0.0393829671795385 0.2309984434898107
0.005174464128100878 0.0679581077402758 0.0068152738581109 0.0092442346884816 0.0156316713042324 0.0184917180241737 0.0143382143509336 0.0065901668931493 0.2299795663820594 0.0145075240237102 0.0849519882158767 0.0275409706276043 0.0099758722517452 0.0104105732840763 0.0113097659589875 0.0142753524877468 0.0293027473958231 0.0511356480504446 0.3663455972176780 0.0025185677367251 0.0086764395081655
0.004907502142721199 0.0542508053595475 0.0020443122869806 0.3105880279274335 0.1119276889775275 0.0038602124556992 0.0592483930531550 0.0278889362923327 0.0058357521158341 0.0485729028467031 0.0094249079226777 0.0038933259611463 0.1546240661824989 0.0114241064058365 0.0397621068701716 0.0249517173704114 0.0707575700985558 0.0439139239830234 0.0095581438547658 0.0015883177175006 0.0058847823181990
0.004781046465436087 0.0613198730532644 0.0046072363791269 0.0927995538776689 0.0495153431401583 0.0096846482953718 0.0578441676168615 0.0490800670882067 0.0132813196572096 0.0547778208409977 0.0263957725538911 0.0081858555314198 0.2589760221595057 0.0113250488544240 0.0468512907002009 0.0397674349153708 0.1083753573647603 0.0691402245362351 0.0198998788508862 0.0032037051399409 0.0149693794444994
0.004575396323588582 0.0673702096520739 0.0045720458512067 0.0392689925114996 0.0810066137641121 0.0095887289235432 0.0308267671577935 0.0532100939801651 0.0197330728531192 0.0752871663770241 0.0638648304438316 0.0164023777638269 0.0481105624962072 0.0127084561153648 0.2422140361441545 0.0739902377226602 0.0548581027508138 0.0532763771640590 0.0394986851569977 0.0031470701987156 0.0110655729728310
0.004566455013073473 0.0864731976242394 0.0067146159290459 0.0193706544642596 0.0481168419647518 0.0128188315588356 0.0214771586258440 0.0119290613156252 0.0875505624568667 0.0445347309320249 0.0688897143110370 0.0196587177423963 0.0313010506936090 0.0123297665699832 0.0412367767925671 0.0460797147982681 0.0646331148085925 0.1939396400383965 0.1680734314446426 0.0036736314602410 0.0111987864687738
0.004552404382264017 0.3019349005540397 0.0144560996949549 0.0257300414695658 0.0294930478788243 0.0062258705755673 0.0744977314214181 0.0086827227960001 0.0106982581629254 0.0250059685820428 0.0221140438496365 0.0073953515432710 0.0353280320774738 0.0247969285161871 0.0271556376904580 0.0176601152273334 0.2452151674318491 0.0761448839316954 0.0394540173282485 0.0020537387313833 0.0059574425371259
0.004488537878584668 0.0305037341227646 0.0031776167384304 0.0027068994611322 0.0045778191270025 0.0495981362345983 0.0038570384241720 0.0031969714817060 0.2407357419085955 0.0051318491278950 0.3405360442893559 0.0767902450167019 0.0040995928397984 0.0035233002466264 0.0065541009142738 0.0054092675306364 0.0083661318571124 0.0253500407488387 0.1757302839909497 0.0021100306723073 0.0080451552671027
0.004369746181741078 0.0924190137008937 0.0083412678391915 0.0491802897460065 0.0391828882166904 0.0096096933329487 0.0684438323883302 0.0132230168090637 0.0144696245213422 0.0417116207377101 0.0375956272777617 0.0086371187923663 0.0684455637023023 0.0297005525268183 0.0348903416562123 0.0341890264378895 0.3093231344490595 0.0947947164358761 0.0327789927634555 0.0034366160766307 0.0096270625894509
0.004344199580269338 0.0428621269600411 0.0048621907992393 0.0032713482486337 0.0054120438240599 0.0161146036503589 0.0046890379720212 0.0031810148875792 0.3300791250015316 0.0054008719734859 0.0916659056720521 0.0285114970918137 0.0048156769307776 0.0040386187377575 0.0051161796615191 0.0049988665775978 0.0157332307225483 0.0390418597932271 0.3842900267881603 0.0015018933444078 0.0044138813631878
0.004294383707399445 0.0316259627945295 0.0034140614488314 0.0021316560458173 0.0037270301966049 0.0265948249658487 0.0033361388445583 0.0028418120215745 0.3203810895511456 0.0040190170084641 0.2127201864349320 0.0543531765145743 0.0034833095148569 0.0033140023322925 0.0046739192036614 0.0042010181590488 0.0073188734627267 0.0284741758314308 0.2778619518409839 0.0013753565187550 0.0041524373093633
0.004147490748936942 0.0279628022620412 0.0025490469831689 0.0017588270416362 0.0028760243525792 0.0154118738794064 0.0024600607744241 0.0018386322361759 0.3806365161934482 0.0032232060650488 0.1276090326235986 0.0290425142611121 0.0027473041035185 0.0023253663584495 0.0030010714911002 0.0028901480293737 0.0055935969004497 0.0241741811298276 0.3602394430019167 0.0008361141789429 0.0028242381337816
0.004106616186582158 0.0245055487165201 0.0039742932748303 0.0028292164761496 0.0046014920640439 0.0653976658095404 0.0040289139902876 0.0043846071908306 0.1353166471520970 0.0051027236399547 0.5100467705168298 0.0894879507175630 0.0044239568549746 0.0038861162677528 0.0077980353420837 0.0061669171365524 0.0082306104872422 0.0191107472513001 0.0864563661128460 0.0034534025316834 0.0107980184669179
0.004105338856508572 0.1015003967774670 0.0028690546408387 0.0302689319074102 0.0375810389676646 0.0056858328751595 0.0276338630449488 0.0079887597480680 0.0108326537653572 0.0329759541745112 0.0295626660948575 0.0054238177433068 0.0146798929349752 0.4986469185450800 0.0290361533843717 0.0270064434311993 0.0614196871093347 0.0390860998503307 0.0308424545038386 0.0020254886381146 0.0049338918631660
0.004065741624227375 0.0643272619283818 0.0033030827112286 0.1356259739193572 0.0672976339279168 0.0056869104783000 0.2511132075696246 0.0253130009201719 0.0080825809041002 0.0563177952735310 0.0142242807488173 0.0056187969234827 0.1258809287752929 0.0118203512119543 0.0459510015676824 0.0398026050439866 0.0767797869616681 0.0410628038695211 0.0124676346311697 0.0022776277306106 0.0070467349032023
0.003927789976279981 0.1595676095834040 0.0023547609470052 0.0609920122419504 0.1079762732278914 0.0035452882884854 0.0422919086097490 0.0299310975797796 0.0078425241820211 0.0945126021493689 0.0351938429403606 0.0055883740506012 0.0368110522491111 0.0070080941584852 0.0997843917579406 0.1622978017189509 0.0614756951133477 0.0540153316533006 0.0237445999695175 0.0015086025194283 0.0035581370593012
0.003906075365029002 0.0177161823609951 0.0035566006014141 0.0039497794151880 0.0047375591267938 0.3612699265257021 0.0043451825708827 0.0366720359002102 0.0182256715252947 0.0051302768506291 0.0506099039660549 0.0100206533351754 0.0075600789084331 0.0028932858943181 0.0061064999819153 0.0057228693245504 0.0151533370021253 0.0089750090494869 0.0204587206543914 0.0413625249353171 0.3755339020711222
0.00376684638700802 0.1202630658436240 0.0043675459505604 0.0338768657864910 0.0255524321996876 0.0047830144871530 0.5499838184098306 0.0080641232290148 0.0064003414801318 0.0236153392424421 0.0104590411285769 0.0048203857482461 0.0383467871449529 0.0101286682722627 0.0188215860603660 0.0216672034845920 0.0719837918270167 0.0267276725755226 0.0132575412278894 0.0020170263166346 0.0048637495850045
0.00361867609847193 0.0344564349866941 0.0029345344881064 0.0086968858492990 0.0327548561258733 0.0031961501619632 0.0177527254583312 0.0274879724410121 0.0077110416944359 0.3456377779787489 0.0239968221304051 0.0066409129173110 0.0354451280726425 0.0059037945001639 0.0668268466496871 0.2952065773157685 0.0344280589527732 0.0335230725988419 0.0118162661938161 0.0014678292241061 0.0041163122600202
0.0035586415850133416 0.0201689779208512 0.0026160161037617 0.0015674830613194 0.0026361134955295 0.0452014141994476 0.0021402149964763 0.0021403297104967 0.2007283892347331 0.0026450912333743 0.4666504065059263 0.0891067626236017 0.0026187841092524 0.0020569149793916 0.0041934029834874 0.0031222048909988 0.0047551119805044 0.0154798676520185 0.1260484067625247 0.0014616728184368 0.0046624347378675
0.0034487911986848608 0.1221089915774870 0.0018727927533160 0.1087521070046200 0.1442022491366731 0.0048738267423472 0.0411732212881179 0.0103178801814939 0.0084657400568889 0.0661270558976825 0.0265366011114059 0.0045659669046717 0.0349764691496635 0.1970775213552462 0.0466630134711633 0.0371926994325038 0.0677715272635334 0.0444562075591270 0.0265436872472726 0.0016076342162452 0.0047148076505407
0.003352991443165837 0.0268424923342561 0.0045700711848059 0.0084560794454893 0.0092464065360094 0.1948104807872173 0.0091341348693522 0.0725213402440105 0.0140868075158299 0.0100279208071603 0.0452054482093337 0.0081697704828679 0.0217477281910839 0.0057529434224273 0.0121967192280188 0.0123432668588499 0.0258065532182480 0.0169836857143310 0.0251815743371355 0.0412149857536950 0.4357015908598783
0.003116685379552245 0.0544379045797956 0.0022204885702597 0.0262104044533507 0.0189950456862749 0.0027315722732052 0.7395643747140147 0.0046645948275112 0.0041873656790328 0.0155633910099075 0.0062226717471464 0.0029390533536533 0.0271959616053037 0.0053399718430100 0.0108112735996256 0.0134184602371048 0.0349322730930707 0.0156948368639654 0.0108198496228766 0.0012538372634420 0.0027966689774493
0.0030489868856521346 0.0451029065233142 0.0016521128074081 0.3544478641520017 0.2990957351628830 0.0022491853058950 0.0352274369034117 0.0088070775529734 0.0039468151737971 0.0329020176968590 0.0068211532742846 0.0030416311823178 0.0622184480836874 0.0114253971875617 0.0424607668377007 0.0096903841635705 0.0404929244283347 0.0285289352723225 0.0079885376838074 0.0008739736742188 0.0030266969336509
0.002951909800059524 0.1988058660992437 0.0016316157845782 0.0529892912689103 0.0847706465747045 0.0070981159808239 0.0425377044761213 0.0089567731587643 0.0160282623484828 0.2077134325377812 0.0375612936648814 0.0072887309943205 0.0399312968152900 0.0151161004959603 0.0686612176669499 0.0519310874784164 0.0587388648257063 0.0512086466142163 0.0399445301336935 0.0022554542825781 0.0068310687985771
0.00294935513991235 0.0777526175099478 0.0070220757255395 0.0286520295783433 0.0230623091552857 0.0047250438183737 0.0346983909643222 0.0071126829322144 0.0081464922893050 0.0240572663261511 0.0119355945248581 0.0058611995389749 0.0437896334975103 0.0146342138642367 0.0126742584056249 0.0169064403609283 0.3564197338119295 0.2916012623699145 0.0247188101243328 0.0016927604493223 0.0045371847528854
0.002942968489544415 0.2503350689396662 0.0100209092145577 0.0130876175171062 0.0262026771858231 0.0051644087704063 0.0426818603531918 0.0059287402717934 0.0257528946761519 0.0199450153930512 0.0270713247319031 0.0091590910845306 0.0328826081896685 0.0261430793024722 0.0153518760960861 0.0114585464132182 0.1762582208275584 0.2263966436400924 0.0698078685686049 0.0017763803246044 0.0045751684995134
0.00291103523770474 0.2227201364853758 0.0037455228500042 0.0365721866274666 0.0448570491134004 0.0054646285711191 0.0455649972409500 0.0085645777611387 0.0109482726607706 0.0351645318304673 0.0288073094609141 0.0062791698420122 0.0264788339045085 0.2544823759611465 0.0339505309785502 0.0303683593879818 0.1001508581132385 0.0576334072975854 0.0413497445699109 0.0021526563830400 0.0047448509604191
0.0028676060152027826 0.0489580930442036 0.0020238135240972 0.0745587536151504 0.0751550527919661 0.0053576289532468 0.0527132103390628 0.0436331406009745 0.0090165620592271 0.2013680538052976 0.0161638428916017 0.0056884884724723 0.1533971124459036 0.0080731130016322 0.0735404117802246 0.0814865359809048 0.0733454630023619 0.0532573882762826 0.0119765876611633 0.0017453120580471 0.0085414356961795
0.0026236359711476684 0.0339030019190640 0.0047031618463210 0.0044756099809401 0.0062501935632513 0.2096513580164139 0.0071356989546258 0.0082793065038758 0.1026600231293727 0.0067701100507226 0.3251055123459680 0.0732686318628362 0.0064952234393429 0.0046476298014262 0.0084824660450597 0.0073972896581079 0.0119410552026418 0.0211693185502526 0.0753958027036265 0.0118135519377938 0.0704550544883572
0.0026121400004853854 0.0286733024680815 0.0026000085074018 0.0013420342399911 0.0024203505199309 0.0082981528053313 0.0019205089686845 0.0013698900975075 0.3531555500387474 0.0022368382327793 0.0599888555760196 0.0162856662381435 0.0021000167719432 0.0015871693894078 0.0022044491131907 0.0021632651211723 0.0054560568935432 0.0221967646235339 0.4837807180453113 0.0004438627730331 0.0017765395762463
0.0026044760200438634 0.5303270753322289 0.0263795338096865 0.0075387899488849 0.0115913465948822 0.0046868109433620 0.0578287646451732 0.0048748068186755 0.0173634898190615 0.0080357877674582 0.0199889479241397 0.0058062635174849 0.0093277938616091 0.0096680875281701 0.0076958087450659 0.0084816761656402 0.1415500361473127 0.0667960858442126 0.0568331556515135 0.0013997660147364 0.0038259729207022
0.00258914805916082 0.0831805856827410 0.0008488326367352 0.2106255444405201 0.3953166890034961 0.0014811917100360 0.0269281718053424 0.0075467789343061 0.0030539539126319 0.0485736744825684 0.0059118101313054 0.0023204588546634 0.0344602420973558 0.0104994497514105 0.0697090655209938 0.0195516914901074 0.0358231550585019 0.0289328318851703 0.0129637638234559 0.0005442712005543 0.0017278375781042
0.002561046797541906 0.0692336973219024 0.0013954166120553 0.0450251150233319 0.1005205442587304 0.0044968735787332 0.0250864718056292 0.0106805884965349 0.0276224608601947 0.1465387001417406 0.0267023731054548 0.0061968069018454 0.0471946432379551 0.0087331315231074 0.0721680428850347 0.0548455940341074 0.0919343718016144 0.1991833873150669 0.0548298759675632 0.0020322878270513 0.0055796173023467
0.0025265588855550576 0.1323072262267246 0.0005916235419995 0.1158502142647004 0.1958954556087167 0.0013260292870804 0.0363963775742169 0.0082415543830423 0.0040494824574313 0.1402379107987510 0.0077696950313877 0.0028585387312092 0.0597832102231686 0.0075173469287357 0.1001889506156083 0.0527419519437969 0.0712241057012160 0.0509939874424152 0.0097615132180065 0.0003982505933787 0.0018665754284141
0.002463969711949295 0.0627145464508278 0.0012021038707883 0.0332925994417290 0.0961712628693872 0.0025290012691150 0.0225913562712069 0.0289194957721377 0.0072712004719135 0.2727007047835395 0.0224256723507223 0.0048349920884730 0.0436746623854443 0.0047539966503939 0.1600756484276037 0.1284686902912074 0.0440082454648060 0.0441215406141565 0.0157392415550784 0.0009193467747625 0.0035856921967072
0.0024269271398152724 0.0213257760434720 0.0019189837532581 0.0012175187746808 0.0020229176766211 0.0277676094094053 0.0019336334600782 0.0015501813377917 0.3325384774252914 0.0022820867797752 0.2855878171489178 0.0467289899562793 0.0019768497200682 0.0014927470410858 0.0028543113213077 0.0024852448235834 0.0036863974218875 0.0152908593058062 0.2431174342908338 0.0009188434134810 0.0033033208963757
0.002363060636135923 0.3745781198822764 0.0102052371405826 0.0181550095120606 0.0196929128286580 0.0052746927936965 0.2823252094236796 0.0060353291611070 0.0083315720669357 0.0115932994475030 0.0189661082945278 0.0057942696107381 0.0215726073271226 0.0113678943282836 0.0105795625292759 0.0115005509469674 0.1072107307834108 0.0392951209961648 0.0312239466343974 0.0018625558218144 0.0044352704707976
0.0023183540835603786 0.0515057865747570 0.0068363022776153 0.0164884735548868 0.0163342894811595 0.1152543775790792 0.0446872130424832 0.0257042354642651 0.0254229080949126 0.0180232771654470 0.0715881929621941 0.0156987085496006 0.0194244404015443 0.0132295719950751 0.0194124816314130 0.0349463837251423 0.0443936226142958 0.0398014330406745 0.0429294380439173 0.2601767803759012 0.1181420834256361
0.002134418552963853 0.0154249998202840 0.0012305744175833 0.0008903284397140 0.0015181017731173 0.0118034017177651 0.0012323102917148 0.0011258967587518 0.4445356837263935 0.0013969866462614 0.1488013887472500 0.0255851430430239 0.0013501111539474 0.0009645742774473 0.0017375590054199 0.0014775058017576 0.0027517602863145 0.0130616470835850 0.3231670521641956 0.0004089319304930 0.0015360429149807
0.002025845496708959 0.3722321563888419 0.0218834149992748 0.0086581829401148 0.0097717555324479 0.0031149645771503 0.0573802468664524 0.0039245970800421 0.0052680388130973 0.0071967964722182 0.0076990345295261 0.0041856195233238 0.0208869885343155 0.0070516976224916 0.0095505653198294 0.0063445493990686 0.3478299279270559 0.0758876621219697 0.0271734908087217 0.0010241481866982 0.0029361623573598
0.0019032218096446084 0.0705061577402041 0.0018225577068419 0.0759084502165239 0.3607683340056854 0.0037550937660206 0.0290606947276160 0.0103589540623704 0.0097304492674529 0.0701533274009817 0.0241530501490771 0.0055786052765643 0.0306796653803574 0.0063146313967096 0.1484915448587581 0.0399706163900947 0.0363745774194637 0.0394295155668191 0.0311098715297969 0.0013854511125982 0.0044484520260641
0.0018866165186879776 0.2968715431187520 0.0012799078432552 0.1056598916272172 0.1842873834531810 0.0024678712831867 0.0452957456538505 0.0076997009385033 0.0055466891198898 0.0546701797320722 0.0127696828138220 0.0033296623512373 0.0270188470159059 0.0199185100520492 0.0596236924665190 0.0464536778438126 0.0592960532395637 0.0421346530432171 0.0225069309299460 0.0010147921218220 0.0021545853521973
0.0018074220541255846 0.3649905410250576 0.0308251867473542 0.0043955632533133 0.0070398377497451 0.0055117036819653 0.0302872126265117 0.0034202790752327 0.0606947092245376 0.0057738810000792 0.0458877610113474 0.0200011124581361 0.0058951549459008 0.0059921058053437 0.0058865304358578 0.0056485360807288 0.0562751594186005 0.0935624921979803 0.2435692203469176 0.0011431407863635 0.0031998721290268
0.001763992831623627 0.0502410198775531 0.0034358167723403 0.0406337233086557 0.0317560987444485 0.0076942096901148 0.0268423075340075 0.0083793343886292 0.0403508779522290 0.0448033714362497 0.0351030381101737 0.0099307699187277 0.0497799133674879 0.0090401567856436 0.0215306438764673 0.0291082232738168 0.1068226471650251 0.4304034564417292 0.0436910284419330 0.0028410898281400 0.0076122730866283
0.0017307822497103654 0.0298963992498934 0.0012686094627441 0.4624358707844182 0.0842244054512332 0.0021679822021595 0.0443155214453306 0.0198798517737206 0.0032898217269287 0.0309214875033139 0.0057339212652467 0.0022648154842983 0.1883045452786087 0.0047524580609110 0.0231335328656958 0.0118279450338042 0.0483629774410290 0.0274195126660043 0.0056091552241332 0.0009333311964296 0.0032578558840970
0.0017231182692688436 0.0791349152940026 0.0022144343485803 0.0833900299428001 0.0388675661300588 0.0030260972172496 0.0562801248678214 0.0098623139792967 0.0049645398828930 0.0430456475588163 0.0073782151667437 0.0038459255179730 0.2113340716963587 0.0065069224397255 0.0397304368238406 0.0233543169812221 0.2487897149332037 0.1234447546498546 0.0100041440935773 0.0010660137707461 0.0037598147052358
