# This script is generated automatically.
# Vector of amino acid stationary distributions.
distributions <- [
              [0.0688273807617999, 0.01862360688156036, 0.05715150439038654, 0.06369238356773058, 0.04340460407050693, 0.05915584269709708, 0.026543549715292953, 0.06240509548610792, 0.06046956046461806, 0.08411771014597942, 0.021659532922586915, 0.05031712270439931, 0.03854252600045044, 0.04946394187567708, 0.059636930986128815, 0.06461628563967425, 0.0596508512650807, 0.06864752314941562, 0.010764925086109857, 0.03230912218939731]
            , [0.07032111208960751, 0.011638361388701996, 0.04914010142621051, 0.05883574601280804, 0.047610228686893685, 0.05453055221387555, 0.022259650570340364, 0.0656152290081994, 0.05432073065947813, 0.15418210781659583, 0.023478606092422288, 0.03503987845201281, 0.027376435241293236, 0.04792631574936939, 0.05546265554004654, 0.05940401049372608, 0.05509412943413173, 0.06914363511206527, 0.009478879309549021, 0.029141634702672788]
            , [0.06973875361995174, 0.004963638283000396, 0.05883704752123536, 0.05974182812388642, 0.04530515647660491, 0.061910682382322835, 0.02207268221580293, 0.05681582158845057, 0.059265131489011455, 0.07658316785893707, 0.01940392163185873, 0.05432087314415993, 0.046319757982195536, 0.05086968424224191, 0.05601441660263752, 0.0641432015883289, 0.06278400428259899, 0.06703550462199358, 0.017476812198538118, 0.04639791414624305]
            , [0.14753672590395028, 0.010989630524689284, 0.05664281127920049, 0.0641352341604135, 0.02679109108378706, 0.06363242107309261, 0.022088433677870386, 0.05158043432369475, 0.051361710990011536, 0.08138946938812848, 0.01792587017575402, 0.0346103752768238, 0.03131688657981849, 0.05065151592238899, 0.06064658404085916, 0.06864609976479837, 0.06035080718177536, 0.06742632593462121, 0.009129599749146481, 0.02314797296917591]
            , [0.07559545703173835, 0.009272190434470987, 0.07329596928670389, 0.13226874158713006, 0.024056893698663578, 0.05484880374206706, 0.022142796181318224, 0.049243458823791345, 0.06971800021587572, 0.07198498632612059, 0.017049995181781404, 0.050588791884523907, 0.028319924111141377, 0.05588479472639133, 0.057145076620708876, 0.06446296532473955, 0.05767351634009887, 0.056934910505779784, 0.006769805767671493, 0.022742922209283454]
            , [0.08100462231047569, 0.013288139549769314, 0.05662333203770321, 0.061169930404245454, 0.025507723795390277, 0.06070076972628521, 0.023066821079927042, 0.047681246085728005, 0.0578665659167422, 0.07016364046080822, 0.01770610442802476, 0.05785338783899667, 0.030650016184408112, 0.049801515607501665, 0.05419724708949891, 0.1284281730900067, 0.07373535363157002, 0.05889677277719765, 0.007544826705205802, 0.02411381128051546]
            , [0.07483178602459911, 0.009721531846472405, 0.06117522988553031, 0.059753219899731445, 0.02930858824805262, 0.1454816859562802, 0.021621369784283164, 0.05257737628481131, 0.05538285645718376, 0.07541071916111045, 0.017719611747740376, 0.051404592687326486, 0.031015725553711203, 0.04253457210706842, 0.05499396956010037, 0.0657206274099888, 0.054980466115271846, 0.06084760923461922, 0.009681160337063257, 0.025837301699055192]
            , [0.07452086294200551, 0.010523435050536897, 0.047137754233683986, 0.056327358006050196, 0.033068325838873126, 0.05357548740402479, 0.02005749032263898, 0.08038616651829984, 0.05376844081957295, 0.08016494834265948, 0.01964790817132465, 0.03136639863956519, 0.02673094769945749, 0.03432212792272161, 0.05281045754426881, 0.05706169097011654, 0.06456238453571606, 0.16869153829714284, 0.008795380646275483, 0.026480896095065543]
            , [0.06849181566103842, 0.008414516164182182, 0.05574319119569973, 0.07033823651672304, 0.02460860293033582, 0.053566197523415585, 0.021584602192991496, 0.05297677612924363, 0.13946398328999396, 0.07138108997466, 0.017722953446555136, 0.055343306016839365, 0.023583890442797146, 0.05577203254179763, 0.06822083071787534, 0.06429375319310524, 0.059389480136145825, 0.05811208904302463, 0.006335245587126521, 0.024657407296449146]
            , [0.06930947679208185, 0.008483601604252036, 0.04009833334102976, 0.04986184826926811, 0.04246689759620369, 0.04845777778791124, 0.018124807569307424, 0.06457648875153274, 0.048230474187493086, 0.22904595577526726, 0.04079337764352716, 0.026137236634464454, 0.019059999006682586, 0.04462589654662025, 0.05435856294235409, 0.04876565324476621, 0.050132391371347874, 0.06525215625482811, 0.007583766506246059, 0.024635298174815815]
            , [0.0880176479321653, 0.007536278856327194, 0.05466081853576221, 0.06213649276032496, 0.022988110030847435, 0.057050455490884534, 0.019202287820754473, 0.04578074818919116, 0.05535120433778904, 0.06827087520249264, 0.015241936548786682, 0.039318643424148036, 0.15518849609690727, 0.044509094800036925, 0.0522520247522983, 0.06709275408644799, 0.05720880789515815, 0.06009471311801864, 0.007696497769963382, 0.02040211235169557]
            , [0.0800815453263503, 0.00985182195755876, 0.05079254991892023, 0.06315758032430983, 0.023527011054868815, 0.055073828409818275, 0.02667086990183044, 0.046462402976149064, 0.06987989101259305, 0.07751333363516959, 0.016962848064437586, 0.04135741429858282, 0.023480307016823496, 0.057296710632704494, 0.14489959927555146, 0.06130194698646921, 0.05960209126875977, 0.06080056899200792, 0.008650838939284762, 0.022636840007810063]
            , [0.07488322752841545, 0.007879915899474513, 0.05089504640440095, 0.05744855686467915, 0.024232165491490938, 0.05364983284380041, 0.018649061947508858, 0.05597180147642139, 0.05760742574479233, 0.06994873286383446, 0.017470935039790747, 0.050187877030821594, 0.023212924009515048, 0.04638958140303899, 0.053439228500309056, 0.07702377269698679, 0.16223487758758193, 0.06887154652928215, 0.007893204736594392, 0.022110285401260792]
            , [0.07501256603310687, 0.007392440943283959, 0.15444686422176285, 0.06811379339684993, 0.02576740593364139, 0.06199735182642114, 0.020802647315936038, 0.04893338576028269, 0.05734646101561617, 0.06954937594992289, 0.016158429648646333, 0.06078382340439064, 0.029155427551476494, 0.04508903715541988, 0.05064901224521634, 0.0625002363050172, 0.05584720472501004, 0.05758709619617363, 0.008800544588121424, 0.024066895783704]
            , [0.07226557340892503, 0.010997341462354655, 0.023109567991142697, 0.03807647116869583, 0.05315081591341566, 0.042515868787262184, 0.016672776127170778, 0.11170263156658818, 0.03219893501438878, 0.1690352745197562, 0.04224823268500658, 0.021254951232844075, 0.01970537921334755, 0.02576954694664891, 0.04277272889207298, 0.04827070594524925, 0.056714521793759104, 0.137190349490847, 0.008563847652204751, 0.027784480188320054]
            , [0.06453365282796839, 0.008955593371442786, 0.047546457365306126, 0.05427312077353316, 0.04259992646362266, 0.054628741233203215, 0.01843144944585956, 0.16875257965779486, 0.05551869945438095, 0.08769958595932639, 0.021462616667847084, 0.04127904016914746, 0.0221810515972106, 0.029155211008065573, 0.04915051623314148, 0.05218112254575406, 0.05440589138181302, 0.09024784744675948, 0.007899002261113584, 0.02909789413670958]
            , [0.22808410869883333, 0.00928794714207939, 0.05069545985539473, 0.05497937136309297, 0.0250753402298611, 0.061442738649418994, 0.018942191278122595, 0.04789038483884565, 0.048577062672718815, 0.07282859975846391, 0.016904432897448723, 0.029729267709301073, 0.023243894944333588, 0.04440336589546257, 0.052804274060452926, 0.06450617070092118, 0.05921153380688959, 0.06189039932120671, 0.008101337351982712, 0.021402118825169625]
            , [0.08455410150261716, 0.004869353607846237, 0.10256068391207791, 0.09968208496337205, 0.009757049604146086, 0.07048980124722036, 0.02327862796254058, 0.015723548631801094, 0.08198238947859507, 0.03705330523559342, 0.009121772111921264, 0.08143622702923344, 0.03765673418550871, 0.0679094318115829, 0.06100704501607516, 0.10277097033795267, 0.0713233198041241, 0.0239624073062954, 0.0031396420291959766, 0.011721504222300224]
            , [0.06530815195876422, 0.006326583662943307, 0.07280433396617136, 0.0589755746644025, 0.02329302308088042, 0.06240261331314997, 0.022617700352025264, 0.0476669045245666, 0.06651540832281091, 0.06088342699200972, 0.014160167410200044, 0.155398991095032, 0.020416668945461597, 0.050001257224011345, 0.05017632208556087, 0.07627595193410112, 0.06239189630908191, 0.05077568188477902, 0.0072325879726146194, 0.026376754301433068]
            , [0.06796512987456245, 0.008734464718612485, 0.04260209726639379, 0.04861882276064233, 0.07709727039211628, 0.05090981953584133, 0.03185679026872895, 0.0527278151731857, 0.049753431003616386, 0.0792195875895934, 0.018214946528380675, 0.04217163435228048, 0.0197021177621016, 0.02991638071825298, 0.04677164147906207, 0.05656015953544811, 0.05208129003524056, 0.06121050148653497, 0.013203796418972683, 0.1506823031004327]
            , [0.07129422813330714, 0.010945074578107719, 0.04194976471515758, 0.04882762598475685, 0.1443625620689348, 0.05522600550996174, 0.02391514358432426, 0.06157422181609687, 0.0435977374209673, 0.0917493073924186, 0.02322688844138159, 0.031082617389593774, 0.02300952727157774, 0.028901475141642746, 0.04616426333000428, 0.05728013030603393, 0.05227487928729101, 0.06691293346145001, 0.013560716371503563, 0.06414489779548843]
            , [0.06670201123098576, 0.007058012002744707, 0.05697947972226098, 0.04984438210317575, 0.02519833419700947, 0.2297855859201752, 0.01902760430932548, 0.04991657444626005, 0.05149724121626138, 0.06887430445748843, 0.015399211642128124, 0.05393560429240771, 0.02348644298381429, 0.03820977305372841, 0.04910759277905811, 0.05896583183868442, 0.04973000132427119, 0.056991175185112077, 0.00730697880537771, 0.021983858489730754]
            , [0.18441504263848796, 0.010559823250990981, 0.04651731317549598, 0.050838809199219986, 0.015796801343333722, 0.06578971305939421, 0.016874750316648052, 0.02728869672031819, 0.04558731651736603, 0.05252073822770196, 0.013906544899285068, 0.04873892538401779, 0.02911913531843455, 0.04665039398295302, 0.042915268557469084, 0.1533085647891335, 0.07498272311289267, 0.053858776291250285, 0.004942826881909824, 0.015387836333697313]
            , [0.07555270668607651, 0.003798842637072864, 0.07078012417892772, 0.14714232955981044, 0.010153865600822199, 0.04210022207681187, 0.02186866267494354, 0.02055391214445671, 0.1360064425149058, 0.04784496756037053, 0.010979321367719083, 0.05633261295732934, 0.013998434114401742, 0.0814941589471547, 0.08025965088432006, 0.06556717195595053, 0.061446277126793604, 0.03870940138792283, 0.002551679893081106, 0.012859215731129053]
            , [0.08451110187291334, 0.006375098033517196, 0.05462400626481459, 0.08048488049785597, 0.015160654369349841, 0.04511421969619461, 0.036388530670746086, 0.0299954579648168, 0.07499609439056218, 0.06630364296519949, 0.015847865319549213, 0.05716184741577337, 0.017870935869126, 0.13888846556729442, 0.07315609021745088, 0.06825340524728751, 0.06388163642454621, 0.04996709862898371, 0.004712758822048812, 0.01630620976196974]
            , [0.06383943092472537, 0.009154317292607538, 0.020076092202693224, 0.03676875012338746, 0.03570554480017144, 0.04013114965486103, 0.013397856992359822, 0.19077782280278052, 0.038034073179082466, 0.09903135088363145, 0.022062570266640127, 0.02023367705385032, 0.016601688863027875, 0.020770502553953962, 0.03763103266888154, 0.04333663362504331, 0.0553376429443762, 0.21213129720410134, 0.00560309619792504, 0.019375469765900245]
            , [0.07354079946873822, 0.005073610788657004, 0.15996849142954706, 0.1726311753557796, 0.010399375621575113, 0.05551941562396729, 0.020911457205790247, 0.01566505382891336, 0.06728435617309386, 0.04006028178935725, 0.009482399781224747, 0.0644804908645257, 0.033651421962041524, 0.06053635945529, 0.04784806683551175, 0.06790469815823585, 0.0537067056027633, 0.026095292893260475, 0.003493706928444506, 0.011746840233283031]
            , [0.05550725289632151, 0.007999403201256035, 0.01923927661060339, 0.03262932492452868, 0.04984970466918592, 0.03357773635308468, 0.012859054027874697, 0.17436692998530168, 0.03707299926131383, 0.22914235073885722, 0.048138679612823414, 0.018106822699528343, 0.013410872638254414, 0.0207984280883304, 0.03577850734441227, 0.03596978974945348, 0.045371922164380976, 0.10222289400710026, 0.005972585887372745, 0.021985465140016106]
            , [0.06351904540736326, 0.005371725430017729, 0.03978996471362612, 0.0636705750572887, 0.013334142102863386, 0.039801017311610926, 0.022113508253818918, 0.04343868722069576, 0.20659518517589917, 0.06264092024092814, 0.015077567865860349, 0.048458101385897755, 0.015874231116461798, 0.06716935425158538, 0.10309546062580524, 0.05825498976780108, 0.06039831368498008, 0.053165604919935265, 0.003800767925609658, 0.014430837541951123]
            , [0.07272723651142385, 0.00892370706726959, 0.054760828628598025, 0.05185185127996578, 0.019120839884770854, 0.06335595545965096, 0.018751817756710296, 0.034028623129574706, 0.05384694375547548, 0.058667554189013156, 0.013918242405442016, 0.059628713416457965, 0.025161510889627984, 0.04352439468925043, 0.04940914143149084, 0.20820860820186335, 0.08888433743179344, 0.04957695497449656, 0.006416151148990959, 0.019236587748133863]
            , [0.18247784564624084, 0.0035552121853420758, 0.09335650857636635, 0.14349349705936718, 0.009678150691352298, 0.05250026267040128, 0.0165604831693363, 0.016039693391939634, 0.057890715266345816, 0.04736369742608691, 0.008444559365351203, 0.03962097200963545, 0.03010109369067893, 0.06814703251102791, 0.062087875354108986, 0.06434621254502063, 0.0535404623586159, 0.0385336630478843, 0.0035935917477642023, 0.00866847128713381]
            , [0.07906352168157034, 0.005523380163203069, 0.06608706863768261, 0.2078830425624334, 0.01752709413664541, 0.044795608438896746, 0.016562620151330823, 0.0474735519531505, 0.06494504324463236, 0.06637698943317824, 0.013890383469065567, 0.03774597075045335, 0.018620177075758686, 0.05914281943952362, 0.054704073516466244, 0.05540564970831397, 0.05953059436589593, 0.062412955150856, 0.00500990479955103, 0.017299551321392097]
            , [0.08175006486820606, 0.0059258586755006025, 0.04551605474652293, 0.05045585130622903, 0.015785777263276752, 0.04980585373305227, 0.015510380951670446, 0.0385611405563366, 0.04800045798925836, 0.06097861371292518, 0.012033482869910279, 0.025859575826105922, 0.2699081163119128, 0.041544456733612026, 0.047369807579968955, 0.06434932034811236, 0.05326843275374726, 0.05389250398086894, 0.005520991128258276, 0.01396325866452503]
            , [0.05628524130254699, 0.007392036381326647, 0.00963488719195741, 0.01444749230885153, 0.045131452364532254, 0.015076735043328625, 0.008741091565157736, 0.21001179685498722, 0.014828721807900107, 0.2100652653752567, 0.049597232004258425, 0.01122318314068675, 0.010562134700048145, 0.013787978392112332, 0.01671421489518186, 0.027735692741097554, 0.04815195542578712, 0.21098401428483698, 0.004690756332366145, 0.014938117887779533]
            , [0.18450662232271872, 0.008822863838604207, 0.05096010581016417, 0.04785688671789908, 0.01708186417478253, 0.19055815281826746, 0.016177934795323066, 0.022388291123180415, 0.04212977184959814, 0.052808282422458, 0.012414106967845543, 0.043711044955941705, 0.025812376262102258, 0.03799430527563777, 0.04549075855981632, 0.08165762550209, 0.05313187152959302, 0.04617997455764929, 0.005779974625186714, 0.014537185891141788]
            , [0.06633317242757175, 0.0074705049647538335, 0.03160019361062666, 0.05375276821262919, 0.012806446442151783, 0.039962397012905645, 0.04900153060224775, 0.02447285009283672, 0.10089156775053137, 0.06338912848351537, 0.013072656847737497, 0.04320195679303831, 0.015216220700166788, 0.07307839531292214, 0.22856737306139505, 0.055990912814305654, 0.05467029008863426, 0.046386958106906996, 0.0053133683996880775, 0.014821308275435329]
            , [0.19741389381647967, 0.013760856532813653, 0.021418275423915556, 0.03790722921136501, 0.022676157518070953, 0.04791853855063542, 0.014672274800110333, 0.07464834871448961, 0.026726315505297884, 0.07995389191584334, 0.01990304589448667, 0.0195933547931358, 0.02048224253410299, 0.022841816772086958, 0.039774667355465566, 0.06079065771778798, 0.07252303257951488, 0.18483307277830072, 0.005739891530488652, 0.01642243605560825]
            , [0.06636304006463643, 0.00632002116155195, 0.05207726903439093, 0.044667295403320484, 0.017041986367970028, 0.3425191533421868, 0.015295176900602699, 0.03970453493556406, 0.045616379842345414, 0.05479725270433551, 0.012068594717865554, 0.04904546377867652, 0.018554161575278557, 0.034609490628738256, 0.04349008890810386, 0.05275793391285846, 0.03884306557300707, 0.04654250751177816, 0.005428699833272817, 0.01425788380351646]
            , [0.06723912666203839, 0.005939811888248931, 0.05085830814751283, 0.052694336276442766, 0.013570148704920569, 0.045278317034963066, 0.015487869933487127, 0.035598913946031326, 0.051371074322209734, 0.0498382144240189, 0.012450869293428868, 0.05476493801597681, 0.01643557942932715, 0.04286697047299933, 0.04958782606955575, 0.12953409622630455, 0.2385915057103946, 0.049434467222597235, 0.004769077250056949, 0.013688548969485103]
            , [0.04942630421777235, 0.007041034752841161, 0.009229557851468891, 0.013157545191655963, 0.06670797294991304, 0.013052948339963242, 0.0093084871630918, 0.1439723713190741, 0.013368926028668255, 0.3522252021156545, 0.0758984595281974, 0.010400876844305807, 0.009229555409486695, 0.014771289217139924, 0.01656736059974509, 0.0201255476109549, 0.036056924472429454, 0.11223705529397288, 0.005771158047778768, 0.021451423045886143]
            , [0.08844336934296082, 0.0018609849113618811, 0.10910452146807555, 0.1541604694207348, 0.004130681838063834, 0.04654294120333774, 0.030687534436613515, 0.009159078570024886, 0.11338546653611212, 0.019802320658438007, 0.005834528867763646, 0.07312144020195598, 0.012758403278979988, 0.09719742370560062, 0.06839735459983612, 0.07913135867970714, 0.06311304503093804, 0.016120683163887598, 0.0009760102086464074, 0.006072383876961053]
            , [0.34710993056898165, 0.012585521052358975, 0.03527938778949786, 0.04029902183405462, 0.018343348296639316, 0.0706593447983583, 0.014433500639956397, 0.042700184397438105, 0.03348891530246474, 0.05958572329577069, 0.013925609886079727, 0.020242470677737805, 0.013507224010192652, 0.025586147954148195, 0.039937597719717506, 0.07639400670554958, 0.052500810478502045, 0.06282446822547665, 0.0050435038744316915, 0.015553282492643353]
            , [0.0738136532500885, 0.007779924890873924, 0.0172709869827119, 0.024821985533262387, 0.04334835734488912, 0.04267187621124994, 0.01232697427346971, 0.10103146953264719, 0.01856140421741457, 0.23244475308935153, 0.0397549846959103, 0.014102692753621277, 0.014680556292040311, 0.019711125064129024, 0.03782864710356252, 0.03678926824461897, 0.049952409569158, 0.19077241327028233, 0.006162302300506961, 0.01617421538021169]
            , [0.06503830163073468, 0.009213213816248731, 0.019755639930090815, 0.022875799095725416, 0.20135153956086227, 0.04128432284573307, 0.0428613718666358, 0.051149980712721754, 0.021061668231229645, 0.08632037109836546, 0.02015174449492608, 0.023711309712834968, 0.014821679938679343, 0.021841545761207525, 0.027797111513022638, 0.05031658692910992, 0.0445133478849509, 0.05913727547609513, 0.028287709215528787, 0.14850948028529726]
            , [0.059928331496092, 0.009690469443562931, 0.01618850371710195, 0.01973742483285076, 0.15112707635347264, 0.03553785145267516, 0.0177532031854777, 0.07413881807468758, 0.018760021198321104, 0.23027519920275116, 0.05138934079433476, 0.01756675622256756, 0.013983098395907605, 0.019634497237189425, 0.025126509148742822, 0.040324405585529154, 0.0407637530571482, 0.07073335538726717, 0.014249887089863753, 0.07309149812445646]
            , [0.06434646268792547, 0.008442942089339031, 0.0478303824171187, 0.04967354282516288, 0.0440342486238842, 0.038631841419908684, 0.16621606757114324, 0.023150661710304825, 0.052668189264918494, 0.058979517467896085, 0.01365949080778216, 0.06846424185591922, 0.015040739111698625, 0.061345270787820594, 0.059652713957952117, 0.05763517488066843, 0.05072641504249809, 0.04553693192709706, 0.007887846561964828, 0.06607731898899717]
            , [0.06038536713325068, 0.0033330066408353803, 0.24140392912121025, 0.1817137082399896, 0.005252893224742081, 0.0590722800653998, 0.026227816664205917, 0.008136535454288791, 0.05801704060304644, 0.014327900128925975, 0.005809834939051931, 0.09291168688063009, 0.018386288031979007, 0.0538259808050494, 0.03475357023763301, 0.06769315700513111, 0.04566931728235165, 0.014029586822000053, 0.0018755766989488945, 0.0071745240213298015]
            , [0.052680470492909054, 0.005437497794924933, 0.02051910843071044, 0.052469851026598444, 0.008526843854175669, 0.0334635936135037, 0.036221771267498516, 0.016947442091128723, 0.23203896378047792, 0.044236409167840246, 0.012432184284616688, 0.046854798201065646, 0.012841010211087108, 0.06680925151190126, 0.21030829123982006, 0.05232832531490512, 0.04860023700724901, 0.033947294454890746, 0.00327076006700138, 0.010065896187695185]
            , [0.06195581386647648, 0.00443766993360285, 0.2549199291746866, 0.06908240988615447, 0.012375675773475975, 0.05940424995559256, 0.02946315904345454, 0.017862114338649152, 0.050735790138753095, 0.042318843520153804, 0.008843129523234005, 0.10322695502858846, 0.01950729975926207, 0.04145144032690355, 0.040788838318714396, 0.07270195004307808, 0.056827561437140135, 0.03548133940638347, 0.004505012120338185, 0.014110818405358385]
            , [0.056034374570629326, 0.006666670551616852, 0.023614185304121474, 0.034270608566332184, 0.046679969837254594, 0.03818520654385185, 0.013593033165548524, 0.06116998864000562, 0.03434782702889491, 0.36086325808852543, 0.05183252157210244, 0.020947886040759516, 0.012429016597552786, 0.03426261188820834, 0.043181956366729744, 0.03798130128411502, 0.040206181493547294, 0.05757669137798947, 0.00631860621958363, 0.01983810486263081]
            , [0.07982328816586634, 0.0031371641757957204, 0.12208777328313933, 0.28902562934626264, 0.006910210524062747, 0.03727564616879884, 0.01491068674309153, 0.013004962246546339, 0.07072153895611882, 0.033888568570849015, 0.007679220631775252, 0.04397077645989441, 0.016923164608047492, 0.07178060267693748, 0.04403259893403538, 0.05221690586081547, 0.04763662366888967, 0.03468827279271057, 0.0023291613308285154, 0.007957204855534238]
            , [0.16421749455009013, 0.004845523376201998, 0.059167853122831814, 0.08347641809078865, 0.008337456532800425, 0.05178755780476482, 0.032319091380126175, 0.013534954959055004, 0.06868340827795873, 0.055839073936695786, 0.008802954232410513, 0.035055843013457745, 0.012143840387338135, 0.07934705355815291, 0.15032563258168424, 0.06451453296458659, 0.057839496504853864, 0.038538212111846035, 0.003663185660289791, 0.007560416954066978]
            , [0.05542084397108989, 0.006707596283691693, 0.01831654987898574, 0.021097356831497185, 0.12696652751008583, 0.02823784696759047, 0.07025814033041089, 0.03414535675612833, 0.023626330642238288, 0.06740023358364677, 0.014017781905145037, 0.03591391111569538, 0.011120480170418523, 0.022850435223135665, 0.03392332341257331, 0.04583400756680786, 0.03867413450359771, 0.0470665838992578, 0.03330089867853262, 0.265121660769471]
            , [0.13638604296359677, 0.011257468156073482, 0.03923057461963586, 0.0404561323521225, 0.009000800389774029, 0.05494365324270181, 0.014395000925781654, 0.015339871348226713, 0.04035767459214455, 0.0321084632631013, 0.01046742179911405, 0.05623542951170602, 0.04075868419181833, 0.03809477101065361, 0.03341728099864772, 0.2338259919382775, 0.14080732308662244, 0.04095924145795475, 0.0031864642432272616, 0.008771709908819678]
            , [0.06062275104093995, 0.006931211682311907, 0.010939589617524989, 0.019532024108319477, 0.01995093962104624, 0.01595532308438963, 0.007676360346751068, 0.2295133692487622, 0.019005859674269827, 0.09098338978906713, 0.028484523973916206, 0.01190107438684464, 0.011825957979906763, 0.013001447346575896, 0.016930789942571453, 0.03105977342332891, 0.05432854448622946, 0.3386535419713314, 0.0027793337417940877, 0.009924194534118698]
            , [0.044642232409782566, 0.00543276178263098, 0.005329292935492021, 0.008512100709824867, 0.03292507321935056, 0.007401742647414667, 0.005489871780477756, 0.2670022341391334, 0.00883853649561662, 0.18799815426313427, 0.049149962907997516, 0.006684519689507058, 0.006504284443282968, 0.008731893001643806, 0.008869534826537911, 0.018697249240054142, 0.04084875311051338, 0.2760446789090837, 0.002800944061948831, 0.008096179426573077]
            , [0.09325557093105703, 0.0037542029328222815, 0.03924005825288673, 0.04684189056445068, 0.00817505728233439, 0.03643920511075676, 0.010488393534093437, 0.015186370397137832, 0.043971095429814915, 0.03817115034839168, 0.0072761716333699725, 0.023863424705615095, 0.4047248966696158, 0.03611393226974894, 0.03728810668962977, 0.06298390676860634, 0.044518109563926114, 0.0372923843210723, 0.0030486783489953088, 0.007367394245674674]
            , [0.303458436261387, 0.011069684826304011, 0.030072243328108532, 0.03583422744303356, 0.008832326433315217, 0.06930115028883121, 0.010962088739828083, 0.0152876145557447, 0.031218125612284955, 0.03227133432174686, 0.009223084285606233, 0.03416641002424034, 0.024550465520340566, 0.030968336637146203, 0.02817241118379446, 0.20013858354213832, 0.06750769003661693, 0.04573283277958802, 0.0028310937542090197, 0.008401860425735633]
            , [0.04526545941765752, 0.00877260671823011, 0.011368480344612368, 0.013268992019310956, 0.28393182116688553, 0.014739210391227251, 0.03869850322613945, 0.04872655432554106, 0.013479652387762175, 0.1054109135638919, 0.021617303316524554, 0.015299396293906253, 0.009116967099977535, 0.015400958631532543, 0.015615774408066203, 0.035580864207094484, 0.02847070287399804, 0.05077456529858233, 0.03727747226060627, 0.18718380204845356]
            , [0.06618433359939709, 0.007388042545221987, 0.03368806096896991, 0.04984770035006643, 0.019687274396957836, 0.041979148200365295, 0.01372241938978475, 0.0830963629017106, 0.04686931762051836, 0.0701204958329524, 0.01398832006860782, 0.02004023328481643, 0.016488977832132566, 0.03368929502568646, 0.044515349411568754, 0.04101977113051179, 0.055051219404349906, 0.31923487416789886, 0.005399045901149821, 0.017989757967332997]
            , [0.04027884112390619, 0.005382196742092754, 0.0060761392634827525, 0.009647287859989664, 0.048529570843188145, 0.008442161742445532, 0.00629123445128427, 0.2279543710358839, 0.010728018855765142, 0.3239958868298269, 0.06603821351037585, 0.007519067780114482, 0.0066878697489392526, 0.010134213041278404, 0.011381703015492831, 0.013953004048823433, 0.03247475999034459, 0.14938538524278908, 0.0035134185895156827, 0.01158665628446125]
            , [0.07029477127897375, 0.0038747338564346276, 0.13415324325861483, 0.07653231309500898, 0.008277110522385592, 0.201275378284276, 0.02229448088551539, 0.011716594785630315, 0.062479449663962294, 0.022447063196101045, 0.0072410049559617756, 0.10553934010538965, 0.01933198341419746, 0.051384457772348915, 0.044973695697252375, 0.07860971362568868, 0.049423101951195605, 0.017280701364518807, 0.003239942465853529, 0.009630919820690432]
            , [0.05655332925451488, 0.0025533676851891, 0.23232772977378988, 0.3184889805307144, 0.0032782716725372244, 0.037247901426241355, 0.015048554257419114, 0.005837207136760714, 0.05257180939789293, 0.011206603405481179, 0.004644456139907389, 0.05478229931410186, 0.015995537908309237, 0.062580068616708, 0.026789856154194096, 0.046051151198727706, 0.03589074871678064, 0.011977947917401354, 0.0012811414584824048, 0.004893038034846807]
            , [0.0724797306812472, 0.002797431658437632, 0.040960795806579346, 0.08818755660831129, 0.003917985874394898, 0.025955277348995703, 0.04311055648686082, 0.01014625124438843, 0.16331282424734686, 0.036793448111732616, 0.007644694182128717, 0.04872545631413543, 0.007049856664519809, 0.1396762819395879, 0.17524352265064294, 0.054318183744983047, 0.052069509703978986, 0.020076658018764484, 0.0016700994375608185, 0.005863879275402948]
            , [0.06566752624844419, 0.005443953001195695, 0.044042590605314756, 0.03467742517659789, 0.010968142651206094, 0.49159256258957723, 0.011333671919650477, 0.017901189450495954, 0.034010109664779534, 0.03799042792335785, 0.008797115804362245, 0.04191750907865281, 0.013089200313629874, 0.025272665506469734, 0.03243146283204658, 0.04874055916477965, 0.029728970140501226, 0.03197277157794498, 0.003727325744268624, 0.01069482060672483]
            , [0.09368204497369813, 0.0027412059095889094, 0.09262527754488359, 0.12355963100250886, 0.008062660582719464, 0.046175665109149715, 0.013152539847649759, 0.014339170730597215, 0.07635200158319742, 0.03680836736750171, 0.006706630898745421, 0.0403946311840948, 0.18319877949608201, 0.04880931620685589, 0.04672889040705818, 0.07217702321997851, 0.05113951646903467, 0.03294673926529195, 0.0024535531781738297, 0.00794635502318995]
            , [0.1919350296314598, 0.004845932548199833, 0.0436588671339905, 0.05100831948283093, 0.008846063950136753, 0.05121909248572593, 0.011839677669273104, 0.01714237772578066, 0.0408169011129226, 0.041359219220456225, 0.008530246453881426, 0.028999821192602256, 0.2063452463336585, 0.03917035927231762, 0.040869516397484526, 0.09248194493078252, 0.06132996043861959, 0.04857602949498027, 0.0035061625153506026, 0.007519232009546139]
            , [0.04197629324940455, 0.003523527775503177, 0.012462203537110807, 0.04402997459195823, 0.004350420695536168, 0.021659609188565278, 0.033142651567028614, 0.01015390025541441, 0.2897803582402789, 0.031903329439109014, 0.00857336445890497, 0.042638379405770484, 0.007444571695030011, 0.07785111830030593, 0.2639126027010682, 0.042007843645872685, 0.040742731583237976, 0.01576666041663318, 0.002007623641474416, 0.006072835611792954]
            , [0.036845611708576975, 0.004016830858862745, 0.0025058898469963566, 0.004241946068172144, 0.02508122848911959, 0.00388098804720078, 0.0030948672413532714, 0.3163926898410177, 0.004530943675968852, 0.18841521128796992, 0.044114774283584915, 0.0039095444100489905, 0.0038206109945838704, 0.0052150327017238055, 0.004731889710107511, 0.008693555240965618, 0.032159899249394615, 0.30241179338877977, 0.0015136369209997418, 0.004423056034572789]
            , [0.06860439057603676, 0.005748865022219278, 0.019826243484097318, 0.05069862936669099, 0.013521237695402375, 0.018603582624936898, 0.012607465691892663, 0.09759764196498619, 0.050829559063519276, 0.07281958238016398, 0.019329313142637233, 0.031373345733661524, 0.01173693008124531, 0.044872916334833084, 0.050769967290474845, 0.05707498611784897, 0.18906305246987962, 0.16899282930931203, 0.0038067072545733757, 0.012122754395588391]
            , [0.03312240797055333, 0.0030755248751639435, 0.00298239640726644, 0.005152211409768154, 0.041704244820203455, 0.004370205276509647, 0.003594771011115215, 0.26009280945060814, 0.005551980748894237, 0.28585175297062304, 0.07507405281778687, 0.0042375677378535025, 0.004206400193142567, 0.006646813527919873, 0.005930841831327907, 0.008858391075174275, 0.029311044213779572, 0.211083719972551, 0.00212965713016655, 0.007023206559592533]
            , [0.03398253990229443, 0.0066191403492906805, 0.01006347662199546, 0.011839950198196513, 0.23758610004663047, 0.010504701529412457, 0.05891436427378352, 0.027495214676436543, 0.012296322118816561, 0.06188274030914938, 0.011208495004312027, 0.016606715441756587, 0.007486021096975985, 0.013998451259318506, 0.014486032405089111, 0.030144215778047618, 0.020295499555989666, 0.0344696090024169, 0.0390549396293605, 0.34106547080072713]
            , [0.2099194552754136, 0.011705616139178369, 0.015800400108505856, 0.024647664979920023, 0.034783735817182485, 0.05232330165756061, 0.011043313485107623, 0.06849343086008373, 0.021248272278066742, 0.21011435781393833, 0.045841999364728235, 0.015052605188833616, 0.010120592747058245, 0.02419808781806086, 0.04245899075347394, 0.04618933205516914, 0.052223191168335195, 0.08470268108622223, 0.005240445367020572, 0.01389252603614028]
            , [0.051339491267085945, 0.007408020151632408, 0.010772115893896232, 0.013846818050680896, 0.14004854432380143, 0.016950252059223462, 0.01374819248010779, 0.1595437105998211, 0.013588015041503523, 0.17242865891656844, 0.04975329585727444, 0.013148985420846119, 0.009544603611588723, 0.01273694226404772, 0.01469593295454034, 0.020773051858882625, 0.039991528957746485, 0.1384832772491815, 0.011387529171089393, 0.08981103387048163]
            , [0.07150622328373778, 0.0018421013893392913, 0.06628753273347246, 0.1948933289842025, 0.0045570983246655105, 0.02766395951201817, 0.013993984735499735, 0.012217562646842099, 0.20715917176474696, 0.029836049385987003, 0.006830168040086958, 0.05074841534440359, 0.009230159724510668, 0.0912131547170081, 0.07643208072251384, 0.04927677449902551, 0.050562217032566095, 0.02783569615374484, 0.0011944458454369248, 0.006719875160191959]
            , [0.18816149576308142, 0.0020201314777919784, 0.056925129783150195, 0.08331235490704429, 0.009676624869644395, 0.042986048232934795, 0.010844239808908196, 0.021144699850624095, 0.17806749777613307, 0.046477834266012354, 0.008644064379606058, 0.04272571816585934, 0.017843243728886442, 0.06894075689339497, 0.051881395451625345, 0.06180182970167575, 0.053057693494530996, 0.04335412251826951, 0.002969185212034143, 0.009165933718792764]
            , [0.07321795754730923, 0.005069640116960935, 0.07225781376404795, 0.045049162391102106, 0.0071004613111092015, 0.06143382997147497, 0.03322178276637338, 0.012209438659600039, 0.05334556787077783, 0.018753031167839353, 0.007778059687901216, 0.17943160960756233, 0.013853018980859605, 0.048204722339246574, 0.03864127991593273, 0.19612581157985898, 0.10271015513659594, 0.018869110142876365, 0.002572568902924031, 0.010154978139647199]
            , [0.24052069342068527, 0.0017480014493738037, 0.07848657907823432, 0.1535521614678487, 0.00352997618647427, 0.043741557215827585, 0.012306443167267133, 0.007733324755236386, 0.07223587929044069, 0.0310799706970111, 0.004436205640907036, 0.03130139711728761, 0.007373336975467868, 0.08317743754147232, 0.09748653352827968, 0.05707042468485342, 0.04557079285615424, 0.02410449809074564, 0.001415407488439327, 0.0031293793479937214]
            , [0.1544896102618886, 0.0019088277559358802, 0.17773128355607945, 0.19922850044135354, 0.0037764390044420196, 0.05639332762883001, 0.013912459807395078, 0.007337677463383799, 0.050212305479414715, 0.017281238321513095, 0.00428076030919704, 0.04340931548385218, 0.03096773490872177, 0.06396848649598576, 0.04687760817571374, 0.06242290819663503, 0.04626010387372725, 0.014640119542260377, 0.0014148488512367753, 0.00348644444243398]
            , [0.05076629006731006, 0.0022911590684903307, 0.25034454476371715, 0.07649423902199816, 0.0045961080515074, 0.06175565450054901, 0.03424523418982773, 0.0067434267198820605, 0.0547860259297786, 0.010303714820964038, 0.004183091418986136, 0.2147493677401456, 0.00950657332810121, 0.03892154061922357, 0.02719551066596223, 0.08341533558562354, 0.049318640058194065, 0.010125957217265523, 0.001931871461945807, 0.008325714770527775]
            , [0.05919254613338389, 0.00516226190958694, 0.09043651875174588, 0.04938051008728848, 0.013647860234765897, 0.0573617298740055, 0.047938093057750736, 0.016968292972967553, 0.054555455848380396, 0.03752763563078165, 0.009570238169872089, 0.2741993262500618, 0.011778428144732246, 0.04467828634436101, 0.04226632821103138, 0.07237434531974554, 0.0573450136551301, 0.03228062903052012, 0.0041138681345100625, 0.019222632239378545]
            , [0.031791662151292296, 0.005063513815208567, 0.007447527358666997, 0.010130601920670097, 0.051119636852709434, 0.009182743576598536, 0.007681564804984872, 0.09955232080067988, 0.011291609509498004, 0.5259132042314132, 0.06210711855207303, 0.009437544930274107, 0.007684668529726341, 0.01315623913619757, 0.012641676491918654, 0.02323412604083676, 0.02526134442986315, 0.07128011150142996, 0.004212227856413805, 0.01181055750954488]
            , [0.02809663580234073, 0.004077298683219627, 0.0030435155900937635, 0.005254817718136997, 0.056726318223087886, 0.004326195442459499, 0.004328206475219156, 0.16850143653730437, 0.005960891468512427, 0.4463931990236054, 0.08901639618187299, 0.004657687303791115, 0.0041936366394684284, 0.007852581788938749, 0.00661665361184003, 0.008623736909010029, 0.02246560860866723, 0.11804427039573372, 0.003075029511271029, 0.008745884085426885]
            , [0.23499278173222723, 0.011580243323915565, 0.017038793915040526, 0.03487841561779282, 0.010189273917632984, 0.044647331620040746, 0.009269135772252239, 0.049319425653165605, 0.019833322869748773, 0.04812842534417913, 0.016249899702409358, 0.028572744141590077, 0.01606853936199947, 0.019367328100717302, 0.020625344976399382, 0.10633730386023983, 0.18888860793676482, 0.11260537752623445, 0.0030936541757924925, 0.008314050451857286]
            , [0.0733851035173822, 0.007333476852053332, 0.03978810702378082, 0.03164502175895354, 0.006442882632567866, 0.03930297078394348, 0.010719798425964901, 0.011658208886378037, 0.03323140794950321, 0.01676180204031792, 0.007680834842454416, 0.0547367646800141, 0.01592563346860054, 0.025253737553858156, 0.02863517525880426, 0.28235196957004444, 0.2753092908297819, 0.030749566464063616, 0.002596897453688179, 0.006491350007844991]
            , [0.03570487866193376, 0.0037495345500898497, 0.0021870958796151464, 0.0037212819738181983, 0.013923769582259153, 0.0031144292949777308, 0.0023732625157763462, 0.346768355388453, 0.0038525149324276373, 0.09388284992615141, 0.02604453306723232, 0.0034651128694186853, 0.0028744210211008015, 0.0035553421526990296, 0.003462679754422818, 0.010948759797522419, 0.03032421458883564, 0.40565937433523375, 0.0010962283671431452, 0.0032913613408890106]
            , [0.19102149913198047, 0.019809638222627844, 0.00870234116392055, 0.013788688378915639, 0.01347356627265458, 0.027934821054550717, 0.007315558825317118, 0.11531051857639521, 0.011811628912611402, 0.08130459256760178, 0.03173261457838023, 0.01046896439752096, 0.011606128396446855, 0.01245773240645366, 0.01353258954301045, 0.051363359520556, 0.0815972491876846, 0.28684998811872553, 0.0026146800840784598, 0.007303840660567813]
            , [0.044180943603571124, 0.004957634165760646, 0.004642633879720884, 0.0073581782073598705, 0.017735112060614386, 0.006193611034423369, 0.0039543726553580945, 0.32650611913692856, 0.007438958285922468, 0.0859474036558781, 0.03004597605128521, 0.006288118113838391, 0.0052479437798193754, 0.0063784280365479906, 0.006686628402416629, 0.018921359212002258, 0.04382543620058706, 0.3660494284856387, 0.0019028437109209835, 0.00573887132140593]
            , [0.07036077082741309, 0.0043785677631969725, 0.04231581974920849, 0.09034579357838587, 0.00927138867333224, 0.03211400399159055, 0.0507348798945258, 0.020116204106388376, 0.07333400986756325, 0.0643383397087077, 0.014606208644362649, 0.04792285918396421, 0.011976747149186373, 0.23825856275381138, 0.06857784974038973, 0.0551771293190027, 0.053103810937005974, 0.03999319084557036, 0.0027410547206077043, 0.010332808545786798]
            , [0.02290970958142239, 0.0032225319052067284, 0.0019379990553568896, 0.003167272700534061, 0.05131251192983619, 0.0027074655249498822, 0.0025692848677279292, 0.22014842784277963, 0.003222757073508659, 0.42999754631636256, 0.07591325086123084, 0.003027973972109627, 0.0027012783206696073, 0.004878543767022401, 0.0038813042157652537, 0.005744756105048708, 0.01719149016013223, 0.1371174016154324, 0.0017957726166447135, 0.006552721568259138]
