# This script is generated automatically.
# Vector of amino acid stationary distributions.
distributions <- [
              [0.0682715079506013, 0.017294639455909606, 0.05673852034053681, 0.06278663180856638, 0.04096699046307856, 0.06449661299998859, 0.025861188233056154, 0.05929108204487045, 0.060108550225133686, 0.09342668907408866, 0.022029250797224908, 0.04329015465303896, 0.04447932323477168, 0.041969918138828215, 0.05697611232240529, 0.06322093096618038, 0.05561369647958562, 0.07062825813211851, 0.016752250248204, 0.03579769243181207]
            , [0.07196174778156464, 0.018715218265902982, 0.05036807141463697, 0.0628666797929331, 0.04147858528410806, 0.051265324370517375, 0.024721569338778285, 0.07170178207172079, 0.059055778903554325, 0.1074301494471616, 0.025314310944413027, 0.046544885854105336, 0.033084870185579825, 0.042143779551676495, 0.048105769537061874, 0.0714907522869578, 0.05868317168072523, 0.07616523369246435, 0.006390385623851072, 0.032511933972286765]
            , [0.08881227643328686, 0.003877748208045462, 0.059760726864082715, 0.052476032221678855, 0.04115347512628466, 0.07580526729817226, 0.019967543036654264, 0.05195374059701652, 0.05301587423569617, 0.08335260239837261, 0.0200190169736347, 0.04662377422576978, 0.04955375764274084, 0.04167826516727763, 0.04830013486185251, 0.06829495201975608, 0.0632402708028823, 0.07435044005400736, 0.016553960159411935, 0.041210141673376305]
            , [0.1305834153336198, 0.01306197248520487, 0.06042416766200843, 0.06321514889796695, 0.03079062185311161, 0.0700685800920508, 0.031082627237530417, 0.041137077344277476, 0.02583731394022753, 0.10382826225885487, 0.018076874554486033, 0.025015628152785224, 0.04129768721335615, 0.04548301565673468, 0.08461250411045149, 0.05423607301370333, 0.05589495995513599, 0.07038902428883737, 0.01306284710160612, 0.021902198848051006]
            , [0.07917616482348384, 0.009331177886241071, 0.08730314867454686, 0.13038970965255767, 0.03523945186324578, 0.04914461281297958, 0.020580078295741776, 0.056945834516153496, 0.06914431572553316, 0.08269764789662722, 0.020102546780867425, 0.04049206370042631, 0.03013326909812845, 0.04302370748544962, 0.04102749114673561, 0.054911096176466244, 0.050808525210513884, 0.06054054890146143, 0.00899050540167612, 0.03001810395116439]
            , [0.08485297840961525, 0.013527995025828136, 0.07861057009068934, 0.08579128264985493, 0.0198298899950503, 0.06675619420529075, 0.03396638249704456, 0.025484665084229665, 0.06883943501141075, 0.0497506592844357, 0.014823707365093818, 0.06283858803290632, 0.043807505587436624, 0.061365112113986174, 0.06466542266582365, 0.091027205361879, 0.06467316963109955, 0.03940174012637538, 0.008605164180645495, 0.021382332681304694]
            , [0.05811162458874031, 0.009056410730787078, 0.04505892977811081, 0.047494803448510814, 0.025898040725497527, 0.053124787750865016, 0.020785363357024213, 0.15789837345474975, 0.04103673972893559, 0.10434250122642608, 0.01579415154649931, 0.03069954481443021, 0.02536303720945144, 0.029443176549688792, 0.0435216971093893, 0.040914385299164524, 0.04086092159024236, 0.17776742819340963, 0.008251166565880682, 0.024576916332196427]
            , [0.062428223744244185, 0.017102582603441843, 0.023472736971588748, 0.03208363913303712, 0.04278600873823052, 0.02941284581052644, 0.016468475550035527, 0.15214991964461452, 0.03292229951233495, 0.19342353245104368, 0.04119647504015552, 0.022501136367691778, 0.01652633377230967, 0.024065353022698657, 0.03434588082184411, 0.037422801334052555, 0.04578102521978892, 0.14632545994732393, 0.004868200501910839, 0.02471706981312635]
            , [0.0873855131417677, 0.01190311436778148, 0.04204620973840812, 0.048873474782898836, 0.03363591917918248, 0.052037336426981586, 0.02223644415284795, 0.05173825730426825, 0.041355803738443844, 0.0844310750600385, 0.02096377445648886, 0.0328305108168763, 0.17258689316205958, 0.03414031768631075, 0.045777185717423084, 0.05904108669051772, 0.051950864105186186, 0.06819711488659219, 0.01069976289766655, 0.028169341688259884]
            , [0.07354067565213877, 0.010024099178315999, 0.045557544646179476, 0.05203426305702003, 0.036437026788934186, 0.051185796270575304, 0.022256695416105594, 0.06186582788862162, 0.04722565425497156, 0.1649464302607801, 0.0876977781758546, 0.03587306715165131, 0.024787899541780328, 0.04033088755403335, 0.04814188242509215, 0.050259499148858744, 0.04832427241188695, 0.06332583626146358, 0.00906822246690041, 0.027116641448835854]
            , [0.09433722672452614, 0.01257279199870249, 0.06089538265202357, 0.08533645860074117, 0.022054417703449535, 0.051205471022693405, 0.024471036482734767, 0.048689938387163366, 0.07682236477783393, 0.07846361635637046, 0.023856819958207126, 0.05607713769847364, 0.02147141378771109, 0.05969991272222337, 0.053778299426156584, 0.08348950007405014, 0.06593393062355905, 0.058629525498560625, 0.0028877079391782068, 0.019327047565641176]
            , [0.06842333316931834, 0.010594415694764844, 0.04631909511497913, 0.052282217995287976, 0.10462090224780027, 0.050874134560760245, 0.027409409293945867, 0.050573867221203, 0.04803898681704094, 0.08898190235466386, 0.021586242294499017, 0.0376317293905921, 0.026932699306390633, 0.034738070267149875, 0.044272368173673915, 0.055141125804043026, 0.04881935376612398, 0.05979034898306328, 0.009377134635966424, 0.11359266290873332]
            , [0.06364305626169584, 0.016051712625516825, 0.02465844774006992, 0.030908141444744134, 0.08998701214623438, 0.03394898975739711, 0.02554170075105172, 0.09377177217233537, 0.029376381749168554, 0.17735997717306207, 0.04047419626577565, 0.023711987560881553, 0.022418008232917057, 0.028014867156930225, 0.03772933342931403, 0.04183259922299198, 0.043664630529788036, 0.09754123299445462, 0.022523270794126346, 0.0568426819915445]
            , [0.06933935091688186, 0.010707230503530672, 0.03951961135587869, 0.057006822767723044, 0.03382719174733669, 0.04286075001275316, 0.02475168323868711, 0.05560407844996984, 0.12130908014880863, 0.08940436432730967, 0.022607613221814257, 0.03593608270633353, 0.023850699118165855, 0.04496322044079578, 0.12070048242444174, 0.051781791294926154, 0.051264249330630264, 0.06486569885163822, 0.008996368454244355, 0.030703630688130396]
            , [0.07381491768583485, 0.01176766308505438, 0.05171076307521357, 0.05748744766421231, 0.03991222864131311, 0.051491057470995506, 0.09616242298650163, 0.05322211781280978, 0.05144250121414017, 0.08692777371193407, 0.022051708672846154, 0.04787637436065093, 0.029227311997942, 0.04530118625015373, 0.05180346044340534, 0.060151008519640135, 0.053851049388734855, 0.06575506143984176, 0.011266563179063143, 0.03877738239971253]
            , [0.07466159899440993, 0.09898690068068723, 0.04412739612024617, 0.04938036639879859, 0.038141263358057086, 0.05455531384030936, 0.028717297194919875, 0.05058217073182952, 0.04840419737151802, 0.08322562974053903, 0.022392161973556875, 0.04271115952844487, 0.03172019557484977, 0.03866084990650905, 0.05227085082160883, 0.07348160980555674, 0.056324691853788605, 0.06483898227562916, 0.012142556984785403, 0.03467480684395552]
            , [0.06685836283948222, 0.010393333211890572, 0.0440548629765984, 0.04373195203912491, 0.034381471526668116, 0.2620685872622426, 0.0199974809804351, 0.05837302560527733, 0.04033843796267487, 0.08294614847481055, 0.02140923418712444, 0.03392605070349042, 0.027326797012214188, 0.029182563929847714, 0.03953083421045092, 0.043500697809506696, 0.042179921465341955, 0.06323012240548995, 0.008880411297873422, 0.02768970409945557]
            , [0.09262756136378422, 0.001244748821073351, 0.05978762835362116, 0.06500071055900349, 0.028834552384445704, 0.060639992002149146, 0.0159111997644751, 0.05787947096529476, 0.07275407581865825, 0.08642702396738872, 0.018624823489094854, 0.052009313230403136, 0.02483645289454072, 0.055012557674408886, 0.04471919911176525, 0.07364954666307241, 0.07365909956257065, 0.07515193347113458, 0.007889959675208403, 0.033340150227907046]
            , [0.06924323503186362, 0.009972958715472683, 0.047316493155769974, 0.0474106652184013, 0.028217173935525672, 0.04753045671496693, 0.02116015235919731, 0.040100340314326376, 0.04442594669330445, 0.06268079536073433, 0.017840065976828096, 0.04534779789523434, 0.02472332626019969, 0.03459807030950475, 0.04290883966543459, 0.1413808087607606, 0.185176008674603, 0.05439547767696198, 0.009649990024249606, 0.02592139725666079]
            , [0.10378815608637733, 0.004451387204823405, 0.0670048374176489, 0.09009429172494952, 0.01881068934899001, 0.0429000420005559, 0.018397477857532773, 0.03158036945078825, 0.06779599810092148, 0.051887843350575016, 0.012939455800625983, 0.034018873496080314, 0.1870454923459777, 0.04239676155491496, 0.04475715913685333, 0.0650182120595151, 0.05096861926153034, 0.04434498877948318, 0.0052125292245838945, 0.01658681579727272]
            , [0.06881379903923138, 0.012014378770051192, 0.032480759949781536, 0.060445430167645225, 0.01246739436606843, 0.03368556735278902, 0.04007590461957465, 0.020898192226949587, 0.14981454146602333, 0.046213671029861465, 0.015640140061511355, 0.04298421221036545, 0.021020184597895602, 0.09094689229483041, 0.1828430289656027, 0.06324595424060389, 0.054443170229828974, 0.031602981074219265, 0.005711809931794492, 0.014651987405372144]
            , [0.061951309956027226, 0.005890968778707002, 0.09398051935220932, 0.05162784877401427, 0.03623160935198282, 0.05538943183188132, 0.015901301097923367, 0.0585066991202022, 0.06542369224348459, 0.07438285470580035, 0.016633294229590083, 0.13031451949149264, 0.02834003098278376, 0.033326598671983385, 0.034802232625295505, 0.07024236307942254, 0.06097651398591383, 0.05740538623084899, 0.011847974693102023, 0.03682485079733479]
            , [0.08761125663953738, 0.007437461058155289, 0.09244527378172511, 0.12596735356395827, 0.006921466416321157, 0.04984314878470125, 0.030067575432050436, 0.01580245049030203, 0.09823191574685121, 0.029643759826943922, 0.009210581462766492, 0.07486252761843461, 0.02778926603061232, 0.0832151725131178, 0.06422275129265347, 0.0946051979386409, 0.06640638246675375, 0.024979208627022673, 0.001528654858634084, 0.009208595450817739]
            , [0.06296140306775833, 0.003186055880759179, 0.07039425781807296, 0.11172333323137094, 0.01952143927902859, 0.035153203735808845, 0.03706341935194444, 0.02831124576757464, 0.1337687050871611, 0.04650214251547915, 0.014379977558103507, 0.07101027797511009, 0.018143233214024505, 0.07896595392018824, 0.07482575394375326, 0.06875954268224073, 0.06093213517593884, 0.033402161085184214, 0.004291919297488068, 0.026703839413010366]
            , [0.17090462924689928, 0.004652525003463305, 0.06786975239292117, 0.13456510962383084, 0.018109047770162878, 0.03971547258983591, 0.02048229464876767, 0.031100419213906327, 0.0714656171499218, 0.06490775761372869, 0.012172061087035967, 0.02906601746820903, 0.01478445588830161, 0.07593236600498235, 0.0784894281372832, 0.05300044548005695, 0.049852736923910325, 0.04091506545428602, 0.006954368187701614, 0.015060430114795085]
            , [0.07577608492542122, 0.01170614613840358, 0.04981166245247621, 0.0522186438451988, 0.04335066177439565, 0.057469899641198585, 0.027561319863264377, 0.049455331901312745, 0.048440906085064864, 0.08497254285496916, 0.022871240770822227, 0.04028318990955032, 0.03310021937715989, 0.04119058144993436, 0.055095003924969396, 0.06102414481270273, 0.05645537415052868, 0.062274825715711364, 0.08811052871203631, 0.03883169169487954]
            , [0.06583030941273253, 0.0059111249961837685, 0.20848244160158536, 0.21912547902499213, 0.01007211843218499, 0.045405610068514485, 0.021566290897394796, 0.01448849256849129, 0.05608629363535592, 0.02439112709504178, 0.0096654760330877, 0.06855075521688439, 0.02231558588507246, 0.055939636490128494, 0.03003087924874847, 0.060327662735902836, 0.04344255922914905, 0.023034823860412338, 0.003500994650720707, 0.01183233891741658]
            , [0.2057339078087098, 0.024306159674726584, 0.034624312474927525, 0.04321995718506587, 0.011691261705749112, 0.06472056159027657, 0.019188911619260212, 0.024103090599641948, 0.0354422238249609, 0.03533328937631543, 0.014434814325439816, 0.041460041986768385, 0.035533939186818055, 0.035388918017988845, 0.03311058888295826, 0.17165525451883032, 0.10332989018846113, 0.051876652613977094, 0.003769615899715757, 0.011076608519408516]
            , [0.058188240329265374, 0.008908917561819264, 0.02451602613471383, 0.02553562351497233, 0.15984141147478995, 0.0343226246195443, 0.042092164054997036, 0.03191806444988798, 0.024736021627377203, 0.0731811742062012, 0.02007940020027341, 0.027480612643845513, 0.016954257787704183, 0.025982827089754214, 0.03188038305338578, 0.04172307920129866, 0.0373258957900771, 0.04400361925823518, 0.0859492434781329, 0.1853804135237244]
            , [0.030971106559298855, 0.006825037072928446, 0.008032579375244847, 0.013025514218038358, 0.057309458102763236, 0.008625770745072793, 0.009697380381607546, 0.14898208032481403, 0.0157357197576999, 0.38866173047320585, 0.09084980172988256, 0.01072579052986392, 0.007788297940194628, 0.01815458847759256, 0.01567935759086156, 0.018312407347324065, 0.025963701304177526, 0.1039224789538032, 0.003839731142175604, 0.01689746797345058]
            , [0.27591087383545443, 0.016045979714848876, 0.027276538742779022, 0.029676392200137337, 0.03238748716517567, 0.11903026730490794, 0.018915458385088305, 0.040536342377796346, 0.0287338008600876, 0.06688022050578145, 0.020657163327346958, 0.025269024568397375, 0.01701375621999813, 0.024339075430823278, 0.033539306595352626, 0.09948973623643552, 0.042220939676916626, 0.04694875373068246, 0.008416054882252447, 0.026712828239737817]
            , [0.05506690003553551, 0.010220906715149554, 0.007316765952529391, 0.01270304706867673, 0.017356059607062976, 0.010082005109139428, 0.006769070921881138, 0.2605109670099071, 0.012320257742600874, 0.15353274177144957, 0.03558267848661784, 0.008861025149573157, 0.009398870289339698, 0.012123855999284078, 0.012957165243882147, 0.02018026248441904, 0.044099165182363335, 0.300911770751596, 0.0025061178479502126, 0.007500366631042491]
            , [0.1914241566292671, 0.07195945238422305, 0.023105149070278372, 0.027168386416750664, 0.026579494454417672, 0.04278822177359785, 0.019243182432615163, 0.0575291630587077, 0.0257511219103496, 0.0863804919518554, 0.024644676877288087, 0.024112706961395187, 0.016069381469806177, 0.024426896758889878, 0.033131970165007685, 0.07236924616774248, 0.07694805882867044, 0.1279362801737396, 0.0067406270936360806, 0.021691335421761614]
            , [0.09436106880988145, 0.0011003872283879175, 0.11348916143476447, 0.11064771813896913, 0.009413208049117397, 0.06176312545174909, 0.01697968209457308, 0.015607711157785722, 0.1000396052215506, 0.028515880427213147, 0.008124957755438604, 0.08186407482289557, 0.029586061359649137, 0.06897964168497447, 0.048363317477690036, 0.09424628850481458, 0.07374429285230719, 0.026803802138566767, 0.003907066351674227, 0.012462949037997264]
            , [0.1270913444359065, 0.009373784055691912, 0.07027746299565661, 0.05066663571171318, 0.01285033829807524, 0.2387738106968976, 0.020794115783670724, 0.015753744613167274, 0.038120978590734, 0.02769332287649611, 0.010139009540950119, 0.06008301707905355, 0.03510955729430142, 0.035352208668465966, 0.03673904813022037, 0.10843044562244408, 0.054426790248071205, 0.028281247810756506, 0.006281177797440094, 0.013761959750287402]
            , [0.06318106378353706, 0.0018916990929500688, 0.019338475933622087, 0.020860072891378284, 0.0605796479388988, 0.03232239640718817, 0.010046829258544103, 0.152320463305271, 0.021735560977389105, 0.21675146113978133, 0.044742808343496566, 0.021550843375753633, 0.017251686853891945, 0.02008386476819363, 0.022084791854650558, 0.032498100543272346, 0.04537762777839119, 0.15542543240859627, 0.009239604696360074, 0.03271756864883378]
            , [0.029401526025078513, 0.0071131401973520934, 0.0016051266313278985, 0.0029386889148231153, 0.009478219316786154, 0.002636177164788946, 0.002019636376213717, 0.36377425850964795, 0.0028527737811940225, 0.11557917707091916, 0.023621821336553578, 0.0027346898757618764, 0.0022556370161557096, 0.0031059662684136207, 0.0030363230855408527, 0.006504751708916294, 0.022644419140229622, 0.3953739752957283, 0.0007031437835628582, 0.002620548501005743]
            , [0.08069546895381442, 0.01907358992269527, 0.010279078953323846, 0.012379276162727004, 0.07359409241055417, 0.03180255469026612, 0.009623238591651026, 0.14940086894087146, 0.010757097386257766, 0.2430407510233775, 0.04273816375926635, 0.011015713359053428, 0.01265779547635669, 0.012031807162376363, 0.016243998695025935, 0.027906744341095538, 0.03675428975260116, 0.159019306446331, 0.014161764264164578, 0.026824399708190335]
            , [0.0650815668291919, 0.005802047272156449, 0.021267073805490155, 0.06706443941243777, 0.01530647159531862, 0.01601303836902728, 0.021342057782270815, 0.09274996605584478, 0.10346039182267232, 0.11073523558550474, 0.03355815358116509, 0.02518824924874327, 0.008969623636278009, 0.07236420496444235, 0.08876672361970787, 0.04044330075155197, 0.07917733164836332, 0.11474029536166683, 0.003335508358888884, 0.014634320299277647]
            , [0.03261011567263843, 0.003956772649042318, 0.011478723693329258, 0.030242047355307347, 0.004488668010775007, 0.015086619844440166, 0.02583893042158735, 0.010552686102912365, 0.3168011221659931, 0.0224341367325276, 0.009615805050124287, 0.03391091455510846, 0.007728039562355931, 0.07495618529099184, 0.31169969578377815, 0.03412764630369095, 0.03217674504593137, 0.014431882196242482, 0.0019362315686552686, 0.0059270319945684356]
            , [0.10408216747192318, 0.002202724871833184, 0.05211941422006525, 0.15050621624427257, 0.005898018704409233, 0.02099138783776264, 0.016662333522651483, 0.025465321915078738, 0.15081916818665042, 0.03957761237922729, 0.013102799101288809, 0.03894986041526435, 0.007042427517575654, 0.10769076686166518, 0.08572419647439944, 0.0589324612022828, 0.07120881541503023, 0.041444927191986884, 0.0012843223505254683, 0.006295058116107228]
            , [0.01938104216912401, 0.005183756121317364, 0.0018572707452618796, 0.003190669968929797, 0.03996478521930554, 0.0025480554922358467, 0.0028205019715791604, 0.230345536454704, 0.0037023786063944335, 0.41044435104038524, 0.08580681532829054, 0.0033135147644533882, 0.0023168731785547384, 0.005711627972725083, 0.004110887772555537, 0.0065714543566182965, 0.015220190372981569, 0.15094528901666404, 0.0009606273446350456, 0.005604372103284479]
            , [0.058198880596297874, 0.00873491991717719, 0.1253007787264965, 0.05352265703270269, 0.013537749468833675, 0.05753368839017604, 0.0564515436599997, 0.016380270180826943, 0.05251015664574875, 0.026665568970449794, 0.01045902693502076, 0.19934728833386764, 0.014612976438954978, 0.04367580426711454, 0.040839166789061764, 0.11017291598115639, 0.063786152521385, 0.023229415334859116, 0.004487502609982714, 0.020553537199888137]
            , [0.148320690640692, 0.005914494738678069, 0.022537021074799015, 0.03043422581411131, 0.0082600710541377, 0.03149876958523416, 0.012668914122468265, 0.015849115844523233, 0.022734084418516796, 0.029367650270738645, 0.008907514240444432, 0.019451789702764222, 0.4110665519896065, 0.026583940445197938, 0.0242652001599251, 0.08603111251892033, 0.051492838541868105, 0.03438391977046544, 0.0031476153317482524, 0.007084479735160247]
            , [0.15442466459645718, 0.006445312928479402, 0.018435507658810378, 0.02557285235119091, 0.015177443952398081, 0.02856337905437519, 0.011053180245001388, 0.10471773953475895, 0.024086327308466767, 0.07504918439483062, 0.029185724917491954, 0.02391552233101392, 0.02397847988160591, 0.02363702850922952, 0.022608696103702322, 0.07025362104701424, 0.12991020391010616, 0.19864351583755768, 0.0037754198820681485, 0.010566195555441337]
            , [0.08122847388502939, 0.0020339078060539377, 0.08116003137406295, 0.1385496336104759, 0.003778010818177835, 0.03355942103218472, 0.036989470839246016, 0.007937709366162735, 0.15678579409667298, 0.018897488152386753, 0.0053733388771516205, 0.07097676992801645, 0.005282129119220296, 0.11457528407983078, 0.1091936967467039, 0.06359084091221501, 0.04789264240132288, 0.013790123237421249, 0.0011309574953215719, 0.0072742762223431]
            , [0.17482426809973542, 0.0045541279570828225, 0.10758521495935072, 0.14129778174217125, 0.0056219666645874735, 0.06709991654724443, 0.02635885174755932, 0.009086370958584843, 0.04415056788510835, 0.027516512312950173, 0.006617385411986029, 0.030386671659713385, 0.025747565992410598, 0.07621107523681796, 0.09220901485288951, 0.07201512251491629, 0.05544423025680464, 0.024875224389641723, 0.003576152483975025, 0.004821978326470122]
            , [0.015935390103121446, 0.004428368407043148, 0.005189069297406742, 0.0065193905957904065, 0.3429123143690253, 0.005733379675049972, 0.036019137001124635, 0.014662130033706143, 0.0067384718536016835, 0.05054742772045173, 0.012009381919257893, 0.009771444734052972, 0.003807369555758254, 0.009180939055991797, 0.008409048138179763, 0.013052657278332918, 0.011782175982018188, 0.01717446800730097, 0.04365966097285098, 0.382467775299935]
            , [0.06133529373659238, 0.001955555517706597, 0.2828517070852724, 0.327467890351145, 0.002303319089869339, 0.030998783198175287, 0.01251830045385315, 0.004666228977782027, 0.038741252819163685, 0.009124095043328027, 0.003582895949217818, 0.05322644774233785, 0.013375502521247662, 0.05695128501102107, 0.014937778088240908, 0.0421502765550443, 0.028792617551596553, 0.010953391684140947, 0.0009372104097505018, 0.0031301682145144865]
            , [0.05695452989576642, 0.009418052575699032, 0.034256734773139084, 0.045459375864910376, 0.04716111578314583, 0.028261544874329577, 0.16228066658710005, 0.0226043366354928, 0.05333561562336494, 0.05218409187679177, 0.016285813998113487, 0.07532837921362869, 0.014047662367905434, 0.06807107250579791, 0.06769760716765286, 0.058362847111111456, 0.04455230328704528, 0.03149210891617435, 0.009037237471424332, 0.10320890347140617]
            , [0.030436019970346798, 0.007910217816399622, 0.008032161761491212, 0.010781551693339483, 0.2396797421432879, 0.01090547090558552, 0.019305665771270672, 0.08036654903223289, 0.011972314484123026, 0.21921113586856292, 0.05179549914960243, 0.011914721985752202, 0.007343735056330864, 0.013462803315308443, 0.013486274829063397, 0.01978073442703836, 0.022924804759525307, 0.06595285706192122, 0.02564807453837056, 0.12908966543044723]
            , [0.12810825762746816, 0.0007885049880308898, 0.1355297168781338, 0.18669233211184166, 0.0017988407150890686, 0.040847587361374865, 0.01351473994754465, 0.00537891423596575, 0.1000862504229497, 0.01081580515810372, 0.003772932989036633, 0.06308016435325642, 0.01615605518030043, 0.09038101545676992, 0.04377489519417112, 0.08244448802795616, 0.05968764463274722, 0.01431912161276385, 0.0004882359597501775, 0.0023344971467458534]
            , [0.11380074504491093, 0.004906537486016763, 0.01902790215565029, 0.014169881594812578, 0.0037862196763582506, 0.6633209363366446, 0.006339063760986371, 0.005340839879202001, 0.012674328070507647, 0.008330980145811979, 0.004253446446692209, 0.02240170722670782, 0.007933560320422344, 0.010587457969968789, 0.011762981660856646, 0.055736554034997735, 0.018609278247896363, 0.011693002982922557, 0.0015716243073969594, 0.0037529526512374055]
            , [0.030485143057513136, 0.0006994737611654262, 0.0028660867780235743, 0.004691061168684627, 0.020660564482707224, 0.004079766791478494, 0.0024967680965556154, 0.32683955568755035, 0.005184865201631982, 0.18491031673926034, 0.04178212399956327, 0.004369021408552898, 0.004097213215976649, 0.005516780783676986, 0.0046200065929889855, 0.009192964319104144, 0.026793032364800524, 0.3144208517789489, 0.001479402256474744, 0.00481500151534191]
            , [0.04247760337408126, 0.005291278993742498, 0.08307020874943959, 0.05124658831737596, 0.02270551946757838, 0.2878039043731675, 0.024353359880407453, 0.033561170450021445, 0.0643755302700129, 0.05337358796361666, 0.013281184542630345, 0.08814335837827311, 0.01674800969661587, 0.03914706547233877, 0.04222898117835449, 0.041148834827796146, 0.030434757175095598, 0.03680051113623747, 0.004896971359972639, 0.01891157439324195]
            , [0.02286199886631296, 0.003616707989329411, 0.0023165788756528633, 0.003964931910422232, 0.08151025620555773, 0.004111013356694447, 0.0040420586740135545, 0.17901874439620286, 0.00426587229484397, 0.4202532575617113, 0.08048474018025967, 0.0036537274678521184, 0.0036969464383334945, 0.0066410415100348705, 0.0053905639500796895, 0.00795271538231786, 0.016226653317036738, 0.12451879341694931, 0.009458555915713075, 0.016014842290681917]
            , [0.44589195538882975, 0.02990166340246685, 0.007503829534376866, 0.00990864397377024, 0.004572381477446085, 0.08214746313626965, 0.00582126656107781, 0.009684457661649265, 0.008203465445803878, 0.012512826640443463, 0.006801991364514921, 0.013564816049390447, 0.010099832408292438, 0.0091585623663769, 0.008848863136578183, 0.22039855653254234, 0.07237741777410442, 0.03719222442117487, 0.0013790025512380626, 0.00403078017365365]
            , [0.04213928578615043, 0.0022445537130723636, 0.31421231555769324, 0.09258950157849714, 0.004043459872355353, 0.0603599969895062, 0.02039583412694821, 0.006157500169674337, 0.04005846108053379, 0.009409809963042005, 0.003918384120682979, 0.2095939838523362, 0.009611110340411561, 0.028842594488594105, 0.01734346957263776, 0.07813613095482044, 0.04136934019960192, 0.010193479549106042, 0.0018140650712567725, 0.007566723013079177]
            , [0.1379439408194079, 0.0023814919640387, 0.0960954169477874, 0.12613958547523985, 0.005091556784368628, 0.037648858373025174, 0.013398292879328004, 0.010064577320441867, 0.06471363763669939, 0.02043224649339244, 0.0055371678190748825, 0.0355584180681561, 0.1956331761082309, 0.04848464008429016, 0.03309697698452526, 0.08517419232636009, 0.05289895615117514, 0.02285891317190864, 0.0016607675224731156, 0.005187187070076499]
            , [0.03319102478872318, 0.016848905562325957, 0.013335444933844429, 0.01582109856756275, 0.2552457729486102, 0.01459899185006054, 0.054131891652112456, 0.029747920922332565, 0.01703783745903126, 0.07963270017411006, 0.015817218791100787, 0.02456421288868771, 0.01074537835552531, 0.020222583697840857, 0.019190120081119498, 0.03616553207337101, 0.026688775516192774, 0.03469092947079087, 0.006382635705150679, 0.2759410245615072]
            , [0.0839562436805346, 0.011077688343457775, 0.024696696466678228, 0.0189621443067877, 0.005849301537057323, 0.03056455388484833, 0.011912246262396297, 0.010772648141479744, 0.0205820044816756, 0.014332345601119711, 0.008221385886749887, 0.06329845280406171, 0.012607263343922431, 0.01830257326614509, 0.017219333439449404, 0.32950702355870265, 0.28910573989046023, 0.021002850038688785, 0.0021183884804690752, 0.005911116585315391]
            , [0.2721164578755885, 0.001982380160797942, 0.031787502321699884, 0.03537379214999747, 0.007907502894539831, 0.0621298337214043, 0.006857384815995365, 0.019577616686281, 0.034324547678014294, 0.021564554130135503, 0.009103594842744048, 0.03687247949597772, 0.02203839028466909, 0.023699296696276944, 0.016215486015065252, 0.1962235680032763, 0.14051810478053964, 0.051533973695594995, 0.0027946729062007713, 0.0073788608452010395]
            , [0.06147552296390836, 0.0033565110260805626, 0.09430965794545731, 0.04663060788448467, 0.004084186517991904, 0.440958087903832, 0.017112031571327287, 0.006028662915809931, 0.041278621325540506, 0.010625685251978382, 0.00470697870335904, 0.1001033694159129, 0.009114666303097279, 0.031780687981193066, 0.027593273272848745, 0.06111238581880879, 0.02316623152207332, 0.010349304806769835, 0.0015788770083155397, 0.0046346498612104365]
            , [0.24630981368211716, 0.04230689439478261, 0.006513484760375322, 0.010073722153687209, 0.009195801933303773, 0.021814672152531585, 0.006295945997588499, 0.09203807092456788, 0.008802381125743953, 0.06349420707697113, 0.02378455210115014, 0.010262560577309131, 0.008181722280297034, 0.009992744924565828, 0.00977364615348485, 0.06607907433449739, 0.10876312807663303, 0.249084587326231, 0.001662754499834991, 0.005570235524327476]
            ]
# The number of clusters.
n_clusters <- 64
# The base file name of this file (for reproducibility).
fn_distributions = "udm_0064_clr_rb"
