20 A C D E F G H I K L M N P Q R S T V W Y
192
0.01754796055093801 0.0674608623489791 0.0164976248626298 0.0581671858767259 0.0790365357910477 0.0409583591719764 0.0593545827147077 0.0279750063702991 0.0615461838153384 0.0728530380345553 0.0911557449572860 0.0235787996246765 0.0414460035893946 0.0393948800541967 0.0386644810888640 0.0537399143255388 0.0581669892644865 0.0499871684020577 0.0652473842282617 0.0167258830777430 0.0380433724012349
0.01624891586610004 0.0612892627824507 0.0172036526329958 0.0581570009303205 0.0774073261862764 0.0376951036362805 0.0489105919047278 0.0267308900452702 0.0681482211913579 0.0724750044275065 0.0987380477114325 0.0256432225847230 0.0492900805543678 0.0305219137024885 0.0427659281668107 0.0486452537246441 0.0732296792649402 0.0563841444534582 0.0673865595696611 0.0057168436046279 0.0336612729256599
0.014392955269178153 0.0645764569193317 0.0056849067531164 0.0531100447637613 0.0615996795968139 0.0420977043419031 0.0628656195219580 0.0272687325153551 0.0549838707907581 0.0563767893052626 0.0992111540885466 0.0208943464207946 0.0448575274925901 0.0471969198136329 0.0413264232851173 0.0571711352401486 0.0706523715467512 0.0590086653472168 0.0783049140917391 0.0123301512428485 0.0404825869223538
0.011460205420222434 0.0622975071630509 0.0163460837765230 0.0463281947200971 0.0555087991831336 0.0319881591926434 0.0518346231634308 0.0235759703695755 0.1263104646544365 0.0523573605110115 0.0777067235149918 0.0177348807766999 0.0357463284876057 0.0300788791804103 0.0346838946826317 0.0454821973995317 0.0502806163773333 0.0496181492888185 0.1536674910405811 0.0094725857583899 0.0289810907591036
0.011313312461759931 0.1290409988009407 0.0128514556846589 0.0627532464509272 0.0656370256929238 0.0297274082565844 0.0749389681432544 0.0307979257621866 0.0411964872216128 0.0228321005219297 0.1113483988362462 0.0172245426050148 0.0204171449492472 0.0434063354257446 0.0426014284195198 0.0850209505311076 0.0492091472406397 0.0532226043763132 0.0750070982437039 0.0133611797910094 0.0194055530464350
0.011165142173223841 0.0639511436215121 0.0263181448512211 0.0442854278316874 0.0534670229281824 0.0395352909416200 0.0479788385730524 0.0376820704157659 0.0522494694420303 0.0516358467266429 0.0970140492562470 0.0242438210265232 0.0424316556895904 0.0566800738303512 0.0470585670234278 0.0600924911879265 0.0825111807065941 0.0609594929945245 0.0692657618952274 0.0103117046168324 0.0323279464410408
0.011092334359029383 0.0769138304532987 0.0169566417994369 0.0760874020422010 0.0825831999416758 0.0214914771243378 0.0713225200754735 0.0333902913782909 0.0276127120197856 0.0755491266009960 0.0509274754931589 0.0153049758468060 0.0644992733957132 0.0426907942515551 0.0559511608180503 0.0633355667653594 0.0900192019377735 0.0628465812584556 0.0398546401104143 0.0095998821768521 0.0230632465103652
0.01051242650562089 0.0711412228729647 0.0185755507090874 0.0477301538897047 0.0576930205802272 0.0347090691981526 0.0706422256641195 0.0166865735190578 0.0518167953600348 0.0575120517281877 0.0942837611706702 0.0191287526469277 0.0387984851851015 0.0600105100277075 0.0426372562030902 0.0659217604273662 0.0701369986123326 0.0643286712501236 0.0758705236703750 0.0171195597712045 0.0252570575135646
0.010387248158409367 0.0708233011688565 0.0121806774765538 0.0513341606030428 0.0616478067512210 0.0387271396345900 0.0540057787079019 0.0244384837982046 0.0554740976193117 0.0542515246554275 0.0823256018903861 0.0215615061411222 0.0358113655575506 0.1419366411897735 0.0356981333051345 0.0481109083327844 0.0500431992662545 0.0476520279467461 0.0653718130558863 0.0131746182643055 0.0354312146349463
0.010020654427289902 0.1947264386210849 0.0185857000169786 0.0430955881182546 0.0543551756996173 0.0317919608223733 0.0589604238571163 0.0228400984943039 0.0482833312835952 0.0491394843316854 0.0755937798974118 0.0214639682611437 0.0339151890001503 0.0274049059037868 0.0353290900806397 0.0448157424406361 0.0955564818230939 0.0486440935848573 0.0594842642727982 0.0080686774607408 0.0279456060297319
0.009988721175450226 0.0674540892945705 0.0109406301963524 0.0505686746682851 0.0509099707656893 0.0391560258893676 0.1885669506599882 0.0247622212672882 0.0541967708093150 0.0431044953590305 0.0834647024182980 0.0219982181022860 0.0343691798878590 0.0374311958651981 0.0331271537048089 0.0497696456337709 0.0481484817344179 0.0470949955741186 0.0651316265025462 0.0151129689279576 0.0346920027388517
0.009901862730446312 0.0854723667945424 0.0136429837978305 0.0485454134468431 0.0705104720899991 0.0325414784709632 0.0481110338812624 0.0288791744464090 0.0564018066402627 0.0511957845445272 0.1101546730636155 0.0189133141013602 0.0384732556471786 0.0265414860065912 0.1032688034190299 0.0591643462624158 0.0572617100506340 0.0510785295484143 0.0601434900462827 0.0110415737576356 0.0286583039842025
0.0097166498697762 0.0672872550311456 0.0152461841396678 0.0493058890907990 0.0583837136294648 0.0347619801424227 0.0514465603669958 0.0261909885673178 0.0495934822994749 0.0518632462801239 0.0771251293840056 0.0206327201334975 0.0367414834508294 0.0274210562785854 0.0366873108566504 0.0478180131145564 0.0921618562673251 0.1520000783875947 0.0630209493250693 0.0114159586311882 0.0308961446232857
0.009544210309841957 0.0706405907886984 0.0123991438252220 0.0533206933405451 0.0597026610640609 0.1221803447270010 0.0583598351315360 0.0244676472514460 0.0548557029570641 0.0526965921662502 0.1061716582524849 0.0196598126704084 0.0405756775398773 0.0328950139769347 0.0374047353444874 0.0485921314658253 0.0585573066922709 0.0502247564241468 0.0618675574450431 0.0087572572835999 0.0266708816530973
0.009393485361158692 0.1089936544894960 0.0121960535838848 0.0644617229161474 0.0884603492089232 0.0173530861424084 0.0519666902945045 0.0262976082332936 0.0429554433075861 0.0624633807539443 0.0754756780528817 0.0210370757163668 0.0497629779693164 0.0289884287956559 0.0643670630042868 0.0578133117160892 0.0827640605323430 0.0672453663599824 0.0585039772773668 0.0042621175334206 0.0146319541121022
0.009362829439392603 0.0557212129977142 0.0157225607619810 0.0306509037112758 0.0436768521944098 0.0522372024515059 0.0303164768525610 0.0220840081638298 0.1117520955427647 0.0482788262685640 0.1878614099553477 0.0423755913613611 0.0309886812716375 0.0202929402606228 0.0330102384167459 0.0405385095448752 0.0475780614626580 0.0488640762331240 0.0995939291937651 0.0058122750512275 0.0326441483040291
0.00928363497483021 0.0682980230826298 0.0133892385730328 0.0511143605699323 0.0601738071373667 0.0454963936758647 0.0556247648355732 0.0237161535115563 0.0627826960273418 0.0568829503535899 0.0938915897407381 0.0228555470320570 0.0391028593432424 0.0327514415109643 0.0358121023652529 0.0473403637261031 0.0557554505558005 0.0499353070955168 0.0681641965793725 0.0092364689716692 0.1076762853123959
0.00898729439775803 0.0814403536161074 0.0061834434773212 0.0674060677810708 0.0430145758036766 0.0358618472535275 0.0786379502522182 0.0185869734422529 0.0477402745005654 0.0459692182886637 0.0681000226942421 0.0146759099228280 0.0635646778636202 0.0443987923968750 0.0420483491548906 0.0474488872379227 0.0808035765346450 0.0799423265564562 0.0641465816959163 0.0230412915965426 0.0469888799306573
0.00887361202120879 0.0822388487432986 0.0084933663995950 0.0569035592544496 0.1407819162341528 0.0310485359143002 0.0377316984956148 0.0200680219285620 0.0467847979884156 0.1200107984701487 0.0700515184376147 0.0177347300610287 0.0423408696204282 0.0227992000572451 0.0602311755600231 0.0500439457378031 0.0534986665559237 0.0514953731277433 0.0510225107712869 0.0082335225960465 0.0284869440463193
0.008834014788927593 0.0767791541169920 0.0177560384511101 0.0482663972469145 0.0553517042036144 0.0334971051439674 0.0556661680496998 0.0257917663216198 0.0480543589917899 0.0462066245765597 0.1509926759513845 0.0772850723708127 0.0351875094644074 0.0292109101234564 0.0389869707690576 0.0514346274895824 0.0554818972367009 0.0511064456222453 0.0629405126309450 0.0106063238136973 0.0293977374254428
0.008752265664218025 0.0639336872268779 0.0094975593946940 0.0503309461143331 0.0542312951523691 0.0233022761713491 0.0562367780119243 0.0206081818227687 0.1078559511392400 0.0442842908337898 0.2233031849759304 0.0178871238242092 0.0338477854411561 0.0248886433606605 0.0317531847512973 0.0442848465877118 0.0447730767825932 0.0394660442256724 0.0777210803724374 0.0076246226725843 0.0241694411384014
0.008556834162959217 0.0772622627051530 0.0116426956615286 0.0557295122057056 0.0589620439842872 0.0383531659613837 0.0562995765747872 0.1085806931119091 0.0588684969371933 0.0528615741203950 0.0857033537585234 0.0225243414629804 0.0349566227778897 0.0304659054798466 0.0380885392378709 0.0458211094169713 0.0552497529532497 0.0541550140158725 0.0717311203233579 0.0112879287790911 0.0314562905320038
0.008422714505232583 0.0913466942770658 0.0109877221272566 0.0521705903031054 0.0688812101889237 0.0335536971430498 0.0532799461158332 0.0241872386638929 0.0565119019392698 0.0506918965720132 0.0961011491092179 0.0225914318184437 0.0351531451673006 0.0262627780518190 0.0387517421707581 0.1288680061900855 0.0537814613179694 0.0528674168919427 0.0674509170091702 0.0087921385553747 0.0277689163875079
0.00832180542941921 0.0752904382343238 0.0124354510286000 0.0527748547479389 0.0579254569348165 0.0293647159538759 0.1959630456810697 0.0234538073334071 0.0549384239178937 0.0551252591748097 0.0759819491031102 0.0197699104847939 0.0458889362333887 0.0249017414707494 0.0381880795058866 0.0463955635380306 0.0596539937931728 0.0455666095189620 0.0592205297996084 0.0049909135102973 0.0221703200352647
0.008232392324268123 0.0725397468470926 0.0039037487638683 0.0873862106819399 0.0894096255989238 0.0213922336003107 0.0576454383873881 0.0326204356210141 0.0253882665137418 0.0915547794026112 0.0440053272817399 0.0132767650796865 0.0716528234278315 0.0371875193933151 0.0663411667500826 0.0620863251976069 0.0848760830051785 0.0689265629299024 0.0358288395247319 0.0087961617587020 0.0251819402343321
0.008081667375584857 0.0517669709798186 0.0135941988166562 0.0278156867163398 0.0337212229742699 0.0966994520383384 0.0316675101483795 0.0257063683737695 0.1047077556846254 0.0364018678260274 0.1513889259190668 0.0374956519491445 0.0293418817992754 0.0250452605854847 0.0279738537791405 0.0329625735821911 0.0443803358959707 0.0468989481632958 0.0980076447940842 0.0163141900418795 0.0681096999322423
0.008075280725216922 0.0753915613392185 0.0113755740976812 0.0556308421231981 0.0598122433160924 0.0355459622865843 0.0591680877686506 0.0256026876414723 0.0530718923684050 0.0527717778743611 0.0857095575073628 0.0219678770825859 0.0406219481788559 0.0362971225619957 0.0416153271137529 0.0544100432885644 0.0611430116150675 0.0573936142608006 0.0653064973144795 0.0787833528998055 0.0283810193610659
0.0080382381530829 0.0785075389030046 0.0765424501018491 0.0477619363760341 0.0491170247677105 0.0382893412227798 0.0676119226924377 0.0288166333665118 0.0473309487380981 0.0452616242408116 0.0826894386397263 0.0198648951703793 0.0398036289532748 0.0376124523364524 0.0390282676497197 0.0568002393249808 0.0694196824319957 0.0546097868893922 0.0658015767846999 0.0201501916711339 0.0349804197390076
0.007967984999035616 0.1048335866053145 0.0018507366304722 0.0619177394574101 0.0615733420017508 0.0372230092022582 0.0571483860753442 0.0199382206868295 0.0458596127395017 0.0615558491172898 0.0839765316450948 0.0199609499136720 0.0432869760747297 0.0403892962987779 0.0513216502221325 0.0534919385606478 0.0620370159851402 0.0659846914381833 0.0717514674076347 0.0202831717331720 0.0356158282046440
0.007929665096828006 0.0647481487507381 0.0151584064289770 0.0504185446069923 0.0569477812198659 0.0406344325366535 0.0611092897808540 0.0246007373136797 0.0593571299972247 0.0595885449609361 0.0867429637097451 0.0220387892716536 0.1284641255416062 0.0324837801824296 0.0354964932121382 0.0473697722826282 0.0573220313690248 0.0471678552776594 0.0640545266310200 0.0126607845229067 0.0336358624032670
0.007764889517335285 0.0842471228924034 0.0115354855424621 0.0546326835968766 0.0724261191290420 0.0251030894258096 0.0450533869952746 0.0238292768218657 0.0455328158500676 0.0662869249262174 0.0663954892057412 0.0174810350190689 0.0433385047536704 0.1393481470316421 0.0414872612743090 0.0419568501648678 0.0794886893941974 0.0585998278030656 0.0566748951185419 0.0043991357695961 0.0221832592852805
0.007689527042993653 0.0767293247485084 0.0022005238780140 0.0682218173245820 0.0876288452750327 0.0304163937830494 0.0557053972828944 0.0283259027454366 0.0579148924004327 0.0841412913193564 0.0883781225769995 0.0194098644439817 0.0464645861963503 0.0282164095397122 0.0535353125850903 0.0592928475709748 0.0607110630638085 0.0514772939954224 0.0606261256619056 0.0055360076321123 0.0350679779763359
0.007589895297253868 0.0731222270406491 0.0721550403955688 0.0465839696833384 0.0567615620350070 0.0371462573288186 0.0477437116799833 0.0233626869230471 0.0662006747241430 0.0569529674743432 0.0977548232334113 0.0285070949930951 0.0438315810387903 0.0270344182166377 0.0380021041882969 0.0465703454568943 0.0668612382974540 0.0552361637758790 0.0772622403806117 0.0070974469456271 0.0318134461884040
0.007513255492838649 0.0639823221032401 0.0120806487776634 0.0385381710788723 0.0447422380775269 0.0345303761869810 0.0485119273531057 0.0211864872119741 0.0562758357731110 0.1604348747595290 0.0841926350323424 0.0222941796571372 0.0330899103155933 0.0267534262107913 0.0316667734489943 0.1220134093617006 0.0490740751006047 0.0452401305927431 0.0681127953792393 0.0083268806962666 0.0289529028825836
0.007494095541734845 0.0728335945427346 0.0130222695530745 0.1466577368257618 0.0541947981403056 0.0374807976005630 0.0593183498333411 0.0236243076364343 0.0580685077903878 0.0527018078124250 0.0853639729823490 0.0228683089229037 0.0369058361382191 0.0346543020596494 0.0355960813415864 0.0487398788946015 0.0550638909063019 0.0505364239060196 0.0676984540516976 0.0121610030975326 0.0325096779641113
0.0074430023387913645 0.1668920235376527 0.0059595999043835 0.0826159107162336 0.1131966352393039 0.0244025589636835 0.0559197458831089 0.0259164465733952 0.0313303572099913 0.0433386166854584 0.0710004372473979 0.0137260391251179 0.0273445946459406 0.0285008229726814 0.0555373337700122 0.0802197117218843 0.0529328709480054 0.0486623406403276 0.0426577332421951 0.0107964852218388 0.0190497357513880
0.007408514426804516 0.0828489604596227 0.0043213824588592 0.0891078695903188 0.1332042290482783 0.0121034108239624 0.0410712605860907 0.0269979547678059 0.0257229990391450 0.1038692159013512 0.0449021045292979 0.0122769952920505 0.0606438107190783 0.0357396650357837 0.0772507380445939 0.0644459284111091 0.0755456373741347 0.0593572430639244 0.0351651799207125 0.0015140940899792 0.0139113208439013
0.0072577894781212515 0.0823532614830336 0.0093803161189644 0.0730230579319192 0.1185686244857686 0.0116996364770534 0.0422960697468848 0.0469359044628014 0.0165564396213678 0.0924876858750979 0.0399922770987412 0.0130701500061234 0.0577025891661481 0.0214578176513181 0.1101252012972247 0.0910112268244669 0.0708216352240834 0.0538179258149211 0.0272525370993676 0.0057449064804063 0.0157027371343083
0.007012542103992551 0.0796116556482887 0.0119285659315167 0.0298232251464417 0.0330290758707661 0.0428898773932862 0.0477399422733093 0.0231125097019565 0.0980401701054228 0.0208474466263004 0.2124828140127204 0.0328959588594201 0.0176932465695117 0.0267528635329279 0.0288283677349645 0.0510758824383303 0.0339619194768781 0.0386914202727194 0.1263954911918074 0.0179822514583343 0.0262173157550974
0.006891195747001787 0.0566598795742280 0.0092846664491369 0.1264884709965965 0.0972443538648723 0.0213701349800015 0.0604999453073147 0.0266871783348147 0.0349170502545422 0.0791045670683000 0.0495685978408864 0.0154766780127687 0.1033632124042588 0.0178137401421258 0.0459237105049639 0.0420996288946828 0.0859990512719749 0.0620046294433786 0.0396266953047053 0.0042648707375580 0.0216029386128902
0.006803059971924285 0.0550586122665654 0.0208802352959068 0.0158973804497191 0.0254644137671504 0.0423553225669728 0.0189233617020612 0.0136097181775601 0.1690071633294256 0.0277700626307466 0.2070932505395423 0.0453245855556032 0.0162349254419206 0.0145303424696210 0.0242510859293745 0.0310230910403519 0.0312909441562292 0.0446269856091701 0.1644233403871402 0.0111450598897787 0.0210901187951602
0.006785177350894067 0.0699818854062320 0.0095428845258331 0.1270104333352065 0.1804759215530906 0.0334290824409913 0.0453994932465683 0.0168611395117703 0.0550735365740479 0.0454598471849316 0.0804447006222202 0.0204246116158794 0.0341726768041161 0.0283734570334485 0.0335814491383975 0.0319564769441196 0.0482850553147672 0.0453123235315477 0.0600877524389797 0.0081427911716472 0.0259844816062056
0.006591023179708846 0.0929523726985939 0.0112375799186796 0.0361632225656826 0.0402235201701740 0.0320327912170479 0.0508531120835378 0.0168089149868770 0.0683970047098072 0.0351768953022134 0.0926216150318333 0.0261921726591259 0.0824051073513472 0.0346445992732922 0.0512959206764778 0.0342274050180445 0.0973082369591669 0.0914759550753636 0.0740827396875249 0.0069425333817002 0.0249583012335102
0.006569308568457867 0.0903210771804760 0.0134808950249947 0.0979347657183903 0.1099430235038050 0.0093146944371231 0.0667135741446035 0.0279427338778934 0.0203818931626580 0.0720763128276446 0.0353982793577190 0.0124228401657628 0.0785227552558956 0.0290059478627884 0.0636531752684073 0.0463488014374784 0.1107359788270350 0.0715498457439245 0.0313521786950970 0.0022865254055271 0.0106147021027764
0.006511828715146452 0.0663750649439058 0.0096148350672431 0.0450003785196324 0.0904807907768373 0.0218118939695955 0.0270843014723599 0.0359721208243850 0.0404252476160462 0.1242269695086657 0.0683025972524175 0.0217958927930400 0.0546703335337904 0.0112556396682446 0.0821635826628952 0.0959924417925864 0.0665913219211188 0.0645197843729043 0.0469254817043948 0.0031136076407644 0.0236777139591727
0.006362381096536775 0.0629244395939785 0.0156989511392612 0.0361779403507713 0.0438894861283351 0.0893536010277768 0.0387675047909479 0.0324988178340221 0.0559654744001717 0.0449337834964146 0.1014711222540306 0.0282166100471251 0.0335059890825339 0.0240143977613373 0.0355860173803697 0.0486869543119945 0.0503481292104420 0.0462809617288191 0.0632803463379103 0.0652918727320447 0.0831076003917138
0.006353439786021666 0.0761457174646683 0.0040104020292027 0.1502294138761498 0.2751315507201810 0.0073902753404874 0.0284197275391132 0.0175106130364928 0.0140981663067117 0.0771196697259119 0.0225468872545654 0.0098806890833719 0.0465499149966893 0.0224152621998021 0.0800389197559585 0.0352071076024523 0.0510264380910665 0.0458633521084115 0.0253808445308782 0.0027184599316470 0.0083165884062383
0.006334279834917861 0.0611083214251391 0.0077698053354355 0.2325256968609589 0.1612659766972127 0.0106522509860358 0.0611658412737425 0.0279764255085665 0.0122682168305831 0.0482330315994905 0.0215979531280666 0.0081710192311533 0.0945916928520751 0.0250719067499613 0.0470431925344280 0.0333929648650414 0.0669364422498361 0.0417955341401317 0.0196206957994243 0.0051874226684301 0.0136256092642873
0.006278077311680034 0.0461487088098678 0.0136688049434403 0.0128430679860754 0.0182288582265981 0.1127017403419339 0.0188789964302280 0.0198695996003235 0.1287461888694240 0.0182745895906802 0.2285586299385399 0.0484793621185561 0.0135110001772785 0.0120829719413392 0.0172557524082009 0.0249997795045890 0.0243720253229250 0.0329938433966205 0.1155213990696443 0.0244624184332211 0.0684022628905138
0.006239757409472424 0.0582783052432648 0.0062492101480706 0.0307532902578152 0.0574694414319805 0.0093097886227016 0.0320238526165274 0.0258206769184273 0.0184412352902900 0.2281633467153674 0.0340230929734237 0.0150278978786830 0.0442290129009594 0.0269767503501431 0.0714128892590884 0.1979088978800137 0.0562716160644829 0.0480623243133513 0.0258598240091003 0.0032875232471054 0.0104310238792041
0.006235925419251664 0.0926137865999151 0.0106873907408887 0.0478594720726139 0.0737030766302041 0.0278734849750840 0.0480070378508793 0.0215065147383201 0.0754595065671331 0.0673175083495389 0.1089535624643935 0.0306668713550580 0.0414037586926306 0.0182397240923213 0.0459250736939374 0.0520062577293999 0.0648528641067166 0.0616468369783871 0.0871671568810826 0.0019117253512872 0.0221983901302085
0.006161840274983618 0.0669944110713296 0.0130896525741778 0.0549800818681923 0.0608651751849703 0.0439407990728306 0.0433860481318276 0.0945579441726670 0.0266124412970582 0.0624121803840811 0.0546603418326973 0.0162261074178532 0.0660533536659312 0.0225507291763916 0.0577633381010938 0.0690646597318334 0.0742573004183939 0.0532462101981399 0.0367200300538875 0.0136137484034446 0.0690054472431990
0.006069872509685355 0.0483338756044269 0.0031958909995218 0.0687244378571999 0.0647731171868487 0.0351314959965252 0.0499769688832957 0.0122568598072895 0.0713820007148893 0.1016746864566737 0.0742954105583866 0.0137043599174164 0.1112542580910337 0.0249664049297776 0.0319665991071672 0.0331927949444081 0.0782325904907962 0.0687016363708986 0.0526019563463280 0.0104084476906179 0.0452262080464989
0.0060302752774041585 0.0310454116550189 0.0080397046928052 0.0091561162089709 0.0145348836781528 0.0557332894604282 0.0094611303836120 0.0114373220192432 0.1282933103993904 0.0180903644253643 0.3971524920331567 0.1003749175177001 0.0127004682250683 0.0089761863391147 0.0212692697792680 0.0177653722488298 0.0204079159780222 0.0264720117696772 0.0867421975227163 0.0045765165838031 0.0177711190796578
0.005975350084239918 0.0683613546959476 0.0067510922985658 0.0486525912012051 0.0516897916567816 0.1395483544682089 0.0541571850480197 0.0172158322906727 0.0431541420681114 0.0469416808251913 0.0701223995462931 0.0182543552834540 0.0347826221659974 0.0264711285818839 0.0337627775574552 0.0423459325390320 0.0498796767633242 0.0468370384221221 0.0543340112344883 0.0087198380146964 0.1380181953385491
0.0059280888715172 0.1349625983833803 0.0551697760855527 0.0290205986944672 0.0338248803632147 0.0254559472867823 0.0388644615021134 0.0212982758695632 0.0823714261984881 0.0298429256308145 0.1045884951887271 0.0195521656693695 0.0217089586242750 0.0178544074133015 0.0271372853449952 0.0449579888701539 0.0420871573919666 0.0570996472376019 0.1851240523307428 0.0082067212688477 0.0208722306456426
0.005908928920413395 0.0719364709534099 0.0044560103195601 0.0524430542312082 0.0553515283274377 0.0379036337633096 0.0565033836524974 0.0211821148752181 0.0475758908855269 0.0539979254826954 0.1107323453022050 0.0830901508294230 0.0438554221178127 0.0351232736082475 0.0455637929780606 0.0451091658301353 0.0583247032018915 0.0584208306985042 0.0664384089774062 0.0143769125466848 0.0376149814187658
0.005906374260266221 0.1215794941651636 0.0144225994364958 0.0531418531656833 0.0424067014771621 0.0093811794948239 0.3680704198664621 0.0190325725344890 0.0121803321650435 0.0342134802498527 0.0209703539917208 0.0087737658953437 0.0522178096543754 0.0197501789648774 0.0293196963695027 0.0332938687592459 0.0880604758367995 0.0379428975750361 0.0225345220056870 0.0036657317803437 0.0090420666118917
0.005846339746807633 0.0777305476448931 0.0083673798342301 0.0181670623564608 0.0202878133997340 0.0338396857333795 0.0302437319545093 0.0108708661373850 0.1719981510583464 0.0197759594747870 0.1310355448126026 0.0329024551404386 0.0210840983619868 0.0339280688023688 0.0187214996305204 0.0220772017047893 0.0403120515524170 0.0643341270040487 0.2166211707085239 0.0065196007841916 0.0211829839043871
0.005820793145335893 0.1692836807122312 0.0128255792460606 0.0694947574408216 0.0763515931908667 0.0130893038670795 0.0837444530787944 0.0337883971730387 0.0170643213827428 0.0296457674579054 0.0486483097448061 0.0108124172469491 0.0279016177840051 0.0436633921788945 0.0585545575158863 0.0926624855175616 0.0839080277616062 0.0651656537246160 0.0438793896631400 0.0078333999597451 0.0116828953532488
0.005810574504747197 0.0954981983152912 0.0025679272015110 0.0540503935576147 0.0532977205499797 0.0308217250201631 0.0566782094114318 0.0174831176589972 0.0411042034022188 0.0545949669679744 0.0655007708751282 0.0155276928718733 0.0403022332406004 0.1857894743108031 0.0346679026445025 0.0403572375454142 0.0646912919599583 0.0516776537719069 0.0547729470182280 0.0105373120537385 0.0300790216226646
0.005786305233349044 0.1782179677938161 0.0090753513356403 0.0358290788544377 0.0387862226265268 0.0270837561869981 0.0439523823905766 0.0186741709945428 0.0546835327842057 0.0333516615284523 0.0710033666847187 0.0214511822060274 0.0263693566712008 0.0262598083745243 0.0259225533936502 0.0406618219050551 0.0526571607509058 0.1066003594276699 0.1566648107048708 0.0091863792079175 0.0235690761782629
0.005749262661215022 0.1299546377280317 0.0260188009241970 0.0400986662011764 0.0398726588246737 0.0137560354106907 0.0629236924802857 0.0259536672062595 0.0191032086956622 0.0407613199253495 0.0317951229091235 0.0132935852604499 0.0647339255767008 0.0334559073049063 0.0369486793267779 0.0380952364634410 0.2090344501651594 0.1192096794314669 0.0344946318968581 0.0053504763868788 0.0151456178819112
0.0056649588763582805 0.0600467740710377 0.0099252596785176 0.0503417005785725 0.0530644040376141 0.0290970987257885 0.0543021411062982 0.0210243127279415 0.1406255699631982 0.0504996677529980 0.0929686462509344 0.0890358463497374 0.0371974507835490 0.0271856719799568 0.0307605305104910 0.0441659599286515 0.0484579603195900 0.0436293351983802 0.0804585418332837 0.0086099051880143 0.0286032230154453
0.005647076255328063 0.1294758026153168 0.0084227659639199 0.0547946279770828 0.0599034966410061 0.0204687553901511 0.0640070615567439 0.0195455280591525 0.0278242197128356 0.0303022229376221 0.0576605595350244 0.0141316541687544 0.0238986458711539 0.2426738027122606 0.0296537441806950 0.0511110836684752 0.0527227754203883 0.0424063417175559 0.0459405046540529 0.0097632582365074 0.0152931489813014
0.005583209751648714 0.0444353457539181 0.0087160818594724 0.0312502371185428 0.0326892721291088 0.0192487391231867 0.0439191486617809 0.0151677834129816 0.2269619362228951 0.0278899796387264 0.1204363211583854 0.0150204932207817 0.0214907518289279 0.0143939080812220 0.0198014789026112 0.0347905985535677 0.0298122849064117 0.0286281459579848 0.2459819556684281 0.0038164655873097 0.0155490722137568
0.005581932421575127 0.1676320113497786 0.0043796648611523 0.0504795605110718 0.0475564675473274 0.0141498225126063 0.0740054220266123 0.0122123686372411 0.0272056037483581 0.0463965054496000 0.0381582188442120 0.0135245074425087 0.0535271117712637 0.0402077809994669 0.0374787696256053 0.0319200235027288 0.1520639431062770 0.1185475760430433 0.0518482046397669 0.0050630440349809 0.0136433933463986
0.005514233927675017 0.1653669270048164 0.0030377073285038 0.0855646469297255 0.1604998204221726 0.0168149877152768 0.0329495800458174 0.0177581062205846 0.0271822981264112 0.0986193787320028 0.0509667345834126 0.0093141753031879 0.0432778483287039 0.0076730290475505 0.0791188101641957 0.0610932362208761 0.0570029598610477 0.0396907251377315 0.0253712115266364 0.0039424057549491 0.0147554115463971
0.005455476744290015 0.0498796558901306 0.0042446227565421 0.0516432378426591 0.0447406429724654 0.0277175402030470 0.0623708231858952 0.0210596649920134 0.1609776974662000 0.0425079932963189 0.0732651150376734 0.0121048513467971 0.0356955063702105 0.0312288869249428 0.0292290558846085 0.0402381883250236 0.0423517044202356 0.0358510765633220 0.1929413400425685 0.0118989622695104 0.0300534342098358
0.0053302983970784906 0.0846776326807941 0.0014501986899537 0.0630896461494781 0.0417613633348431 0.0338229233329674 0.1707605610112886 0.0159106865783060 0.0475722146827395 0.0515362268037480 0.0693856890563865 0.0160832586952531 0.0588863015212555 0.0271934078856060 0.0406879452416264 0.0357459022492891 0.0701023292927365 0.0607493504480724 0.0621093802364315 0.0113529876743043 0.0371219944349201
0.005244717282148163 0.1423973603772987 0.0055600981083779 0.0703019526775373 0.0563418544981449 0.0341030189380068 0.0690018090108448 0.0084817313291233 0.0498150451153578 0.0739266641100950 0.0663178911044998 0.0180509891034276 0.0516541326498357 0.0442220462234622 0.0459304896241881 0.0239751584260259 0.0752279202406191 0.0613494589549774 0.0677712351007467 0.0105706580569983 0.0250004863504326
0.005235775971633053 0.0598188972609673 0.0093986406064027 0.0306222453785054 0.0484743862894520 0.0176314734540181 0.0387928717713313 0.0352145968268561 0.0227662756916902 0.1472921045994005 0.0471311430303979 0.0167178504389285 0.0407647617453615 0.0264562844070939 0.0761589792977222 0.2022342005991643 0.0587217984615703 0.0538413543935103 0.0328717898004210 0.0148231135393854 0.0202672324078214
0.005189792088983922 0.0356614410228638 0.0128602257058124 0.0145938792993053 0.0190716835110954 0.2349989226699477 0.0151818775750155 0.0403010548973614 0.0431257500292117 0.0213376757581006 0.1094328929605818 0.0283292840913909 0.0204487369462827 0.0117862901467634 0.0208489458936363 0.0232053825271403 0.0287381532921056 0.0274086763910475 0.0426464371968795 0.0353808737080301 0.2146418163774279
0.005185960098763162 0.0937977048633121 0.0105598234714765 0.0761752459894324 0.0414889712607143 0.0221108143039846 0.2255010975082873 0.0232973883030359 0.0211547267987418 0.0364906994089360 0.0362820032904223 0.0125517535013665 0.0755789514392211 0.0325880861669406 0.0319836026844316 0.0351076329324994 0.0995951523255367 0.0533542379705031 0.0337473601416734 0.0119569952752774 0.0266777523642072
0.0051821281085424 0.0676533146008078 0.0419261851582675 0.0290317562452245 0.0357652842990971 0.1104270113721316 0.0348214265350183 0.0471561445707824 0.0439450623924446 0.0359714203266349 0.0879428475167545 0.0226853855306428 0.0379845859618639 0.0203606978856610 0.0326209993820270 0.0402523122869980 0.0732374221668204 0.0508718293483575 0.0586859613423634 0.0088054872442311 0.1198548658338717
0.005164245487512182 0.0368507223001896 0.0081569095578991 0.0053114709392259 0.0097989587740298 0.0347453127121840 0.0064684233626352 0.0059063398523896 0.2685040985731365 0.0125280801281338 0.2200753270623913 0.0492635792094073 0.0075004599947072 0.0076004712982201 0.0100645357678765 0.0097990399101407 0.0166114004590860 0.0352870183415645 0.2371476466762386 0.0033028370302862 0.0150773680502581
0.0051425308762612035 0.0714835590797096 0.0020824013886512 0.1765528286697403 0.0907636631696934 0.0090248918195107 0.0888111792875273 0.0150350625346553 0.0132604523397916 0.0624154230868797 0.0196007638951821 0.0066199137779119 0.1384891590374246 0.0244334690727891 0.0401575312899658 0.0274272350273566 0.1071739816641124 0.0655046251147031 0.0216636502624487 0.0039235833012942 0.0155766261806523
0.00510165631390642 0.3214353006779643 0.0218643617967656 0.0271914180651466 0.0373127528212234 0.0085991424160532 0.0811373022177942 0.0130781980553619 0.0207956765277181 0.0277068255983882 0.0274792165563244 0.0124727747400099 0.0273088572814283 0.0213546084372584 0.0278430004606636 0.0251570897935270 0.1604428098867761 0.0756507574895572 0.0532146346098426 0.0024168659475193 0.0075384066206781
0.005058227091404462 0.1586693159528015 0.1109317809314143 0.0240305716473263 0.0274769509918363 0.0236714690321296 0.0409054278849184 0.0211913609220495 0.0367536599262367 0.0273819989204436 0.0580938085966015 0.0201127826116354 0.0355289321073073 0.0181953455246611 0.0267373906906817 0.0310281131496009 0.1363401340371040 0.0993272166592790 0.0751793782116748 0.0067751088000331 0.0216692534022649
0.005055672431257289 0.0513306072595035 0.0047110974917896 0.0340045952474998 0.0786213641562802 0.0236192378551451 0.0262783977393106 0.0223668651887015 0.0914522363288165 0.0845794463977022 0.0706373138591742 0.0156441942841999 0.0287365625328486 0.0156272619675235 0.0464083552189050 0.0680316999589265 0.0423511883646500 0.1251045429449013 0.1366512672932025 0.0076563634991064 0.0261874024118128
0.004999469908019461 0.1012363629225247 0.0193057377277087 0.0202134656421420 0.0310626540537394 0.0224726823083633 0.0282674962235414 0.0157345859764725 0.1036215808866190 0.0310783499762327 0.1861362500376717 0.0712143433503338 0.0241422018172632 0.0149369916007346 0.0329368867783806 0.0321934861491339 0.0543630367571028 0.0710264543550058 0.1242994414083656 0.0035269712629087 0.0122310207657554
0.004922830103604242 0.1122093026220089 0.0143165304662620 0.0294534970634129 0.0399528787815198 0.0121774663822405 0.0303247880242581 0.0188913500454737 0.0430466978024369 0.0438339453638144 0.0418526555332612 0.0226541334010983 0.0464633041615092 0.0193249024434171 0.0360976575573218 0.0333280077477277 0.1542246220212620 0.2152936120816519 0.0718569958604364 0.0033133749349240 0.0113842777059630
0.004848744959336197 0.1535968654882265 0.0049238424846499 0.0430332031300261 0.1135775169428488 0.0111291493531100 0.0317391841890912 0.0232580916086066 0.0280529327440680 0.0800341895584820 0.0683228529047131 0.0125256853898801 0.0191373384562278 0.0126786250829577 0.0879964515122905 0.1340307850969029 0.0482967436739119 0.0599271716303787 0.0529926259469882 0.0051470904399170 0.0095996543667227
0.00484746762926261 0.0666595185998037 0.0147749202340960 0.0073030201426760 0.0133714639353136 0.0131602159075350 0.0099609210689373 0.0069560209827263 0.2499240625075954 0.0124735485788656 0.1043828257641011 0.0255046047056961 0.0099214563722308 0.0105669123609929 0.0118837802156169 0.0122192161646190 0.0235733060571170 0.0565769171438259 0.3411201039132915 0.0022703132708130 0.0073968720741470
0.0047874331158040215 0.1133075217706449 0.0012500673256558 0.1069351238817611 0.1086827967976917 0.0092993034864008 0.0731300150301948 0.0166853660834443 0.0160516396336065 0.0868995404221793 0.0337247061746777 0.0080952360531516 0.0570395806362875 0.0611262549372958 0.0656953234482787 0.0536367144951422 0.0814735622334670 0.0615863938468861 0.0287784093198495 0.0055546370060364 0.0110478074173483
0.004768273164700217 0.0557021346371009 0.0043275619769055 0.1568926649944500 0.1865097848446252 0.0052159028129642 0.0438992199356599 0.0344545366848130 0.0085951762641429 0.1014769100259957 0.0164508387540454 0.0061670233045668 0.0989726419933409 0.0109917052249198 0.0827456964349017 0.0527669289572597 0.0675337150248669 0.0412666139762672 0.0134984522500810 0.0011400728994739 0.0113924190036191
0.00475422253389076 0.1058987617854721 0.0077688721356607 0.0971074102609456 0.0888659812102583 0.0106371498515031 0.0600561002475734 0.0229536542810461 0.0165999584205225 0.0404034515487878 0.0311728909538307 0.0088564688758810 0.0532599581124127 0.1625573636937206 0.0435407629994578 0.0323536511804284 0.1100240603104443 0.0651962804187414 0.0286770439552854 0.0034632330497900 0.0106069467082378
0.004704406661020868 0.0795668919752334 0.0013613081881024 0.0402915493517250 0.0362994936720216 0.0358933758302742 0.0507338417821404 0.0113169750819421 0.1104208385065469 0.0395163557167757 0.1582212107294240 0.0302524690383318 0.0363709766652391 0.0209055996166130 0.0370611451680709 0.0333281089124787 0.0469178561253190 0.0535785875340518 0.1398558799691193 0.0066988626933909 0.0314086734432000
0.004666086758813259 0.0908646517978521 0.0161974438315177 0.0485300376721418 0.0369257436452603 0.0380357177133133 0.0738757592918507 0.0313730522941428 0.0402335992727790 0.0141376809874387 0.0966428023945931 0.0219011171270696 0.0429527133677580 0.0701447228947118 0.0445940167134077 0.0731046249971333 0.0781741603629662 0.0655420674058704 0.0630673549080711 0.0184568298043336 0.0352459035177887
0.004641817487415105 0.2503897732525781 0.0089383204553960 0.0266636019209215 0.0289012720138268 0.0301312560556514 0.2277068188995004 0.0189893751928731 0.0397709183878770 0.0287916279440307 0.0684670307661719 0.0191848472561704 0.0225049730161996 0.0173357315546010 0.0227811196259644 0.0350670472387203 0.0496483096672754 0.0325443899109780 0.0399901177523289 0.0073900136221578 0.0248034554667774
0.004636708167120757 0.1007484958459080 0.0111161732442658 0.0444203766148042 0.0447759607752726 0.0742640529931972 0.0569408112142356 0.0740314600109952 0.0369717704866493 0.0248441030425771 0.0963571955861674 0.0189140077046280 0.0267181434670611 0.0287516691530844 0.0328128661576211 0.0594715179451836 0.0462292137995952 0.0449984149405780 0.0578080395400207 0.0266322014629346 0.0931935260152211
0.004632876176899997 0.0870677234556140 0.0010026378543159 0.1243037842049956 0.1478280462066165 0.0044068716632381 0.0437505748031603 0.0285582198032114 0.0089687053849107 0.1076972973227688 0.0190234642769944 0.0055274359671728 0.0773626006153159 0.0338300530484555 0.0841047945971798 0.0593669066369810 0.0810898930780622 0.0611755461939522 0.0162557438473899 0.0008598854055446 0.0078198156341203
0.004629044186679236 0.1200934925774294 0.0364675329469547 0.0223806432210457 0.0238515882224186 0.0851828329882263 0.0568537630791483 0.0171639762733683 0.0744131079056721 0.0230680291948093 0.1402711229244392 0.0413694818463415 0.0256786264852635 0.0184974888502056 0.0214620229880519 0.0266512218263928 0.0584277744395027 0.0512673635770211 0.0929660332988152 0.0167505999136087 0.0471832974412850
0.004629044186679236 0.0453890431359517 0.0015150375495721 0.0113269022486655 0.0141799268351704 0.0589374299736731 0.0168387655478850 0.0064950859032913 0.1909001147544316 0.0169932486944052 0.2639962484972475 0.0546887869585746 0.0145057383828056 0.0119658074264952 0.0153752701217791 0.0145380445369365 0.0250068729786134 0.0391009993807483 0.1718701723630990 0.0049025873765623 0.0214739173340926
0.0046252121964584746 0.0448176994985023 0.0082658049868286 0.0305528468680673 0.0299154820697369 0.0283544095035407 0.4070781456546227 0.0140801852093067 0.0617904865795247 0.0317664966682222 0.0791008054849885 0.0200951693513490 0.0271193463510592 0.0188320111480989 0.0217654107407346 0.0267790893575752 0.0295326598139483 0.0325180615363346 0.0595829651267668 0.0061834023897562 0.0218695216610368
0.0045971109348395605 0.0540719337575799 0.0156838303872495 0.0158746701460610 0.0238967570295843 0.0717784262993392 0.0174332697494105 0.0158542935527862 0.1843069604410109 0.0278953507169491 0.1873156644511836 0.0310321931823611 0.0171837250217676 0.0102298133006517 0.0167081385097789 0.0252703107224770 0.0305247928785702 0.0411359199976072 0.1635887267744822 0.0022696884111560 0.0479455346699941
0.004561345692779125 0.0556668043183061 0.0009300523266485 0.0785566867348412 0.1170957782669037 0.0087018997082207 0.0365580826855250 0.0400473263915758 0.0154339236032510 0.1572594854684402 0.0272392102174200 0.0098094642313115 0.0844498502152052 0.0133546858035305 0.0938302418096384 0.0942341548819126 0.0681443943910325 0.0566555491560269 0.0207049967657961 0.0031972115435777 0.0181302014808363
0.004498756519173363 0.0420137000633236 0.0062296343798587 0.0513539284494603 0.0409304013987830 0.0251775781846053 0.0419626961908639 0.0169708609715346 0.0276272893174928 0.0360422198242214 0.0513521279738367 0.0129791796233013 0.0425273227620278 0.0185530806689598 0.0251757298854061 0.0349651965943814 0.2015141667650554 0.2589029205255772 0.0334711734070285 0.0087717363195872 0.0234790566946949
0.004497479189099776 0.0319968278710057 0.0044513887191942 0.0930532397557874 0.0492202845205405 0.0214077886612529 0.3424939493748974 0.0198036960698632 0.0331002657461295 0.0572260051200037 0.0515295782182884 0.0123683158207944 0.0847633269677990 0.0159554902831588 0.0348520511330210 0.0343564609714050 0.0300632874884582 0.0257970064464954 0.0355555357164682 0.0046931979292631 0.0173123031861737
