4096 20
0     	0.0033887566852262726 0.0646779631318655 0.0141151345859241 0.0562784777746637 0.0653851455045958 0.0476142269172746 0.0633845575995304 0.0390305031537475 0.0577080935209908 0.0596762457885774 0.0741565586422651 0.0245995559010193 0.0479002327309774 0.0486424114804763 0.0515286483000058 0.0539485829902216 0.0616152677345850 0.0569651955927447 0.0639759446038214 0.0157715614272681 0.0330256926194453
1     	0.0032827382891185528 0.0646259163682760 0.0402057406138074 0.0540484467939476 0.0602231660535678 0.0459683979006676 0.0505248453591798 0.0326572715834661 0.0571533880945715 0.0578375942475980 0.0783084039901726 0.0218856636159433 0.0486629601253732 0.0375836151417024 0.0481520416128136 0.0600260667916851 0.0671479426163184 0.0587228670898407 0.0656048342529426 0.0139060638380940 0.0367547739100323
2     	0.0031320133404352884 0.0633571429424558 0.0171549981285775 0.0587520453825239 0.0679695398935966 0.0465199017514886 0.0552970880548274 0.0321367743997247 0.0606982890138122 0.0659706712840810 0.0811429008124708 0.0238802923710874 0.0551111388759640 0.0330480120378623 0.0538033975172868 0.0568239462269098 0.0670955720189032 0.0571138810292524 0.0643193265570995 0.0056821707015106 0.0341229110005655
3     	0.0031294586802881144 0.0652547402849348 0.0206223667375329 0.0553765817913932 0.0623447765135033 0.0469193552384505 0.0553000639973409 0.0221690107128241 0.0660140159209347 0.0595836747414082 0.1046202043895350 0.0307783882219621 0.0485787354071243 0.0330749498481495 0.0399237470522398 0.0564019789446779 0.0634858091841175 0.0564866155435308 0.0674751024859952 0.0114121504076474 0.0341777325766982
4     	0.003092416108154092 0.0614081959482350 0.0167626076939728 0.0538255353690325 0.0636887533472895 0.0348143544443356 0.0541498363698708 0.0254070803798894 0.0605078168822236 0.0634098325153904 0.1452162100186236 0.0259758448618678 0.0431809998554912 0.0297862160351892 0.0493276596217305 0.0543978967375693 0.0621473973124072 0.0530076711795629 0.0618002691732140 0.0108886686357178 0.0302971536183866
5     	0.0027986301912290854 0.0630283114675216 0.0191655188132001 0.0578207227162393 0.1136461825003632 0.0348235719407555 0.0584066717214728 0.0240706551015791 0.0604470850759885 0.0605636844183588 0.0883132990367419 0.0222846606360184 0.0446273096213743 0.0340194471461280 0.0395300406987578 0.0546933556817372 0.0625264942168770 0.0536602022742626 0.0659108175225622 0.0113433529812108 0.0311186164288507
6     	0.0027896888807139764 0.0678063569104230 0.0145879055007344 0.0547588558899558 0.0623130307410479 0.0343103724297608 0.0634126278739409 0.0232247456667351 0.0569085315423314 0.0577114103818472 0.0716392053670651 0.0204957268592225 0.0375566243488172 0.1072270400695702 0.0377422317251400 0.0561362444058423 0.0616157247250235 0.0588362871653936 0.0655080509511972 0.0160794283794864 0.0321295990664652
7     	0.002736041017623323 0.0659840725779944 0.0199592133025458 0.0544384449039806 0.0621815636278438 0.0395619855868412 0.0592577564273545 0.0265940127759129 0.0597236822554689 0.0609311946853575 0.0816940071863722 0.0229368283840787 0.0371027302658235 0.0336475716537418 0.0382121776820714 0.0573128633521120 0.0643188254719570 0.0575397900623341 0.0665086100004083 0.0595891636735537 0.0325055061242481
8     	0.002706662425930822 0.0632333078582171 0.0207393729271264 0.0548846172926018 0.0624619796479040 0.0360850439614701 0.0551408458359504 0.0272631006891566 0.0588376710119924 0.0608922866582917 0.0816138795271104 0.0237743056012076 0.0524165774402163 0.0350558863995990 0.0412625762821651 0.0553764266857483 0.1077196951571081 0.0598998411689224 0.0640586765408448 0.0090522296738078 0.0302316796405592
9     	0.0026708971838703866 0.0659373411717440 0.0197170779995644 0.0560877865157744 0.0615328510170155 0.0359142098114260 0.1180710843946282 0.0240808058041963 0.0581352734187178 0.0566322447201505 0.0858599124667671 0.0207317178480284 0.0374718925958261 0.0360276708423862 0.0365809593813319 0.0573193803824791 0.0606864583369368 0.0552522678869150 0.0678837238608794 0.0161913880071467 0.0298859535380862
10    	0.002642795922251473 0.0655331786778776 0.0202068706456639 0.0540960059647590 0.0685920381340491 0.0358794096823072 0.0530177060678761 0.0268971864066916 0.0643158806067311 0.0576136313908032 0.1170870987943484 0.0237144040987534 0.0490959065592153 0.0319427345856773 0.0493928712006478 0.0559400078898394 0.0672977244273828 0.0561913668767418 0.0672143514015697 0.0050627089900115 0.0309089175990538
11    	0.002636409271883538 0.0668883596253221 0.0126694181800182 0.0552317214658209 0.0618622165154103 0.0353681780881364 0.0616619709737049 0.0275499362248498 0.0569801778410090 0.0619540710765918 0.0813057059446616 0.0213013460738154 0.0462946263834373 0.0356211858514075 0.0411305937177139 0.1029816746883583 0.0600948847267638 0.0566077960656402 0.0658487970665938 0.0158633559093712 0.0327839835813737
12    	0.0025010122840833176 0.0616518511391832 0.0061175330220695 0.0532516350803468 0.0624064421795218 0.0473199625955391 0.0582476677151576 0.0271588878204997 0.0565794575134732 0.0567672961673594 0.0939877292283667 0.0248306192277243 0.0490404359875137 0.0474534332285094 0.0519905839850366 0.0564944076371306 0.0625204886059616 0.0574859708006916 0.0718054567272901 0.0122679682066372 0.0426221731319884
13    	0.0024997349540097306 0.0660556178070488 0.0143100395328791 0.1054774184130287 0.0634274567045960 0.0357118911359612 0.0626015412655442 0.0254341837052599 0.0558997754874654 0.0583960911605813 0.0784839139422080 0.0205335496872750 0.0522225943048836 0.0370750400353247 0.0359898242343991 0.0565575860069202 0.0614880829886972 0.0575276671094669 0.0642306622865839 0.0161921849923155 0.0323848791995616
14    	0.002480575002905926 0.0655413287617202 0.0159803210714237 0.0585658175732133 0.0653805508231380 0.0336832946287782 0.0607691004756321 0.0241698479985293 0.0565695719334112 0.1076500712975153 0.0723771427411385 0.0202255068926139 0.0479725072482081 0.0356183247408528 0.0481771019478908 0.0621380082540521 0.0619483111730040 0.0562639734266960 0.0621862612655158 0.0153658648052082 0.0294170929414582
15    	0.002475465682611578 0.1105418478379481 0.0118127966509059 0.0577442605105617 0.0648276105535967 0.0376271919653164 0.0631428805286049 0.0257678604289523 0.0549700326808093 0.0585465186486994 0.0719854440095347 0.0176250069196352 0.0445548154514595 0.0465879891232899 0.0486446729437236 0.0578973439211090 0.0617066952030715 0.0562219436966497 0.0625112423282694 0.0155050714819166 0.0317787751159462
16    	0.002474188352537991 0.0639237346186868 0.0156312588355414 0.0559696655116188 0.0613103881390716 0.0370596510819795 0.0605877634733051 0.0259257801558952 0.0652525309838642 0.0609023595052448 0.0758394740280702 0.0215028880063657 0.0377323480710128 0.0442129982540742 0.0351190457485114 0.0576073519981085 0.0593206175656492 0.0578829424185901 0.1159724400195636 0.0168469393742521 0.0313998222105949
17    	0.0024218178195209244 0.0665461973682360 0.0175660033430501 0.0513960649359912 0.0643940866896217 0.0318744939674030 0.0516300288543721 0.0235053217519720 0.0624918327863933 0.0585047493597864 0.1585473871521021 0.0282089549938964 0.0473616333580766 0.0255023561158202 0.0452060598432636 0.0530439812313733 0.0633540426621983 0.0545124977609441 0.0641363728881232 0.0052942200275722 0.0269237149098041
18    	0.0023451780151057056 0.0690717703336242 0.0156966825549066 0.0549177261587544 0.0594706815631655 0.0339261250099890 0.0597676022251518 0.0238319598542346 0.0565690671057472 0.0546213177047668 0.0794927033282664 0.0188958506396808 0.0434356339560099 0.0444625532111194 0.0453209785062246 0.0579136004194861 0.0634332507321575 0.1112013205223959 0.0635496352844243 0.0159557777549977 0.0284657631348972
19    	0.0023260180640019006 0.0641448434036248 0.0119427357837283 0.0544503087201072 0.0614683444389733 0.0345920896736676 0.0647762920494496 0.0239556114559982 0.0567249188468998 0.0565454418452268 0.1223590261119374 0.0178866574797688 0.0390321816751108 0.0502804088457240 0.0503682626363411 0.0589662100163542 0.0628167538154642 0.0592237455796249 0.0620329821770481 0.0210346085491874 0.0273985768957637
20    	0.0023209087437075526 0.0683188804216055 0.0160792737880141 0.0545026191885734 0.0615608843129043 0.1006394480034092 0.0593869560891038 0.0258944394217187 0.0594494716239979 0.0591612434932703 0.0745222244476062 0.0204770440550511 0.0392333979412183 0.0339113680813980 0.0366698646064882 0.0558856883250432 0.0650601186259244 0.0565997857541517 0.0655112867173197 0.0098807558426288 0.0372552492605732
21    	0.0023170767534867916 0.0702211837787478 0.0153566759737133 0.0587862556117751 0.0607410519595761 0.0347984803057753 0.0609976435465860 0.0247693910051732 0.0577970692835909 0.0556231816689288 0.0777608209741038 0.0211967139599150 0.1098683247817813 0.0327459369809399 0.0359677934575743 0.0541223360276423 0.0624559060874989 0.0559370513967437 0.0646737103131322 0.0141639867361883 0.0320164861506137
22    	0.0022251089881885288 0.0636108478391819 0.0177586662570305 0.0542438878938560 0.0666524497859274 0.0388893891813104 0.0540317082410922 0.0241094497919365 0.1116695741053397 0.0649069981880650 0.0797246046501682 0.0254052755731103 0.0470833313693341 0.0306716789106630 0.0370592750630893 0.0530387743757105 0.0629507047975262 0.0575658024796030 0.0691760403226937 0.0088038532460705 0.0326476879282914
23    	0.002134418552963853 0.0673330612107012 0.0130933943662107 0.0552987313907514 0.0616414149773850 0.0522191284126007 0.0590602595945844 0.0229457973006123 0.0612985239157865 0.0612188873707944 0.0777274368843113 0.0215731111568189 0.0395681943582035 0.0328772909283533 0.0335992347555187 0.0534604943174159 0.0587480336579026 0.0537782091200906 0.0666384229900427 0.0113724838067355 0.0965478894851803
24    	0.002130586562743092 0.0637480485979481 0.0218281908000797 0.0487401144233920 0.0603297424490194 0.0350469204227510 0.0516180259227778 0.0256634802303358 0.0644133585698635 0.0633891069059759 0.0858150181878254 0.0230851065994621 0.0430983663207090 0.0298222267842744 0.0451865860149434 0.1071296039680555 0.0650276048554871 0.0583692771103073 0.0706468014964692 0.0074337156075274 0.0296087047327960
25    	0.002129309232669505 0.1162316428088710 0.0234904693963684 0.0508452580630333 0.0604146434901907 0.0399245849328618 0.0550279739578525 0.0240443609416414 0.0600148662062295 0.0597446466144736 0.0856170733161756 0.0241460072990793 0.0410081342003847 0.0335813263535229 0.0362594957579294 0.0537154424789780 0.0672204439591719 0.0596796882852589 0.0701163280090464 0.0073708681479143 0.0315467457810168
26    	0.002120367922154396 0.0624851091405070 0.0160555735503167 0.0502162045985894 0.0612323809046402 0.0341311524018367 0.0521382852408081 0.0219823373684193 0.0607030507458219 0.1040668015351702 0.1089194834904199 0.0223600900663766 0.0486006599578632 0.0286330978073540 0.0478334275058170 0.0620926686863099 0.0618953495215433 0.0548149762889904 0.0632273388599440 0.0099519436819876 0.0286600686472846
27    	0.002120367922154396 0.0686162626615828 0.0093327566706870 0.0592769615081835 0.0599181093520950 0.0347865866492302 0.0637564924293087 0.0222147835157939 0.0531521557438642 0.0573330170418177 0.0724875667753454 0.0186176685445913 0.0520101354883977 0.0342909585886527 0.0495620467442789 0.0548372908948085 0.1130721396925923 0.0639229580920292 0.0625724474585379 0.0174557941000519 0.0327838680481512
28    	0.002120367922154396 0.0647079710321134 0.0157116227320372 0.0571708391254722 0.0687815360025214 0.0361983107717161 0.1041278399437910 0.0239802851493646 0.0632866090681905 0.0611404110579723 0.0864286928586143 0.0206535658876954 0.0507924334810011 0.0288367966853685 0.0470802912992239 0.0540787205417763 0.0634286247277989 0.0532960188387569 0.0657804275866091 0.0060451945660758 0.0284738086439010
29    	0.002061610738769395 0.0677525146421979 0.0139195495170302 0.1128793645046284 0.0616132563421362 0.0349717510347422 0.0582456438078316 0.0225820564887694 0.0681074872426007 0.0603762234491012 0.0950875604045925 0.0219012247511041 0.0435592491955240 0.0286099043595818 0.0362253871215268 0.0513787021536677 0.0606220726067058 0.0539921430865685 0.0717610131968483 0.0071332700120602 0.0292816260827825
30    	0.002060333408695808 0.0716336266848104 0.0087369374306946 0.0585865988450701 0.1147187917720997 0.0354986106483058 0.0572551426630507 0.0253024512547088 0.0532932716740283 0.0629575620800514 0.0721534835777397 0.0187910071468669 0.0475831706945542 0.0327240879949310 0.0556558538246180 0.0563257221960892 0.0621324019608179 0.0565863811229129 0.0598878856933880 0.0166056809723873 0.0335713317628752
31    	0.0020386187974448288 0.0684683044239917 0.0148207322587657 0.0547172807068498 0.0627778776904501 0.0311024214961903 0.0589849188024814 0.0267848721746601 0.0557895017280351 0.0630362039092871 0.0741660830068460 0.0216133210858568 0.0504340445189645 0.0296862843285159 0.1069600596019329 0.0569386586587115 0.0644491179052254 0.0581123517544254 0.0630507207169265 0.0099249359969313 0.0281823092349523
32    	0.002018181516267437 0.0628197599070122 0.0162503500873085 0.0470390930354861 0.0567254779760335 0.0434288429148943 0.0514397076034276 0.0216419307660094 0.0579063396444858 0.0549037624584943 0.2020123706534577 0.0304559549973078 0.0359317210724119 0.0238595223185919 0.0430791921322212 0.0497385439078478 0.0582491002395400 0.0503507856331709 0.0624147080729898 0.0068940025190708 0.0248588340602387
33    	0.001959424332882436 0.0672512904708735 0.0181209376485517 0.0523989048270245 0.0638526734683827 0.0423588545911396 0.0503770355610387 0.0242642613811304 0.0668230231484166 0.0600563120076917 0.0831767782167005 0.0242869709547719 0.0453927713598550 0.0295837400459890 0.0434200986312773 0.0532578871638374 0.0676049144245821 0.0587989458690701 0.1148188931959744 0.0059862941524500 0.0281694128812429
34    	0.00194920569229374 0.0657148968283296 0.0061740570157029 0.0580200025954154 0.0568914223081747 0.0386263149626302 0.0636794432976975 0.0214328723977142 0.0552934419109026 0.0579596968900480 0.0728703423526162 0.0191831141877880 0.0533405068255744 0.0375139081902284 0.0500411792509859 0.0557240789016598 0.0635068709399299 0.0594943154739603 0.0659597990324168 0.0522408752769754 0.0463328613612499
35    	0.001946651032146566 0.0658514531932129 0.0143581092795219 0.0515785700092551 0.0596024038453708 0.0361076438039068 0.0585492154959503 0.0241857878754945 0.0518203749380936 0.0559935379561662 0.1694905197435173 0.0127088252651241 0.0445003277509606 0.0454377486872195 0.0488256531770336 0.0552206204752410 0.0576321127774134 0.0510670230338877 0.0579278075082668 0.0114303591195566 0.0277119060648074
36    	0.001942819041925805 0.0648499967504911 0.0118641570899591 0.0549570477329152 0.0630055410948137 0.0340176428683921 0.0574625156502542 0.0216347680483667 0.1152361719897795 0.0598675498070363 0.1307376806500800 0.0186560174276471 0.0443985311611166 0.0289974186913386 0.0336616113181799 0.0508769950152576 0.0568490576261630 0.0518443196980940 0.0623470831805876 0.0101250069343464 0.0286108872651813
37    	0.001942819041925805 0.0637447263975556 0.0053307456189723 0.0590998967150218 0.0658673776154240 0.0434091576195531 0.0548368500542644 0.0282935589028659 0.0573804722807816 0.0892026859162721 0.0691317369785207 0.0166065511436451 0.0583301965317747 0.0348197084128393 0.0564826655847389 0.0554166153531606 0.0638769556883213 0.0603579118189881 0.0610628179956138 0.0113855034035557 0.0453638659681313
38    	0.0019326004013371092 0.0641054148186771 0.0384698838480426 0.0504313979403458 0.0560272631046321 0.0356864629255586 0.0583057831138551 0.0288105322778940 0.0559210332043192 0.0510439163182792 0.1192773660110410 0.0178804292803279 0.0301633506363023 0.0366486469059402 0.0494030664622121 0.0623745238424004 0.0693597150232149 0.0576904107591794 0.0670073164287546 0.0178962325292805 0.0334972545697430
39    	0.0019223817607484132 0.0696369130104221 0.0163643639470843 0.0521153234765105 0.0629376635331622 0.0314131187947264 0.0535045361689385 0.0231782938933285 0.0631135762973163 0.0614967883097375 0.0838597901174334 0.0257296343514912 0.0508530140660579 0.0275791023365653 0.0474178362055261 0.0545654572123152 0.0675289407558876 0.1062938308742199 0.0693733345059001 0.0060064553386071 0.0270320268047702
40    	0.0018968351592766736 0.0657774379443961 0.0069936154330965 0.0582370448489364 0.0592363739818115 0.0363930448104251 0.1138850935815990 0.0247287036308755 0.0533729853596695 0.0529988081169498 0.0760445818696683 0.0201952074110487 0.0464808985278794 0.0473645992074601 0.0475756320251624 0.0566857569806215 0.0631824572795124 0.0580949186958319 0.0650253484717565 0.0152171725871894 0.0325103192361104
41    	0.0018904485089087386 0.0694941855042745 0.0145381709460256 0.0759558942351624 0.1022573226310163 0.0239830874444919 0.0578670317786666 0.0330104964220377 0.0291125741098989 0.0780469496398924 0.0592754984633736 0.0160528262730734 0.0635033582918012 0.0345698430015739 0.0619983942293985 0.0632159114256596 0.0788784749902002 0.0594914359161675 0.0461430823978179 0.0079260208074136 0.0246794414920544
42    	0.0018802298683200428 0.1098541759124610 0.0133995109228521 0.0568778738665866 0.0630774397631546 0.0350737759562817 0.0642464441368580 0.0283773418498882 0.0573106540568630 0.0312777986275122 0.1143755507620363 0.0213887927644555 0.0292877115396993 0.0324158746571789 0.0524790562333215 0.0650282603148872 0.0562282290536852 0.0562373937306487 0.0683564815540509 0.0190013140611166 0.0257063202364628
43    	0.0018112540443463456 0.1088929663687451 0.0100428162831215 0.0628597338987495 0.0731220348572941 0.0217324937953928 0.0585721704872129 0.0263789667871945 0.0558953702797950 0.0571301655485615 0.0907128602339921 0.0224285600006802 0.0523521082158014 0.0256918680240831 0.0611293204589501 0.0652190707312599 0.0654091204770773 0.0540373471347012 0.0634732435797949 0.0053316873292331 0.0195880955083596
44    	0.0017920940932425408 0.0625517718477054 0.0047118518980374 0.0540090632219564 0.0544210804057055 0.0491937896847719 0.0581950606766436 0.0214616038047785 0.0555035108479464 0.0543816618758084 0.1389862543934208 0.0273543101016393 0.0480090415070325 0.0418115879217938 0.0460863548648233 0.0525848475595779 0.0566230074147809 0.0564830392499498 0.0641562841632760 0.0161438770829340 0.0373320014774179
45    	0.0017831527827274318 0.0709625493887434 0.0113489269117240 0.0583976830152743 0.1629329696821616 0.0314935447952535 0.0543173778467999 0.0222106173384849 0.0554034523439182 0.0598541890825777 0.0749433833436600 0.0206231832379489 0.0445990224660031 0.0279812137652073 0.0437520402121765 0.0526914061673670 0.0537450517731341 0.0527475220273428 0.0615190786897972 0.0119886586676155 0.0284881292448099
46    	0.00176271550155004 0.0647772757222829 0.0126028429770117 0.0538983305586388 0.0688848687646427 0.0290283052221494 0.0507897044585083 0.0251291602529835 0.0602563276403897 0.1178390328815636 0.0777849310621708 0.0227503911770448 0.0536340949236924 0.0271910220311342 0.0552460869738525 0.0607093113201997 0.0667388762231984 0.0595081640909638 0.0623704720352173 0.0043817987456997 0.0264790029386555
47    	0.0017499422008141702 0.0683052013975610 0.0148302535866503 0.0542721028716360 0.0535813423238815 0.0459243822215336 0.1671308287231918 0.0242557031581342 0.0544807705911534 0.0402038745416574 0.0758195683426081 0.0209834619183044 0.0363930721118251 0.0330203130896006 0.0325211696578893 0.0535877664883138 0.0563359982674261 0.0547191443371051 0.0641730893579512 0.0170589509274588 0.0324030060861181
48    	0.0017116222986065606 0.1189201644569841 0.0176084088676154 0.0497234353370759 0.0577638894181892 0.0337954487069428 0.0567846737729070 0.0224600597086523 0.0554265344868771 0.0530040496224940 0.0800682757950282 0.0221491515693193 0.0371342771775948 0.0284343984465478 0.0349781597367551 0.0530956348782727 0.1184995684442651 0.0584380813272796 0.0659377809158484 0.0082000178783635 0.0275779894529878
49    	0.0017103449685329736 0.0643895873459363 0.0113374606170520 0.0508336240681421 0.0536086306349482 0.0357665696529779 0.2018983804356539 0.0216433582020796 0.0615621210705514 0.0472408935323197 0.0894761968926513 0.0213280458088044 0.0316216910980102 0.0270645382058848 0.0306085282062300 0.0517426689703997 0.0497561976728401 0.0487490832621681 0.0659844680772686 0.0091498366155484 0.0262381196305330
50    	0.0016899076873555818 0.0685219309401342 0.0136891019241680 0.1488444031143361 0.0542537038065425 0.0413630141466093 0.0580386348163543 0.0230419887434126 0.0600416419918335 0.0552752950770854 0.0799888841258618 0.0217030579587673 0.0391560885178217 0.0306189096731176 0.0321829117014639 0.0518072295190984 0.0537929133223216 0.0526352338444920 0.0664987181923446 0.0140244497252119 0.0345218888590233
51    	0.001687353027208408 0.0887031951289976 0.0253706119084573 0.0544359614001801 0.0595392059217977 0.0294554540409324 0.0620045211191073 0.0281981466096873 0.0396343132990310 0.0544052185895411 0.0785602770079506 0.0149092932719697 0.0381571225923031 0.0517313940548842 0.0518603442816182 0.0584000755702280 0.0989092708527553 0.0659864229256779 0.0600793317563924 0.0144603638970487 0.0251994757714400
52    	0.001684798367061234 0.0679393185275604 0.0201730879599919 0.0517175727108809 0.0560975925254292 0.0360322178377015 0.0588118777258407 0.0244226809710248 0.0662151276224352 0.0515441129795661 0.0778385756891458 0.0205727985665998 0.0360953505639835 0.0293107047397931 0.0320100045798881 0.0567288933002364 0.0586019704918425 0.0550589405826795 0.1611279617191610 0.0113107152823187 0.0283904956239207
53    	0.001674579726472538 0.0626114430376533 0.0144158194730838 0.0537978776164744 0.0612418951748415 0.0333509903409469 0.0590560217024872 0.0234508273760070 0.1192196851911572 0.0593491150847999 0.0696914459474411 0.0168025161172437 0.0364136158008347 0.0311386751211792 0.0336642535024173 0.0531437412189610 0.0571707342031096 0.0525244461422492 0.1219563614013804 0.0110554016297801 0.0299451339179522
54    	0.0016669157460310162 0.0837076907176914 0.0116536591361686 0.0542892330933975 0.0593851206010774 0.0419113101442340 0.0609334542169542 0.1077244336551552 0.0609063383872480 0.0491035411493839 0.0900759463479127 0.0221298542560931 0.0306543476333103 0.0271621476426398 0.0307294002798891 0.0512615758164522 0.0549780447276443 0.0544843651588848 0.0715305104884991 0.0105005479424133 0.0268784786049511
55    	0.0016541424452951462 0.0657182050074732 0.0153674624297818 0.0424363449939708 0.0510948484567915 0.0743070818642083 0.0487724761693667 0.0505964638700016 0.0437473755377584 0.0441860605802916 0.0725288005580223 0.0200603246218705 0.0356258587845983 0.0241468099358284 0.0346635433623061 0.0554381712472138 0.0590562898227323 0.0530622154398537 0.0600446269142030 0.0340638738255665 0.1150831665781610
56    	0.0016503104550743854 0.0662986693733083 0.0143528802956519 0.0524501682292888 0.0594510462728913 0.0352967970418409 0.1538743085793293 0.0225702780403667 0.0723642427596800 0.0578430472708096 0.0877328771858751 0.0211077719411721 0.0388742044177691 0.0264281548305054 0.0310242697795712 0.0493988130340870 0.0538049427528574 0.0508787842598373 0.0716025249235630 0.0066297567586934 0.0280164622529020
57    	0.0016375371543385154 0.0728057351333595 0.0150880646053495 0.0512399032398957 0.0574960552679905 0.0350553374181640 0.0571283387521842 0.0228394766051282 0.0529208123304849 0.0514796725248038 0.0723449934269788 0.0192611190855392 0.0331581536085708 0.1559707608425200 0.0339255877691856 0.0534757218562275 0.0564509539541610 0.0551717595606703 0.0612729464233388 0.0123187704851066 0.0305958371103413
58    	0.0016362598242649284 0.1552265210708740 0.0114860350113824 0.0593235528559476 0.0651635414575170 0.0313217175347721 0.0627700018999329 0.0296500884264802 0.0493483862508429 0.0358897012811351 0.0806749385916510 0.0173478758202388 0.0312211028672289 0.0317303864788528 0.0565076375626442 0.0673791782214573 0.0607762341120632 0.0547295055636747 0.0598868320845833 0.0143384120130820 0.0252283508956394
59    	0.0016285958438234066 0.0649294084743984 0.0179877204254764 0.0506616445673963 0.0582248009092106 0.0307224897977845 0.0542170477765123 0.0257025053591631 0.0483367918489984 0.0545369669648629 0.0712281336200306 0.0194128325734709 0.0491364417790235 0.0262506835715011 0.0422907405837882 0.0540462880716736 0.1165608440714163 0.1189830608949145 0.0597220165175562 0.0108336539860700 0.0262159282067520
60    	0.0016183772032347106 0.0728199574223287 0.0125514566902792 0.0555712382761808 0.0677785983601862 0.0294913985001164 0.0545089180713004 0.0230705598445763 0.0574551205390849 0.0621846980819794 0.0743512171443920 0.0196446080109359 0.0485897259465398 0.1089102983256773 0.0454409230005065 0.0499301644039784 0.0677031560669987 0.0562850981806163 0.0628210193925795 0.0052288756678039 0.0256629680739395
61    	0.0016145452130139498 0.0685834658384532 0.0130718962729297 0.0509838291798117 0.0563808444418683 0.0331093694585502 0.0561342643401304 0.0219745609629601 0.0543911265052568 0.0455414435577547 0.1129633370197936 0.0200245528646912 0.0300334910978104 0.1063343454265789 0.0505465360838122 0.0603674847788724 0.0606094806732412 0.0567530291403926 0.0653322459033417 0.0118095975301193 0.0250550989236314
62    	0.0016094358927196018 0.0641466924345424 0.0125042643139029 0.0482206728064386 0.0568506619894700 0.0329883786525895 0.0512673631811124 0.0209925638698773 0.1080718130668297 0.0534334879164253 0.1872696514776357 0.0225198422100122 0.0306935105840109 0.0238722347493765 0.0347079675187431 0.0506498929257675 0.0514023771837617 0.0483009843987671 0.0659843097929099 0.0095048018884535 0.0266185290393738
63    	0.0016030492423516668 0.0659705434580476 0.0139409434692452 0.0527153229327005 0.0547955880383119 0.0352924664627904 0.0598324770378084 0.0243663590771835 0.0537449901911853 0.0528657036904144 0.0734860675435253 0.0211836693894186 0.0467134736572415 0.0287673832175606 0.0382410921847754 0.0518658103710804 0.0630358020231635 0.1614293549248236 0.0621013962289057 0.0109473632188095 0.0287041928830088
64    	0.0016004945822044928 0.0667655777002116 0.0182174456070752 0.0337764654167526 0.0398717766302595 0.0591030546112529 0.0545332385281913 0.0255901760443547 0.0638471865259935 0.0308761030132608 0.1827931005383366 0.0389466764940458 0.0307679117931923 0.0268765176834901 0.0366980110435027 0.0561424181168479 0.0583667393002519 0.0515945812980645 0.0653962594658004 0.0213827736592083 0.0384539865299071
65    	0.001592830601762971 0.0650155195719856 0.0046817948392371 0.0540933723990027 0.0558714737014485 0.0457242543620671 0.0612180987599394 0.0201669460617940 0.0567140775017613 0.0533411849809572 0.0726757247738543 0.0207575931301441 0.0477026683228660 0.0454090559574446 0.0406768396329593 0.0535935883789447 0.0631400528547203 0.0597219849012176 0.1306984400029871 0.0156339565870309 0.0331633732796385
66    	0.001586443951395036 0.0683323136466101 0.0131565811981512 0.0579767174865606 0.1365594253229734 0.0283790864855575 0.0531608346975601 0.0245515753030311 0.0621897517128088 0.0646325192015624 0.0800433008924813 0.0196657915622918 0.0501509793938411 0.0278533007799572 0.0516543644288041 0.0524155386416914 0.0641412903808763 0.0542954826476641 0.0618772419686165 0.0042200422440685 0.0247438620048924
67    	0.0015621746799968834 0.1153273540395391 0.0165122317197836 0.0581653342357714 0.0635732021465062 0.0284774783513183 0.0644454531246055 0.0264096250159652 0.0373389371011686 0.0254945439136043 0.0915134102819221 0.0180018211062120 0.0254881292795632 0.0507932607819805 0.0502762273310647 0.1077693681376015 0.0601868927967019 0.0580878830476397 0.0663951862665920 0.0114456067924404 0.0242980545300198
68    	0.0015532333694817744 0.0680228851394781 0.0141879888941077 0.0477708815809467 0.0556287234339049 0.1071715776941596 0.0559554019179673 0.0232642014803605 0.0619113807365258 0.0524436670030415 0.1281158286398130 0.0241596901427045 0.0337445662518949 0.0270613518116865 0.0336369494565836 0.0498625846368778 0.0607697376996273 0.0521555332326798 0.0672366241926484 0.0077057191747819 0.0291947068802102
69    	0.0015455693890402526 0.0680302231518804 0.0091379488842250 0.0550927005064114 0.0600540577774007 0.0319411714233781 0.0593291102201159 0.0234226277522215 0.0553548464779380 0.0536245297934008 0.1277741377132023 0.0153714473116723 0.0338350181760326 0.0353674697862548 0.0453906839343886 0.0573862164878858 0.0568948440764343 0.0564540409594867 0.1146115779544111 0.0120160189619484 0.0289113286513114
70    	0.0015366280785251436 0.0740031833571686 0.0145657230809470 0.0511272652979873 0.0531477979305870 0.1243305051902908 0.0593660160067201 0.0276914379848445 0.0538350195379470 0.0364625098131198 0.0759613705492181 0.0234444838281395 0.0342642745576351 0.0274589339984078 0.0338728995404853 0.0530759169318400 0.0564432554301387 0.0533127356813624 0.0631097030110565 0.0298205981901765 0.0547063700819284
71    	0.0015149134672741648 0.0769287910373486 0.0094528914551598 0.0561043175841765 0.0723764672537865 0.0286183196139038 0.0547712207323034 0.0244705507886982 0.0573295006161714 0.0702663511794573 0.0754032695138736 0.0205520570380572 0.0503773668366878 0.0236347965017218 0.0491902181264296 0.1205834729094879 0.0605092630638897 0.0552165661742039 0.0622026778855507 0.0058710340934732 0.0261408675956191
72    	0.0015149134672741648 0.1250832322236342 0.0151904109730818 0.0531684743125931 0.0587232069474527 0.0308724087988071 0.1167833801715123 0.0226808900494595 0.0541372865590061 0.0479266040274624 0.0793921903998516 0.0180180065729768 0.0337603674360779 0.0310819407842589 0.0369447599212071 0.0558258342501129 0.0680127433423318 0.0553781888238510 0.0618373136624304 0.0100149012798398 0.0251678594640525
73    	0.001504694826685469 0.0662289939392453 0.0127930660622398 0.0575681902527391 0.0602988950939055 0.0326956295028260 0.0585423663484220 0.0230226367888257 0.0609560374570401 0.1493733653426696 0.0756692847882146 0.0212529944670674 0.0451252175085554 0.0291709460561647 0.0325703316215662 0.0546307376990852 0.0561818933280536 0.0550609808873379 0.0642481503804015 0.0121748173438792 0.0324354651317614
74    	0.0014919215259495992 0.1219280049169613 0.0120392725668049 0.0523061450873376 0.0591186128577055 0.0338422709631907 0.0584237781173830 0.0244495459906959 0.0614649951464452 0.0488579233494834 0.0748932750066776 0.0175331933009889 0.0295396309759499 0.0371110813714371 0.0347908888679992 0.0556940930880321 0.0578201289304196 0.0579195938895475 0.1192065348526964 0.0141348862595974 0.0289261444606469
75    	0.0014842575455080772 0.1652955689928932 0.0165638631376356 0.0489300516426812 0.0572552904661774 0.0255601136856189 0.0597411139646838 0.0222657939930549 0.0440864149382664 0.0513924187830231 0.0673994659350282 0.0170283140040334 0.0351691078870820 0.0290098898581144 0.0452284166642460 0.0513058618835391 0.1150344187099602 0.0586262944073981 0.0563612397822294 0.0100197729331760 0.0237265883311590
76    	0.0014804255552873162 0.1140859081088330 0.0155647980354531 0.0557087042133005 0.0585756713488299 0.0312459283243891 0.0633740894050316 0.0253900944964837 0.0515299224529061 0.0249903854564483 0.1543452091330561 0.0189350066747783 0.0232473027181238 0.0355831594720315 0.0448029705262894 0.0716386747004387 0.0528924755285740 0.0536039573872392 0.0682456266219031 0.0139476375021133 0.0222924778937772
77    	0.0014625429342570984 0.0649689289398688 0.0106039626043683 0.0593129725636125 0.1168422473861927 0.0277750874090506 0.0512414178364900 0.0207207899150900 0.0552592235313621 0.1162228349004623 0.0711901407839172 0.0182981036988884 0.0496620406020004 0.0260677723502831 0.0502628303024477 0.0564734559265319 0.0572316953514736 0.0549380957513544 0.0578343836380421 0.0088697460790494 0.0262242704295144
78    	0.0014497696335212286 0.0615470191887530 0.0143921269760528 0.0421813007802864 0.0556957413078274 0.0353509293464965 0.0512444526438269 0.0218203351747514 0.0616302248484248 0.1286132454808303 0.0821736362684659 0.0215231819412397 0.0333131402285127 0.0262228477600448 0.0315207150545750 0.1140120704752733 0.0573289258851942 0.0538435240593236 0.0680947553488924 0.0079279625016153 0.0315638647296135
79    	0.0014446603132268806 0.1268389712851140 0.0111112536077523 0.0543702899150653 0.0617330375536209 0.0266475440083748 0.0606371233984918 0.0213646169474707 0.0469571845881156 0.0411646338516718 0.0735488529038821 0.0162050296735135 0.0281377184252816 0.1214625250830827 0.0396677869357216 0.0572154959397948 0.0585435672630220 0.0558019697261498 0.0642145555210477 0.0115731337527342 0.0228047096200930
80    	0.0014306096824174238 0.0700277973157854 0.0114729277058808 0.0543473079684083 0.0553530531880952 0.0514398468868195 0.0544514202306673 0.1072795670603385 0.0289736189336793 0.0529704766138103 0.0595063408719586 0.0165677346235733 0.0513116593649393 0.0240833454958663 0.0533173080304017 0.0623354347916409 0.0633186601230299 0.0549839981965183 0.0509942644350611 0.0182607895118693 0.0590044486516568
81    	0.0013922897802098142 0.0644367291581724 0.0155675552235908 0.0575555118441381 0.0677807964060494 0.0265040712764465 0.0562924183403304 0.0248580555856403 0.0609831425358200 0.0655488523807381 0.0730136489263217 0.0230251250459677 0.0605793927511769 0.0275968751377950 0.0490194677602188 0.0496374384509124 0.1150321802845904 0.0695177067374094 0.0636818428882137 0.0036441104647691 0.0257250788016988
82    	0.0013910124501362272 0.0682948949135371 0.0112638280909935 0.0559356136564926 0.1086304896448638 0.0309335788923503 0.0548480956821187 0.0218458287024321 0.0602781907946644 0.0606354661628171 0.1265466280300147 0.0193720977952123 0.0353205582582371 0.0264590424923770 0.0530802348930618 0.0547808953741121 0.0580617502801623 0.0552882723604058 0.0617847615382203 0.0098394806132388 0.0268002918246880
83    	0.0013807938095475314 0.0820881626267794 0.0143538869558915 0.0536313059581485 0.0581947885448501 0.0333495574866590 0.0608630906328412 0.0246521929991882 0.0567213903437962 0.0265127009007825 0.0977217674156505 0.0199613676714012 0.0276563159387185 0.0294257272563573 0.0470156082372879 0.1461980824403815 0.0549594829683625 0.0558938935452131 0.0703827755828864 0.0141595964540397 0.0262583060407647
84    	0.0013769618193267704 0.0598202075530084 0.0117278377452746 0.0496570145161739 0.0529499897648032 0.0437487137875227 0.0525921931449269 0.0207523153276985 0.0605211260843902 0.0522262522523570 0.2473457895740987 0.0344896399771968 0.0323093960064019 0.0200744787244088 0.0312829711556270 0.0464363043504046 0.0499356821113024 0.0459267776613926 0.0558754715601638 0.0057556456214096 0.0265721930814388
85    	0.0013692978388852486 0.0647224950000803 0.0145644978824225 0.0539312586101071 0.0599036534470112 0.0449797088229219 0.0594207658671527 0.0218259803831161 0.1579733993486792 0.0572911445379188 0.0775102318124934 0.0200663783987529 0.0470980612814202 0.0267771448900816 0.0313269787220808 0.0510482962378873 0.0548213252163377 0.0511255348236951 0.0684643849494611 0.0081380520477624 0.0290107077206178
86    	0.0013590791982965526 0.0716701821584608 0.0042741232830738 0.0606402838771435 0.0564145226039112 0.0411598367307016 0.0653321534389183 0.0164273150721985 0.0532824684534096 0.0600324609788536 0.0701330726214164 0.0170751827886423 0.0523501700999466 0.0313480418301893 0.0405186323520660 0.0457440985288359 0.0599279539240430 0.0572190313891330 0.0639308531631019 0.0124257040895367 0.1200939126164178
87    	0.0013578018682229656 0.1633483570604166 0.0169369777512924 0.0494914343641810 0.0618877312589435 0.0273110615850566 0.0565526185284132 0.0214804705723821 0.0572188177552696 0.0587616033897350 0.0763854099796328 0.0217382962020000 0.0431488166188068 0.0274875159493665 0.0417847335321293 0.0521265957133562 0.0701720191344317 0.0586667054539480 0.0662060916263239 0.0041124035143508 0.0251823400099642
88    	0.0013552472080757916 0.1107568207181352 0.0113986394600590 0.0607132874851074 0.1227661279737272 0.0266894037693195 0.0621335616515301 0.0242377538274092 0.0512383783102790 0.0320352290074535 0.0887678080078848 0.0172816320963650 0.0272261323033484 0.0337553359476905 0.0509822569924230 0.0674777920053419 0.0578035600442086 0.0565825079122118 0.0649503057946265 0.0116140331319613 0.0215894335609183
89    	0.0013539698780022046 0.0625299686396827 0.0153229238887420 0.0999295144457241 0.1178980744611224 0.0317267997979767 0.0568600528370975 0.0213336548131208 0.0607544448099420 0.0528977081488190 0.0937136410021706 0.0222120166166901 0.0422186841745313 0.0284721749435884 0.0373804332606582 0.0441778022867269 0.0595266253928234 0.0525325489101016 0.0663568625855197 0.0074373371153345 0.0267187318696280
90    	0.0013463058975606828 0.0600777077510663 0.0043315015273397 0.0552255266142883 0.0582780556915897 0.0342237369230152 0.0586467375297017 0.0212286071555361 0.0576984713819502 0.0622650167960374 0.0746635521649507 0.0200205195710100 0.0469667413028091 0.0437090389284782 0.0483111739004745 0.0547756608505267 0.0635525863895262 0.1133195459282462 0.0647407091563033 0.0130232004536932 0.0449419099834575
91    	0.0013437512374135088 0.1997740066215930 0.0108920674231611 0.0578267709547723 0.0621678836498147 0.0290061715267601 0.0566903772165684 0.0233191653746505 0.0468169297200645 0.0486009792884906 0.0746438105806994 0.0191216033416811 0.0297563748291430 0.0301426221242682 0.0443264013318431 0.0593225707445191 0.0577280206648398 0.0538255428146964 0.0577976506406755 0.0136150451232075 0.0246260060285518
92    	0.0013399192471927478 0.0749326391198252 0.0159983144981524 0.0630646081248149 0.0647262589012622 0.0267243255257798 0.0590299553766444 0.0293920789745353 0.0313908159667409 0.0632568086017040 0.0625825102084723 0.0162494623977106 0.0594406960432540 0.0293468962890598 0.0501447155364044 0.0565867039705653 0.1472087899555900 0.0637562804494373 0.0516062261946513 0.0084495188839932 0.0261123949814030
93    	0.001327145946456878 0.0659141458343233 0.0140343758950065 0.0491141715814230 0.0590795976556194 0.0348779060270826 0.0551124264558541 0.0242923028735815 0.0643811870809614 0.0581644704661714 0.0964818607547752 0.0222832794231442 0.1188858132285057 0.0238106609876955 0.0475058127502775 0.0512195547297861 0.0608093594888553 0.0549633312213180 0.0669037981259593 0.0055148384812081 0.0266511069384520
94    	0.0013054313352058992 0.0726267941300009 0.0300094198855338 0.0321428461963228 0.0487231797620302 0.0501402009719264 0.0461556392798522 0.0240129151272126 0.0722728774113564 0.0400593116916757 0.1312235545001701 0.0283999695081993 0.0273559770871508 0.0291532728007893 0.0317035442710806 0.0534076217372914 0.0660638526359069 0.0588489902226167 0.1160904897725601 0.0125996735570742 0.0290098694512496
95    	0.0013054313352058992 0.1170593061717660 0.0111962872978733 0.1246409166557432 0.0598381165774668 0.0289366757304740 0.0628856138862801 0.0254145836221311 0.0483682928865347 0.0294521971083950 0.0860970075085535 0.0170320844843245 0.0263959353370771 0.0425575578914955 0.0498505385252765 0.0662972665128213 0.0554384673780974 0.0521688469389859 0.0629296401330841 0.0115517555411877 0.0218889098124326
96    	0.0013015993449851382 0.0811517982440475 0.0138965464043332 0.0516075681664931 0.0526117061126621 0.0463543353600869 0.0623435782387430 0.0266370710932430 0.0568876284591809 0.0364026801372685 0.0748060783383104 0.0203685863457859 0.0363107922453787 0.0289388419301673 0.0343531246824388 0.0550242715443111 0.0605326380189874 0.0578859857472491 0.0648307823476921 0.1066294837461910 0.0324265028374299
