# This script is generated automatically.
# Vector of amino acid stationary distributions.
distributions <- [
              [0.06765662090405723, 0.01586048950943214, 0.066693821043868, 0.07617627214720496, 0.03962905674121344, 0.06502202605352951, 0.024341366234480244, 0.06313902333343732, 0.07121018018816595, 0.08788398896215062, 0.021649731863152378, 0.0424003159419247, 0.04090831143660007, 0.03701186290155261, 0.049978773055706666, 0.05748757526088879, 0.052532714942642354, 0.06856581661716732, 0.01527339195665214, 0.03657866090617354]
            , [0.0744516155115358, 0.01997393272928666, 0.046133454199893925, 0.05837988412997299, 0.03680699236460445, 0.052405405249499055, 0.024047935618971533, 0.06703650695912629, 0.05246953063397428, 0.10363503367894109, 0.027404443325648835, 0.04583208640773946, 0.034673576037267076, 0.04123748290847505, 0.04967496883418832, 0.07878086514634121, 0.06926264961581088, 0.08069353004946998, 0.0074119258078009535, 0.02968818079145204]
            , [0.06841157768417985, 0.004775704715542826, 0.05682251850405836, 0.06500140800151039, 0.04094425298615805, 0.06221108620017103, 0.027005206267725398, 0.05578136185396741, 0.058937164423892185, 0.09552366766111915, 0.022214582872263494, 0.04426794102905093, 0.04534722199529262, 0.0424413414144469, 0.058203728063699285, 0.06544404383788854, 0.057666177833855886, 0.07668470644176248, 0.01210889743821279, 0.0402074107752022]
            , [0.12979818410756186, 0.012648310365627174, 0.06359658241734159, 0.06392307601791247, 0.030978806541021066, 0.07597985990583594, 0.031115093514807395, 0.04166984536220229, 0.02426337318457581, 0.10300295944119713, 0.018251703322384297, 0.02349242650588861, 0.04343074247576752, 0.04066887621112677, 0.08285106209561599, 0.05139388969630324, 0.05446509093142625, 0.07293660018260155, 0.01328772164558003, 0.022245796075223253]
            , [0.09527251247048996, 0.012069994876679138, 0.05105803184658144, 0.08715148044929294, 0.030952437450222466, 0.04501335218662189, 0.027543271231267135, 0.051950393830291895, 0.06336385669527314, 0.09882422107602698, 0.01951406058092309, 0.040360910754966645, 0.024742535525127063, 0.08106102032510358, 0.06596991387664365, 0.058703145300062876, 0.052710083732468, 0.057363081428149464, 0.009682355696036378, 0.026693340667772496]
            , [0.07948129106430171, 0.015446846896113168, 0.0747418516212409, 0.08159454342385686, 0.02231305070374139, 0.06908178987160038, 0.0333832619748872, 0.028270171765511436, 0.07296916106460313, 0.05142266368235125, 0.015961516518543818, 0.06393010143666576, 0.04266674961833899, 0.0564668918005788, 0.06111104056607055, 0.09159308517708163, 0.064579716665807, 0.04159223216466476, 0.009619929465243206, 0.023774104518798033]
            , [0.06621258297903827, 0.02088668994385821, 0.04476867847062077, 0.05051212081229946, 0.037939828999651634, 0.06254766567657144, 0.0282440038639489, 0.04776819804584766, 0.046442139093447785, 0.10045207459167188, 0.020683261670889852, 0.04001166847699916, 0.06332468116953884, 0.0515760105818307, 0.06974101401724808, 0.07233148897853982, 0.06219103189791636, 0.06481387948575552, 0.01869686651185446, 0.03085611473247113]
            , [0.06464717383259413, 0.010288972750641561, 0.043909639457907296, 0.04447128899986184, 0.03338580369579943, 0.26523129254851896, 0.02033195608031535, 0.05880619313630668, 0.04123522972466224, 0.08238359706243535, 0.021381692079382033, 0.03389764574932883, 0.02714756900823496, 0.02974540094961418, 0.039932230155433304, 0.042811851962413904, 0.041768292810432026, 0.06303334439036878, 0.008453344106441243, 0.02713748149930783]
            , [0.07178832312758306, 0.07461681661866004, 0.04963005257255197, 0.055220769868501364, 0.03863758595669434, 0.05581090331403171, 0.02728209540251059, 0.05725259298268336, 0.05320702565739614, 0.09159300632103211, 0.023110912668653512, 0.040742424208336604, 0.03288461843461483, 0.039880410632394205, 0.05490622257468803, 0.06294565364315462, 0.05228490503627116, 0.07171381766763857, 0.01215969960724508, 0.03433216370535889]
            , [0.06496740746237104, 0.015730238029741272, 0.06349047038544545, 0.0869929416811313, 0.03638244043085086, 0.05158647118239248, 0.027687180269217307, 0.06005605753274707, 0.08671865972159523, 0.08691021777011802, 0.021847151767941192, 0.05674816911066754, 0.02404152999309525, 0.04643393229257051, 0.046649892682218905, 0.07158231189369522, 0.05503823600420857, 0.05904743719668866, 0.0031436416092351957, 0.03494561298406899]
            , [0.07176926985354475, 0.01135307160136323, 0.05136749234853478, 0.05791438624656321, 0.03320166763468588, 0.054738662993663, 0.023677614112381076, 0.06259817529207781, 0.055030140500346846, 0.11063343596837515, 0.09123965727155232, 0.039846690677697076, 0.03156580750133102, 0.0395745926953334, 0.0493491385540658, 0.05447510447480092, 0.05201788433377009, 0.06674698147902047, 0.01126859853760904, 0.03163162792328403]
            , [0.06606113075847445, 0.015390781362020184, 0.04941799346355605, 0.05838818459782584, 0.05930722192519761, 0.05231675470351624, 0.026332860476679928, 0.060101771577449524, 0.05607073650523459, 0.09310631742734524, 0.022665856140243208, 0.03945253125704342, 0.032437550236275654, 0.035798818052146124, 0.0474422353360358, 0.05711342561524947, 0.0498049645781055, 0.06606426730132359, 0.009179493595355998, 0.10354710509092152]
            , [0.10781757020835969, 0.011412023998767808, 0.06595023037470871, 0.09274812959175652, 0.014994601935769044, 0.05259642484300293, 0.023744676356716583, 0.039704812771136466, 0.06825003439019905, 0.06524079327067284, 0.021614673542435604, 0.05517309809772055, 0.024504528515308058, 0.0664673528872739, 0.05268845155924483, 0.09222350799761414, 0.07311422040298099, 0.055561293780047455, 0.0030555824011075498, 0.013137993075177079]
            , [0.0743639211170645, 0.012448846392700776, 0.05123076724052163, 0.056277468836173794, 0.03931906846848797, 0.054218815940699855, 0.10397695346268566, 0.05661369485011172, 0.0505555489414432, 0.08760629788525824, 0.02292293909379672, 0.04220876816780508, 0.030199450530516828, 0.04095256699197081, 0.04978525576650819, 0.05718088441878164, 0.05444902244041406, 0.06970768968718981, 0.011387525218927169, 0.03459451454894235]
            , [0.06603623354204574, 0.003857409067224234, 0.07507398338570298, 0.10753616862118294, 0.02219160625858401, 0.04035474051890827, 0.03605752815937107, 0.03144349614662111, 0.11848779564105238, 0.05109399697324875, 0.015378419543312772, 0.06559852483727216, 0.024498188972639723, 0.07116199009158018, 0.06907399188260249, 0.07127399334567802, 0.060946450718628205, 0.03781253856800438, 0.0048093287221480895, 0.02731361500419257]
            , [0.06867612823047546, 0.012100106029653354, 0.041054714403330105, 0.0517917606559861, 0.03439576777992129, 0.04871031676397981, 0.022352498505532333, 0.05602547795705064, 0.12711866870005226, 0.08577009522792513, 0.02305969846060625, 0.03571148891651322, 0.02624764081600147, 0.03571253067032003, 0.1270193641374189, 0.0521058163448932, 0.04830438725999283, 0.06566789843056312, 0.008579955604967368, 0.02959568510481719]
            , [0.05577284488458485, 0.01049101919741216, 0.04870461253064834, 0.05296271408989538, 0.02830430006877868, 0.054789187215895874, 0.023102782277932523, 0.15114996140816106, 0.0484964308933178, 0.06746835405253584, 0.014320334414897046, 0.0355373999680256, 0.028031813569849923, 0.03250381532570888, 0.044703207340184285, 0.04614607268416495, 0.04459534212754492, 0.17494396829006648, 0.0097473043934564, 0.028228535266939133]
            , [0.08078212458580247, 0.013091703498896124, 0.04762925809620417, 0.06241533917582637, 0.031730667658320943, 0.042165208628800785, 0.024714941498165714, 0.053784265881959364, 0.056772675647632755, 0.08105167467891729, 0.02048776786951887, 0.039107607507775595, 0.1389748644199991, 0.03974680692946596, 0.043201670190203455, 0.07310750104176507, 0.05478342238407336, 0.064169721665048, 0.005655018930916679, 0.02662775971070796]
            , [0.10679388239472266, 0.0014515987154126136, 0.06734621686490122, 0.0601402004571994, 0.0311236886300693, 0.07719987182767787, 0.018473847784192258, 0.04686581374034841, 0.0662673144684148, 0.07861158182536229, 0.017315800469521293, 0.04795335084513812, 0.0370538683302301, 0.051530887054760964, 0.047143085432911264, 0.06572139964581573, 0.06376130277317481, 0.06692810952965235, 0.014021644745782056, 0.03429653446471245]
            , [0.08637943487229491, 0.005781410033116457, 0.06737429522205769, 0.04022462114191587, 0.03829338458178966, 0.09654922163358669, 0.018351018605375927, 0.04483697733073969, 0.04317077951488741, 0.06579422674469947, 0.015610103450795887, 0.06165364278172284, 0.04618877814603001, 0.0386096382822755, 0.04422895085257752, 0.08343269131478946, 0.07012691825356034, 0.06120936632037609, 0.023896856527130406, 0.04828768439027835]
            , [0.05801423373739469, 0.010748099066794383, 0.030015129658504308, 0.05084894820520804, 0.013793529740995042, 0.0333297332772317, 0.03503219139891715, 0.021632732957945874, 0.17332596833145614, 0.04205475938702426, 0.016197188967555974, 0.042505520700408764, 0.022105157469775625, 0.07233539391453074, 0.21835701307222619, 0.05915964454797613, 0.04799257312385116, 0.030353859566349103, 0.0064013315050552725, 0.01579699137079947]
            , [0.06382071274849317, 0.00971648752781728, 0.0498725545732599, 0.0544655194225463, 0.02589570396991878, 0.05406224770292762, 0.020866334720809992, 0.11051203472990744, 0.0460953188430734, 0.21079820561528367, 0.021448302695837095, 0.03367782377518298, 0.02433850064554033, 0.032426063470080806, 0.045550104989350255, 0.0448284568719002, 0.039952057304305816, 0.07852601644252442, 0.007429496291132085, 0.02571805766010869]
            , [0.05505438446434337, 0.017992450253860974, 0.018253185896313126, 0.027522137068875473, 0.04293838230259836, 0.02110042233804592, 0.01468129200481674, 0.1499761277679526, 0.03102166869440026, 0.20251641656911176, 0.054600724444864274, 0.021604327104424725, 0.020336103049472525, 0.026920015348578095, 0.030588072768109802, 0.04072141396999544, 0.05263353715125029, 0.1415335384694537, 0.008376817714968617, 0.021628982618563913]
            , [0.08907397094130705, 0.008781432277885332, 0.0421197120716829, 0.046328539029151634, 0.036474494021320476, 0.05615326565583623, 0.02070817835158893, 0.05141257181441232, 0.03627497050520981, 0.0839404507249005, 0.020894445773502714, 0.029826338620696884, 0.19361298984286213, 0.03049748977684163, 0.045563433919580384, 0.04757735420681807, 0.04695121832631201, 0.06770986399288294, 0.014782957177764917, 0.031316322969443026]
            , [0.2323078053324239, 0.013013819550877265, 0.03807139270454866, 0.04538292484287566, 0.031818119332258046, 0.059146776639969596, 0.021555697694235904, 0.04349192281096429, 0.04204164089766275, 0.06925162988774122, 0.020177558072614753, 0.030341660650135903, 0.01918064582642534, 0.03173090972361824, 0.042083345051017934, 0.1291343602881872, 0.044783589407466434, 0.04970845322825525, 0.008227342697708492, 0.028550405361013127]
            , [0.08089044509403277, 0.01099302873483083, 0.1024279025150485, 0.11277783212331728, 0.00987455820620213, 0.07393327630336442, 0.03728085007505493, 0.013916722230163242, 0.08199713189274782, 0.03028930720485928, 0.009409064694049153, 0.07580191410137949, 0.0279931861145767, 0.07313373329545711, 0.0732654221963316, 0.09123916447067858, 0.054802851156157094, 0.02273141034053758, 0.004601087657183508, 0.012641111594028046]
            , [0.07457756578007103, 0.004999448698320743, 0.13908676287888735, 0.24228109879086102, 0.008946929916607272, 0.031913320436617425, 0.02169407752664406, 0.01695553791801716, 0.07609061745252166, 0.027997130387218468, 0.011351296696463925, 0.05094264860040795, 0.02482333928914759, 0.07637169291896007, 0.041257445974140314, 0.0602930384400601, 0.049188115625134275, 0.0284022960920264, 0.0026131650606914785, 0.010214471517201625]
            , [0.05204508629720475, 0.013343364205861137, 0.024327268871241512, 0.030400703134158, 0.11196380419046159, 0.029107116309781304, 0.026334678782223474, 0.09281641971239014, 0.032275150099524676, 0.16785512700492372, 0.04260067033072181, 0.02589934843104798, 0.01994658062479398, 0.026933874316916993, 0.033792621545137236, 0.040141777652721936, 0.040742952946801886, 0.08319788057925241, 0.02827058843255086, 0.07800498653228488]
            , [0.06971712742384265, 0.012531260747144033, 0.051852541034095735, 0.058444509408185776, 0.12205786521813014, 0.05784975635740022, 0.02432707268033078, 0.055908225175236456, 0.051786765012636383, 0.10766090745209607, 0.02052420630592004, 0.041061324479015164, 0.03224840076890609, 0.03733286542974623, 0.04813463721639656, 0.05886535175348123, 0.05077345006869056, 0.062462913316752584, 0.00890307908488918, 0.027557741067104125]
            , [0.07891686108334206, 0.008535073153849744, 0.1350623732569825, 0.16745965060762047, 0.030467310595233593, 0.042363868677693844, 0.018191373552692895, 0.05006653233681616, 0.050065750074866286, 0.07500422002888497, 0.019938408400195885, 0.03578527173144343, 0.02644256789616182, 0.039123496954357795, 0.03514775303792115, 0.04991567444164576, 0.047413395508083406, 0.057168063301706325, 0.008038644076606571, 0.0248937112838953]
            , [0.09257140304800733, 0.018481735779072327, 0.02966478797183132, 0.033205300996877116, 0.042635253510871246, 0.04664307619465464, 0.023991558926567295, 0.09698998227631285, 0.023910692991153778, 0.16411778581968617, 0.028040327945217474, 0.020963293891258006, 0.027427260562013427, 0.029073996393854742, 0.04824782319306776, 0.039278656738517735, 0.04500964611044666, 0.14268795087798086, 0.016766563734645783, 0.030292903037963594]
            , [0.07535163068384002, 0.01104343573315125, 0.05374831428159145, 0.05837268184918476, 0.03899356335820025, 0.05776904331195029, 0.02554951766279757, 0.05287232419593259, 0.052043661827822954, 0.08609121378266679, 0.023285118650805, 0.041178845161734354, 0.03378454225550847, 0.04145561398232068, 0.05420729528177292, 0.06080188307522599, 0.0569644080038302, 0.06466459980772206, 0.07996371188864045, 0.03185859520530174]
            , [0.10881053482003722, 0.01571704230692021, 0.055164984204775475, 0.044336362786780575, 0.012548323755128564, 0.3243355432490869, 0.021934460134597846, 0.01567853515695839, 0.03601546521900078, 0.02617685844068288, 0.010851272368807808, 0.05615934404574883, 0.0215023996049211, 0.03126869769498729, 0.036945398023523306, 0.09615044282222576, 0.042445905152402146, 0.026665129507871387, 0.0050548326803337715, 0.012238468025209595]
            , [0.16076621577212274, 0.008198616288746357, 0.06957896878572671, 0.09094825929555332, 0.01574519686550792, 0.06395141669667805, 0.033390507176028296, 0.02215652226508299, 0.039477850367253334, 0.059982761111460434, 0.011954703952337829, 0.026325152357424338, 0.031037859139032137, 0.06657199794575855, 0.10706779045241722, 0.0663355114873313, 0.06155887787873953, 0.043424561948328805, 0.008447826582707863, 0.013079403631762195]
            , [0.05525389405251145, 0.008675616369806363, 0.04904121612373543, 0.04842829572073011, 0.02878328140864276, 0.045036946360700415, 0.021475505133566736, 0.03564386142524602, 0.044583554855293854, 0.05952611760561014, 0.01603007509532673, 0.041430003759747085, 0.020366762747409135, 0.031830417706336725, 0.04306451523657959, 0.1564179604111786, 0.21102697097319784, 0.046341524004870134, 0.009999012789411427, 0.02704446822009941]
            , [0.13895394621053098, 0.0057021475356126596, 0.057777800992558775, 0.05119960867301581, 0.02785412595332003, 0.07303607725812196, 0.0109877468317804, 0.0469234092599983, 0.05409755743868584, 0.06531197864296888, 0.018199681903224837, 0.05545803059246186, 0.04637678681700894, 0.043309108846884915, 0.03071799188917139, 0.09363412724427213, 0.08129019977950194, 0.06903797323226232, 0.008326745731262086, 0.0218049551673559]
            , [0.06253125614007156, 0.01158399688413185, 0.09931655435382059, 0.045645140375882916, 0.03813025848500755, 0.05163039295130396, 0.02442733277619121, 0.05636072324444864, 0.04676793677753652, 0.08613509283726031, 0.02159291695203813, 0.14372164392424017, 0.027061640363036845, 0.03289299175647543, 0.04317619274900312, 0.056624917259822986, 0.04782791931262459, 0.062291597615573145, 0.01151281574479492, 0.0307686794967357]
            , [0.061520713276829495, 0.006378843826860369, 0.04569848711334649, 0.10475460120447032, 0.005880080185335291, 0.026897467345515118, 0.026856228855125498, 0.016859813249242434, 0.20045730096441233, 0.0305346525101545, 0.01415089967930721, 0.05267325151729372, 0.013755813037979625, 0.10076872025799527, 0.14199655441152284, 0.06337011746848865, 0.05328866612124452, 0.023938656656663792, 0.0025950132614360657, 0.007624119056776399]
            , [0.12948944469862242, 0.020615660900682377, 0.03452038926094458, 0.032931781932437454, 0.011005056947488254, 0.05688052327301523, 0.020690889084614254, 0.016321810517448986, 0.034377286783295435, 0.025755628703413656, 0.011806527755150353, 0.06257242468870927, 0.032256901312731345, 0.03092071510290879, 0.03245146162203838, 0.2651391265085721, 0.13699543512666276, 0.02991457613464972, 0.003860936782201701, 0.011493422864412817]
            , [0.02553591071510398, 0.006526819866961175, 0.007248202342655299, 0.011615646053151968, 0.05657106940707936, 0.007630566587921676, 0.010057774503860938, 0.13496684998014183, 0.015206780317374373, 0.43394295838390295, 0.08830817793369951, 0.010023298888078368, 0.008630788411044104, 0.017829237114952302, 0.015353650177105188, 0.018072572366026187, 0.022234645702661038, 0.09090183912961396, 0.0037364064644563348, 0.01560680565420934]
            , [0.0812432945299268, 0.015423435548136978, 0.030603181063856753, 0.05160919091211128, 0.02474075190039134, 0.031116436258630992, 0.017799655327884335, 0.1152055583934247, 0.05050554223652391, 0.14365819812904917, 0.04779228866287538, 0.02970171349523095, 0.015831809113399695, 0.03907056588378078, 0.04243877457516187, 0.0515034524193758, 0.06173322894028144, 0.1300557472282733, 0.002736559413110954, 0.017230615968573816]
            , [0.08256881449715822, 0.014046972354870601, 0.038277048780356315, 0.039891679822661126, 0.09959570308995908, 0.05314255373999381, 0.04826502324421918, 0.03933091362343904, 0.03037494443204001, 0.08658968900645778, 0.021090901654914448, 0.02995533245845, 0.026319272228553004, 0.03231741886800038, 0.04871004662358762, 0.0509221919203263, 0.04569819259296032, 0.05512962033021304, 0.041891850518351294, 0.11588183021348844]
            , [0.10296147748486624, 0.0036474819222784487, 0.07714802265021763, 0.10408075738823176, 0.0204171684266848, 0.0415136004066773, 0.016530567559658736, 0.028620952027712178, 0.07047544927090517, 0.04827646917300131, 0.012072848145662564, 0.031097389652216565, 0.19967326601460067, 0.03849750142198445, 0.0415661082387812, 0.05629980160009769, 0.044025901799363554, 0.03884823874125723, 0.006195634908025319, 0.01805136316777705]
            , [0.04947231426559147, 0.008099816235799617, 0.30476326464240927, 0.16950650602070513, 0.008358643738537442, 0.04885185608336675, 0.019838622241895178, 0.012615089033169123, 0.03851439645863185, 0.019128241965763574, 0.008623778536150659, 0.09949823364325304, 0.014145690729397135, 0.03745969147640815, 0.022167518395034086, 0.06758026650134881, 0.038696866505690236, 0.019859957650531102, 0.0024922268968744733, 0.010327018979442824]
            , [0.06553175371138772, 0.010224229998565511, 0.05002038414386466, 0.05293557206676593, 0.0458476310046535, 0.03988468160564928, 0.12701816632323998, 0.02436329684015789, 0.05143557519820434, 0.05054425203263792, 0.01614041789188905, 0.07748522834425788, 0.0194974857241579, 0.055428788938551736, 0.06102587013678749, 0.07258148820091943, 0.04953988236657013, 0.0345755395893692, 0.010873702762592845, 0.08504605311977767]
            , [0.1716983052289358, 0.08011195564537192, 0.0231269939991614, 0.027942343022519973, 0.025419678597614445, 0.0383903039501398, 0.018977215710028177, 0.07026016401435503, 0.026843616287517358, 0.09720903147402055, 0.025767188714583986, 0.022813094874946493, 0.014651237032563123, 0.024503169619372225, 0.03387575369326669, 0.05598176273018258, 0.06432669439871469, 0.1513179376854568, 0.0062806855722630185, 0.02050286774898605]
            , [0.05984547835408914, 0.012236432540454454, 0.0068731671177715255, 0.013106103877220486, 0.014874956196061813, 0.008999123210778243, 0.006417647146738503, 0.2583848181855647, 0.012688638614182958, 0.11129118128620888, 0.029580931023123733, 0.00930350947612932, 0.009781817094928353, 0.01176629715927064, 0.012282624359603858, 0.02288401989227673, 0.0535760432477145, 0.3365630908533067, 0.002194637044533201, 0.007349483320042156]
            , [0.16513166349537414, 0.00364287851111008, 0.06411275318675398, 0.1478858442967449, 0.016366977382875, 0.031125198885149467, 0.01867045973092873, 0.02801836915793718, 0.09750198501174107, 0.060768249892954006, 0.011410532135500574, 0.03201798945470642, 0.009020628314448456, 0.0840263861309539, 0.08234315631400253, 0.05154105952190767, 0.044776466644663254, 0.03226587707517878, 0.004988638065436249, 0.014384886791633552]
            , [0.08759851556806916, 0.005547871413189516, 0.07821137091935218, 0.12124211312508454, 0.007580519247821545, 0.038538979280661384, 0.03240379592604162, 0.018860826295505024, 0.10816348596383432, 0.03371123145162078, 0.011257800570698041, 0.07199816638777431, 0.017011499465738017, 0.09398306672336983, 0.07386668376793566, 0.09426832392653935, 0.06621749330819686, 0.028311900299122644, 0.0006762194973446982, 0.010550136862100707]
            , [0.01717955912634921, 0.006714744348423864, 0.0006910688379634919, 0.0012302684356350919, 0.01103253310389384, 0.0012491384188222472, 0.0009545949464773175, 0.4157155482439895, 0.001347389765455024, 0.10511578813873425, 0.021937978145282647, 0.0014233466482547958, 0.0006629996987585088, 0.0013515394751740133, 0.001353746853606189, 0.003879856864012935, 0.013689462854190964, 0.3922255732386816, 0.00022047690753266547, 0.0020243859487618426]
            , [0.050984791129692536, 0.003183339410722072, 0.06998208267860444, 0.06990620307596403, 0.03494732586315354, 0.0515578377812645, 0.012969109251811491, 0.06998903606949149, 0.1059712985995777, 0.07430604053812978, 0.014316967669227456, 0.10107779813684517, 0.023559910066252708, 0.03544408606173949, 0.0318601820069459, 0.07129093327686087, 0.07062425234084671, 0.05390115544279154, 0.00945436725751173, 0.044673283342566886]
            , [0.0761604953995052, 0.001861037009543374, 0.041070157095173074, 0.03570881364585231, 0.04438221354266496, 0.05518313522870068, 0.013992605107838648, 0.09890850986438728, 0.03858302846121834, 0.1474026252616729, 0.0377213022039189, 0.03799835799863651, 0.0254996151976513, 0.03450496001254489, 0.033841916119817274, 0.04887983000486497, 0.05300910643065628, 0.12721671147617145, 0.010456219332745095, 0.037619360606436725]
            , [0.05142326829829338, 0.011668273639770986, 0.02295571984473158, 0.03213310767362291, 0.07630384878218213, 0.02445718895195947, 0.021785663832356247, 0.1542974548832306, 0.03613568552425362, 0.16184786604298115, 0.03179482219136814, 0.02489212218847769, 0.014722660788051097, 0.0226496140220396, 0.02967107030047316, 0.03767653186946994, 0.04688493520465131, 0.13961395149197364, 0.004045740665250409, 0.05504047380486298]
            , [0.17551215238676018, 0.010208974452084605, 0.026339300152520173, 0.03237778657318919, 0.021414000225252125, 0.037506456492033054, 0.015683486736666398, 0.07486783403681453, 0.02804040486837652, 0.0703498963802367, 0.022579532349431487, 0.02347259655445803, 0.02427942225002422, 0.02423850517116157, 0.03277055782889864, 0.06278989567677025, 0.11429989144097087, 0.1798767373759651, 0.006531037473386742, 0.016861531574999554]
            , [0.059180289244410385, 0.01337416878582249, 0.0816645559497445, 0.052502830752808365, 0.013347287995486193, 0.05133475708092567, 0.048260273018926735, 0.01990237607507858, 0.06414469838312525, 0.029860310036053356, 0.013173999920094675, 0.19528708456737007, 0.014850262834211463, 0.04771171968256116, 0.05004802554136232, 0.1262290237277431, 0.07161123731365783, 0.026077589331694347, 0.0036601516402857094, 0.017779358118637706]
            , [0.05087154244790462, 0.014010557674863294, 0.010658043840773216, 0.01433921043902577, 0.08436952464271527, 0.01933359669513593, 0.013155675301197895, 0.14883451526874994, 0.012925644197028846, 0.2667460153086907, 0.04960169622338883, 0.010057990586572384, 0.015612855528340465, 0.015028382635708592, 0.021679391003802166, 0.022066331470740302, 0.03106460378115705, 0.1435827475249712, 0.021167857708613846, 0.03489381772062008]
            , [0.11683782579703843, 0.01417921885230144, 0.02321154115036833, 0.029163892729962282, 0.012844178872653546, 0.02825785026923138, 0.01573989902311577, 0.043533408408499945, 0.035341028970746806, 0.0394110540000506, 0.022310780198121345, 0.045845521665148, 0.02194946090414843, 0.02729547419910924, 0.02850211962527241, 0.17645181608881721, 0.23824510278074107, 0.0666956236300493, 0.0031127715864689076, 0.011071431248155439]
            , [0.06864740601263464, 0.0034950432989233854, 0.1575864108527456, 0.06861484956226689, 0.015157402947916144, 0.08768122090430229, 0.021816325530095257, 0.018691020956404392, 0.05324287423570366, 0.02788032803991649, 0.00911510646085718, 0.13368260162505674, 0.02611074285950747, 0.038752583951947334, 0.032422101953327245, 0.10903782601396282, 0.07080455545882496, 0.027589593259781536, 0.007098584566285199, 0.02257342150954067]
            , [0.3063734784152977, 0.020763547557195828, 0.030273915234556584, 0.04205642658558099, 0.009926917663684788, 0.08383629863301237, 0.01401412410472823, 0.022522241052003403, 0.029271795776045925, 0.03008498606251669, 0.012991158613902947, 0.026709515437257598, 0.02647960935232606, 0.028823659103251766, 0.028766257382265025, 0.14763671293835032, 0.0715101958030065, 0.05661173399306228, 0.0028871923857381964, 0.008460233906217076]
            , [0.10653508307355894, 0.0012941387598426556, 0.11145525446535978, 0.11867713186130552, 0.00877334270261818, 0.06572888503436404, 0.018099839141139128, 0.015239583085715599, 0.08915715095603231, 0.031512456062409995, 0.008032854136921862, 0.061228517201192656, 0.054884168024289755, 0.06702896267086061, 0.05204162218932921, 0.0837335953943779, 0.06352126662438827, 0.027717766167620828, 0.004315367087959365, 0.011023015360713262]
            , [0.02683122510367313, 0.005150870527594751, 0.009985507194205065, 0.02247531951800474, 0.003935055994626769, 0.013930241536129631, 0.01875953811710567, 0.01029217321277362, 0.34819608723257706, 0.018438187264065882, 0.009458294155096704, 0.030451811578743538, 0.01344978576890458, 0.05394964586453833, 0.3287375337528471, 0.03650639511066033, 0.029419117097947263, 0.014064610718896026, 0.001094000711989001, 0.004874599539620755]
            , [0.13336052405391965, 0.09828974045740027, 0.028192437210258055, 0.0305514047103839, 0.02952088876705381, 0.058253954849025305, 0.024559538559677605, 0.03442190016438299, 0.03039747809796701, 0.059574978832426885, 0.02077069529637145, 0.04120120265602781, 0.02320604433944746, 0.029538757375735313, 0.03736658481839704, 0.14416098385341686, 0.08326942790262473, 0.057020588598585595, 0.009793127927787408, 0.02654974152911092]
            , [0.14804198264576882, 0.008348977679784332, 0.03919218119652293, 0.04263284498285061, 0.01327078633636948, 0.0608115250715144, 0.016367287109695743, 0.01958006889783051, 0.02789547157754013, 0.03808613027969366, 0.011822357569208514, 0.025241535566563174, 0.29306162690306964, 0.02911728611843516, 0.03670308027524209, 0.08159458363245671, 0.05147296726771752, 0.03889756938951501, 0.006722054475623095, 0.011139683024598357]
            , [0.031316070255673, 0.015137481892626503, 0.009218023642311484, 0.012494433194039855, 0.26976329134745775, 0.011373618599958274, 0.03882737641712971, 0.03986269087266876, 0.014164619035514851, 0.1060314885108699, 0.02563907871910791, 0.014662074510758889, 0.00839480008258158, 0.016676130985137046, 0.019241826610695754, 0.025233046187390553, 0.023239104471127075, 0.040601874828724925, 0.04140339577172854, 0.23671957406449784]
            , [0.05115823943207633, 0.0030492803073853708, 0.21939288039824809, 0.2877570741096112, 0.0035958360961074716, 0.02909170623084067, 0.023839223844401902, 0.007098594325622645, 0.06364472357321001, 0.012653726737724162, 0.0057697210607705945, 0.0674755792563522, 0.00913706638582035, 0.07524251575947095, 0.03241677727845411, 0.05505007345389343, 0.03209353678340031, 0.013821554352781599, 0.000522424859909914, 0.007189465753918596]
            , [0.024344815013862115, 0.0093560131418363, 0.00204989891164248, 0.00469265701988301, 0.04805463413770501, 0.003405382252281311, 0.004504250636316908, 0.18781668299159496, 0.006731218955930791, 0.41188319581827576, 0.09726917277436711, 0.004709686174742956, 0.00237283397886617, 0.008336238851464096, 0.007153188354906789, 0.01057275814339966, 0.02097556839922763, 0.1294550691511745, 0.004240067416590141, 0.012076667875932515]
            , [0.10043684390856224, 0.008941516603176833, 0.08322741286274869, 0.08930041225726544, 0.009976728349727754, 0.047656805866697974, 0.02687985084649945, 0.018026867441095044, 0.049946858565586616, 0.03273920230202409, 0.010099425746257705, 0.059107721477148746, 0.14654744681449713, 0.0517227151973218, 0.03651220119732039, 0.11815261261290742, 0.06794939211483919, 0.029709206776835927, 0.0023047221769711096, 0.010762056882516299]
            , [0.024758014832108242, 0.008046395721918625, 0.00130255078854434, 0.002339232149898691, 0.013896251933089451, 0.0024099088577098234, 0.0018064797640748981, 0.3707348180041194, 0.002456535307216115, 0.11691363683468531, 0.024949481342369476, 0.0022908769773591956, 0.0019586173448420006, 0.0026567178361325155, 0.0026796874958013874, 0.005898079611700753, 0.018520035432054084, 0.3902706546825534, 0.002696405047619643, 0.003415620036202491]
            , [0.06077955213999913, 0.0041406614115757, 0.03084318820731748, 0.08294687521387831, 0.021837476821432673, 0.023607059515856368, 0.02223728429519926, 0.08714825570724731, 0.09798855740104045, 0.08596322906016449, 0.019898989470474856, 0.026028197544827235, 0.014955563079694352, 0.05536749093356813, 0.08471096724940723, 0.04048066131385303, 0.08925856899416704, 0.12196884674617695, 0.007186868168744131, 0.022651706725376]
            , [0.5849200637608796, 0.024552385306529503, 0.0020692074820830653, 0.0030725221578139688, 0.00221584092036626, 0.06200963061840617, 0.001881072644686362, 0.005199662164320789, 0.0025938293541371556, 0.005724568964597188, 0.0033905657782454164, 0.00458104803570335, 0.003896857754897111, 0.0033252340701413145, 0.00291968426317009, 0.22191614644664714, 0.04096342192451666, 0.022542011490390642, 0.0005374531783923847, 0.0016887936840759687]
            , [0.03489594994962659, 0.004735388679401009, 0.003855839033447944, 0.0068435807327654275, 0.02903811405176095, 0.0062844209303399325, 0.004604516931724817, 0.25676081411842255, 0.008093260527236142, 0.26186361375622363, 0.06472381868992379, 0.0053366645234271416, 0.008619409789426697, 0.009299746281866467, 0.009890530464562603, 0.014442937641775424, 0.031100439434338153, 0.22906378741555025, 0.004560480677111996, 0.005986686371068261]
            , [0.06610626684084245, 0.01000236128055412, 0.03514850095417788, 0.03670734214295176, 0.07331049899294641, 0.04819159050988177, 0.017865563471012518, 0.05465797709681427, 0.0314185804393557, 0.27608720725306474, 0.08518264483183118, 0.026484271514100453, 0.016182000671354297, 0.026032452414283404, 0.03906427220194903, 0.038806694787306355, 0.03537755434698295, 0.05171138755542231, 0.006998839930189849, 0.024663992764978597]
            , [0.4354207717505437, 0.02854278202670417, 0.00841596374535302, 0.012090131721262285, 0.008401204497119038, 0.06268677120882028, 0.006558138413119267, 0.02508106152455137, 0.010335975921265329, 0.025411003956559326, 0.011749367494077864, 0.012532228678201302, 0.010152251014671468, 0.01036098833202846, 0.011105304244092295, 0.15591557965271266, 0.07991770327954142, 0.07748732104868238, 0.0017435319119898079, 0.0060919195787045455]
            , [0.04684733128222639, 0.0042703836655759355, 0.019489909322572278, 0.012405085006875004, 0.002246744191976074, 0.7946848541039029, 0.004930958278526554, 0.003178456438796745, 0.011044644664048638, 0.004950993674873949, 0.002619559941689445, 0.021285573354307617, 0.0031755872820999754, 0.0072236880377262586, 0.009981706453303447, 0.03366341463940653, 0.009233909413666802, 0.005851733788642839, 0.0008177444401007146, 0.0020977220196817786]
            , [0.039429591131815794, 0.00476818047554555, 0.08202058786531762, 0.04899521431755979, 0.021693122297386194, 0.31100717881928874, 0.02405233833194909, 0.03197140524638542, 0.06270024225810339, 0.051944006162623256, 0.012815313672750944, 0.08905095868880576, 0.015742200311975922, 0.039115288303637, 0.041177201455881565, 0.0377637740490393, 0.02808720153670168, 0.03504662913608471, 0.004651441462405661, 0.017968124476742783]
            , [0.02326569463748805, 0.007775348159314636, 0.0020897745713981636, 0.0045699502476445955, 0.020896523021892432, 0.0028980234368369473, 0.0034714249567965776, 0.3206781381427, 0.006587148478513493, 0.254428090849945, 0.058035135142655056, 0.003768427546774292, 0.0024542351793972643, 0.0061555179321695535, 0.006334403579645387, 0.00820430954703431, 0.021645800707817225, 0.24151478199941764, 0.0005862174075334002, 0.004641054455026206]
            , [0.046287722469307256, 0.006780976186894474, 0.02949618790180544, 0.027756215197630805, 0.021754695763427274, 0.045214224390487286, 0.013236808037944827, 0.22609914801981162, 0.023451269242064633, 0.153619885160102, 0.01790339265384984, 0.019808155504542447, 0.01612995338864532, 0.017528686198346258, 0.030621040046037228, 0.027044299858500563, 0.027347803056860638, 0.2308302109426099, 0.004299783729905753, 0.01478954225122655]
            , [0.203374668830185, 0.01660779467240349, 0.013566109181239678, 0.013550459887556416, 0.005149793495741451, 0.5080313376203738, 0.006848813926734456, 0.00696212517954115, 0.010988168895559435, 0.010961473791147727, 0.005777007520005398, 0.019136528714848493, 0.008006614856812613, 0.010152706013911597, 0.012235606020128749, 0.10117515991883791, 0.025105778787331653, 0.016296540110667963, 0.0015595740735499881, 0.004513738503423132]
            , [0.06911589023483426, 0.004552270480010366, 0.045119892405845685, 0.049180609196402644, 0.13885437882691098, 0.04837193319359973, 0.02263994197870856, 0.04092876837623871, 0.04389261846038951, 0.07068932891725216, 0.020026239291601314, 0.03610369128976243, 0.023225918105569624, 0.034859987367283275, 0.03948706554240297, 0.05128302292069305, 0.04608155438246155, 0.05344181041845078, 0.009031225144967648, 0.15311385346661463]
            , [0.12265989727604647, 0.003349890420170828, 0.01666397301898305, 0.024678849321775737, 0.003954983029958084, 0.020893155091957688, 0.00928495990846093, 0.00858157446103313, 0.020364637909584454, 0.016345175982944295, 0.004825606241167785, 0.01331316101331482, 0.5638548106231618, 0.020273320258221907, 0.015724168688771217, 0.0785453495587198, 0.03260222354877002, 0.019419029287892558, 0.0010914539750410378, 0.003573780384024344]
            , [0.3620673439657874, 0.019006454498113917, 0.00928503766800252, 0.010496352894691766, 0.004001470843658816, 0.07667155997181253, 0.005572585819360764, 0.006238137182629037, 0.008052675998442492, 0.008647401659424389, 0.0051215180958654434, 0.019572313298437418, 0.006808796395485473, 0.010084284368756736, 0.008005887032853657, 0.3531612269576635, 0.06480803306138333, 0.017758924258334422, 0.0009939484045793034, 0.003646047624717197]
            , [0.019550977420536676, 0.006168522807448043, 0.0010541222540024432, 0.0017493888983582517, 0.03319677465710258, 0.0021160879154013094, 0.0019192502449314032, 0.3014312599738356, 0.0019116654266900387, 0.3321955042615961, 0.057871136322850236, 0.0020818344564743933, 0.005205241072940785, 0.0029673069165482304, 0.002659173135188877, 0.005588368058311738, 0.013415805958710522, 0.2024601217114997, 0.000725932383472219, 0.005731526124100907]
            , [0.05758004960175353, 0.0038321022416146484, 0.27373432848134455, 0.20862548763618646, 0.00365900991204962, 0.05188141890388979, 0.027768853800904443, 0.005379356249324952, 0.04584408497279206, 0.011954413742000373, 0.004210004868643603, 0.08909310276694428, 0.01704672015038831, 0.05518383302179414, 0.03139805273075247, 0.058909351937844835, 0.033723164442060645, 0.011083562017484587, 0.002765477653785074, 0.006327624868441675]
            , [0.2648026115396081, 0.019045119926054326, 0.018862433477396627, 0.020904445936132107, 0.030182680550849637, 0.23925985298714747, 0.016333856896220696, 0.033925706550917874, 0.020992532570604742, 0.059495124039937015, 0.01977408021741598, 0.02088657713532391, 0.013207500070229009, 0.018770637626649503, 0.026206983012854578, 0.06967663229565528, 0.03576877628010504, 0.04121120040156877, 0.007466574091266433, 0.023226674394063]
            , [0.010974557648243184, 0.005066739212931102, 0.0012697704464675952, 0.0018625738985201857, 0.05545536991538588, 0.0023071633611079154, 0.0026823578245340983, 0.11202857589705105, 0.0022260818280434532, 0.6149684054151008, 0.08396876370242311, 0.0020552661677090208, 0.004302129314148525, 0.004163241195345875, 0.003718900298964912, 0.00664466085155039, 0.008761999612650099, 0.06922410116357708, 0.003960633372711045, 0.004358708873534691]
            , [0.07103553143727502, 0.017119475016761112, 0.0013813868853082359, 0.0021659184626321728, 0.06606549905201349, 0.013905284211641259, 0.0024592083847078373, 0.2080406983017531, 0.002801259723847287, 0.24023122979783257, 0.059004012949909625, 0.0032631399294817463, 0.003925338537971091, 0.003475133616582004, 0.003296520811098258, 0.021691736502914553, 0.03748943606171373, 0.23013605580449295, 0.004187536355449816, 0.008325598156614154]
            , [0.08069930010028589, 0.025223280811503122, 0.023823947592236085, 0.05199715914475926, 0.014873347317900923, 0.023752762557227226, 0.0375683680129858, 0.03815965352278376, 0.1071042265330946, 0.05570106458304906, 0.020845543216276824, 0.04641702711518987, 0.00890497095219293, 0.07567688061939007, 0.11895675318349917, 0.09853625858154674, 0.09483658790366019, 0.05669102232297246, 0.00306032467918592, 0.017171521250260075]
            , [0.11080334773282505, 0.004784449791137926, 0.11871846407194163, 0.1404647359858776, 0.002536109949188947, 0.059834623437848705, 0.023258624454385864, 0.007012738350074282, 0.0862166142794278, 0.014141138098339053, 0.004857669842991256, 0.0753951417386015, 0.02643906010363105, 0.07708396043668138, 0.055620305152658374, 0.11022584880350406, 0.06394118049441312, 0.015040612130351903, 0.0007491527096318726, 0.002876222436488629]
            , [0.07278400975787251, 0.04456371279273414, 0.020612268132835176, 0.024893074803312674, 0.12920043481860252, 0.028603840877628475, 0.04815270530538319, 0.042825708819144596, 0.02656504332849135, 0.08546651749490863, 0.024238652724968095, 0.038134624200721716, 0.015650116743168414, 0.029031047909153732, 0.03169528599324215, 0.08575112449400511, 0.054502843887197276, 0.05770906623936675, 0.007223912767750952, 0.13239600890951259]
            , [0.009683627372619899, 0.008779302265236358, 0.0019797071035669296, 0.002665266733308994, 0.4256308546829304, 0.0029280955464160937, 0.0208594368343434, 0.014478221969844973, 0.002856278419326258, 0.048735876586847575, 0.011511316844961839, 0.004555139278920487, 0.0017849807107972475, 0.004021693958900409, 0.003857455840270851, 0.00910758091051406, 0.007127541148327092, 0.015836105889358548, 0.02291262679605578, 0.3806888911074526]
