# This script is generated automatically.
# Vector of amino acid stationary distributions.
distributions <- [
              [0.08354183306916065, 0.00941571731876437, 0.04119090536628585, 0.04930308922407857, 0.0615620844811378, 0.054190106110407844, 0.02375829809431027, 0.061870096215899284, 0.04990305883364835, 0.08890843117659625, 0.019955170222623123, 0.04538835940314817, 0.045832813638499934, 0.04360050324106476, 0.04954559794729679, 0.07123196844400423, 0.0650515707765811, 0.07257161498516244, 0.0071775112486936405, 0.056001270202636594]
            , [0.06977122665303943, 0.0028776118510069532, 0.1397481974389769, 0.15288445525470498, 0.0041508404035776126, 0.04611398719154945, 0.030219227184378028, 0.008361503354592703, 0.12300346199816095, 0.017523170803510683, 0.00628685256276904, 0.07887663463893013, 0.010420275712653897, 0.0753501455438427, 0.09793158521340364, 0.06591852087704812, 0.04836603090894191, 0.015341566288888525, 0.001408739479624393, 0.0054459666404000715]
            , [0.03546397795212008, 0.005128660855790074, 0.0014749492672756534, 0.0024397400610727984, 0.04196609583145566, 0.0035572672882056354, 0.0021220339829225512, 0.27695310710671134, 0.002733595421355009, 0.26630573514105604, 0.05998554805482537, 0.0027235646902566708, 0.0023535520934501236, 0.003488025383737126, 0.003017070916119846, 0.012785875716275388, 0.02656774028306453, 0.24436361110426083, 0.0013841402363746588, 0.005185708613670627]
            , [0.273751112976053, 0.024615790508776794, 0.014764587561763918, 0.009376462470093464, 0.004724712330022431, 0.2717740724730397, 0.004521828524239508, 0.015508291535991283, 0.007691162258888245, 0.01928733812461084, 0.006079010600755366, 0.026704991058141777, 0.00937713739639242, 0.007710207830681238, 0.0076560290628665, 0.1767700426282539, 0.07571240383493462, 0.039169374764004845, 0.001294625964220707, 0.003510818096269715]
            ]
# The number of clusters.
n_clusters <- 4
# The base file name of this file (for reproducibility).
fn_distributions = "udm_0004_lclr_rb"
