20 A C D E F G H I K L M N P Q R S T V W Y
128
0.03202878055794972 0.0668888124173864 0.0172018988001307 0.0568821439642981 0.0647043938535646 0.0412823115950265 0.0645778155695065 0.0260908667652929 0.0594281393222456 0.0622257731711120 0.0921526332589982 0.0219305067734541 0.0422977109988129 0.0449725780782259 0.0411726194208990 0.0566246479528848 0.0625404120594819 0.0556891219962929 0.0704057631005374 0.0166658954194551 0.0362659554823947
0.02753843480132646 0.0658763090680800 0.0179041199408071 0.0518009689860678 0.0646869810847893 0.0429297397793021 0.0509102871597008 0.0253821847040082 0.0735195947402921 0.0609789915905431 0.1101588579358994 0.0250348202667356 0.0468350595757742 0.0336098597153829 0.0415914779136968 0.0476152055257493 0.0686941016762940 0.0579255487835183 0.0752118289052649 0.0063549501885719 0.0329791124595219
0.021248421983109594 0.0835137604673619 0.0042886915538934 0.0608910317438150 0.0540479388590908 0.0407979529089425 0.0756004941002438 0.0207139660427410 0.0516508968916830 0.0539380376930978 0.0832450687314687 0.0198449068647671 0.0468917894555471 0.0511196155644552 0.0422089546117061 0.0497781884517245 0.0673331815294561 0.0635665358830927 0.0726533672037834 0.0168009609660358 0.0411146604770942
0.016023212176335615 0.0850361060562956 0.0116243997818998 0.0426803670408484 0.0504750595753853 0.0340605105629761 0.0507256287392919 0.0230351073053311 0.0481969099958118 0.0433328932598040 0.0815047055534777 0.0203196803242444 0.0331857524677729 0.1803214062059577 0.0354888471218247 0.0468013422660800 0.0603039300086658 0.0509609338721243 0.0623584012282683 0.0108223861557823 0.0287656324781582
0.01585294955727308 0.1089924235488774 0.0111640442438605 0.0515115153163502 0.0835874349056115 0.0287214335893256 0.0469746798597471 0.0292328117156933 0.0490060213543757 0.0560671930316082 0.1022279747280066 0.0186943809700617 0.0359568908413278 0.0239292447789250 0.0753132792550015 0.0761238311596392 0.0578444338557898 0.0528828520747471 0.0578058346294406 0.0093842420691400 0.0245794780724714
0.015796489414164262 0.1183434950752881 0.0135519539393879 0.0593400857501287 0.0567774104747707 0.0340440932342391 0.0756859507750194 0.0323511702939533 0.0435564395451913 0.0227905300238061 0.1101692312495938 0.0191377636218247 0.0251331163445491 0.0452497694733406 0.0408629462979671 0.0818841122346949 0.0523975604331506 0.0552413411846364 0.0746088785024167 0.0149085520226622 0.0239655995233792
0.015386271186889249 0.0815585199965374 0.0156969574950170 0.0741135657618962 0.0775598003764002 0.0218457306793568 0.0735994404099595 0.0329130428191609 0.0283520715380797 0.0696855155994035 0.0514449974690626 0.0156860501270495 0.0664717648234125 0.0432270753649653 0.0557300901219629 0.0594306653773366 0.0945266770997584 0.0647470472803660 0.0413720908746602 0.0089853876203301 0.0230535091652849
0.014656700275154979 0.0819992535922466 0.0757993127514627 0.0447762805757362 0.0502424803331962 0.0368367607430146 0.0551484839896684 0.0277133811294678 0.0525838379844097 0.0488978241880654 0.0864298700254245 0.0231997253595154 0.0417408199006883 0.0320739806911409 0.0393052452090844 0.0536299755413283 0.0751585410107589 0.0593373886094753 0.0707048110501004 0.0116591499891758 0.0327628773260400
0.01457201006049175 0.0674991511969424 0.0172467793402324 0.0278849765643384 0.0343211607347423 0.0690891927331892 0.0383901018460164 0.0232263151122116 0.1006811985796690 0.0322627434966144 0.1730639800742624 0.0380756088407111 0.0252882123563400 0.0253532184532319 0.0291011680164019 0.0406421967130631 0.0445830032931402 0.0465754518510555 0.1077209613702339 0.0173107216273461 0.0416838578002578
0.014550837506825943 0.0565310049477996 0.0084599641435628 0.0472094224405835 0.0488820240478454 0.0262708278672879 0.0543675196949259 0.0216459426449170 0.1571938933984075 0.0428851188194326 0.0945239202382568 0.0146046951185684 0.0323450915670242 0.0261692120688198 0.0302140634302735 0.0434923364244606 0.0418190644918736 0.0413985783289740 0.1772044062536522 0.0088549082286215 0.0259280058447132
0.01445379663585766 0.0721527175433737 0.0099720352110107 0.0496828425204207 0.0542157665934324 0.0377427519407054 0.0553873131807992 0.0221933392436870 0.0617082362543353 0.0485186600198584 0.1537677592056279 0.0860601082446390 0.0369082650596806 0.0271912242268300 0.0364990571997490 0.0479277956366326 0.0508269876501841 0.0477269112050527 0.0632647135590361 0.0095115021231061 0.0287420133818391
0.013463979751981178 0.0718107690310906 0.0119345786918544 0.0502094442099826 0.0551410693034980 0.0420268455621673 0.0489080248696609 0.1073065574273236 0.0466270186358738 0.0516661796252691 0.0793207074439708 0.0213592731280367 0.0528993147022183 0.0281172573540761 0.0449608798811618 0.0541484701537474 0.0616957318861953 0.0532773623629170 0.0592326538538759 0.0114622897642330 0.0478955721128477
0.013283130856085741 0.0818547613550568 0.0079630658879429 0.1076046557733238 0.1527967704800557 0.0107653705423302 0.0459444866943708 0.0282048075732588 0.0196792716274743 0.0846682522804496 0.0354092310580177 0.0115346167088599 0.0627965661753011 0.0354864233363064 0.0746788025349684 0.0552265829208226 0.0806783688675003 0.0590806166502454 0.0301222225303685 0.0029860391607447 0.0125190878426021
0.013264604871628161 0.0651793182095550 0.0100747819036929 0.0448825059503035 0.0441702505459695 0.0339654178558436 0.2637718958408994 0.0201799800217026 0.0579278797624320 0.0417080620808196 0.0817356213692837 0.0211048515365864 0.0353252480506122 0.0270989061694103 0.0297306673450331 0.0395192489466693 0.0436982316430486 0.0418032329606221 0.0619221677046111 0.0086991215976631 0.0275026105052423
0.013243432317962354 0.2076411815347816 0.0122751975359779 0.0390928632430872 0.0455230225251945 0.0293569621517642 0.0584033368543839 0.0190142032811199 0.0487467475339196 0.0429363056743659 0.0695336393393279 0.0214180746493262 0.0335798128263366 0.0271376055384985 0.0324459745815840 0.0388224125259382 0.1070150229595379 0.0632046744045317 0.0712085219952430 0.0077855818564017 0.0248588589886796
0.013076698457844123 0.0672976130685816 0.0098550125868225 0.0484270602724065 0.0555491047567901 0.1025453479613629 0.0511713302611210 0.0252140013361723 0.0521619556379223 0.0511117772410283 0.0900705103520070 0.0212292924587745 0.0379517606009417 0.0277245121834105 0.0353835723953857 0.0441367722695695 0.0538814567167809 0.0481552107266663 0.0598552501302406 0.0084817654095767 0.1097966936344390
0.01292319744376702 0.0870025017524103 0.0133984384062710 0.0616911908664158 0.0870841458733859 0.0232878046228046 0.0504666796122350 0.0245119851338461 0.0520181814830534 0.0774555392427068 0.0796045662390070 0.0252860344353880 0.0570834354584391 0.0205495425200264 0.0555795937029849 0.0509585432042184 0.0832522019588248 0.0661829736912881 0.0616249778211107 0.0025428837721395 0.0204187802034444
0.012655011764000131 0.0701787787530908 0.0137325166195834 0.0270379975079777 0.0355917444601546 0.0274900355134421 0.0372598194946196 0.0149117341775400 0.1581242892852816 0.0325512246854907 0.1719454899521361 0.0356001458329794 0.0226150557987884 0.0176574558887316 0.0245399946026379 0.0361439186529366 0.0378037161780571 0.0466164737279376 0.1688545527311556 0.0042467346856238 0.0170983214518354
0.012374475427928187 0.0751941228474307 0.0094784907437585 0.1168939922601800 0.1466811611294454 0.0332632391523451 0.0475680338566920 0.0193332929518646 0.0534587426789689 0.0590662069501084 0.0778818533650184 0.0204886407754717 0.0393422307384073 0.0296007503810707 0.0380558067380402 0.0370482374224664 0.0524073588402944 0.0483288010045975 0.0597419291089418 0.0086713437561030 0.0274957652987949
0.012063944640829681 0.0984267992654846 0.0012678113756945 0.0597729110201544 0.0595676783568702 0.0307349751524365 0.0665731191480987 0.0157177895059666 0.0569632062129692 0.0668629531267612 0.0862190554022420 0.0180898045069110 0.0513982053815804 0.0270198911567541 0.0512557295569783 0.0434088202054680 0.0740089967782165 0.0709869865924699 0.0773287570648108 0.0094113135665143 0.0349851966236189
0.011771057648452684 0.0659093202076799 0.0106260689197895 0.0396031164085628 0.0553615813183348 0.0331363617112998 0.0437519166166823 0.0220945510408302 0.0601214629386432 0.1336799732768478 0.0868197052473748 0.0239034832543936 0.0351881240537250 0.0254483835855812 0.0381918744033783 0.1154496790176449 0.0506012989806308 0.0522498886329399 0.0700230142300747 0.0084069529877735 0.0294332431678129
0.011008845716483627 0.0618843782242294 0.0069608551714018 0.0858116792444788 0.0489480868031202 0.0378974337273902 0.0548339456627038 0.0162933136441737 0.0625746547573681 0.0608247394094228 0.0788454304018800 0.0178614979553008 0.1342233580881238 0.0284078053541655 0.0330966986994951 0.0357227522572471 0.0671940170018035 0.0585936076582625 0.0613331421018910 0.0121111144497396 0.0365814893878021
0.01091092265577927 0.0625988995081218 0.0032846955280593 0.0698776135996143 0.1007350213524923 0.0257894874505747 0.0404195211603187 0.0346856981854162 0.0367653969050059 0.1165921295266109 0.0572342411001866 0.0159627604591442 0.0670313591957027 0.0232483968037356 0.0673709032442445 0.0657231636802877 0.0698988424824818 0.0631760596992858 0.0412662441158976 0.0055866966490722 0.0327528693537475
0.01077947638510405 0.0654585393169781 0.0116478039638102 0.0319983575067007 0.0526024147519414 0.0139283237279000 0.0387471833068379 0.0356728913237568 0.0207157374548533 0.1582169889286560 0.0414533942558461 0.0155120983875388 0.0439534753912057 0.0216059063356117 0.0733041149658228 0.2027601368652690 0.0668437783044145 0.0520341963133197 0.0303176630937370 0.0073781335619909 0.0158488622438097
0.010268688527916453 0.1500946417545346 0.0205629503397003 0.0366888287394420 0.0413697784232918 0.0120277855435857 0.0514367317363989 0.0194996368777003 0.0239550769659461 0.0384648600940033 0.0331925942672500 0.0149163171402789 0.0527394060100214 0.0311459624782951 0.0355723555795004 0.0332283826515704 0.2079788761232888 0.1379964447961549 0.0438848462120837 0.0036618368042139 0.0115826874627394
0.010144299775129836 0.1090788711427165 0.0037632110434572 0.0689451428323241 0.0930916774581206 0.0189168690717290 0.0397769733614769 0.0163494766915685 0.0324249589398842 0.0595507683033189 0.0517171306090675 0.0128825110157722 0.0319607916993209 0.2059193332380260 0.0397937688618144 0.0378274286118976 0.0626726839914480 0.0483905850518367 0.0460831005063233 0.0049241155813491 0.0159306019885484
0.009886700372195849 0.0607290620679239 0.0087334285670956 0.0467471164252486 0.0460411077544472 0.0286298053197752 0.0461047038295360 0.0210097973050541 0.0378720818604457 0.0439707291386514 0.0602941171070918 0.0171396993583536 0.0438018701338422 0.0223061944789835 0.0328066321271349 0.0427274433797522 0.1487187584881337 0.2054434117249512 0.0500848373079666 0.0099677813396717 0.0268714222859407
0.009461484919407556 0.0521962499928950 0.0063196608930224 0.2888147288184155 0.1942236733394028 0.0067571211106487 0.0519594480150202 0.0217524938209761 0.0097904450875827 0.0413907174167794 0.0165286900099968 0.0070346760471981 0.0891876152511674 0.0175009061826263 0.0437327886508154 0.0256184665263480 0.0624482293455763 0.0360784803106607 0.0168627412127769 0.0027281024271796 0.0090747655409115
0.009362679668967124 0.1297420960817689 0.0154575155710153 0.0400698131880558 0.0342556327297008 0.0101254853669456 0.3830620464492210 0.0171226576640170 0.0130199340529931 0.0294538385022124 0.0211826478794263 0.0095937494590543 0.0445340951507926 0.0179002180172312 0.0250453167748808 0.0306927640679436 0.1016477462489320 0.0390450389181269 0.0242092402527617 0.0040514141306166 0.0097887494943041
0.009269167556943143 0.0581692667533163 0.0131664531599833 0.0106859156448305 0.0141922019260777 0.0488330927798710 0.0197574085187477 0.0104502787017353 0.1786381626592021 0.0125938839073138 0.2563184621980814 0.0480799863708716 0.0105652751796880 0.0172650244711720 0.0148650605095177 0.0191734709526568 0.0241965873880682 0.0351953758616668 0.1813707107979720 0.0092966986049453 0.0171866836142827
0.009199474567793194 0.0740484972829343 0.0081346994967269 0.0442370017116136 0.1001339705786058 0.0082964986090356 0.0257421369431305 0.0318671361930379 0.0235627850380635 0.1540805430850354 0.0425253061929685 0.0160894275276784 0.0504943688378225 0.0118245267041106 0.1052710371139473 0.1252930133852349 0.0704592250049678 0.0626856448581321 0.0334257124003260 0.0018965491910622 0.0099319198455661
0.009107726835241362 0.0755083128159131 0.0132826363730087 0.0483500627751141 0.0535555189546406 0.0377483036303350 0.0561255482819398 0.0279795687573170 0.0482991645989941 0.0513461665882118 0.0831520041969098 0.0231443059159568 0.0410413852846430 0.0322593876466332 0.0428785333883696 0.0579731189348448 0.0645618797192698 0.0571962100116968 0.0605311342228235 0.0920550809514583 0.0330116769519201
0.009028329758994586 0.0706840545709243 0.0090593089794338 0.0321552925328677 0.0316010267780943 0.1261819049743133 0.0483418378136666 0.0324918712983079 0.0407953395403478 0.0288509840179635 0.0845277002252992 0.0236940757709122 0.0308554786208005 0.0234310522113444 0.0288017625298911 0.0377008332217062 0.0488375111305251 0.0449643206263840 0.0552870239170594 0.0689570719162284 0.1327815493239303
0.008941875164859206 0.0578310650800580 0.0080836701846437 0.1282945067136223 0.0760269227393013 0.0156695365241177 0.0590787213776644 0.0579835179733364 0.0168703614875127 0.0645104074054414 0.0292994130439308 0.0110221345730482 0.1557584786194717 0.0154812613537577 0.0522321253307844 0.0506284130758442 0.0930877091529125 0.0541689688855994 0.0237469395633777 0.0053235721407975 0.0249022747747777
0.00885894932966813 0.0292925829059638 0.0090533730399416 0.0028811706635510 0.0060866016151997 0.0264941293911383 0.0041451522965292 0.0045950286784477 0.2804996991770306 0.0081459305156971 0.2639448668710905 0.0681733394490199 0.0052456832364971 0.0033984780739640 0.0086262419768145 0.0082350860710792 0.0119989462667438 0.0280580855925859 0.2231648307956879 0.0012941171302644 0.0066666562527540
0.008494604968669031 0.0242028891095707 0.0056518530718579 0.0050649596375337 0.0090407365283795 0.0462310991241255 0.0062165969970013 0.0077382844019348 0.1139946196755133 0.0127088429647483 0.4725838280620459 0.1267776144998540 0.0082299483300750 0.0058062282391827 0.0175954237688047 0.0130355900056465 0.0162513789688460 0.0213901610012635 0.0728875896344486 0.0031898254386827 0.0114025305404854
0.008469903656058923 0.0449113998772258 0.0128153002481361 0.0163375336639047 0.0234492307886766 0.0730028445888214 0.0156883819078992 0.0170057904527154 0.1682034313841666 0.0277351230733312 0.2298956837051596 0.0466263474926664 0.0197644922765414 0.0104508889403892 0.0199159372731560 0.0239177589888648 0.0311540099358607 0.0403215867561230 0.1351083667595108 0.0035638005788402 0.0401320913080108
0.008463728327906397 0.1903718912705016 0.0659526779897393 0.0205541516425739 0.0249862195470347 0.0247850964729320 0.0388816962935767 0.0175298515912370 0.0717316665534747 0.0237159316849240 0.0953069075985477 0.0255980836023543 0.0208102881317189 0.0145978190150880 0.0224237167264273 0.0312118903854540 0.0580087675580164 0.0685273505184985 0.1596335038375702 0.0062008461076071 0.0191716434727240
0.00828111505253881 0.1048608085728349 0.0025957411451942 0.1232267241120138 0.0814647913547934 0.0128629524073194 0.0995632400770192 0.0146089741531228 0.0174897316662076 0.0615304707649779 0.0300674094565132 0.0089320814470545 0.0843102060397497 0.0439061382603045 0.0479870261023677 0.0353074953542500 0.1082575127087658 0.0700479071413785 0.0296495799121110 0.0070999504705234 0.0162312588534988
0.00816643038684902 0.1740550106213175 0.0087520139125746 0.0804460216889207 0.0949735075308560 0.0132674781387069 0.0755456833003738 0.0302352260291718 0.0194257029174610 0.0325055270467167 0.0517871680282384 0.0113865668266616 0.0253384282627145 0.0391131049808820 0.0588059630057656 0.0893761167345111 0.0725963294772714 0.0615737166173528 0.0432779506698638 0.0069280514572828 0.0106104327533569
0.008144375643447138 0.0146163957837040 0.0051054384347755 0.0007519670793710 0.0013494981210147 0.0164656574302224 0.0012258483797129 0.0011238045850918 0.4237944438803443 0.0015418427144205 0.1710254996093563 0.0332314626675420 0.0015628159379781 0.0009251758987727 0.0016849777903191 0.0015778993036088 0.0035877659573153 0.0120389979441065 0.3050123643617464 0.0002980834205208 0.0030800607000765
0.008085268931130095 0.0325570358940022 0.0080068383447595 0.0016224561764669 0.0027388822955368 0.0222787917501190 0.0036251081872175 0.0024101873212968 0.3298082928792576 0.0030059002830390 0.1657244315351863 0.0359922151250285 0.0028809784594271 0.0040182770650090 0.0034694771968170 0.0037164143153103 0.0085664885108760 0.0231032251444368 0.3382571813230528 0.0032681403965520 0.0049496777966090
0.008004989665147242 0.0438751997039221 0.0127683930613867 0.0115052761662833 0.0168334442555244 0.1296482628971832 0.0165521545268911 0.0216801047397437 0.1081501173815477 0.0182495872876626 0.2343716054797537 0.0553214277344947 0.0144533075118926 0.0114818210628884 0.0188615797152532 0.0245603308509125 0.0263153195493844 0.0327020648428647 0.0959857697913057 0.0304503236494810 0.0762339097916245
0.007994403388314338 0.1769119605712178 0.0031509462673579 0.0745620098669853 0.1599392859654672 0.0158573069310993 0.0364277976904718 0.0149693219348528 0.0273650931592287 0.0975577141787462 0.0526535337053059 0.0103568795470658 0.0318687786688187 0.0117079082012801 0.0734505938976198 0.0636864411963219 0.0518273259163808 0.0452939945464528 0.0339821070784307 0.0052733752730447 0.0131576254038520
0.0077720915748233635 0.0589678696115082 0.0118321239355540 0.0056283040043025 0.0107322200973619 0.0121339880001593 0.0077160181977309 0.0055085140750440 0.2692707796702004 0.0100990414594138 0.0981925198312220 0.0259734267374976 0.0081982727641590 0.0080381792076359 0.0096841861932701 0.0098065777276438 0.0211773320928234 0.0525706186022635 0.3666811518094652 0.0016624172099672 0.0061264587727772
0.007735039605908201 0.0792635458881042 0.0008926500197432 0.0983724353093857 0.1372862858016467 0.0067321005600263 0.0427412578670165 0.0281320797741969 0.0129191989226257 0.1290753350144724 0.0254769479773717 0.0079432299206819 0.0708229254099523 0.0226467365146506 0.0895970205099073 0.0778534105164614 0.0753275154078644 0.0599239851500718 0.0213878883228846 0.0024738850853770 0.0111315660275594
0.007660935668077876 0.0766602056985394 0.0038402834547686 0.1310230877858571 0.1932230388317132 0.0046351796479298 0.0353308011133170 0.0264455072980541 0.0121351326045328 0.0953983679511916 0.0213397344197039 0.0081095688041839 0.0733383849012412 0.0153667725279507 0.0889540240588406 0.0534877966418934 0.0790992061007097 0.0527780972849132 0.0207305242982427 0.0005194655321819 0.0075848210442351
0.007374224003853405 0.1443343468369394 0.0121546719858064 0.0341421404218656 0.0369371234469869 0.0105726752054784 0.0550093006765115 0.0200685887780421 0.0166966183398106 0.0293796076886966 0.0306779675182620 0.0108102067405102 0.0377160000913168 0.2304915773359421 0.0332882101479813 0.0299927049181205 0.1475907040643604 0.0741166166588029 0.0322579599972187 0.0034113748268945 0.0103516043204531
0.007282476271301574 0.0125088730774692 0.0060094659366795 0.0011272456127317 0.0020270675228665 0.0433818652575285 0.0019904130347665 0.0021919862303179 0.1466080325611903 0.0025419947195791 0.5587453530790399 0.1078261429636916 0.0023937919387559 0.0016311418144770 0.0047530173378444 0.0026606388309380 0.0060804486101779 0.0110694634437497 0.0801250171674862 0.0004796909185247 0.0058483499421855
0.007261303717635767 0.0356269804870090 0.0134531723775298 0.0125035892411800 0.0156491026588732 0.2389605458201857 0.0145244941642784 0.0495355974063396 0.0297402729950015 0.0172807523143242 0.0799483659543566 0.0198000227440217 0.0190096900600500 0.0099817584092876 0.0197764571925676 0.0221915841628441 0.0285775734726158 0.0249649470886664 0.0356495314045668 0.0505858951959054 0.2622396668503967
0.007230427076873131 0.1071962227247977 0.0097961811653653 0.0880326544517414 0.0686626268067010 0.0051534477392678 0.0987524899620949 0.0238728124793621 0.0097167837310924 0.0493282070855876 0.0161081126874532 0.0073412755976195 0.1139191412496479 0.0196542174997133 0.0486107407283317 0.0341349014381416 0.1886199911482850 0.0851788949375660 0.0181477759091306 0.0013869271087001 0.0063865955494007
0.007210136712943399 0.1463130428708316 0.0039132367884595 0.1097624404296177 0.1582775063511926 0.0037799601324155 0.0604819704912557 0.0256368155155268 0.0074523380309855 0.0667222899376125 0.0217002492470737 0.0055281678517892 0.0399201064963737 0.0202778275116564 0.0838684415184923 0.0887925561685349 0.0771630787064890 0.0539766635083731 0.0198525529210491 0.0028744822582122 0.0037062732640589
0.007101627375406138 0.0278084187869100 0.0049941812813337 0.0101660339423651 0.0231918997223879 0.0041233403320114 0.0151992168531272 0.0187352581684280 0.0103541005019862 0.3445661603766472 0.0190472248013397 0.0097531469040653 0.0304144197455925 0.0135652543097028 0.0540042335852566 0.3264157123709676 0.0372577688653196 0.0295788692076872 0.0145627422730966 0.0013625937266183 0.0048994242451574
0.007083101390948557 0.0131051035188211 0.0050127534810038 0.0014311409970922 0.0022628787547730 0.0558883868636624 0.0026136375361689 0.0030222088408556 0.1248097455704025 0.0027439451062374 0.5784181417897940 0.0877033708930720 0.0024425497003911 0.0043998826683334 0.0047699569630957 0.0044234007819790 0.0073631309605446 0.0104586567340203 0.0795462204928835 0.0041151160083604 0.0054697723385093
0.007060164457810599 0.0711118615604894 0.0020139225049761 0.0236750724729311 0.0237466588878335 0.0671358213714061 0.0404855454292253 0.0121143101578780 0.1235737197480697 0.0247507615094617 0.2010140121770412 0.0436492273959918 0.0256125717629347 0.0195820809104200 0.0233525525730128 0.0258224143043673 0.0380937494947104 0.0476154401826302 0.1347491549122466 0.0116218169349240 0.0402793057094498
0.007026641247839738 0.0700359672961092 0.0026683449459281 0.0400915909545037 0.0245592421764676 0.0037796114029842 0.6468546436794002 0.0079144607727968 0.0052140889281194 0.0196494018547521 0.0081876494465199 0.0040497274874508 0.0412727318301074 0.0079394841545801 0.0149052559232888 0.0159945050281268 0.0536878467974209 0.0180755924152587 0.0097326604945253 0.0016069219887169 0.0037802724229432
0.0069842961405081234 0.3959288945087461 0.0229537013702340 0.0126094749835782 0.0177090279229423 0.0075762960373624 0.0637863536255592 0.0081003878623814 0.0207795199761607 0.0139490824895643 0.0227450911641409 0.0109816832943544 0.0170763577691318 0.0204364415157799 0.0140985039450674 0.0142153562520046 0.1797645348804858 0.0856715001147697 0.0638872068769654 0.0017755297734763 0.0059550556372951
0.006942833222912585 0.0550779460528930 0.0014367523636982 0.3046935817637319 0.3436746057873800 0.0021410464014881 0.0255849794130565 0.0103424753739371 0.0042386176526503 0.0317007315809853 0.0080796582418851 0.0031089455372122 0.0466641609846376 0.0190414674237083 0.0496120420026600 0.0124351769142381 0.0421020039004001 0.0264313351154107 0.0102305994784212 0.0007108192307865 0.0026930547808197
0.0069190141000385515 0.0382707173835442 0.0026154549002489 0.0055366244889586 0.0042656584527955 0.0014604981831344 0.8859241811337376 0.0021665464720901 0.0018884205072066 0.0035435427053614 0.0031575051907269 0.0015760943595808 0.0068681919412667 0.0018319719715293 0.0029254056951240 0.0044748342742740 0.0227139024278902 0.0052656534908119 0.0037334793966626 0.0005428175043045 0.0012384995207520
0.006914603151358175 0.0470194904532279 0.0034468612987521 0.1583606413887293 0.4393507281005850 0.0053725637320291 0.0178635211260987 0.0151137364669561 0.0106685375634112 0.0397509850176863 0.0182414259709486 0.0090203480899646 0.0279226543223185 0.0075741675214329 0.0877205650219241 0.0222210129753508 0.0346705626222934 0.0269298406191884 0.0202114340999000 0.0018539281964120 0.0066869954127912
0.006837852644319625 0.1030856608300388 0.0032780641168376 0.0136014309799408 0.0203554745910372 0.0049500037567760 0.0163792133253221 0.0102370244428490 0.0101906343792830 0.0176742678275996 0.0223578554217102 0.0056623429223951 0.0119120413283888 0.5969637764916852 0.0207129033643400 0.0170619063433137 0.0665965599128092 0.0317313103785755 0.0215135970081985 0.0014448154756676 0.0042911171032321
0.006835206075111399 0.0210254590508977 0.0072795601004792 0.0009970106586749 0.0017782050120126 0.0047190586941927 0.0014952603327741 0.0011870980686893 0.3763423737660367 0.0017795596477487 0.0650727347745742 0.0128689104584571 0.0017794009686525 0.0014688259775836 0.0019719523231184 0.0019152215158828 0.0045996862255233 0.0159959777302360 0.4760961630100661 0.0003122297402652 0.0013153119441353
0.006759337757808923 0.0211366788583745 0.0110223632508067 0.0027814954097741 0.0045825671508738 0.1518748507572148 0.0042739261396990 0.0085827944412107 0.1215991311365124 0.0056759378007645 0.4048299982298539 0.0844245698922795 0.0056631087979970 0.0034222172106555 0.0080388721692452 0.0064474837733948 0.0121004951928338 0.0165106874468672 0.0822791616706988 0.0050420296046990 0.0397116310662448
0.006677294112353921 0.1308770105747191 0.0022198578430616 0.0963333276289595 0.1249905455676052 0.0041772046554704 0.0349984103791079 0.0128566660342850 0.0084503245664547 0.0624151871867987 0.0176040399762623 0.0050554251285721 0.0352212776255030 0.2237658640849395 0.0462972495111453 0.0301482178090523 0.0901828342646867 0.0491550274702613 0.0196591176843320 0.0012338690833918 0.0043585429253914
0.006576724482441337 0.5536262845347724 0.0246547391074330 0.0025136982960092 0.0035867784912080 0.0024790100925093 0.0587948694695256 0.0022455535703628 0.0052332710751063 0.0030273799926607 0.0061153372707654 0.0036200655047875 0.0056433268283519 0.0042845844344602 0.0038805163474561 0.0033183578483027 0.2483352335570235 0.0445010781647152 0.0216009967031723 0.0005934239609309 0.0019454947504470
0.006504384924083163 0.1142573575869099 0.0156836287199306 0.0136002825264601 0.0201345844629444 0.0132827309738038 0.0207423734458782 0.0138379912255584 0.0797240723562201 0.0253862423968968 0.0556524944533895 0.0338330762752532 0.0403864884149139 0.0113863060568203 0.0255273618523658 0.0219112226390226 0.1357077647328382 0.2266722136027297 0.1192199620098311 0.0025044662997836 0.0105493799684499
0.006476154852528753 0.0100511625882290 0.0117842064992533 0.0021433219013388 0.0028776682470961 0.4025393430651039 0.0031417676194783 0.0253141522314813 0.0150864270546475 0.0033286396548014 0.0486764535058290 0.0100982790446559 0.0055325196224693 0.0020041992359703 0.0045548282785592 0.0046892027328530 0.0107964187057912 0.0074572734218814 0.0163152028502472 0.0212170645320541 0.3923918692082599
0.006432045365724988 0.0168423727517963 0.0059560550894774 0.0008461161461624 0.0014901727019985 0.0506305522575098 0.0016716398937645 0.0016539141158661 0.2524400298818036 0.0016693392790699 0.4036517107981101 0.0721699690117010 0.0016831253463754 0.0009872261990304 0.0027395919142457 0.0020261910231568 0.0046095700278473 0.0122311245275547 0.1547359187198903 0.0034939469581365 0.0084714333565030
0.0063544126689503615 0.0214432928343734 0.0007929068638394 0.0014587064989236 0.0023980245783776 0.0087438072813164 0.0021392107172359 0.0013368253854223 0.3992644961666079 0.0024552862364712 0.0871840309999503 0.0197526403474401 0.0022878728889651 0.0019532548711113 0.0023629622007475 0.0024794166909729 0.0050568357188523 0.0163571229772081 0.4201238838318155 0.0004799082567190 0.0019295146536502
0.006313831941090899 0.2700293162558628 0.0185926482281206 0.0193230330167902 0.0217068046548006 0.0312853287019153 0.2013559593427262 0.0169900416324220 0.0347641419465968 0.0214500737593409 0.0619851441192346 0.0210921965555775 0.0221396924529351 0.0134559575861492 0.0200395964713637 0.0272787080755756 0.0845814182668822 0.0390552138387752 0.0428808045472146 0.0080601415784366 0.0239337789692805
0.006073876332878417 0.0433781079742265 0.0050454568092872 0.0856053236363539 0.0511952363352452 0.0202330377524932 0.2993887464399493 0.0247206256165297 0.0294854000141319 0.0632460956344846 0.0482142981536685 0.0125922338956710 0.0911804474198379 0.0160627726758366 0.0390633471967500 0.0427426311077249 0.0426150283039984 0.0298794795980627 0.0336565845263396 0.0045797154831564 0.0171154314262524
0.005838331673346313 0.0765654843684681 0.0463309485073074 0.0202987994883887 0.0249549917427649 0.1260045639298963 0.0293399716067375 0.0458115343426273 0.0442279355478436 0.0265800322698245 0.0880383386703185 0.0253364374884611 0.0367006472763239 0.0156822498488565 0.0289398047644980 0.0317169366609633 0.0854378302897236 0.0545126377846672 0.0597634757564282 0.0080426872489150 0.1257146924069864
0.005835685104138087 0.0662688701616970 0.0113645808120832 0.0065256745591864 0.0066315348636894 0.0049012937132710 0.0157548688829132 0.0053088153650947 0.0103292871988643 0.0079639350166986 0.0111803671959203 0.0075748164780930 0.0234839869537967 0.0066205727585071 0.0075307920515143 0.0077997829375520 0.3657648340024904 0.4114691754872599 0.0182279290527740 0.0012026808879074 0.0040962016206872
0.005808337222319753 0.3867809539567377 0.0633186101969780 0.0034016589688748 0.0050061522689972 0.0072834922670000 0.0406015393706565 0.0037670805017192 0.0309912620851536 0.0047256398955085 0.0258510198296172 0.0127356373477751 0.0087798030521127 0.0046988383365811 0.0058421865580533 0.0050878812522583 0.1658526448191176 0.1179295117934281 0.1017220502608895 0.0012352543848440 0.0043887828536974
0.005683948469533137 0.0673019310933405 0.0116458961585258 0.0166267328460004 0.0337206469061971 0.0279283043408369 0.0192532236619706 0.0254790549536193 0.0678270433543877 0.0353659323002382 0.2119681773740115 0.1206929147529944 0.0310579189893658 0.0098742654403423 0.0830795902297839 0.0361221597341713 0.0541541052532539 0.0583286507016145 0.0663939748492232 0.0050542417101720 0.0181252353499505
0.005683066279797061 0.0477412287260415 0.0015400355671932 0.0087238425482053 0.0131406669720808 0.0212446143778064 0.0105237894521203 0.0056119649923185 0.2579871031384428 0.0147458987698855 0.1684973802153722 0.0489612843421601 0.0122765235238491 0.0096313919561196 0.0130729403313681 0.0116025880753679 0.0239503087194974 0.0546883688050752 0.2654738602713921 0.0024792252075947 0.0081069840081092
0.0056089623419667365 0.2848262389533536 0.0219856596533610 0.0145162112485483 0.0146504484814016 0.0048866689689623 0.1125593171018724 0.0081703354968069 0.0073716352397358 0.0116485867706028 0.0107964044430871 0.0061273368683728 0.0321855946631793 0.0086561919347883 0.0140487561860226 0.0115361648585543 0.3413148322232371 0.0709202009160723 0.0179541027806345 0.0013146912573487 0.0045306219540582
0.005571028183315499 0.0751562123759445 0.0020054097505396 0.0344238606118488 0.0926960252438616 0.0139251187811669 0.0183959058312871 0.0164332604578916 0.0735567411486004 0.1037952907090230 0.1120283070307148 0.0417203238061987 0.0318572091555892 0.0084734436535617 0.0826346071320674 0.0760123167315358 0.0465239856658832 0.0697918592865792 0.0843065782841147 0.0023454306975421 0.0139181136460494
0.005539269352816787 0.0560475238572296 0.0011975732513140 0.2628047844377077 0.1186879884459708 0.0033237984350921 0.0729665967245180 0.0210728001229346 0.0044248209712880 0.0532417360174075 0.0082304733033808 0.0034668045968972 0.1655073972190194 0.0128109482840279 0.0403900753889532 0.0232450215904972 0.0918597875006084 0.0446401522528227 0.0082876621306735 0.0012023939811587 0.0065916614884983
0.0055339762144003355 0.0543005289111388 0.0033240682308632 0.0329180396144595 0.0650433408391613 0.0026840511367582 0.0288959995198864 0.0303109872103973 0.0066182280026835 0.2615051517287658 0.0144518981997532 0.0068119478193447 0.0668261881310403 0.0071787791273428 0.0944086259146141 0.1997362167393850 0.0657729143426870 0.0436145570617792 0.0107102305751300 0.0009874204737170 0.0039008264210929
0.0054986886249573244 0.0147148894597782 0.0008549558871823 0.0014575459128937 0.0023223575691137 0.0286173932700990 0.0020170671522519 0.0018951565978864 0.2642319932376220 0.0026441435739139 0.4136261808422607 0.0843256141318450 0.0023108119531531 0.0019193869230580 0.0039102646318147 0.0033720377375124 0.0053335657616946 0.0116818360046069 0.1514512137572253 0.0007065353731599 0.0026070502229282
0.005406058702669418 0.0359913659899519 0.0019567281068401 0.0193593935554247 0.0556685621007463 0.0051551997597666 0.0166720688649668 0.0304520742938513 0.0134173822178794 0.2788593151655582 0.0258426856471823 0.0141642317170170 0.0389971110476617 0.0062692338522369 0.0984142414331593 0.2538275791904475 0.0391650960481713 0.0361056557071789 0.0171080460936800 0.0047351140914456 0.0078389151168339
0.005377828631115009 0.0911348828428966 0.0052454467843032 0.0268578472414168 0.0529917716668348 0.0087969677667796 0.0237533678992542 0.0236689798579173 0.0203004522392019 0.1175782192537281 0.0368499428605119 0.0126179437477747 0.0304921643402496 0.1870964398938224 0.0713860312572347 0.1048260399915237 0.0820374056263996 0.0598420143915639 0.0333963874646727 0.0024423334259299 0.0086853614479847
0.005360184836393503 0.0528404337769739 0.0106726314317219 0.0109705388229818 0.0316222473511772 0.0119813958001726 0.0138699893264316 0.0224216168810176 0.0524977798005515 0.1889252426585613 0.0933569465841937 0.0403557807460386 0.0237534408060740 0.0070416966217245 0.0752488829289525 0.1968081110117342 0.0420478416911507 0.0528795581382140 0.0589139886229365 0.0031466942154955 0.0106451827838961
0.005295784985660005 0.0347152579679240 0.0019694173058614 0.3093591398567088 0.4149620775952675 0.0019326859340694 0.0232339972621570 0.0101850869035972 0.0042625243521528 0.0270410323649990 0.0071043597756561 0.0038798663421059 0.0392831130887023 0.0024598819756934 0.0482026894590317 0.0100448394066765 0.0308412107824169 0.0171591988109766 0.0099745555867335 0.0004392220996471 0.0029498431296230
0.005276376811466349 0.0811304492160410 0.0197902319236126 0.0013376467233803 0.0023740386934731 0.0173765620738606 0.0063201014436229 0.0019859362070435 0.2469039161306894 0.0026275476291153 0.1171650669466701 0.0367424851914028 0.0035883974995586 0.0025877164429811 0.0030961881705206 0.0025629610243761 0.0194147907551864 0.0476392112334996 0.3826694141217629 0.0006417806917055 0.0040455578814978
0.005276376811466349 0.0814436504750528 0.0030871263555881 0.0878199064532484 0.1388016192770294 0.0083546431208187 0.0324890178203950 0.0392659386758593 0.0128950132013217 0.1200107011844795 0.0302794061754034 0.0103266087034116 0.0789682398666955 0.0021954986568427 0.1016360523425911 0.0885400777487215 0.0764982016837420 0.0518278110975903 0.0198595539267588 0.0012263879929605 0.0144745452414898
0.0052728480525220485 0.0272255256029079 0.0010067820386786 0.0030200659306950 0.0055025563564373 0.0799948200921663 0.0049904476059969 0.0042099931609220 0.2054006714797776 0.0064156944800781 0.3463632346412057 0.0703567335098724 0.0047290561965741 0.0038068368887848 0.0079604771610781 0.0074060543205954 0.0096540721343290 0.0221032186623099 0.1587440492934858 0.0078224614409039 0.0232872490032008
0.005219916668357531 0.0515075468187334 0.0066889437723790 0.0282457489549449 0.0323732610961799 0.1255144435282847 0.0256939284249070 0.1184088579088580 0.0209269801075951 0.0309085947124676 0.0487278820664872 0.0152720342113024 0.0449639835270729 0.0112768384418869 0.0371834328316364 0.0378334006024104 0.0506859897685210 0.0349369436452365 0.0289868013779679 0.0180850716608637 0.2317793165422652
0.005201390683899949 0.0185071882504391 0.0025640111835187 0.6020400735266196 0.0813781150177200 0.0028322836232385 0.0200365049242695 0.0142635224782367 0.0043806799642029 0.0135677047905077 0.0061313053632276 0.0029012781285198 0.1409242097385689 0.0037237111791816 0.0139544165213841 0.0087475741369208 0.0357682249246960 0.0160677617793260 0.0069588077253496 0.0008142309032576 0.0044383958408154
0.005193450976275271 0.0182523832221755 0.0088305637807867 0.0049957442959711 0.0125043567571750 0.0047994435103503 0.0123297333511707 0.0238206910776710 0.0095577421881697 0.2402665763802737 0.0183254735639775 0.0091693655933806 0.0191266664239248 0.0044008520480653 0.0434649694804982 0.5003832671123833 0.0270176998722029 0.0199270955824434 0.0114281221899555 0.0051031279951306 0.0062961255742943
0.005177571561025916 0.0348834902779491 0.0049207906594263 0.0005062827897099 0.0007365526670648 0.0348361542527575 0.0047021249697009 0.0006945431152818 0.3287417235958729 0.0007401144800060 0.2243021238983584 0.0472881100319434 0.0012492819095766 0.0016956054302444 0.0012658946488086 0.0008706841205031 0.0070488095451808 0.0209958983368732 0.2809290300625554 0.0012248048992724 0.0023679803089144
0.005145812730527205 0.1999328305337258 0.1301562875920560 0.0112673706188755 0.0125932111187268 0.0171278456832572 0.0420522344772766 0.0124762757027245 0.0222377661296469 0.0136733376115516 0.0323374225025882 0.0143192871618078 0.0288312049807394 0.0109470805713229 0.0149050373449061 0.0157765006768195 0.2524048399490961 0.1028752155953749 0.0479381573544358 0.0042329195706781 0.0139151748243902
0.005137873022902527 0.3017004128252028 0.0104213823175737 0.0037167142791907 0.0043645501042613 0.0041254985090092 0.5093787577693651 0.0028357972592757 0.0058809220211140 0.0036170318576276 0.0080207611053400 0.0047520673601946 0.0068251098107633 0.0040466167705734 0.0042344129321099 0.0045435671225160 0.0865317235445437 0.0172282444331004 0.0140868413126048 0.0010731782550698 0.0026164104105638
0.005119347038444947 0.1288663933407134 0.0006664778023706 0.1458106902475937 0.2257172862347447 0.0014724789320730 0.0346768230429587 0.0109679729842103 0.0050200843957714 0.0941679994780451 0.0094412166666577 0.0034357691622301 0.0515044221081550 0.0195599565286971 0.0884642985251964 0.0375213672517070 0.0735344550968593 0.0524904222391016 0.0145625627292281 0.0004029113339520 0.0017164118997349
0.0050143664598519865 0.0784745091390224 0.0077678221859800 0.0274675549916610 0.0984920891732436 0.0109558264281317 0.0153833007060606 0.0194396833818649 0.0902592639331472 0.0720238174824928 0.0550683128079124 0.0132629150208021 0.0237810868667402 0.0089128152061259 0.0581251467652887 0.0561570849181385 0.0530308577944363 0.1281543069536788 0.1694622755427837 0.0030169770503264 0.0107643536521628
0.004944673470702037 0.0248086953745218 0.0036685060961090 0.0067496111458956 0.0251198075176351 0.0027616785869830 0.0086589576636877 0.0169008734776675 0.0100793794497207 0.3854589190077482 0.0181895416324844 0.0097828546890096 0.0274914533623331 0.0017443481453616 0.0655128517804196 0.3191496026947506 0.0305196650095177 0.0274884738697824 0.0118515331241771 0.0006848655552689 0.0033783818169264
0.004944673470702037 0.0359494021142736 0.0106934949498973 0.0267280027937563 0.0256237944336158 0.0318455985722689 0.0178569327644094 0.3293956817852787 0.0155831529255218 0.0315596599954067 0.0332474341411347 0.0121360930720526 0.1097532521754035 0.0094542781079290 0.0697829739526140 0.0440251159290246 0.0537948897363603 0.0316947684340846 0.0206040823434704 0.0043473814808465 0.0859240102926517
0.004844986030525529 0.1003458978947238 0.0285342261901639 0.0048513710566860 0.0080810305795852 0.0388974770494597 0.0163034794382082 0.0084589043855313 0.1360123235434274 0.0089970111974919 0.2014793835794211 0.0904682432147233 0.0145294947789983 0.0050387650987278 0.0146296576699027 0.0095895263698749 0.0555513066290190 0.0802639610055815 0.1604615848247531 0.0028964995479835 0.0146098559457373
