# This script is generated automatically.
# Vector of amino acid stationary distributions.
distributions <- [
              [0.07551058214592025, 0.010709978392953064, 0.05899883709621474, 0.06325933575037775, 0.046632912931805555, 0.060508289797677105, 0.025411835467752945, 0.05756994395185776, 0.061620271035168345, 0.08240235339354285, 0.019224180744378812, 0.05222760486561046, 0.03487938823157094, 0.05105528608149954, 0.060400142112077566, 0.06372785082716227, 0.059785546449554555, 0.06519772317499335, 0.010127921795926871, 0.0407500157539553]
            , [0.09063357833227803, 0.0046389801942475495, 0.09318376692955802, 0.14410503972374486, 0.01111669850802699, 0.050861776833152586, 0.021957336525070693, 0.020200781095975565, 0.09015136893445087, 0.04961826915765872, 0.011004927778814433, 0.058789649127945834, 0.02001899170613394, 0.07851247400478013, 0.06514813662177305, 0.07081668190121931, 0.06114830469402648, 0.04239970168378561, 0.003253821056644172, 0.01243971519071329]
            , [0.06815674202651359, 0.009106887745422064, 0.02091152904452912, 0.039910182365379264, 0.061103088320212634, 0.039725995645522316, 0.017162048525484346, 0.08121300209089961, 0.040927338241036296, 0.2198238520101745, 0.05539769268446857, 0.021797468864409853, 0.015592993740195158, 0.041178269665132536, 0.04768731590843963, 0.04719363992861321, 0.04967740984550057, 0.07831311764435228, 0.007822933921611252, 0.03729849178210317]
            , [0.0957565862167587, 0.009794661193315842, 0.05485438134602441, 0.05624603240065625, 0.016627778114299267, 0.05880874259064065, 0.021989965384838026, 0.028962347125877468, 0.05878514889731842, 0.05540876192851232, 0.014970601047606384, 0.06661269314048539, 0.023519422351079514, 0.054522304911304366, 0.0532557628591252, 0.1498329986151682, 0.1050247183311963, 0.0529664250337467, 0.004972180406029869, 0.017088488106016788]
            , [0.07613498016124134, 0.009585437741710817, 0.0246972891820252, 0.04709169160925266, 0.041110965660214695, 0.04205170983667453, 0.016229468682346326, 0.1285239650225733, 0.047294121090228604, 0.10030823209102732, 0.02560207388811667, 0.0238613185674428, 0.017918576344226292, 0.03125607810636546, 0.04602240628099194, 0.05128503275279486, 0.0676429759146123, 0.1740357834137261, 0.00643221736274194, 0.022915676291686917]
            , [0.24818489916318814, 0.009779847597082971, 0.0434467025652793, 0.05295961859627756, 0.016609987920640175, 0.06671326949663298, 0.0153315120718704, 0.042822134923412906, 0.0450213572484306, 0.06416291273690596, 0.01508683910595251, 0.030372899591477598, 0.01888481053812635, 0.04351185855135187, 0.04942708058506349, 0.08347985024438986, 0.06466546803856531, 0.07056555719908818, 0.005053867173784545, 0.01391952665247928]
            , [0.06618617882275332, 0.006036889990696835, 0.03497718959955109, 0.06378914225017905, 0.009685027047003877, 0.035159981982666795, 0.04617428248055256, 0.02078317063175661, 0.15598312950139293, 0.05329099595398844, 0.013796289741350736, 0.052096655204028924, 0.0112995348933197, 0.08410080235867334, 0.17142907212226718, 0.06230913597912918, 0.05670104059778766, 0.04092444586970221, 0.003481194132253784, 0.011795840840945818]
            , [0.08499997035879858, 0.007282042287221539, 0.06317315991974126, 0.05269709291249704, 0.018342974723344622, 0.23512386387983897, 0.018435991016509532, 0.03721874858651704, 0.05171890089390124, 0.05715843089556308, 0.013178089223305184, 0.05836042954058224, 0.021639581062532998, 0.04107106332656598, 0.04952543653381104, 0.07013271830232343, 0.04903712266441133, 0.048196282044335924, 0.006078962478354416, 0.016629139349844425]
            , [0.07673614121076813, 0.0033476675001701457, 0.18922329084468129, 0.225502143578513, 0.005380903732884904, 0.04979221117281369, 0.020392761123089426, 0.009613200734474447, 0.06154514063057296, 0.018655460576080505, 0.006712289272160099, 0.06447635765433361, 0.02001706697807012, 0.06700241320510107, 0.0406824648873419, 0.06618198658300581, 0.047317634540842694, 0.01892445901078435, 0.001703618648452137, 0.006792788115859538]
            , [0.059323287162954576, 0.0076362022394586134, 0.007939154104521194, 0.012168562904564442, 0.05873778512815864, 0.01466529553037079, 0.008599689808790898, 0.19398217077060756, 0.01363074914645192, 0.23834411204014566, 0.06155263212618217, 0.010594330658083944, 0.008598813538751682, 0.013673237698857484, 0.01565147449247935, 0.0327460544646855, 0.04765219272111236, 0.1685796709268695, 0.0047177876926632585, 0.021206796844290568]
            , [0.10442637252333352, 0.005156087760318659, 0.05218084572163659, 0.06257118459897992, 0.011692682183398369, 0.04662297877882125, 0.01520615113395407, 0.02390443307690141, 0.053407311796676044, 0.051012206928641404, 0.010372306598208696, 0.03482687499453435, 0.23859954518874024, 0.04590777829230525, 0.047141511707258915, 0.0783239094904648, 0.05609078909453419, 0.048283937468580444, 0.0037688747314734545, 0.010504217931238324]
            , [0.05362604993626735, 0.009569894409104112, 0.014327590626702604, 0.01682261879014411, 0.180934598900248, 0.01915013520195773, 0.06239403083485333, 0.04510122083806346, 0.018226354303117344, 0.08279931012745577, 0.018058243323868715, 0.024254819994840863, 0.010188123412346982, 0.020425397360388706, 0.02469160310561919, 0.047614442259431275, 0.03890217682158686, 0.05154874551059427, 0.04899613942160122, 0.21236850482180816]
            , [0.060322979278643184, 0.004874107471171251, 0.12069858693558762, 0.06258681913228782, 0.008706701318388717, 0.06960736284411612, 0.04823451903655049, 0.012221553968863024, 0.06730123240263466, 0.02080287094322883, 0.0079603947403943, 0.20060498506279226, 0.011474702193366186, 0.05288784412944502, 0.04726502074454316, 0.10712788098054149, 0.06402491733451134, 0.017721467331802323, 0.002744865650640615, 0.0128311885004917]
            , [0.13965704169893814, 0.01106476756895356, 0.038722044666121114, 0.03559379191060933, 0.007448989941183941, 0.06644031460038403, 0.012027033296609459, 0.012607695537107293, 0.035878637852166134, 0.027993214411607046, 0.008972611879724614, 0.06858945375569567, 0.02476937316675677, 0.03511999344677436, 0.030636313661850406, 0.2849072386869132, 0.11513276759543559, 0.035485923495265574, 0.0019562190989912995, 0.006996573728912442]
            , [0.041081580055289446, 0.006916028904370407, 0.00560147737366539, 0.008839534022396645, 0.0699345216760096, 0.008450748010989093, 0.008333151055629838, 0.10304420106282242, 0.01102636981215124, 0.42320433987058786, 0.09920883110513398, 0.0086722487837137, 0.006280632678960318, 0.01708414420084456, 0.013796372162985213, 0.02664243413725551, 0.03266013765481944, 0.07807164411443406, 0.004774787061276909, 0.02637681625666422]
            , [0.39303718205756716, 0.027466295671606803, 0.011117824039944518, 0.023019082611067623, 0.007189386055501926, 0.0911348767110063, 0.006581576746267412, 0.021300551468257954, 0.01318858210290806, 0.029081862589528013, 0.008736437111394166, 0.023972533367803535, 0.019939293495567726, 0.013627334801536916, 0.011820350345924326, 0.1686519277759351, 0.07190533248105783, 0.05084842645053595, 0.0018308291389991741, 0.00555031497758966]
            , [0.09258813237345853, 0.010285762992351016, 0.008486880603235755, 0.01658190025150462, 0.02353740227190344, 0.0150480700647706, 0.007525733874165076, 0.1817846898175585, 0.016969951121751817, 0.09101266500669915, 0.03876501235416563, 0.012262503656935868, 0.010039115189151886, 0.013684911075861055, 0.0157588904863678, 0.04541753931500412, 0.08228266247039687, 0.30595520276203103, 0.00262571517103088, 0.00938725914165629]
            , [0.038437344406479224, 0.0055756530845591165, 0.002112412323332311, 0.0037094587212388504, 0.05987412112586686, 0.004994954717738334, 0.0033871347375690917, 0.21279566063383276, 0.0044490418964578705, 0.3395710736752623, 0.08032325209652812, 0.003912981843622539, 0.0035100378376927183, 0.005730035859333215, 0.005126063333805467, 0.016013562765815538, 0.02976768447404157, 0.16737265783710806, 0.0027970369842750817, 0.010539831645441167]
            , [0.13008073936853118, 0.0014020323118944878, 0.08440873894280469, 0.2053573485873265, 0.0025117087137509152, 0.03386115600236708, 0.012342863217787743, 0.006905277626907281, 0.131221865746079, 0.016782413463712353, 0.004685957576789756, 0.04809598439204186, 0.00687919218091247, 0.10190687931028299, 0.07119039857467495, 0.06339206228520666, 0.05174203487568749, 0.023223043038299435, 0.000761429448937468, 0.0032488743360057455]
            , [0.04788639171840434, 0.006350983871003762, 0.003134691730189823, 0.005502213844893488, 0.029180428595927673, 0.005751216446241199, 0.0038495102839964726, 0.298438683678064, 0.00604154782560775, 0.1444043744027585, 0.045952059965885056, 0.005321167274298539, 0.0045384235700022466, 0.006200211952883973, 0.006072372428725937, 0.02080991070122996, 0.044674232091431156, 0.30766356027813746, 0.0018589442272437533, 0.006369075113075038]
            , [0.09582464939699016, 0.005798425030731105, 0.05400114382161292, 0.03940467860946147, 0.0069593917677151515, 0.4340175071973404, 0.011962122289852996, 0.009328423324708108, 0.03843111183659832, 0.02366871474575955, 0.0066304806001925495, 0.05972804143350519, 0.010314679072304725, 0.029369174972640084, 0.03354922649217585, 0.07694993190986202, 0.03268730660692803, 0.02227467782751836, 0.0024367727662701452, 0.0066635402978329076]
            , [0.05060779905542125, 0.003047591544988694, 0.027696144597216952, 0.06181107163177112, 0.0038400264505673337, 0.025306955407479462, 0.028447664351837747, 0.010784627233455628, 0.3104388950205032, 0.029078731330725506, 0.008981061849338308, 0.0522024932765208, 0.0058576851895778825, 0.08406888226617279, 0.17088285683838447, 0.050823186775701766, 0.046970555478632436, 0.0228271677625918, 0.0014193707787918868, 0.00490723316032073]
            , [0.057820098932912345, 0.0016084247830633696, 0.2479197651664748, 0.3627635865996959, 0.002248362552760933, 0.030472852243905793, 0.011094495695719084, 0.004525736572361756, 0.04399047626190327, 0.008276381155502796, 0.0036580016859891974, 0.0456765721710938, 0.00809955936889554, 0.06258173441563945, 0.0226187237104966, 0.042552348972640694, 0.02983301109497553, 0.01043734424247897, 0.0006904309656691977, 0.0031320934078213508]
            , [0.0844963798844905, 0.006993880878637994, 0.0274683087409846, 0.0407252276944106, 0.009855432767720341, 0.02927859065446653, 0.010984230317959793, 0.05290240080527507, 0.048816846368838124, 0.047546256775992946, 0.021277091707990928, 0.047408985407970027, 0.010819753965848583, 0.03604504001426716, 0.03825454549534634, 0.12048593477488354, 0.27936139239481833, 0.07565108955520103, 0.002819391776787602, 0.00880922001810992]
            , [0.02106949370594411, 0.006160005780217024, 0.004525889790295188, 0.005549594241025475, 0.2876831140047251, 0.0054103404980960145, 0.05313767495465911, 0.021899867855811734, 0.006215640699172921, 0.05133777442007907, 0.009434020378028584, 0.010540963437115435, 0.0035470070558873863, 0.008016337486537175, 0.008199708629017588, 0.02158410932030185, 0.011208419714988755, 0.02471222923078632, 0.03669050411065573, 0.4030773046866555]
            , [0.03612252247029158, 0.00465296081830064, 0.008262482995326977, 0.030003833897595995, 0.004341038294485209, 0.015689560284246295, 0.03553809268441232, 0.009751590495962725, 0.22798082454788843, 0.030230324274057203, 0.008701421278924629, 0.03351783181090592, 0.0053816060587607815, 0.06511388972173962, 0.3897622903774882, 0.039409428951719824, 0.032876047697644906, 0.014710663454111208, 0.0021690518066360374, 0.00578453807950153]
            , [0.04203225228442384, 0.002551312114830161, 0.37276940678584214, 0.10451849488164416, 0.003533296352448394, 0.056390726996213225, 0.027286833207042498, 0.005273512355918103, 0.03972157514527915, 0.008143859010433853, 0.0037478632222776006, 0.1549962469039031, 0.007121598185346384, 0.03313660210930654, 0.022214187145392143, 0.06539942696224904, 0.036226883358001914, 0.008571885414442638, 0.0011871593854757886, 0.005176878179529362]
            , [0.11557035633269849, 0.003627856809990783, 0.027900784499261883, 0.03638027039970106, 0.005194084882722573, 0.028836050928312, 0.008603071026352547, 0.01150643468653819, 0.03180283913541908, 0.031160045165255015, 0.005682463362442328, 0.018224318075245816, 0.45800733167755786, 0.02955632564260254, 0.026291619474342443, 0.07851861736767236, 0.04395114182605649, 0.033046271104404716, 0.0016055330831301225, 0.0045345845202934346]
            , [0.027554006493488898, 0.004144661398821766, 0.0011607783706332107, 0.001981648092246476, 0.03154603414281101, 0.0025629924620158757, 0.001822204539837032, 0.33135641350588946, 0.002288853049986052, 0.24160479798804047, 0.056421888544985255, 0.0022982576868853864, 0.001999203062987662, 0.002889577736833425, 0.002565817030787593, 0.006237427681202364, 0.022188452777009683, 0.2542891108187884, 0.0011480366502338978, 0.003939837966515917]
            , [0.032702425478422524, 0.004717789458434763, 0.0014982612688693561, 0.002524285831908827, 0.015844797932940594, 0.0027477469343076526, 0.0017965293257842425, 0.35696013055374554, 0.0028090089955099067, 0.08883809562622075, 0.026199970403877944, 0.0027043673627342234, 0.0022628265418844717, 0.0027595210337853075, 0.002715662805434733, 0.00983437723862954, 0.027168511555582555, 0.41222156382389474, 0.0007920381315048837, 0.002902089696527634]
            , [0.0189253424133081, 0.0032788018292311725, 0.0009360963382172594, 0.0015987094557914955, 0.04608293110937931, 0.002011170771870077, 0.0015701944360367816, 0.2113297916670105, 0.0018088686963226906, 0.47063941110153407, 0.08282676693837131, 0.001833410668180748, 0.0016339038958992887, 0.0029344885347873145, 0.0022272869982992824, 0.00481304865837849, 0.014922157214939632, 0.12469066755432218, 0.001251639023910359, 0.004685312694210115]
            , [0.019394372045405582, 0.004113819508995814, 0.0016823120669520603, 0.0028850009547970487, 0.05428690569386808, 0.002931095554760592, 0.003211999033603407, 0.09775976014185406, 0.003639156349581255, 0.5637597730293121, 0.134533658687801, 0.0031505444809835225, 0.0025355539303624328, 0.006591667393793016, 0.004179367225236529, 0.008345681233639494, 0.016781206573278067, 0.06050742108281419, 0.0020449913785125172, 0.007665713634448911]
            , [0.03180664762885174, 0.008550233660754903, 0.004083021890758067, 0.005321367562581095, 0.3486880991456142, 0.007078052962256339, 0.01327489996295629, 0.06401522850782948, 0.006358824412174787, 0.16708401669645395, 0.04451407181865012, 0.007598057865881839, 0.004373930729836434, 0.007769994297076547, 0.007468437662110259, 0.02562745872656348, 0.02295338117540312, 0.05667210233480034, 0.029686569417784612, 0.1370756035416622]
            , [0.30050558152019935, 0.04219867147985457, 0.0027506302416266722, 0.0043757397291946795, 0.018489360491287698, 0.03916393184416422, 0.002872985464709218, 0.0722978700061363, 0.0039437346097795116, 0.0594961176499076, 0.029707840391525457, 0.005599005144240272, 0.00522295307697431, 0.004771522632902689, 0.0041778001700975365, 0.081945521250872, 0.11398733012114363, 0.20323445521606964, 0.0013951478009339327, 0.003863801158380851]
            , [0.08036400746517736, 0.010495300856156782, 0.02546100232366773, 0.01318206451515413, 0.0048093220862007, 0.032608423011519186, 0.006467383957751397, 0.014098024796223824, 0.020909175294155077, 0.01838787466603831, 0.007253210645986401, 0.05152455425428678, 0.008730912744155515, 0.012052319353412626, 0.01125026324223922, 0.32824956426682106, 0.3181938234146416, 0.030438927105941205, 0.0013304183753845141, 0.004193427625086555]
            , [0.06159579447468367, 0.0032260143143411175, 0.03436487079220629, 0.021960246112257997, 0.0029692518808475898, 0.6903552102855328, 0.005933237368191142, 0.004064776446559933, 0.0200865362771327, 0.006314257170473605, 0.00314400676829477, 0.0370354128126248, 0.00448181545407328, 0.014016342339188435, 0.017139120730401122, 0.04532785714377933, 0.016382117496393258, 0.007618699832469081, 0.001185767226054751, 0.0027986650744942494]
            , [0.5707253476011138, 0.028974057121844705, 0.0028089241682621034, 0.004076434056324832, 0.003413796746336072, 0.06503783253330353, 0.00226361297365316, 0.016198080576836426, 0.003275364167223058, 0.015553521957355364, 0.00537300719960431, 0.005075706721432276, 0.005258824847035836, 0.0038481270203221045, 0.0034355776116370713, 0.15444994052846148, 0.05879872631032394, 0.04835820413641771, 0.0007691120957644092, 0.0023058016267479744]
            , [0.01822076022833816, 0.002548219107000662, 0.0006980735376651876, 0.0012083404683238136, 0.016556478650792683, 0.0014548180088698318, 0.0009578036397978793, 0.44162973741753236, 0.0012836651840531844, 0.13556712064619847, 0.030181180313867344, 0.0013660291193113452, 0.0011602467834130523, 0.0015314275688135892, 0.001408008273913244, 0.0036347166424558035, 0.015327162129558616, 0.32275862943048444, 0.0004943733630242301, 0.002013209486585991]
            , [0.020926937822803558, 0.0019708938432059183, 0.004087931730342912, 0.020352757873040424, 0.0019172469541472602, 0.007389848986720339, 0.016352287910180587, 0.0051865550614200616, 0.4570219924436577, 0.014900693658282914, 0.005218398054159954, 0.024736619340344535, 0.0026544468308581574, 0.04280072030043406, 0.31920945276611873, 0.023544627625948642, 0.021681882867396376, 0.006909707512595537, 0.0008106184009810832, 0.0023263800173611063]
            , [0.00952587384930919, 0.001837841565728524, 0.0006520575773893783, 0.0009703634939695679, 0.04021940757414568, 0.0011040649649477687, 0.0010593095116773136, 0.0917329381561833, 0.0011835476376214282, 0.70182969624781, 0.08231156277783111, 0.0010866690370271402, 0.0009535115900546806, 0.0021010557661055615, 0.0013834346471972064, 0.0032655719622680813, 0.007686922577402424, 0.04775273794901235, 0.0007343479483371269, 0.0026090851659820173]
            , [0.024703997214188634, 0.005490231322075779, 0.0007459688292143158, 0.001190954459123954, 0.00732503498459047, 0.001254144127051325, 0.0008338165468049974, 0.3148951712975574, 0.0012440807725626899, 0.04939959609741695, 0.012899040157282998, 0.0012591411300373883, 0.000995550051514672, 0.0012381315585346607, 0.0012748862785484192, 0.0046193050146187305, 0.015458967179784807, 0.5536807997441724, 0.00032659581559589296, 0.0011645874193235432]
            , [0.2654068661482993, 0.03203574766663488, 0.004487635886661458, 0.004634877983163573, 0.003746197608048216, 0.05736723978877196, 0.003267661363473171, 0.006037484082700915, 0.004272839467307398, 0.011275338939182039, 0.004613417110447764, 0.020418990443237618, 0.005616271813277444, 0.005788863896435271, 0.004475107826908322, 0.4592283289017353, 0.07993186817141952, 0.023742890267187712, 0.0008960114363870149, 0.002756361198721136]
            , [0.12335408525347927, 0.02449245809723619, 0.0017579157765479304, 0.002796736434857458, 0.013984788091876008, 0.00717989859137217, 0.0019174856264830386, 0.16759102312636773, 0.0027113733533769384, 0.06542358825146176, 0.025822708444756332, 0.0033385632622153945, 0.003045446333960226, 0.0030322010398596607, 0.0028821446703864778, 0.02721125907363531, 0.0673102815222604, 0.4526124674996074, 0.0008271691124747352, 0.0027084064377852998]
            , [0.01663769731875979, 0.0021178123449665924, 0.00045407376583007746, 0.0007136628465006936, 0.02789813267035356, 0.0012911900669830016, 0.0006340021923820921, 0.3445721102012061, 0.0007287019294788702, 0.35306230836176467, 0.047398885262628344, 0.0008911891176946982, 0.0007978778584578483, 0.0010630620301086868, 0.0008225279998973513, 0.002587795765304561, 0.010764457045268934, 0.18515098386840384, 0.0005503801480528744, 0.0018631492059573815]
            , [0.008304112512191661, 0.003112153125961208, 0.0015405126539762577, 0.0019441679519785868, 0.30349080475044893, 0.0019882079945665026, 0.028738214952889342, 0.008931792333139557, 0.002119971603539405, 0.023713683421733814, 0.003942953198310952, 0.0037976238932703557, 0.00117891325995119, 0.0028012101343036435, 0.002631814508827167, 0.008386992490264174, 0.004310439463901924, 0.010411319556504295, 0.018835667293231887, 0.5598194449010092]
            , [0.04569347942426424, 0.002248860363193696, 0.009139336296065052, 0.006153834482487346, 0.0013486231661340494, 0.8587457574004606, 0.0018572119523107486, 0.0018605066674168952, 0.005451887240250805, 0.002772886838165721, 0.0015924143381901453, 0.011416478006677238, 0.001603470435388014, 0.0028298024760388713, 0.006393090414884979, 0.027125663496171064, 0.007257140047878994, 0.004823299182135502, 0.0005221263955693826, 0.001164131376316692]
            , [0.022804822789663108, 0.005235348102549657, 0.0012972316277244187, 0.001811880619603673, 0.2850161257475599, 0.0035505959725026545, 0.0028421233904168145, 0.08620238878012011, 0.002092160040568168, 0.3839089363376876, 0.06624643038827344, 0.0026455427127327043, 0.0020578343507249453, 0.0031462655905531555, 0.002608096359069916, 0.011479577551818948, 0.015590298653460786, 0.05953452582740258, 0.005836069765098952, 0.03609374539246849]
            , [0.3787132733217568, 0.015419737127366828, 0.00268101539073325, 0.0032959673511172368, 0.003349534256354966, 0.4123679426081301, 0.0020197492711291846, 0.005968282967817725, 0.0025755092179012996, 0.01167442685401828, 0.0042288023088809185, 0.005168509666510377, 0.0035488541271685267, 0.003209718791834484, 0.003052526569878933, 0.09782122162959878, 0.02322802772838461, 0.018940027814782115, 0.0007839749950390381, 0.0019528980015965287]
            , [0.011297658646376033, 0.0036586953243747116, 0.0015633274172075773, 0.001990958467404919, 0.5885861113582791, 0.002367936910015911, 0.012543330976473775, 0.021713095564455703, 0.0022624801417619376, 0.07078673373004427, 0.017353033235070814, 0.0031205299321261674, 0.001480825317900228, 0.0028002778735971064, 0.002651778157734727, 0.010187735584681917, 0.005147403389394824, 0.020210136427855484, 0.018315237554043195, 0.20196271399120178]
            , [0.034218247853090376, 0.006088068552263485, 0.025899139554493432, 0.021238894393165394, 0.03605227756318779, 0.010994863580948795, 0.40566150767066617, 0.009695844069326375, 0.031965116079088834, 0.03276220378531658, 0.007613403670144022, 0.08557666178069606, 0.005594284093811497, 0.06678574079852864, 0.046970199209327976, 0.0417703047521247, 0.028215769959251083, 0.013048311045479346, 0.0033075498548458732, 0.08654161173424368]
            , [0.031082178664886398, 0.0008884701557887513, 0.25162895081150843, 0.5460048866388324, 0.001186335657223278, 0.017194598109227743, 0.00434987785574773, 0.0023913220010869443, 0.022768698841390714, 0.0038322922569366947, 0.0019963485019056206, 0.023174415484912475, 0.0026776349560696426, 0.041291230857147, 0.006021889729466044, 0.020958444578078887, 0.014620211384884441, 0.006109875525029297, 0.00035472416340161716, 0.001467613826476099]
            , [0.04386001481686422, 0.004038984695272771, 0.02600201932825637, 0.0956079297400114, 0.0059257026591209225, 0.014981860461658562, 0.06479754216384072, 0.011255023660634864, 0.06352314050165021, 0.04823622744732969, 0.026683471447159452, 0.035568682072845983, 0.006723141323790728, 0.3815727565961459, 0.05944324867838154, 0.04154128883044493, 0.03628283869026332, 0.02423626571385387, 0.002102299585891712, 0.007617561586582672]
            , [0.0319641261314454, 0.0036935782509863037, 0.09118068661226011, 0.024020769421989597, 0.003942102942015786, 0.03918665568846884, 0.03815235759248578, 0.005820145547217966, 0.03546553544648816, 0.007658498371002559, 0.004030108786023753, 0.49636516439603157, 0.0037586098516696385, 0.023690937931783538, 0.021645699109427003, 0.10691561862824873, 0.047620987216526786, 0.007820420780588219, 0.0011035407407664274, 0.005964456554573829]
            , [0.00945596756045305, 0.0014813361771222012, 0.0004762885912645563, 0.0006781737838803988, 0.007500404334037053, 0.0007317866194108188, 0.0005229655467483355, 0.5259021828401421, 0.0007071440924480252, 0.06924687771289327, 0.01374162546259329, 0.0007750481901542031, 0.0005003079758106615, 0.0008292575008922766, 0.0007482914987639014, 0.0017491830008605914, 0.008198721795351678, 0.3556818728017632, 0.0002134559965400641, 0.0008591085188701482]
            , [0.6486517266584934, 0.014962997528744526, 0.001027617490722702, 0.0013761567703314311, 0.0013897194758769242, 0.05779492384740818, 0.0008817636087566961, 0.003517739904225705, 0.0011765776403432646, 0.003685304439192186, 0.002299112047861809, 0.0023087318295225766, 0.0019128241373577509, 0.0015514586165035825, 0.001244590682616691, 0.2071468613677612, 0.030052869020116887, 0.01766202208073558, 0.0003553664244390384, 0.0010016364289898358]
            , [0.07618941362935713, 0.0019793424068644504, 0.0048399760262824955, 0.010656125599109527, 0.0024003940459006974, 0.013211895618585767, 0.0035317943160343944, 0.005584038697251366, 0.00911722011167571, 0.014052064303122292, 0.002705400580247866, 0.004582455510915662, 0.7535774737391592, 0.010051009891871665, 0.005685102610409575, 0.04153039200263762, 0.02119305197370785, 0.016455414231433856, 0.000679976210201705, 0.001977458495231083]
            , [0.016153934265690208, 0.0012418867779698595, 0.6907346484110948, 0.06572071310543197, 0.0014794731889587436, 0.017873732571495344, 0.012129649117427456, 0.0022880430319489795, 0.012154976943115648, 0.0032882311365666763, 0.0016322203630876608, 0.1095001260368351, 0.002278629227172569, 0.012593755179248356, 0.004714065657331257, 0.02648806689152717, 0.013574122819914384, 0.0035632972984400925, 0.00047948840485400403, 0.002110939571889848]
            , [0.11955397138160712, 0.015024886118259912, 0.000348058352870207, 0.0004971538336042594, 0.07016357208839136, 0.033555589289076225, 0.0004502337130587087, 0.18952733728409774, 0.0004923807839344848, 0.2435081807590688, 0.035759263857465085, 0.0008657761590982207, 0.0014471045220362235, 0.0007412088554458556, 0.0005550631441303191, 0.025282724945795466, 0.03800260500259051, 0.2201767831216824, 0.0016534756903965925, 0.0023946310973907525]
            , [0.03977929079575425, 0.00792804572227108, 0.008594105888877155, 0.00351555930190316, 0.002281010562411315, 0.013598143258325642, 0.002476152106864505, 0.009193489188501878, 0.00515034438183257, 0.008555978522641046, 0.0037235635205857924, 0.021280232546172288, 0.0028940476976135996, 0.003605619251065, 0.003906538847857069, 0.3070166681636836, 0.5382980682945742, 0.015648325326007233, 0.0006449855261910229, 0.001909831096867674]
            , [0.10469946611332008, 0.398813533718003, 0.008746614726903103, 0.009556879835939709, 0.021671549433579886, 0.03836750071362337, 0.009075204067013119, 0.032076989470842164, 0.010055684142757685, 0.04090889302212932, 0.012545395144675266, 0.026867478981225025, 0.007917247508678343, 0.010018154636595904, 0.012442213263169645, 0.11835511451865206, 0.0639454304958133, 0.05995396226803512, 0.0034948398379271036, 0.010487848101116764]
            , [0.01858866803425826, 0.0053482346168002995, 0.003952816017685772, 0.005089796346514085, 0.07183262654242067, 0.009161028183212303, 0.007725978949097181, 0.012572769365300388, 0.005806886592329494, 0.03403946289675965, 0.007055223540080734, 0.006303629300580935, 0.0038390832124833418, 0.006240287424802975, 0.012596670507105816, 0.01937779259451396, 0.013042319539172965, 0.016847808377988115, 0.6792703404882665, 0.061308577470626464]
            , [0.015115193917139296, 0.0006338703027429805, 0.0024634041614832562, 0.0009980278461993947, 0.0005241381929013716, 0.9581022855526498, 0.0006718375554183989, 0.0006131003628675673, 0.0007410513957976182, 0.0010482337333353516, 0.0004808123738721304, 0.0028931174573915107, 0.000529569224096638, 0.0007365735287102653, 0.0013174678092815572, 0.009248395231138743, 0.0021980255446854744, 0.0011291200842623095, 0.0001808742269738711, 0.0003749014990524743]
            , [0.010860586317382832, 0.0023975483481326974, 0.0020982458676171048, 0.004035270476998735, 0.001976598505205051, 0.0049117261751882605, 0.01452693435316087, 0.0034001334999915088, 0.07889677677925773, 0.01015470856243967, 0.002704354796358778, 0.009012579705952562, 0.0015343467975233657, 0.018444967393058148, 0.8058738283506062, 0.011839056661790625, 0.010140287224909271, 0.004112095021835819, 0.000883315270779332, 0.0021966398918113936]
            , [0.007940455856176028, 0.9145402709004131, 0.0025160277015359805, 0.006670069733131965, 0.002538491643868196, 0.005257686707261347, 0.0023913865487989847, 0.004951984503122978, 0.005359126888509437, 0.006741176033823778, 0.0018233533932238226, 0.00276397999135798, 0.002215312104410709, 0.0029488967223948166, 0.0034739591360154255, 0.011448173122067046, 0.006648095907840209, 0.006232028841053882, 0.0009635183435595442, 0.0025760059214347793]
            ]
# The number of clusters.
n_clusters <- 64
# The base file name of this file (for reproducibility).
fn_distributions = "udm_0064_lclr_rb"
