# This script is generated automatically.
# Vector of amino acid stationary distributions.
distributions <- [
              [0.07956518343112369, 0.009668524669934531, 0.052775990255487286, 0.0595605031673628, 0.04479496425517742, 0.06210964484221405, 0.028908826807711858, 0.05238181686437273, 0.061308487241942246, 0.07773135619719312, 0.017469384660039205, 0.05207231670095607, 0.03988119045760874, 0.05157540830501387, 0.06109335182263808, 0.07008484556321327, 0.06344069448679322, 0.0629848430840852, 0.00862333638863624, 0.04396933079849651]
            , [0.08638603137603915, 0.0032889584423440796, 0.11388570214229231, 0.14108768553995388, 0.005944279746964111, 0.05214823051632487, 0.03580940584730142, 0.011286541403154266, 0.09068380010460833, 0.029859132473669094, 0.007475243761136642, 0.08862397616529276, 0.01439251247660222, 0.08188109190720286, 0.062022660849404124, 0.08088676091579419, 0.059311407050822273, 0.025608615423363384, 0.0018477346886873925, 0.007570229169042473]
            , [0.07048712706553872, 0.009033194799164443, 0.011815123572494325, 0.01866148089251783, 0.06032126634005334, 0.019769674849775855, 0.011651464313607354, 0.1465923469651117, 0.02122932425705013, 0.19559020561850152, 0.05838508940254011, 0.014895890034204985, 0.01112683911672242, 0.020203679942930805, 0.030526429839336136, 0.042408529283532906, 0.05980673911340605, 0.15895455749275234, 0.005549044267943151, 0.03299199283281568]
            , [0.27546272215391915, 0.04562253398649297, 0.014172902802095353, 0.02893177663383902, 0.009977363413373828, 0.06939946584883964, 0.009041799211248912, 0.03915702592554134, 0.020928394681849302, 0.04376002081369002, 0.01279244952675484, 0.03411347887993957, 0.01710187153356031, 0.024151332875878187, 0.018400664459991542, 0.15485220960446097, 0.0942796551348194, 0.07785485469080217, 0.0024222955499081703, 0.007577182272995077]
            , [0.06025499285369178, 0.008826865188327097, 0.0021081278657819873, 0.0035459918992795216, 0.029548821113535597, 0.0062349421162964476, 0.002655936295569781, 0.27709538941650225, 0.0038568133876168975, 0.1440735022612508, 0.04383837022834544, 0.0038411744890797643, 0.0034776447310627366, 0.00421761274633994, 0.003985409133452869, 0.021240576005342016, 0.04419353200559326, 0.33084259748432837, 0.0014570219136840281, 0.00470467886491929]
            , [0.03970282162455609, 0.003613871498627246, 0.01054690840169539, 0.04119118064565526, 0.0038906159739690595, 0.01811253247288945, 0.030974558883909487, 0.009621422472328087, 0.2921863509708125, 0.028041407974287544, 0.008469078206288951, 0.03870113673761405, 0.005182760898477727, 0.07046972014016853, 0.3001051204265355, 0.04076649555177881, 0.03648688404510007, 0.01532194056787518, 0.0016567371283528992, 0.004958455379078118]
            , [0.03190455093789927, 0.005739252137643309, 0.0024749078269162283, 0.004087619357459652, 0.0908322236921786, 0.0050426207342493526, 0.004380398804748314, 0.13372863507277152, 0.004934442914331352, 0.43292182793456124, 0.09794762363684616, 0.004457289622407127, 0.0036233127727712633, 0.00722931816789394, 0.005822529457644445, 0.016512807441630674, 0.02482993161694728, 0.09619861487400862, 0.003646868086820291, 0.02368522491027144]
            , [0.04800003467021478, 0.0017170258356235082, 0.3372520832070013, 0.27442621955927904, 0.0023086450831642695, 0.032878842847030444, 0.01664109623272868, 0.004226951587304172, 0.03808290369101416, 0.0071178305455318535, 0.0032814575380783043, 0.07464149398960636, 0.0061874475200463614, 0.048853287581732886, 0.01980259491679509, 0.04417361569759062, 0.027955650144474844, 0.008517835341153216, 0.0007208325474112627, 0.0032141514642189764]
            , [0.018869165472139193, 0.00557586824777152, 0.003448545278263103, 0.004302422194144477, 0.356905417564912, 0.004575105921283058, 0.03855714903231039, 0.02580582343582949, 0.0048664818987628955, 0.06386846167623145, 0.01765355632999638, 0.007492214659397454, 0.002891614573469897, 0.00615185206847844, 0.006077614145907619, 0.01815109330866571, 0.009746583152194588, 0.02590842201068824, 0.037493658816374946, 0.3416589502131791]
            , [0.09341355879193036, 0.005209013189188349, 0.04806700450294511, 0.03311546510682927, 0.005784324700924533, 0.5008790115326439, 0.00986274015394121, 0.007924363155808356, 0.03189386704790532, 0.018779272160653837, 0.005661177865392487, 0.053679055987547845, 0.008325534413784606, 0.02388070956860864, 0.02760504445138877, 0.0702656883472662, 0.028335835065839872, 0.01982002801308366, 0.0020673356952705013, 0.005430970249047222]
            , [0.020752857822111323, 0.0029372762141481406, 0.0007146713189621298, 0.0011509072538690593, 0.013754322481961229, 0.0014869948706579027, 0.0008776582241304357, 0.4134165587700147, 0.0012170955798886532, 0.10395595255456516, 0.023248437549848802, 0.0013005965504803076, 0.0010501744512150114, 0.0013720361237086066, 0.001294063567938603, 0.0038150039054230737, 0.015289637625276142, 0.3903248639329834, 0.00042674271361565645, 0.0016141484892018]
            , [0.01838104986358635, 0.0029219023565255258, 0.0007901883090804068, 0.0012834131753530441, 0.04568098893045638, 0.001948549638493771, 0.0012874173513744956, 0.18752535233970646, 0.0014628039016726924, 0.5197657203925717, 0.08057145632938434, 0.0015051625453541227, 0.0013502980019635125, 0.0023871437900393703, 0.0017360303756600846, 0.004681844647164661, 0.013314373695187946, 0.10863715212244457, 0.0010563358840389879, 0.0037128163499413835]
            , [0.08158465643526894, 0.016241167811162808, 0.023570995999752046, 0.011706926830492587, 0.004882149603696065, 0.03341957816881443, 0.006354250851468773, 0.019177758730094394, 0.021165281284778657, 0.019903271459619426, 0.007299572577266947, 0.052686663690229375, 0.007646016418083755, 0.011639401834365149, 0.01134902433212121, 0.32278046625368695, 0.3103415208362285, 0.032667218115921964, 0.0013354628760640903, 0.004248615890883814]
            , [0.10898899507435035, 0.0035305264847225173, 0.02666308486022725, 0.034814568830711226, 0.005344989810772536, 0.02822670569159797, 0.008413009544313725, 0.011807907503035744, 0.03017434588333933, 0.030169488074489083, 0.005715044890519605, 0.015056360972442444, 0.4851140163440697, 0.027830401097775896, 0.025206431217300578, 0.07251188195687298, 0.04173862274722804, 0.03240325909019442, 0.0016399343586657462, 0.0046504255673708705]
            , [0.5351950909868292, 0.02520810994526693, 0.0024285522956773204, 0.003261063130448079, 0.003101473501924367, 0.08951494134805309, 0.0019753378077070967, 0.01286896777009542, 0.002671351587024218, 0.013216058981901774, 0.004691656814304131, 0.00531671860937178, 0.004109247312911776, 0.0033993926109178755, 0.0028444459687297493, 0.20123628264072868, 0.0506433814732021, 0.035620196179318185, 0.0007038933957933185, 0.0019938376397952]
            , [0.04470912367870686, 0.0018965176537920456, 0.0073291613383446134, 0.004767233548867906, 0.0011860084543069405, 0.8770656034467627, 0.001543964932327302, 0.0015803239629013162, 0.0028815074839515335, 0.002446684642690149, 0.0013097966995837163, 0.008878671076588848, 0.0013532079284414198, 0.0021872024978218984, 0.004659332438573224, 0.024059017864600782, 0.006314767696709504, 0.004438379708067566, 0.0004322158221320716, 0.0009612791248299096]
            ]
# The number of clusters.
n_clusters <- 16
# The base file name of this file (for reproducibility).
fn_distributions = "udm_0016_lclr_rb"
