20 A C D E F G H I K L M N P Q R S T V W Y
32
0.3777157108287908 0.0745598325912160 0.0096936601602352 0.0598299264806030 0.0664798055189381 0.0407148536696132 0.0618517860712017 0.0269783627609055 0.0563419822095112 0.0635047313365241 0.0812123026753724 0.0181786223185031 0.0553277301861440 0.0301812436363064 0.0544083172548874 0.0607133631840470 0.0693244224687457 0.0634731647167699 0.0656302964495912 0.0084923647305943 0.0331032315802903
0.0594772320061965 0.0886009666048693 0.0029268625225523 0.1456838197844902 0.2002686541665981 0.0052738290229949 0.0473604903433396 0.0207353994048020 0.0102097543769717 0.0806056289303016 0.0264648097319106 0.0068222217716942 0.0642276858768201 0.0147424897012704 0.0801203867830084 0.0519204966078154 0.0687358363036149 0.0521911123884853 0.0248463631359734 0.0016148007210874 0.0066483918214005
0.057020333591226796 0.2235287675529258 0.0093629627728572 0.0466610662169924 0.0578583773072604 0.0145608814095940 0.0691650411176871 0.0157278416807194 0.0380052626807547 0.0489158384410330 0.0591219244828114 0.0139066745352273 0.0392839435836314 0.0207391380752951 0.0483130904443617 0.0508763166164086 0.0943365966870190 0.0676448809481939 0.0647653259740391 0.0044671970362851 0.0127588724369034
0.05096674762227811 0.0615935974892677 0.0085788408548768 0.0123256026087305 0.0181014050140454 0.0702674653485116 0.0200805081221998 0.0129710551980076 0.1106375661055512 0.0205631638863817 0.2768869041475767 0.0702235858473267 0.0149340209716181 0.0109480231910866 0.0293907424900349 0.0346917872363099 0.0393070807830840 0.0459570443231425 0.0980493884802696 0.0068352040387863 0.0376570138631925
0.04716186329058536 0.0612611492462471 0.0043881475323038 0.0338534781713060 0.0693881868214583 0.0062676735451464 0.0300761194281638 0.0436307120443231 0.0146348391219704 0.1957366010768909 0.0415792586234711 0.0111319326454192 0.0523092233582055 0.0083987831593785 0.0981609404236126 0.1759381185585016 0.0579780337517083 0.0531676571291762 0.0316626495568988 0.0023051850509681 0.0081313107548502
0.03921421595828301 0.0775129803748868 0.0092626554502100 0.0132716226715177 0.0317943241397271 0.0358518925666413 0.0221048291702641 0.0109908198507827 0.1668453129083250 0.0330775504946579 0.1103563296199243 0.0415473513233028 0.0164964913433184 0.0123171910962355 0.0198624427855899 0.0324175154028413 0.0466315917821746 0.0744905466692751 0.2259539614805806 0.0041417467440172 0.0150728441257279
0.034026940310160264 0.1051845274343155 0.0107728222449876 0.0380400158362582 0.0374129209404926 0.0085625306017613 0.0501215837077123 0.0126824693453334 0.0279147867443707 0.0418267834968210 0.0349724082673525 0.0113211649849483 0.0655434788708847 0.0150039337884939 0.0366799903411736 0.0339446025633024 0.2298950160186022 0.1830124032396137 0.0466562407277499 0.0023552676236463 0.0080970532221800
0.027014414098097735 0.0500230737109454 0.0065029955107015 0.0028958842780439 0.0049491975299176 0.0391822824483051 0.0062406719915515 0.0037758941386789 0.2713557846972738 0.0056126534477626 0.1888916682391518 0.0553231771296484 0.0050025983787573 0.0044383131800167 0.0060874022687881 0.0059097034354353 0.0209632233014501 0.0422577036924288 0.2710367850815037 0.0021561805023991 0.0073948070372403
0.025407064398968542 0.0924923448785992 0.0063776930407615 0.0596727908149371 0.0453450268548474 0.0098113740439772 0.3603810984616362 0.0143688439679996 0.0139173105993948 0.0441459209908850 0.0348820665430924 0.0085857178030807 0.0622514128793756 0.0134642957804670 0.0343684143392423 0.0396554440889577 0.0777308206051250 0.0387348958530536 0.0311818061448311 0.0034179121015908 0.0092148102081461
0.02436519832066362 0.0293773985428773 0.0052938654039591 0.0022054410665412 0.0038270883266822 0.0665733567434054 0.0043967793400148 0.0038779414540665 0.1438552240404721 0.0046128470243903 0.4562827700644179 0.1043623106071977 0.0040557247526004 0.0033552319334067 0.0070220882343770 0.0054412221505733 0.0144915145730479 0.0234717162903673 0.0989930560900878 0.0029011178899283 0.0156033054715869
0.02422228358341942 0.0388960756230369 0.0086865361275227 0.0090167186914081 0.0106302657985636 0.2310395247683255 0.0113884771500790 0.0723993374584707 0.0385077235490182 0.0120254546361219 0.0789528635776554 0.0160151990059464 0.0199397173607826 0.0067836813748337 0.0159016461758962 0.0161964340450792 0.0366708442810596 0.0273784401046322 0.0419553845766528 0.0420673269726666 0.2655483487222487
0.022844303215669808 0.1120654680091853 0.0045424024513315 0.0449536561215648 0.0554351627628746 0.0086656950991152 0.0406819720423871 0.0127281677815310 0.0178048069785845 0.0473071017764488 0.0432836453283115 0.0084041715160972 0.0304665110118562 0.3022630071464659 0.0415744231859100 0.0402017243443151 0.0824401735256775 0.0537796834990705 0.0429523163869607 0.0027408572961172 0.0077090537361953
0.021019934841466092 0.3928994526783388 0.0362111796790168 0.0077094547906624 0.0115430163318335 0.0059680807018951 0.0776216284038873 0.0051206925493851 0.0203541721083809 0.0087650520228436 0.0244916019046707 0.0078419349720616 0.0224598174960692 0.0113273877688593 0.0099705521234042 0.0083331948485856 0.2122917799382303 0.0804678145092070 0.0507870121543611 0.0014300146130839 0.0044061604052234
0.01797461587253417 0.0381215927761563 0.0062356089969173 0.0013233648232939 0.0022274943492372 0.0166347172019914 0.0028834722767378 0.0016274360595563 0.3356188636953208 0.0024164129988603 0.0963920170407011 0.0277036934178462 0.0024597036158580 0.0021059901653323 0.0025170133276139 0.0024176387507470 0.0109850482178266 0.0286529229024207 0.4162350682700093 0.0007555504677579 0.0026863906458156
0.01688334716900903 0.0517855967383564 0.0013538149930188 0.2444717903925777 0.4146636767503487 0.0018786742287333 0.0264308826505123 0.0085129553091334 0.0038268755075046 0.0402946586792595 0.0068357770554529 0.0031035794527433 0.0386119759455473 0.0058152620280815 0.0592050569494850 0.0194586221238665 0.0361611072514937 0.0253797756094593 0.0090909928012635 0.0005737288808410 0.0025451966523215
0.01614407217017793 0.0262384185672870 0.0035789163859535 0.0006855861795004 0.0011236866419586 0.0373067231015961 0.0026673382530486 0.0010461651039859 0.3123689328165968 0.0012104276894356 0.3195462336369636 0.0556653261898070 0.0013781732551183 0.0013225715538020 0.0017471638842604 0.0014048203807258 0.0070053473262116 0.0169073524503172 0.2047600051450870 0.0009580998489058 0.0030787115894391
0.015868828972522436 0.0476009501051254 0.0041916244623781 0.1313258683569105 0.0496363186809830 0.0059632564026062 0.0606837422780679 0.0564924306444951 0.0081069272188254 0.0526661465566824 0.0121128876818864 0.0056507385589484 0.2970041146404897 0.0069999774493062 0.0409341352461842 0.0345791587435329 0.1078927620804601 0.0547914856597953 0.0116302423759265 0.0018037108264019 0.0099335220309947
0.015634166502726407 0.0275398679761095 0.0028865372466469 0.0060205686048960 0.0262975468372502 0.0027428818184161 0.0105293640036312 0.0234050306568431 0.0068525453483266 0.3351380792819421 0.0201016555944592 0.0064215131320607 0.0290271147580914 0.0035770808520519 0.0531119883627571 0.3758690406328113 0.0301159617435736 0.0262527841773078 0.0094577205114727 0.0012310951323592 0.0034216233289930
0.012099232230272693 0.0115670740546036 0.0039790744083547 0.0021270300944914 0.0026909991037614 0.3713983885036725 0.0027523971072131 0.0309293844482422 0.0148595833262585 0.0029639813048634 0.0391826509540661 0.0074184452044091 0.0049065571536490 0.0016987915955193 0.0038605488829166 0.0036996628561128 0.0117010685876714 0.0058419835896150 0.0158781830213318 0.0238768750854023 0.4386673207178458
0.011857512242588063 0.0126736581383141 0.0023806992663677 0.0008169191501786 0.0012952703005390 0.0474336340452228 0.0015070195147827 0.0013726148850961 0.1145554819134966 0.0015330868657262 0.6357168877838435 0.0922793999589357 0.0014780359102586 0.0012589441013694 0.0027071019814119 0.0018119284492537 0.0040887811093382 0.0102823939821547 0.0619357902995867 0.0010008218157901 0.0038715305283338
0.011068834618536747 0.2372531051094319 0.0368436275370827 0.0024390852342864 0.0038066968162006 0.0213659836828137 0.0332263251472661 0.0025609623284269 0.1014460127257938 0.0035573345936385 0.0692683598953933 0.0310086515713520 0.0048012837896433 0.0044203531744830 0.0042287840915836 0.0037002233905120 0.0608708771734298 0.1028862706224039 0.2714282446044965 0.0012890742017622 0.0035987443099998
0.010778594195367974 0.0148680282907777 0.0021250344629210 0.0005915471316144 0.0009209403895872 0.0095724810685803 0.0009944033579419 0.0006879662430368 0.4462926386544360 0.0009723049203029 0.0797452453052755 0.0171165075798119 0.0010191110532637 0.0007656893357690 0.0010700094850849 0.0010320229742764 0.0025153083852009 0.0114314332753387 0.4068277975655694 0.0002933002600254 0.0011582302611858
0.010595980920000388 0.0598353883585127 0.0031153058103282 0.0281628757455542 0.0182693381268249 0.0026234385588555 0.7256046988874449 0.0049665160852813 0.0035708648229852 0.0168129357889467 0.0055908918673932 0.0028544635337228 0.0308628915677141 0.0038834363925426 0.0115079963899287 0.0149470117012195 0.0425787004482390 0.0144445815907718 0.0068672181982074 0.0010468542678381 0.0024545918576890
0.008077329223505417 0.0266751209539633 0.0018345320076215 0.5463472521368391 0.0907784342017423 0.0023225013987540 0.0329010224178462 0.0189561334276152 0.0035233806127520 0.0229118913316392 0.0052620230815721 0.0025313200774535 0.1358099999234347 0.0040953930446934 0.0211953425014254 0.0096134776791085 0.0428312892090293 0.0226860496718955 0.0056370751154838 0.0007455895151899 0.0033421716919410
0.008020869080396597 0.0639545545968143 0.0145954029425100 0.0148573722007909 0.0062949699267063 0.0033921399734123 0.0237714861375253 0.0038865466982957 0.0123188164447180 0.0111560630516035 0.0131567750480958 0.0052523062526725 0.0338713719878241 0.0050681971464776 0.0062456413265026 0.0063507303999768 0.3533990024380494 0.3959903513574262 0.0226867105191576 0.0009233804072525 0.0028281811441887
0.007967055506496004 0.0239596557097386 0.0063350058767703 0.0020422383859427 0.0027095878980293 0.4047029939303015 0.0043635058427447 0.0053007549277623 0.0659912879057851 0.0032837469664123 0.2338570253882248 0.0490225430940717 0.0039498192140147 0.0026328085837043 0.0041695470896181 0.0038624711395910 0.0158399672623742 0.0164623471819136 0.0525129330123018 0.0172054612981325 0.0817962992925664
0.007584185161039325 0.5868396418185406 0.0209024548451220 0.0016150332594728 0.0021562665058843 0.0020170542571325 0.0567595254772947 0.0013546698600650 0.0079144246929111 0.0018071247944087 0.0078035237346091 0.0032257514942128 0.0036551525527735 0.0029239171324261 0.0023914095202365 0.0019285717480296 0.2254814965698583 0.0428319503026034 0.0264715959872235 0.0004900829532851 0.0014303524939105
0.006534379375109723 0.0918448395188436 0.0025340138692892 0.0091043629090266 0.0175049831182061 0.0032221923810364 0.0178907098937339 0.0049843905146405 0.0076041228048017 0.0154040579120064 0.0193011921374724 0.0036298436578094 0.0069045833490706 0.6632232131190683 0.0154887613474501 0.0125704635265757 0.0547449618227283 0.0284762262069622 0.0218750462527225 0.0009526487487730 0.0027393869097830
0.004873216102079939 0.3841870047646480 0.0160684790101404 0.0028024867251566 0.0034430576815250 0.0035188164908724 0.3986646989523356 0.0020904261466896 0.0069258666189469 0.0027101224367282 0.0123522427089045 0.0044465641181701 0.0052910745293586 0.0037799851882534 0.0033254249990717 0.0031837703477038 0.0995965305528436 0.0243314368700364 0.0204222162358221 0.0008221699189775 0.0020376257038153
0.003980440089171739 0.0243724241423410 0.0010728431163914 0.0037715424544620 0.0017197302666913 0.0007643856010952 0.9323488272746372 0.0009467194376169 0.0009838523246113 0.0013398307452018 0.0015091788805948 0.0007859297494872 0.0048704879355795 0.0007779521056526 0.0012020439960994 0.0026879876170637 0.0143957674853951 0.0035626537272057 0.0020312635933840 0.0002730378435375 0.0005835417029524
0.0022345866014787264 0.0194465751886094 0.0054134919717424 0.0041121813459808 0.0052966226574768 0.0754721474050856 0.0094342774645198 0.0083589111058196 0.0125172193615521 0.0060376925290448 0.0354719694496616 0.0073723379631951 0.0064899303659319 0.0039466252759557 0.0064731514988597 0.0121330181707889 0.0199562973866677 0.0134027448353407 0.0175188256778350 0.6656629955768874 0.0654829847690449
0.0013665119011806346 0.0185052359091681 0.8370658297376551 0.0039696149955305 0.0085867161086982 0.0048248311115376 0.0109724941371702 0.0038936493576990 0.0093726674855239 0.0054792730900453 0.0119335340256063 0.0033327243499329 0.0052460248340551 0.0037467873811647 0.0043360139716886 0.0075655172914157 0.0276772168707454 0.0143098789901276 0.0133117268696090 0.0015710730484009 0.0042991904342259
