# This script is generated automatically.
# Vector of amino acid stationary distributions.
distributions <- [
              [0.07189850556631577, 0.015437116447870608, 0.05785249353744017, 0.07296474152553921, 0.03829452883359083, 0.051239325704514116, 0.026494556505856196, 0.0646584724603064, 0.06928249843255949, 0.09866974411813767, 0.02495049867880497, 0.04793409692213646, 0.03029019775772305, 0.04417547682981976, 0.05284144207553513, 0.06673503301284224, 0.05722427541671076, 0.06882640348583668, 0.0074479810656863455, 0.032782611622774155]
            , [0.08705153427864541, 0.014739226761218487, 0.056754892831339436, 0.05985688656947291, 0.03898543112318427, 0.06516390535900027, 0.03015771661519262, 0.051386417417014794, 0.04450727060607576, 0.09467107607310121, 0.021790047107296158, 0.03691924033828987, 0.04395645947645159, 0.0433490684731479, 0.06532347379829323, 0.06238416258582838, 0.059054410475784004, 0.07059083568014075, 0.02044352659339783, 0.03291441783712519]
            , [0.08328417203898654, 0.002769212619599503, 0.06490578725805185, 0.05910616611536025, 0.036989292294523024, 0.06475118467530686, 0.01830616879294391, 0.057055459524430106, 0.06449612304133755, 0.08313823447487731, 0.019305798694855044, 0.0573377093888004, 0.0335428129120006, 0.04389502298443222, 0.04455581581067084, 0.07256042391350292, 0.06966853507602568, 0.07229503447687077, 0.012264089818421874, 0.03977295608900275]
            , [0.07356720372750511, 0.012044242730383365, 0.029904079123232966, 0.03541270100478942, 0.035374153878927124, 0.040888707264436684, 0.017664914649938458, 0.14041694590270293, 0.03217161815337195, 0.15610810839845127, 0.033637784417388024, 0.025323001060653556, 0.023129597047367046, 0.02630320180759456, 0.036766702870880415, 0.04185114378057583, 0.04924271635981102, 0.15908137546041828, 0.007408183619221754, 0.023703618742350184]
            , [0.09170630365529646, 0.011542698924332864, 0.09887742496884575, 0.08294134140591691, 0.014059018292157959, 0.08460832850586535, 0.0316146943762402, 0.01983408709962902, 0.058537787683729, 0.03610759475460171, 0.012288869473754795, 0.08553195602424206, 0.031646960053442766, 0.05388648204404782, 0.0508232443402761, 0.11311461612761407, 0.06964698022893528, 0.03182988293901981, 0.005278069119702328, 0.016123659982349776]
            , [0.09915466968188386, 0.0036089101629464197, 0.09101000453465825, 0.16431190937403944, 0.014576549387979618, 0.036838654844196246, 0.022529222586489338, 0.027961800114044397, 0.0915924989199184, 0.0476007656125883, 0.013648060203903075, 0.04826435614630449, 0.017081191957267667, 0.08083180796783918, 0.05800704950222645, 0.06532880682188973, 0.05967778654654458, 0.039140894199832806, 0.0037693579732939065, 0.015065703462153843]
            , [0.016236671215824464, 0.004210995897815418, 0.0014209090194516598, 0.0025167063696636925, 0.0477633421946367, 0.002456008643823809, 0.00266081779047846, 0.18639342550755725, 0.003106897823355316, 0.4845943237461166, 0.0927137644771563, 0.002707199464388364, 0.0023095467422903355, 0.004905793341816325, 0.0037719540921927223, 0.006822981637068199, 0.013280437004977707, 0.11346826839415461, 0.0017591859681019048, 0.00690077066913021]
            , [0.04423165067769695, 0.008330035592755476, 0.008990521773616774, 0.01385960264565688, 0.06785579929866574, 0.01371984653910296, 0.011549487415304538, 0.14749690308054714, 0.01588912478127407, 0.32027596800879526, 0.07505900943149157, 0.012264785100354619, 0.010088599822200367, 0.018085046311986538, 0.01863215297822136, 0.024638267163037176, 0.03400317382736628, 0.12280942205651292, 0.007553865406502317, 0.02466673808891116]
            , [0.06840493546141273, 0.009793659110957706, 0.03501091780403624, 0.06553279314011631, 0.013200542007528892, 0.03436100315670858, 0.04186917848378484, 0.02234266255440624, 0.1477237677794365, 0.04649863832603689, 0.016538546665886555, 0.04769123841761496, 0.01913780366412374, 0.09338901298739333, 0.16204422287428505, 0.06824681237566373, 0.055083388027427974, 0.032084306568659335, 0.005260250683506232, 0.01578631991101431]
            , [0.1023997206874332, 0.007213295022937562, 0.05216146889804276, 0.06640455924575192, 0.02335980973753918, 0.045451779370212324, 0.02099957584851908, 0.03797699915440354, 0.051727121373100184, 0.06382256579108155, 0.01632117155687837, 0.03313889754054066, 0.19132374994398274, 0.040421940652370224, 0.04656646454104405, 0.06696229811241468, 0.053141338621596305, 0.05370032615547466, 0.006935783282910721, 0.019971134463766166]
            , [0.022863383510302527, 0.0052173704700920085, 0.0010168653828814672, 0.0017793732333886004, 0.01222468544111606, 0.0019451176670220725, 0.001373006879747515, 0.3872438293762984, 0.001923283545429487, 0.12302710502658923, 0.02681252963347496, 0.002013398313949929, 0.0015756746360260066, 0.0021896695582434536, 0.002065383512287735, 0.00542869836429578, 0.01726425624794887, 0.3810666010785981, 0.0005275991077784663, 0.002442169014529267]
            , [0.0631700916347998, 0.013386914666377816, 0.028719380564735626, 0.03470580518319476, 0.13287429121450758, 0.03443983317168445, 0.03491246476034501, 0.05942772645438387, 0.034793641158910774, 0.12032597436118066, 0.031097257509704518, 0.031113786270228344, 0.019868063609769723, 0.030561122604283092, 0.037408856884492844, 0.050311577533258, 0.04513167615936994, 0.06628992593907854, 0.01299287843022758, 0.11846873188946723]
            , [0.23723346050630217, 0.01169085531082383, 0.02536113429922827, 0.03422852206834831, 0.013091873035536593, 0.053350982871199396, 0.014044525824211873, 0.034967655955165614, 0.03005038338724691, 0.0412340516244909, 0.018087963667079918, 0.03244348563942094, 0.023052454640050637, 0.029199561604245132, 0.027326875212704473, 0.16461063705168383, 0.1230983807030444, 0.07285165264280322, 0.00335599863887297, 0.010719545317540612]
            , [0.09231006331804266, 0.002316606694489807, 0.0731892189926998, 0.14557396543447246, 0.0034066638464700033, 0.030453753962033474, 0.025652101613542262, 0.010094241057743009, 0.15214534544048142, 0.020842049942119485, 0.007979238492877003, 0.06289115207804626, 0.005058661761701127, 0.11055270892815115, 0.10025818239031709, 0.07607906388851875, 0.05696122034850807, 0.018428524893805764, 0.0008317628937869925, 0.004975474022193593]
            , [0.0858417546668476, 0.009852379501083336, 0.04799677379051217, 0.043503375982258605, 0.03181323104065886, 0.25613569314928397, 0.021587276191015567, 0.04679437925086564, 0.04186984541728072, 0.07310186463723249, 0.020125553158460197, 0.04115951493905144, 0.024649807881342224, 0.031247139330286666, 0.0413943940302511, 0.05351962898909209, 0.041598597501481545, 0.053514974974111826, 0.008387872239642255, 0.025905943329241805]
            , [0.04760309369997478, 0.0022354271901291506, 0.2954372237754953, 0.34162289071280505, 0.0028766256144549386, 0.0261982821339505, 0.013523786688131784, 0.005576722972670805, 0.0352631335103549, 0.00996412009000136, 0.004501110059052054, 0.05085931591185331, 0.008265617656495387, 0.054964265392048246, 0.016291604809120837, 0.042044100778860706, 0.025885354632498615, 0.012052150395343872, 0.0008462417173490832, 0.0039889322594091154]
            , [0.128945691188571, 0.0021894515132526776, 0.1165298031627152, 0.1425746471112856, 0.00444276941840973, 0.052103357513065274, 0.016892508495809446, 0.009461177659579767, 0.07871879691916153, 0.01917487986868201, 0.006013567388263439, 0.055205404447418886, 0.0652517620053994, 0.06699866739079038, 0.04591806144862106, 0.09832628634840548, 0.06322257816175264, 0.021371966178953226, 0.001546594356413778, 0.005112029423449583]
            , [0.0522878000762455, 0.005793211340184937, 0.00509111403253804, 0.009552231680991214, 0.016283498767996965, 0.0073555720544404585, 0.0052345348675117915, 0.2751832457707492, 0.010328470860114425, 0.14291949656135258, 0.04034121060874626, 0.008053959677513396, 0.006781019289531733, 0.010074015957057968, 0.009733981779453777, 0.020165065684305494, 0.049231849298204663, 0.31756811561208076, 0.0016834362752246226, 0.006338169805756279]
            , [0.02685507016478435, 0.004981452164104882, 0.009090601969054535, 0.024321037415479717, 0.0042643667338233115, 0.013502905940396952, 0.023804273207824092, 0.010781906538070131, 0.3171064167568137, 0.02049987517361297, 0.010589138866114236, 0.03041826643675281, 0.005372190933448816, 0.0633498515935926, 0.3500704189941308, 0.035208975635971355, 0.02860708478153842, 0.013714174610488279, 0.0018948516485774777, 0.005567140435420529]
            , [0.04271528967208095, 0.004300511711954298, 0.24264758638019432, 0.07454690268187131, 0.005565574395108551, 0.08997761172104769, 0.03048850014043663, 0.0075906413571135666, 0.04533476453371353, 0.011981688085028908, 0.005421205127269058, 0.22152761961740167, 0.008180997972871609, 0.0334793447282525, 0.026766019912894512, 0.09011104985870773, 0.037038415673087, 0.01159725999387962, 0.0017611267170667391, 0.0089678897200199]
            , [0.13256842294091975, 0.11648083015678001, 0.027430852335535008, 0.03162595545809341, 0.032902085838525774, 0.051585549042876516, 0.024005392539800132, 0.047785660086125004, 0.03174349970612241, 0.07697254773255957, 0.024272200209517248, 0.03403833255763204, 0.020488930968535424, 0.02938657582393645, 0.03858629224454797, 0.09670970828703791, 0.0684715150119133, 0.07775275489377975, 0.009010419540677331, 0.02818247462508492]
            , [0.07031834563382362, 0.007213562950095011, 0.01880008341562702, 0.05488838291155343, 0.01605448927093633, 0.015700068960506124, 0.021527189974735787, 0.08862276016452766, 0.09363731468517515, 0.12010078535556562, 0.04762177089746731, 0.028616398102093658, 0.007386271564839215, 0.07459913724090557, 0.0834915466176985, 0.05140491199151286, 0.07966716427647957, 0.10295198954172737, 0.002978000021942602, 0.01441982642278744]
            , [0.08722214480681206, 0.005102729279740243, 0.01755573221196035, 0.013489364193002945, 0.003700998378017702, 0.7037968899811132, 0.006092517490763901, 0.004890870528491116, 0.011382335773764088, 0.00783896004691771, 0.00392981216533049, 0.02125138316273702, 0.005862471585493785, 0.009454555180818936, 0.011804765294185194, 0.05649741536132363, 0.015740379141591956, 0.009652813503159908, 0.0014057024506706189, 0.003328159464105106]
            , [0.014457070816364303, 0.007474184851248458, 0.004174716537486201, 0.005246283040696109, 0.3489014033125034, 0.005106345922486624, 0.03753162237110793, 0.015546347592738114, 0.005966644164157029, 0.048718200042633115, 0.010962237615331943, 0.009741133348024244, 0.003265216686398293, 0.00802083713806623, 0.00788089375506711, 0.014916019652693886, 0.0108798070263788, 0.01745591169429217, 0.019998362077981006, 0.40375676235434527]
            , [0.48461591965311623, 0.026422953986912263, 0.0036209315932686234, 0.004812457773667705, 0.004808115726925984, 0.10687176404782348, 0.003124733963149767, 0.00948243599087691, 0.0040475797085610336, 0.011069728855169278, 0.006407720605715154, 0.008350990377960636, 0.005890635888720454, 0.005158964497920962, 0.004561997752990861, 0.22180403050970385, 0.05434945554672961, 0.030336103338860467, 0.0010668479309619552, 0.003196632250964724]
            , [0.09553911864870919, 0.013909401005808914, 0.01944527284815537, 0.015682848528727967, 0.006522164922552262, 0.03468600700371877, 0.011511914735287142, 0.012405828828157228, 0.018149406362525416, 0.015766243950598113, 0.00918819782921439, 0.062309133426077266, 0.010654468416830005, 0.016994043535888383, 0.016127523856483444, 0.3639571992120949, 0.24685088739303476, 0.02232199897395825, 0.001742208263385222, 0.006236132258793017]
            , [0.24413697451429672, 0.041094715600238786, 0.0042657576205390865, 0.006449939498532866, 0.013406462035814535, 0.02592724268266167, 0.004796256519283193, 0.09022097646766118, 0.006233216606620059, 0.0637742203556657, 0.02798234270972823, 0.01031870339163506, 0.006703133692118288, 0.007843918084618836, 0.006684178663263865, 0.0949633452720329, 0.12771460597206305, 0.20944278419100654, 0.001810752588175701, 0.0062304735340439924]
            , [0.05190439749291477, 0.01230778865049116, 0.0333003913449378, 0.038062966698955925, 0.04371142620030166, 0.026149809215652093, 0.19383859415806381, 0.02229319191721184, 0.04612461940417034, 0.048634613555049916, 0.016738309303068227, 0.08992021504692221, 0.011771413876494457, 0.06996083614578766, 0.0586264168540117, 0.06758479460735356, 0.04367650970521649, 0.029930386274010498, 0.007158000696676678, 0.08830531885270926]
            , [0.1370561252737905, 0.006136353128921894, 0.014446178120241281, 0.020360728747719978, 0.006928247873526865, 0.024695182904136078, 0.01152517165961081, 0.014759489619758537, 0.018920939471613073, 0.026115032847995875, 0.008073323049833646, 0.016708420393374047, 0.46872211526787, 0.022422476185314476, 0.01864301068637849, 0.09589428813755033, 0.05015781853288448, 0.03057387713418756, 0.0019406032242170331, 0.005920617741075308]
            , [0.05604498935397408, 0.011258996078206868, 0.019466780335882516, 0.022346617271090476, 0.1397986144921083, 0.031219039575766373, 0.03455764778507634, 0.03572161327577367, 0.023788230934108326, 0.08365329121936668, 0.02365631204073048, 0.02479983720022268, 0.015371849530444397, 0.025096207707224788, 0.032631232299923804, 0.0435222719111044, 0.037497839252995255, 0.04608810534973948, 0.15388652218416732, 0.13959400220209364]
            , [0.025345745854647585, 0.009932137692165442, 0.0029841221830950154, 0.00433206361646293, 0.28019948648570675, 0.006253121237056112, 0.009271961559178978, 0.09210619847027504, 0.005175172020657126, 0.272615384868035, 0.05799360580954372, 0.006090522888915617, 0.00384729434520394, 0.007033683142904598, 0.006449880006606139, 0.01546400351494488, 0.017929380843423444, 0.07265007388525652, 0.016147720358163985, 0.08817844121775713]
            , [0.07597537301757076, 0.011180254217891018, 0.000643621065387241, 0.0009491816893969426, 0.06813352036964491, 0.015543767886478974, 0.0009421280792708813, 0.22083875485461157, 0.0009913791675422447, 0.2603111430947052, 0.0525582479208606, 0.0017033489602133968, 0.0023203448212755396, 0.0016528925550129557, 0.0011549416919373252, 0.018521612636336685, 0.03552848513206383, 0.22268314270941478, 0.0031678334726055932, 0.0052000266577794454]
            ]
# The number of clusters.
n_clusters <- 32
# The base file name of this file (for reproducibility).
fn_distributions = "udm_0032_clr_rb"
