20 A C D E F G H I K L M N P Q R S T V W Y
64
0.24401368099842705 0.0755105821459203 0.0107099783929531 0.0589988370962147 0.0632593357503777 0.0466329129318056 0.0605082897976771 0.0254118354677529 0.0575699439518578 0.0616202710351683 0.0824023533935428 0.0192241807443788 0.0522276048656105 0.0348793882315709 0.0510552860814995 0.0604001421120776 0.0637278508271623 0.0597855464495546 0.0651977231749934 0.0101279217959269 0.0407500157539553
0.05362743186628121 0.0906335783322780 0.0046389801942475 0.0931837669295580 0.1441050397237449 0.0111166985080270 0.0508617768331526 0.0219573365250707 0.0202007810959756 0.0901513689344509 0.0496182691576587 0.0110049277788144 0.0587896491279458 0.0200189917061339 0.0785124740047801 0.0651481366217730 0.0708166819012193 0.0611483046940265 0.0423997016837856 0.0032538210566442 0.0124397151907133
0.04680986958589132 0.0681567420265136 0.0091068877454221 0.0209115290445291 0.0399101823653793 0.0611030883202126 0.0397259956455223 0.0171620485254843 0.0812130020908996 0.0409273382410363 0.2198238520101745 0.0553976926844686 0.0217974688644099 0.0155929937401952 0.0411782696651325 0.0476873159084396 0.0471936399286132 0.0496774098455006 0.0783131176443523 0.0078229339216113 0.0372984917821032
0.04152290649759206 0.0957565862167587 0.0097946611933158 0.0548543813460244 0.0562460324006563 0.0166277781142993 0.0588087425906407 0.0219899653848380 0.0289623471258775 0.0587851488973184 0.0554087619285123 0.0149706010476064 0.0666126931404854 0.0235194223510795 0.0545223049113044 0.0532557628591252 0.1498329986151682 0.1050247183311963 0.0529664250337467 0.0049721804060299 0.0170884881060168
0.03927685142954436 0.0761349801612413 0.0095854377417108 0.0246972891820252 0.0470916916092527 0.0411109656602147 0.0420517098366745 0.0162294686823463 0.1285239650225733 0.0472941210902286 0.1003082320910273 0.0256020738881167 0.0238613185674428 0.0179185763442263 0.0312560781063655 0.0460224062809919 0.0512850327527949 0.0676429759146123 0.1740357834137261 0.0064322173627419 0.0229156762916869
0.03539962753949343 0.2481848991631881 0.0097798475970830 0.0434467025652793 0.0529596185962776 0.0166099879206402 0.0667132694966330 0.0153315120718704 0.0428221349234129 0.0450213572484306 0.0641629127369060 0.0150868391059525 0.0303728995914776 0.0188848105381264 0.0435118585513519 0.0494270805850635 0.0834798502443899 0.0646654680385653 0.0705655571990882 0.0050538671737845 0.0139195266524793
0.03337411990546455 0.0661861788227533 0.0060368899906968 0.0349771895995511 0.0637891422501791 0.0096850270470039 0.0351599819826668 0.0461742824805526 0.0207831706317566 0.1559831295013929 0.0532909959539884 0.0137962897413507 0.0520966552040289 0.0112995348933197 0.0841008023586733 0.1714290721222672 0.0623091359791292 0.0567010405977877 0.0409244458697022 0.0034811941322538 0.0117958408409458
0.025610850228001938 0.0849999703587986 0.0072820422872215 0.0631731599197413 0.0526970929124970 0.0183429747233446 0.2351238638798390 0.0184359910165095 0.0372187485865170 0.0517189008939012 0.0571584308955631 0.0131780892233052 0.0583604295405822 0.0216395810625330 0.0410710633265660 0.0495254365338110 0.0701327183023234 0.0490371226644113 0.0481962820443359 0.0060789624783544 0.0166291393498444
0.02343625252857633 0.0767361412107681 0.0033476675001701 0.1892232908446813 0.2255021435785130 0.0053809037328849 0.0497922111728137 0.0203927611230894 0.0096132007344744 0.0615451406305730 0.0186554605760805 0.0067122892721601 0.0644763576543336 0.0200170669780701 0.0670024132051011 0.0406824648873419 0.0661819865830058 0.0473176345408427 0.0189244590107844 0.0017036186484521 0.0067927881158595
0.022007987345870426 0.0593232871629546 0.0076362022394586 0.0079391541045212 0.0121685629045644 0.0587377851281586 0.0146652955303708 0.0085996898087909 0.1939821707706076 0.0136307491464519 0.2383441120401457 0.0615526321261822 0.0105943306580839 0.0085988135387517 0.0136732376988575 0.0156514744924794 0.0327460544646855 0.0476521927211124 0.1685796709268695 0.0047177876926633 0.0212067968442906
0.02129076709044121 0.1044263725233335 0.0051560877603187 0.0521808457216366 0.0625711845989799 0.0116926821833984 0.0466229787788213 0.0152061511339541 0.0239044330769014 0.0534073117966760 0.0510122069286414 0.0103723065982087 0.0348268749945344 0.2385995451887402 0.0459077782923053 0.0471415117072589 0.0783239094904648 0.0560907890945342 0.0482839374685804 0.0037688747314735 0.0105042179312383
0.02050297165612597 0.0536260499362674 0.0095698944091041 0.0143275906267026 0.0168226187901441 0.1809345989002480 0.0191501352019577 0.0623940308348533 0.0451012208380635 0.0182263543031173 0.0827993101274558 0.0180582433238687 0.0242548199948409 0.0101881234123470 0.0204253973603887 0.0246916031056192 0.0476144422594313 0.0389021768215869 0.0515487455105943 0.0489961394216012 0.2123685048218082
0.018115766230306217 0.0603229792786432 0.0048741074711713 0.1206985869355876 0.0625868191322878 0.0087067013183887 0.0696073628441161 0.0482345190365505 0.0122215539688630 0.0673012324026347 0.0208028709432288 0.0079603947403943 0.2006049850627923 0.0114747021933662 0.0528878441294450 0.0472650207445432 0.1071278809805415 0.0640249173345113 0.0177214673318023 0.0027448656506406 0.0128311885004917
0.017054491977807635 0.1396570416989381 0.0110647675689536 0.0387220446661211 0.0355937919106093 0.0074489899411839 0.0664403146003840 0.0120270332966095 0.0126076955371073 0.0358786378521661 0.0279932144116070 0.0089726118797246 0.0685894537556957 0.0247693731667568 0.0351199934467744 0.0306363136618504 0.2849072386869132 0.1151327675954356 0.0354859234952656 0.0019562190989913 0.0069965737289124
0.014544662178673416 0.0410815800552894 0.0069160289043704 0.0056014773736654 0.0088395340223966 0.0699345216760096 0.0084507480109891 0.0083331510556298 0.1030442010628224 0.0110263698121512 0.4232043398705879 0.0992088311051340 0.0086722487837137 0.0062806326789603 0.0170841442008446 0.0137963721629852 0.0266424341372555 0.0326601376548194 0.0780716441144341 0.0047747870612769 0.0263768162566642
0.014522607435271534 0.3930371820575672 0.0274662956716068 0.0111178240399445 0.0230190826110676 0.0071893860555019 0.0911348767110063 0.0065815767462674 0.0213005514682580 0.0131885821029081 0.0290818625895280 0.0087364371113942 0.0239725333678035 0.0199392934955677 0.0136273348015369 0.0118203503459243 0.1686519277759351 0.0719053324810578 0.0508484264505360 0.0018308291389992 0.0055503149775897
0.014510256778966479 0.0925881323734585 0.0102857629923510 0.0084868806032358 0.0165819002515046 0.0235374022719034 0.0150480700647706 0.0075257338741651 0.1817846898175585 0.0169699511217518 0.0910126650066991 0.0387650123541656 0.0122625036569359 0.0100391151891519 0.0136849110758611 0.0157588904863678 0.0454175393150041 0.0822826624703969 0.3059552027620310 0.0026257151710309 0.0093872591416563
0.01421560540711733 0.0384373444064792 0.0055756530845591 0.0021124123233323 0.0037094587212389 0.0598741211258669 0.0049949547177383 0.0033871347375691 0.2127956606338328 0.0044490418964579 0.3395710736752623 0.0803232520965281 0.0039129818436225 0.0035100378376927 0.0057300358593332 0.0051260633338055 0.0160135627658155 0.0297676844740416 0.1673726578371081 0.0027970369842751 0.0105398316454412
0.014175024679257867 0.1300807393685312 0.0014020323118945 0.0844087389428047 0.2053573485873265 0.0025117087137509 0.0338611560023671 0.0123428632177877 0.0069052776269073 0.1312218657460790 0.0167824134637124 0.0046859575767898 0.0480959843920419 0.0068791921809125 0.1019068793102830 0.0711903985746749 0.0633920622852067 0.0517420348756875 0.0232230430382994 0.0007614294489375 0.0032488743360057
0.01366423682207027 0.0478863917184043 0.0063509838710038 0.0031346917301898 0.0055022138448935 0.0291804285959277 0.0057512164462412 0.0038495102839965 0.2984386836780640 0.0060415478256078 0.1444043744027585 0.0459520599658851 0.0053211672742985 0.0045384235700022 0.0062002119528840 0.0060723724287259 0.0208099107012300 0.0446742320914312 0.3076635602781375 0.0018589442272438 0.0063690751130750
0.013618362955794355 0.0958246493969902 0.0057984250307311 0.0540011438216129 0.0394046786094615 0.0069593917677152 0.4340175071973404 0.0119621222898530 0.0093284233247081 0.0384311118365983 0.0236687147457595 0.0066304806001925 0.0597280414335052 0.0103146790723047 0.0293691749726401 0.0335492264921759 0.0769499319098620 0.0326873066069280 0.0222746778275184 0.0024367727662701 0.0066635402978329
0.013538083689811502 0.0506077990554213 0.0030475915449887 0.0276961445972170 0.0618110716317711 0.0038400264505673 0.0253069554074795 0.0284476643518377 0.0107846272334556 0.3104388950205032 0.0290787313307255 0.0089810618493383 0.0522024932765208 0.0058576851895779 0.0840688822661728 0.1708828568383845 0.0508231867757018 0.0469705554786324 0.0228271677625918 0.0014193707787919 0.0049072331603207
0.013531908361658976 0.0578200989329123 0.0016084247830634 0.2479197651664748 0.3627635865996959 0.0022483625527609 0.0304728522439058 0.0110944956957191 0.0045257365723618 0.0439904762619033 0.0082763811555028 0.0036580016859892 0.0456765721710938 0.0080995593688955 0.0625817344156395 0.0226187237104966 0.0425523489726407 0.0298330110949755 0.0104373442424790 0.0006904309656692 0.0031320934078214
0.012797044311508254 0.0844963798844905 0.0069938808786380 0.0274683087409846 0.0407252276944106 0.0098554327677203 0.0292785906544665 0.0109842303179598 0.0529024008052751 0.0488168463688381 0.0475462567759929 0.0212770917079909 0.0474089854079700 0.0108197539658486 0.0360450400142672 0.0382545454953463 0.1204859347748835 0.2793613923948183 0.0756510895552010 0.0028193917767876 0.0088092200181099
0.010767125728798996 0.0210694937059441 0.0061600057802170 0.0045258897902952 0.0055495942410255 0.2876831140047251 0.0054103404980960 0.0531376749546591 0.0218998678558117 0.0062156406991729 0.0513377744200791 0.0094340203780286 0.0105409634371154 0.0035470070558874 0.0080163374865372 0.0081997086290176 0.0215841093203019 0.0112084197149888 0.0247122292307863 0.0366905041106557 0.4030773046866555
0.010707136826745876 0.0361225224702916 0.0046529608183006 0.0082624829953270 0.0300038338975960 0.0043410382944852 0.0156895602842463 0.0355380926844123 0.0097515904959627 0.2279808245478884 0.0302303242740572 0.0087014212789246 0.0335178318109059 0.0053816060587608 0.0651138897217396 0.3897622903774882 0.0394094289517198 0.0328760476976449 0.0147106634541112 0.0021690518066360 0.0057845380795015
0.01008166430386849 0.0420322522844238 0.0025513121148302 0.3727694067858421 0.1045184948816442 0.0035332963524484 0.0563907269962132 0.0272868332070425 0.0052735123559181 0.0397215751452792 0.0081438590104339 0.0037478632222776 0.1549962469039031 0.0071215981853464 0.0331366021093065 0.0222141871453921 0.0653994269622490 0.0362268833580019 0.0085718854144426 0.0011871593854758 0.0051768781795294
0.010053434232314081 0.1155703563326985 0.0036278568099908 0.0279007844992619 0.0363802703997011 0.0051940848827226 0.0288360509283120 0.0086030710263525 0.0115064346865382 0.0318028391354191 0.0311600451652550 0.0056824633624423 0.0182243180752458 0.4580073316775579 0.0295563256426025 0.0262916194743424 0.0785186173676724 0.0439511418260565 0.0330462711044047 0.0016055330831301 0.0045345845202934
0.009889346941404075 0.0275540064934889 0.0041446613988218 0.0011607783706332 0.0019816480922465 0.0315460341428110 0.0025629924620159 0.0018222045398370 0.3313564135058895 0.0022888530499861 0.2416047979880405 0.0564218885449853 0.0022982576868854 0.0019992030629877 0.0028895777368334 0.0025658170307876 0.0062374276812024 0.0221884527770097 0.2542891108187884 0.0011480366502339 0.0039398379665159
0.009557643600639765 0.0327024254784225 0.0047177894584348 0.0014982612688694 0.0025242858319088 0.0158447979329406 0.0027477469343077 0.0017965293257842 0.3569601305537455 0.0028090089955099 0.0888380956262207 0.0261999704038779 0.0027043673627342 0.0022628265418845 0.0027595210337853 0.0027156628054347 0.0098343772386295 0.0271685115555826 0.4122215638238947 0.0007920381315049 0.0029020896965276
0.009258581280110239 0.0189253424133081 0.0032788018292312 0.0009360963382173 0.0015987094557915 0.0460829311093793 0.0020111707718701 0.0015701944360368 0.2113297916670105 0.0018088686963227 0.4706394111015341 0.0828267669383713 0.0018334106681807 0.0016339038958993 0.0029344885347873 0.0022272869982993 0.0048130486583785 0.0149221572149396 0.1246906675543222 0.0012516390239104 0.0046853126942101
0.00915889383993373 0.0193943720454056 0.0041138195089958 0.0016823120669521 0.0028850009547970 0.0542869056938681 0.0029310955547606 0.0032119990336034 0.0977597601418541 0.0036391563495813 0.5637597730293121 0.1345336586878010 0.0031505444809835 0.0025355539303624 0.0065916673937930 0.0041793672252365 0.0083456812336395 0.0167812065732781 0.0605074210828142 0.0020449913785125 0.0076657136344489
0.008169076956057246 0.0318066476288517 0.0085502336607549 0.0040830218907581 0.0053213675625811 0.3486880991456142 0.0070780529622563 0.0132748999629563 0.0640152285078295 0.0063588244121748 0.1670840166964540 0.0445140718186501 0.0075980578658818 0.0043739307298364 0.0077699942970765 0.0074684376621103 0.0256274587265635 0.0229533811754031 0.0566721023348003 0.0296865694177846 0.1370756035416622
0.00786295711763912 0.3005055815201993 0.0421986714798546 0.0027506302416267 0.0043757397291947 0.0184893604912877 0.0391639318441642 0.0028729854647092 0.0722978700061363 0.0039437346097795 0.0594961176499076 0.0297078403915255 0.0055990051442403 0.0052229530769743 0.0047715226329027 0.0041778001700975 0.0819455212508720 0.1139873301211436 0.2032344552160696 0.0013951478009339 0.0038638011583809
0.007844431133181538 0.0803640074651774 0.0104953008561568 0.0254610023236677 0.0131820645151541 0.0048093220862007 0.0326084230115192 0.0064673839577514 0.0140980247962238 0.0209091752941551 0.0183878746660383 0.0072532106459864 0.0515245542542868 0.0087309127441555 0.0120523193534126 0.0112502632422392 0.3282495642668211 0.3181938234146416 0.0304389271059412 0.0013304183753845 0.0041934276250866
0.00776150529799046 0.0615957944746837 0.0032260143143411 0.0343648707922063 0.0219602461122580 0.0029692518808476 0.6903552102855328 0.0059332373681911 0.0040647764465599 0.0200865362771327 0.0063142571704736 0.0031440067682948 0.0370354128126248 0.0044818154540733 0.0140163423391884 0.0171391207304011 0.0453278571437793 0.0163821174963933 0.0076186998324691 0.0011857672260548 0.0027986650744942
0.006792860967779785 0.5707253476011138 0.0289740571218447 0.0028089241682621 0.0040764340563248 0.0034137967463361 0.0650378325333035 0.0022636129736532 0.0161980805768364 0.0032753641672231 0.0155535219573554 0.0053730071996043 0.0050757067214323 0.0052588248470358 0.0038481270203221 0.0034355776116371 0.1544499405284615 0.0587987263103239 0.0483582041364177 0.0007691120957644 0.0023058016267480
0.0066305380563419294 0.0182207602283382 0.0025482191070007 0.0006980735376652 0.0012083404683238 0.0165564786507927 0.0014548180088698 0.0009578036397979 0.4416297374175324 0.0012836651840532 0.1355671206461985 0.0301811803138673 0.0013660291193113 0.0011602467834131 0.0015314275688136 0.0014080082739132 0.0036347166424558 0.0153271621295586 0.3227586294304844 0.0004943733630242 0.0020132094865860
0.005780989340501419 0.0209269378228036 0.0019708938432059 0.0040879317303429 0.0203527578730404 0.0019172469541473 0.0073898489867203 0.0163522879101806 0.0051865550614201 0.4570219924436577 0.0149006936582829 0.0052183980541600 0.0247366193403445 0.0026544468308582 0.0428007203004341 0.3192094527661187 0.0235446276259486 0.0216818828673964 0.0069097075125955 0.0008106184009811 0.0023263800173611
0.005193450976275271 0.0095258738493092 0.0018378415657285 0.0006520575773894 0.0009703634939696 0.0402194075741457 0.0011040649649478 0.0010593095116773 0.0917329381561833 0.0011835476376214 0.7018296962478100 0.0823115627778311 0.0010866690370271 0.0009535115900547 0.0021010557661056 0.0013834346471972 0.0032655719622681 0.0076869225774024 0.0477527379490124 0.0007343479483371 0.0026090851659820
0.005134344263958227 0.0247039972141886 0.0054902313220758 0.0007459688292143 0.0011909544591240 0.0073250349845905 0.0012541441270513 0.0008338165468050 0.3148951712975574 0.0012440807725627 0.0493995960974170 0.0128990401572830 0.0012591411300374 0.0009955500515147 0.0012381315585347 0.0012748862785484 0.0046193050146187 0.0154589671797848 0.5536807997441724 0.0003265958155959 0.0011645874193235
0.005063769085072203 0.2654068661482993 0.0320357476666349 0.0044876358866615 0.0046348779831636 0.0037461976080482 0.0573672397887720 0.0032676613634732 0.0060374840827009 0.0042728394673074 0.0112753389391820 0.0046134171104478 0.0204189904432376 0.0056162718132774 0.0057888638964353 0.0044751078269083 0.4592283289017353 0.0799318681714195 0.0237428902671877 0.0008960114363870 0.0027563611987211
0.004967610403839995 0.1233540852534793 0.0244924580972362 0.0017579157765479 0.0027967364348575 0.0139847880918760 0.0071798985913722 0.0019174856264830 0.1675910231263677 0.0027113733533769 0.0654235882514618 0.0258227084447563 0.0033385632622154 0.0030454463339602 0.0030322010398597 0.0028821446703865 0.0272112590736353 0.0673102815222604 0.4526124674996074 0.0008271691124747 0.0027084064377853
0.0046253207862427806 0.0166376973187598 0.0021178123449666 0.0004540737658301 0.0007136628465007 0.0278981326703536 0.0012911900669830 0.0006340021923821 0.3445721102012061 0.0007287019294789 0.3530623083617647 0.0473988852626283 0.0008911891176947 0.0007978778584578 0.0010630620301087 0.0008225279998974 0.0025877957653046 0.0107644570452689 0.1851509838684038 0.0005503801480529 0.0018631492059574
0.004601501663368747 0.0083041125121917 0.0031121531259612 0.0015405126539763 0.0019441679519786 0.3034908047504489 0.0019882079945665 0.0287382149528893 0.0089317923331396 0.0021199716035394 0.0237136834217338 0.0039429531983110 0.0037976238932704 0.0011789132599512 0.0028012101343036 0.0026318145088272 0.0083869924902642 0.0043104394639019 0.0104113195565043 0.0188356672932319 0.5598194449010092
0.00449034575662326 0.0456934794242642 0.0022488603631937 0.0091393362960651 0.0061538344824873 0.0013486231661340 0.8587457574004606 0.0018572119523107 0.0018605066674169 0.0054518872402508 0.0027728868381657 0.0015924143381901 0.0114164780066772 0.0016034704353880 0.0028298024760389 0.0063930904148850 0.0271256634961711 0.0072571400478790 0.0048232991821355 0.0005221263955694 0.0011641313763167
0.004456822546652399 0.0228048227896631 0.0052353481025497 0.0012972316277244 0.0018118806196037 0.2850161257475599 0.0035505959725027 0.0028421233904168 0.0862023887801201 0.0020921600405682 0.3839089363376876 0.0662464303882734 0.0026455427127327 0.0020578343507249 0.0031462655905532 0.0026080963590699 0.0114795775518189 0.0155902986534608 0.0595345258274026 0.0058360697650990 0.0360937453924685
0.004101300083014054 0.3787132733217568 0.0154197371273668 0.0026810153907333 0.0032959673511172 0.0033495342563550 0.4123679426081301 0.0020197492711292 0.0059682829678177 0.0025755092179013 0.0116744268540183 0.0042288023088809 0.0051685096665104 0.0035488541271685 0.0032097187918345 0.0030525265698789 0.0978212216295988 0.0232280277283846 0.0189400278147821 0.0007839749950390 0.0019528980015965
0.003984851037852115 0.0112976586463760 0.0036586953243747 0.0015633274172076 0.0019909584674049 0.5885861113582791 0.0023679369100159 0.0125433309764738 0.0217130955644557 0.0022624801417619 0.0707867337300443 0.0173530332350708 0.0031205299321262 0.0014808253179002 0.0028002778735971 0.0026517781577347 0.0101877355846819 0.0051474033893948 0.0202101364278555 0.0183152375540432 0.2019627139912018
0.003962796294450233 0.0342182478530904 0.0060880685522635 0.0258991395544934 0.0212388943931654 0.0360522775631878 0.0109948635809488 0.4056615076706662 0.0096958440693264 0.0319651160790888 0.0327622037853166 0.0076134036701440 0.0855766617806961 0.0055942840938115 0.0667857407985286 0.0469701992093280 0.0417703047521247 0.0282157699592511 0.0130483110454793 0.0033075498548459 0.0865416117342437
0.003942505930520501 0.0310821786648864 0.0008884701557888 0.2516289508115084 0.5460048866388324 0.0011863356572233 0.0171945981092277 0.0043498778557477 0.0023913220010869 0.0227686988413907 0.0038322922569367 0.0019963485019056 0.0231744154849125 0.0026776349560696 0.0412912308571470 0.0060218897294660 0.0209584445780789 0.0146202113848844 0.0061098755250293 0.0003547241634016 0.0014676138264761
0.003690199666002966 0.0438600148168642 0.0040389846952728 0.0260020193282564 0.0956079297400114 0.0059257026591209 0.0149818604616586 0.0647975421638407 0.0112550236606349 0.0635231405016502 0.0482362274473297 0.0266834714471595 0.0355686820728460 0.0067231413237907 0.3815727565961459 0.0594432486783815 0.0415412888304449 0.0362828386902633 0.0242362657138539 0.0021022995858917 0.0076175615865827
0.0035561068261195207 0.0319641261314454 0.0036935782509863 0.0911806866122601 0.0240207694219896 0.0039421029420158 0.0391866556884688 0.0381523575924858 0.0058201455472180 0.0354655354464882 0.0076584983710026 0.0040301087860238 0.4963651643960316 0.0037586098516696 0.0236909379317835 0.0216456991094270 0.1069156186282487 0.0476209872165268 0.0078204207805882 0.0011035407407664 0.0059644565545738
0.0035305233237733374 0.0094559675604530 0.0014813361771222 0.0004762885912646 0.0006781737838804 0.0075004043340371 0.0007317866194108 0.0005229655467483 0.5259021828401421 0.0007071440924480 0.0692468777128933 0.0137416254625933 0.0007750481901542 0.0005003079758107 0.0008292575008923 0.0007482914987639 0.0017491830008606 0.0081987217953517 0.3556818728017632 0.0002134559965401 0.0008591085188701
0.0033205621665874166 0.6486517266584934 0.0149629975287445 0.0010276174907227 0.0013761567703314 0.0013897194758769 0.0577949238474082 0.0008817636087567 0.0035177399042257 0.0011765776403433 0.0036853044391922 0.0022991120478618 0.0023087318295226 0.0019128241373578 0.0015514586165036 0.0012445906826167 0.2071468613677612 0.0300528690201169 0.0176620220807356 0.0003553664244390 0.0010016364289898
0.0031379488912198304 0.0761894136293571 0.0019793424068645 0.0048399760262825 0.0106561255991095 0.0024003940459007 0.0132118956185858 0.0035317943160344 0.0055840386972514 0.0091172201116757 0.0140520643031223 0.0027054005802479 0.0045824555109157 0.7535774737391592 0.0100510098918717 0.0056851026104096 0.0415303920026376 0.0211930519737079 0.0164554142314339 0.0006799762102017 0.0019774584952311
0.0028927001445908976 0.0161539342656902 0.0012418867779699 0.6907346484110948 0.0657207131054320 0.0014794731889587 0.0178737325714953 0.0121296491174275 0.0022880430319490 0.0121549769431156 0.0032882311365667 0.0016322203630877 0.1095001260368351 0.0022786292271726 0.0125937551792484 0.0047140656573313 0.0264880668915272 0.0135741228199144 0.0035632972984401 0.0004794884048540 0.0021109395718898
0.0028194783964966483 0.1195539713816071 0.0150248861182599 0.0003480583528702 0.0004971538336043 0.0701635720883914 0.0335555892890762 0.0004502337130587 0.1895273372840977 0.0004923807839345 0.2435081807590688 0.0357592638574651 0.0008657761590982 0.0014471045220362 0.0007412088554459 0.0005550631441303 0.0252827249457955 0.0380026050025905 0.2201767831216824 0.0016534756903966 0.0023946310973908
0.0027833086173175607 0.0397792907957542 0.0079280457222711 0.0085941058888772 0.0035155593019032 0.0022810105624113 0.0135981432583256 0.0024761521068645 0.0091934891885019 0.0051503443818326 0.0085559785226410 0.0037235635205858 0.0212802325461723 0.0028940476976136 0.0036056192510650 0.0039065388478571 0.3070166681636836 0.5382980682945742 0.0156483253260072 0.0006449855261910 0.0019098310968677
0.0023960273231805056 0.1046994661133201 0.3988135337180030 0.0087466147269031 0.0095568798359397 0.0216715494335799 0.0383675007136234 0.0090752040670131 0.0320769894708422 0.0100556841427577 0.0409088930221293 0.0125453951446753 0.0268674789812250 0.0079172475086783 0.0100181546365959 0.0124422132631696 0.1183551145186521 0.0639454304958133 0.0599539622680351 0.0034948398379271 0.0104878481011168
0.0021004937615952813 0.0185886680342583 0.0053482346168003 0.0039528160176858 0.0050897963465141 0.0718326265424207 0.0091610281832123 0.0077259789490972 0.0125727693653004 0.0058068865923295 0.0340394628967597 0.0070552235400807 0.0063036293005809 0.0038390832124833 0.0062402874248030 0.0125966705071058 0.0193777925945140 0.0130423195391730 0.0168478083779881 0.6792703404882665 0.0613085774706265
0.0019664009217118363 0.0151151939171393 0.0006338703027430 0.0024634041614833 0.0009980278461994 0.0005241381929014 0.9581022855526498 0.0006718375554184 0.0006131003628676 0.0007410513957976 0.0010482337333354 0.0004808123738721 0.0028931174573915 0.0005295692240966 0.0007365735287103 0.0013174678092816 0.0092483952311387 0.0021980255446855 0.0011291200842623 0.0001808742269739 0.0003749014990525
0.001019811334903043 0.0108605863173828 0.0023975483481327 0.0020982458676171 0.0040352704769987 0.0019765985052051 0.0049117261751883 0.0145269343531609 0.0034001334999915 0.0788967767792577 0.0101547085624397 0.0027043547963588 0.0090125797059526 0.0015343467975234 0.0184449673930581 0.8058738283506062 0.0118390566617906 0.0101402872249093 0.0041120950218358 0.0008833152707793 0.0021966398918114
0.0007842666753709387 0.0079404558561760 0.9145402709004131 0.0025160277015360 0.0066700697331320 0.0025384916438682 0.0052576867072613 0.0023913865487990 0.0049519845031230 0.0053591268885094 0.0067411760338238 0.0018233533932238 0.0027639799913580 0.0022153121044107 0.0029488967223948 0.0034739591360154 0.0114481731220670 0.0066480959078402 0.0062320288410539 0.0009635183435595 0.0025760059214348
