# This script is generated automatically.
# Vector of amino acid stationary distributions.
distributions <- [
              [0.06825307913123545, 0.02092888769476846, 0.05618761533762179, 0.06115270604537753, 0.04541191578273497, 0.059910656453197236, 0.027887864620312255, 0.05805675485605251, 0.05801070890059922, 0.08004832703483697, 0.020812610465275088, 0.04671532883617467, 0.048569339091501594, 0.04745846662634068, 0.061722186165367114, 0.06351701936698655, 0.05827319708621463, 0.06635436013820432, 0.01683749677875553, 0.033891479588443386]
            , [0.06945223017207904, 0.01637041766945739, 0.05788969833377438, 0.0683495363973592, 0.038257432093210406, 0.05520295204264063, 0.026324475898115738, 0.06312970420439372, 0.06767952135404394, 0.08648158368140774, 0.022714427102856333, 0.055401915326200125, 0.028974094126866707, 0.05386797026455383, 0.05911765525264266, 0.06751510775295173, 0.06059090931412112, 0.06642436595359866, 0.005425057667731598, 0.030830945391994997]
            , [0.06857091608966137, 0.013273196015875875, 0.05022914353349518, 0.05976777876233598, 0.048550967650417685, 0.05542762652422084, 0.02351446304084015, 0.06345338308113513, 0.05549887732020991, 0.14112132123344376, 0.022888880056515754, 0.03573315185015934, 0.029918277777661987, 0.04929477448661201, 0.05721293911373172, 0.06132115858206751, 0.05604130233180257, 0.06744065565688634, 0.011034473321526354, 0.02970671357140039]
            , [0.06800064201404134, 0.006025556909764763, 0.05965981767765828, 0.06127596082389274, 0.04659374899238112, 0.061162111351185496, 0.02369708589481246, 0.05482407387732301, 0.0611205790205604, 0.07480886562048185, 0.01995223993960551, 0.05487212458632485, 0.04763110924186379, 0.051407787730708455, 0.05741917259502348, 0.06273942652331659, 0.06135110553881168, 0.0644293285806688, 0.01661352952024299, 0.046415733561332585]
            , [0.1415089737999736, 0.012414827961732407, 0.05628462628697722, 0.062235627010435494, 0.029416977331539994, 0.0636273728000776, 0.023319019556216576, 0.05321380567516301, 0.0502235480267509, 0.08505018133068307, 0.01863577045953025, 0.03311050101967383, 0.03283041912077163, 0.05078507889462258, 0.06161597616536976, 0.06531790044883655, 0.059248599565280516, 0.0662105941429882, 0.010147734156054276, 0.024802466247322536]
            , [0.07266351603809992, 0.009818425372526746, 0.06851633721602263, 0.13474544947176698, 0.02707231343351461, 0.054390563288566666, 0.02180637702950272, 0.05345382663833501, 0.06790708632474672, 0.0757463338146951, 0.0181984123403279, 0.047513493387201844, 0.02725754458096733, 0.05397924716837342, 0.05574956099711277, 0.06147068510064092, 0.05696198993148491, 0.060041374977687044, 0.007962246842510167, 0.024745216045916372]
            , [0.07409679863236235, 0.0144421552876557, 0.05541527248512815, 0.05972852050402725, 0.02893909019728129, 0.05943159844982391, 0.02442600975259924, 0.04983854152200239, 0.05680386972263476, 0.07312061572160809, 0.018415518285273786, 0.05743187147554494, 0.029753343021717924, 0.04888036854374312, 0.055712578522811966, 0.12654101070118615, 0.07217363724688702, 0.05966393231408202, 0.008931940429317982, 0.026253327184312173]
            , [0.07000889749238645, 0.009280637057045979, 0.047902008400858696, 0.056649569656203366, 0.044380107078264314, 0.05258108664651733, 0.021011532301325426, 0.0595840155688542, 0.05107461580747779, 0.18983979940818596, 0.02564778168145962, 0.03927778520202459, 0.02423598212032574, 0.04778195890981912, 0.05411080520740843, 0.0561783104658585, 0.05262350925618514, 0.06229890638849419, 0.008083964764792308, 0.02744872658651273]
            , [0.07333299166454764, 0.01114335342353789, 0.05999329941279174, 0.060721869269446026, 0.030931452849512032, 0.13365706408643754, 0.02244343699569614, 0.05373093973904941, 0.056063731630820235, 0.07747139471253929, 0.018415419392662693, 0.05013662380249822, 0.03240324121858839, 0.04344646040627237, 0.05627359205433052, 0.06522148546418759, 0.05538396495149312, 0.0617700781011193, 0.010554708263191272, 0.026904892561278634]
            , [0.06819163307886153, 0.008502629193173242, 0.05374737488315606, 0.06891769056228857, 0.02506148267116197, 0.05212790298435832, 0.021192597723629785, 0.05397620906297015, 0.14628825160117243, 0.07182344713583817, 0.017909908771290305, 0.05379258763777263, 0.023245404618500113, 0.055280139355428894, 0.06749588534935934, 0.06208128432680741, 0.05934940850862905, 0.059666469815303304, 0.006688727399546626, 0.024660965320752175]
            , [0.07228814651622575, 0.011941296036461291, 0.04991627889531548, 0.05868506618528107, 0.040786489425806996, 0.05551778562043937, 0.021515419977523587, 0.07363110402389104, 0.054946097257053544, 0.07943951126258764, 0.0207200988071554, 0.03454748947267534, 0.02984492108765723, 0.03400419758298542, 0.054318503246690755, 0.06032940672197348, 0.0638584422906707, 0.14520030493945318, 0.009929978041542413, 0.028579462608610297]
            , [0.0792386459681859, 0.008125598722190918, 0.055147512604357, 0.06338051702754313, 0.024838666645014544, 0.05597717873031255, 0.02023146190050523, 0.048264223618234556, 0.05674607189329041, 0.07072789510861652, 0.01607179280882072, 0.041342020353726576, 0.1462366776955124, 0.04562958310740383, 0.052735147792474214, 0.06747955611515516, 0.05720445566641664, 0.06055084238216982, 0.007969552095580996, 0.022102599764488872]
            , [0.08030413503476166, 0.010493348822040888, 0.049786609459375464, 0.061805647231203645, 0.02414994661673749, 0.055177896273022435, 0.027903348194644864, 0.04627332494871653, 0.06648565419455627, 0.07662460108669868, 0.01723854929372844, 0.0400897473590291, 0.023649080055336943, 0.05806741653540398, 0.14768755840373757, 0.061842188538366975, 0.05964634897046016, 0.06073138267848768, 0.008997769530136049, 0.02304544677355529]
            , [0.07423103242913137, 0.008108625692869803, 0.14841805341726613, 0.06415770944602918, 0.027493023336212206, 0.06120235463452341, 0.021463346591433077, 0.05148016325887533, 0.05720799956821493, 0.0719217930718854, 0.016964347292130862, 0.05941062788851242, 0.029229473531123287, 0.044323877701710396, 0.05068664778165769, 0.06296218918579234, 0.05627215730648436, 0.059411626704678915, 0.009425625227595116, 0.0256293259338738]
            , [0.07191673446538191, 0.009321446899646065, 0.05273229809163298, 0.058698357313431426, 0.026058612292590516, 0.05437066469305427, 0.02012090286049548, 0.05665136247449416, 0.05810018522075462, 0.07167709595245152, 0.018320041463896673, 0.05109533101977025, 0.02471189153693785, 0.04674057704255968, 0.05450813083365209, 0.07348012656116061, 0.15285213678905404, 0.06641867389517776, 0.008529400871707688, 0.023696029722150357]
            , [0.07463209126556629, 0.007737942588897111, 0.08512312172375705, 0.10149808912117167, 0.012977664965514071, 0.06004533641449236, 0.03017269366189173, 0.020465808164838405, 0.09139884993494511, 0.047742106975679446, 0.012267799681120515, 0.07496971260293117, 0.02649377558578244, 0.07124133006404502, 0.06794635824405348, 0.09654414547414528, 0.06912237438141888, 0.03118473986133934, 0.003326525932060078, 0.015109533356350523]
            , [0.06542847160937401, 0.009944316088757933, 0.05059365044698342, 0.05768224282736855, 0.04519146835689441, 0.05612105828391056, 0.019637316170040504, 0.14625059870227908, 0.05828705167378913, 0.08545171423605231, 0.02194114170099782, 0.04638523837399147, 0.024922247002273315, 0.03179864544629639, 0.05001635224596296, 0.05617314359516374, 0.05616091872115634, 0.07849618260150606, 0.008912679470768405, 0.030605562446433577]
            , [0.2219195211281908, 0.009335936511097919, 0.051981270041538914, 0.05609865130465411, 0.025932303258101128, 0.06040093199504267, 0.02002704801659186, 0.04703369692437662, 0.0509644521179016, 0.06901170304181879, 0.01711377281106111, 0.036072795737815126, 0.0223828170274785, 0.044663936242732634, 0.054087347681230344, 0.06703130057763605, 0.056117071907120945, 0.057914433478396775, 0.008670437659335327, 0.02324057253787893]
            , [0.07281578859201683, 0.012548233228832016, 0.025206796352190173, 0.043335850393748286, 0.05355560928092608, 0.043079964617968355, 0.019428225878097935, 0.09297728413327062, 0.035929989686881894, 0.15708529829594436, 0.03220554628008962, 0.023945111075108834, 0.02174793154706056, 0.029880114928703228, 0.04775938296401048, 0.054844161811653865, 0.060439634996433615, 0.13424215496376038, 0.009405329487689906, 0.029567591485612874]
            , [0.06751773122219591, 0.009260892903861917, 0.043986033649462915, 0.050109498303615475, 0.07169558088200292, 0.05057912465085667, 0.03511819471536724, 0.052446074988662314, 0.05073784872078229, 0.07775936126651098, 0.01862930457378019, 0.044996762657084535, 0.019971744586310042, 0.03165099910384177, 0.048648263848825, 0.05805741297056836, 0.05295006118521725, 0.06056537193611687, 0.01193447429154731, 0.14338526354338996]
            , [0.14175049264991887, 0.012009665198250181, 0.051055562129343916, 0.05773672893006293, 0.017337346287230975, 0.06416858853965333, 0.019662628990843714, 0.03144904838836703, 0.05140498982990464, 0.05828003527234978, 0.016042355294924704, 0.05417865093330663, 0.033161446722178876, 0.051728128075147366, 0.049697097408592676, 0.13041387235547924, 0.08027714522056208, 0.0573304325242485, 0.005118812396347862, 0.017196972853286866]
            , [0.06533185859180762, 0.007656522543525323, 0.06385612136027005, 0.05723890757133534, 0.02637770018562843, 0.05781695292325245, 0.024517123843941988, 0.051626463170904524, 0.06440239001147197, 0.06410128864021918, 0.015693305714728677, 0.15823198032354266, 0.020028088368609677, 0.04919622846245225, 0.05099352721223382, 0.07228089804258099, 0.05984980170018716, 0.05353564959985119, 0.007657259820135488, 0.02960793191332127]
            , [0.06950561383053173, 0.008026021624933963, 0.053613355128396725, 0.05156771413934395, 0.032183292573535624, 0.19974041854177524, 0.019733001927946782, 0.057150721630809274, 0.04992954377977472, 0.07912744717055639, 0.017946873312003515, 0.045910706442024315, 0.02677202030300132, 0.030770679573060285, 0.05136927608609617, 0.0568018271757303, 0.05155637966215338, 0.06422938361915528, 0.0085465893921584, 0.025519134087012438]
            , [0.07166845893535391, 0.010725566286601733, 0.0450957150764543, 0.05040109140476037, 0.14626543290123817, 0.05569821352378991, 0.02425006529091487, 0.058387137207748414, 0.04646612013924515, 0.08244316804702322, 0.021922739444886246, 0.033357454953448135, 0.023208606626185038, 0.03010127437876491, 0.04750481653601158, 0.05863294754529578, 0.05262251008950698, 0.06466788333173558, 0.01234477411073876, 0.06423602417029711]
            , [0.08185473577305719, 0.0013415487830480122, 0.06050961923753188, 0.06323607942361034, 0.027557162944236314, 0.06232359745079018, 0.016528046865563088, 0.05481434799935412, 0.06714073503888579, 0.07968801701159278, 0.016685392687629155, 0.06016998812974133, 0.02752937342512777, 0.057816922135079385, 0.056898301622027955, 0.07740003438711655, 0.0716755652359329, 0.06773101816243723, 0.009206460133431044, 0.03989305355380695]
            , [0.06383088844246344, 0.007765238487897419, 0.037566402635777305, 0.06315472677811587, 0.013189772241694644, 0.039798987946912945, 0.041918536201822065, 0.024794628756676478, 0.15948595474142901, 0.05225404583679519, 0.015591455042256522, 0.05224606732384549, 0.015694890577819733, 0.07112891960300276, 0.15547806691156066, 0.06426285492317495, 0.056793553552542904, 0.04536594861242969, 0.004798819253535689, 0.014880242130247271]
            , [0.14811974691583346, 0.005262103540924118, 0.07680702785973173, 0.11595486710854236, 0.013963228149046129, 0.05624588504037288, 0.02069465432976154, 0.022251757918196835, 0.06427192991396204, 0.059904486014720947, 0.011525432804680637, 0.04270129407055471, 0.025692146152274956, 0.06998404308918814, 0.07860349485443807, 0.06465946329410045, 0.05753843781304445, 0.047230134094074505, 0.005381455200983789, 0.013208411835568179]
            , [0.07229654571182982, 0.0037863201010098174, 0.0753561640556597, 0.1485555514096536, 0.010075109121672652, 0.042751685773970566, 0.021881363417052258, 0.02004389025945253, 0.14097528392741843, 0.04556401776798741, 0.011136032657494929, 0.05993812577957444, 0.015196868765903825, 0.079871725956409, 0.07237368715357366, 0.06704517032004227, 0.059984883102933075, 0.037897368160878145, 0.0025347012321661738, 0.012735505325317706]
            , [0.062088436485865046, 0.009229312538515227, 0.02621338914703277, 0.04371807531929931, 0.048714656940258165, 0.045590193084700976, 0.018223825864234225, 0.06430429798381972, 0.038504281070332366, 0.2628638593707935, 0.053492672403218984, 0.023729158036776384, 0.016867649756158423, 0.04369456919133607, 0.04914504144821939, 0.04818499944437375, 0.04832054592678215, 0.0649806390377247, 0.007686542374210985, 0.024447854576347638]
            , [0.062000308638492777, 0.00920163441783495, 0.025988294331803666, 0.04513230665550779, 0.04849799203516997, 0.042856251659469366, 0.01639769575761763, 0.1455882839226796, 0.045494099366356774, 0.1869667300465732, 0.04421910472952242, 0.02457236450944676, 0.0163810539528778, 0.027624994281822534, 0.04147668827694902, 0.046671211723291466, 0.05065298233396692, 0.08658938122136148, 0.006760591792966713, 0.026928030346289187]
            , [0.07204477611330969, 0.007808491587815572, 0.04841916823702571, 0.07539810333423566, 0.017477101558627403, 0.040749037006388454, 0.04672810756886133, 0.03860428463160863, 0.06996165758902517, 0.06868492412408131, 0.01945799418507554, 0.05458261901343227, 0.01754524944351928, 0.15496148332204704, 0.0680225802588302, 0.06462053808546057, 0.060247338370302966, 0.05101962477113449, 0.005263584465244466, 0.018403336333974306]
            , [0.07021465586325083, 0.006295369647791873, 0.1542436557429577, 0.146478548764375, 0.014547186180897193, 0.056173933297204444, 0.02165298216147626, 0.02053334067880628, 0.06537416431784554, 0.0497514561468438, 0.011534042328076524, 0.06247200692097879, 0.03420294196680197, 0.056739959389102534, 0.04937414128624535, 0.06659474909865747, 0.054131372286638654, 0.039713997280357106, 0.004493594649469469, 0.015477901992223179]
            , [0.07781232735057908, 0.011654276621146497, 0.052264572080289756, 0.05013877907762571, 0.023994549550917545, 0.06112597243683173, 0.021176231352067244, 0.03966122147428749, 0.051457971164677006, 0.06390927611867582, 0.01595266748072029, 0.05797564797365163, 0.022419187097070623, 0.043208126994831515, 0.050803460247817435, 0.20037159367742602, 0.07319130036043944, 0.053010073444479895, 0.006997915280893922, 0.022874850215571535]
            , [0.06359401875957371, 0.009359036218588981, 0.033162032566432235, 0.05021751841690176, 0.039415128545678094, 0.046790849418773914, 0.017979420361644943, 0.15724046711623763, 0.05158022320419916, 0.08342099407563874, 0.019890671595784278, 0.027233543639915835, 0.020226247616653526, 0.0287701993932414, 0.04861137222257656, 0.050364972304136404, 0.0561127096545244, 0.16331920194963784, 0.00705850159527803, 0.025652891344582603]
            , [0.06660073549307982, 0.007164406005603999, 0.056151662449093885, 0.046830203263632825, 0.022330192735742247, 0.2770926169389791, 0.018035962332167036, 0.04433293745397874, 0.048007372576505884, 0.061530835626777254, 0.014070206645992539, 0.05437962482488979, 0.020580295921130802, 0.037803431317723485, 0.045527142451797224, 0.05713921708104238, 0.0460243176747549, 0.05131407845772103, 0.00657552150216045, 0.018509239247226424]
            , [0.07594126572704639, 0.00609561097891775, 0.06565543716078283, 0.20416671516642151, 0.01883630464321495, 0.04468250519032927, 0.01783867963873702, 0.04886762865151278, 0.06494142762002963, 0.06858454668498276, 0.015446070163799607, 0.03916744725099529, 0.018316478402443, 0.05838239612935173, 0.05491300760521312, 0.05578010947519885, 0.05759485745235754, 0.06085967225716936, 0.005170723820196668, 0.018759115981299902]
            , [0.17075368944844974, 0.012403350223479352, 0.027739636116448394, 0.04562896920372166, 0.027189622691107883, 0.051094737011851334, 0.017390220055111368, 0.07174483625088625, 0.041792889995831875, 0.08049343075678733, 0.02077357488520032, 0.02361444294266465, 0.022581832942347977, 0.028688931816291393, 0.04521924314253462, 0.06379144235341726, 0.06970818108322147, 0.1517628513814966, 0.006971695932908936, 0.020656421766241762]
            , [0.06741259169530882, 0.010403709446899674, 0.01541157029658997, 0.024805466012086285, 0.047449987651759985, 0.02145554425863842, 0.013213045240353376, 0.16063679294723057, 0.02452835601950164, 0.16764736580734527, 0.05259044773410664, 0.016880420102261446, 0.014702302327323231, 0.021457077402197627, 0.028842298770017784, 0.044487967252869375, 0.05978158694307233, 0.18212774739831944, 0.006135895236378179, 0.020029827457739898]
            , [0.07528675727725542, 0.00880664104023395, 0.04697376909946056, 0.04951992537310024, 0.016347781177871154, 0.046871434508087444, 0.01832371767227591, 0.04032489277307078, 0.05139295236779046, 0.052097183276756075, 0.015357709006505188, 0.05590383783689034, 0.018832414462430426, 0.04388724953003844, 0.045595238561565894, 0.16159505232388527, 0.17839034746222424, 0.053731168413293354, 0.004903704086059231, 0.015858223751205727]
            , [0.06301916779194734, 0.009808426648785765, 0.04694552098460241, 0.049786000122177446, 0.04424855135523224, 0.03069027239990772, 0.1664737383377534, 0.023275484949612978, 0.053112190745988254, 0.05931503680937711, 0.014714810505508219, 0.06689338837297105, 0.01497981898383005, 0.060715388583105205, 0.06244867001391873, 0.06298678107141505, 0.05138595435651487, 0.044897321317116934, 0.007689867492588341, 0.06661360915764672]
            , [0.07746601525475573, 0.006582667666986403, 0.04932503301735371, 0.05565177091534264, 0.017638810611777304, 0.05082849665322161, 0.018139467734555093, 0.036612525313386345, 0.05393540228847056, 0.05540140626431211, 0.01310970227898441, 0.033080961021205973, 0.24346041726068154, 0.04673063493026295, 0.052926399503616606, 0.06291505643998219, 0.05333672293807464, 0.0513967184666898, 0.005763714894666283, 0.015698076545674084]
            , [0.0609991502009805, 0.009972311632040926, 0.012532974022149534, 0.018202421464881807, 0.06808031232110796, 0.019013744384004196, 0.013086073640742683, 0.12566999486575556, 0.017869821958027287, 0.27190256130076246, 0.06312317772249888, 0.014341013150602287, 0.012853171843052784, 0.02025617387821864, 0.025527860771037823, 0.03716436994830565, 0.04712124080323971, 0.12121673049213141, 0.008283599999221082, 0.03278329560123847]
            , [0.07680226678516852, 0.0045514973366572575, 0.13639743916115302, 0.22331628538566795, 0.008230153818218853, 0.04509465677730059, 0.020513367994943025, 0.014707118675478813, 0.07199533547694938, 0.03665476622683354, 0.00942697304204119, 0.055682706713303214, 0.018337449150829924, 0.07000923594163691, 0.04740642883596152, 0.06469209404471633, 0.05146058491722582, 0.03201711128176955, 0.002555080545402542, 0.010149447888742133]
            , [0.2092830424083111, 0.011890376590448639, 0.04115190348769965, 0.047884947113191564, 0.015796735517901568, 0.06586192381820219, 0.017434616571963178, 0.02653364217818719, 0.04187935643045748, 0.05105215699357642, 0.014144100568744789, 0.04439195627142213, 0.020787259482405174, 0.040635152750150144, 0.04016528504735499, 0.17077340261994958, 0.06691912858394383, 0.05340490109395277, 0.004454406454508203, 0.015555706017629447]
            , [0.07822311689130056, 0.005771411610665844, 0.09391098287489838, 0.07067007169546118, 0.013660418455686128, 0.1634838696614288, 0.02278519164644867, 0.017979760889270467, 0.0692573927825498, 0.04232340112801321, 0.01058126054753534, 0.08499151667230324, 0.025330457619573997, 0.05412818061453646, 0.057842605373498064, 0.08483391782406413, 0.056900499471637916, 0.027385176173008282, 0.0050244028750876185, 0.014916365193032136]
            , [0.0641521283196343, 0.010560694922031225, 0.020451747553789652, 0.024026708247596968, 0.17292638194216334, 0.039260120166168706, 0.05259027991471551, 0.046821722460932705, 0.023738032802535856, 0.07562129180375544, 0.019140653309410015, 0.02713579823402566, 0.014742741763510753, 0.024430997317111514, 0.033393455326846413, 0.053841777578947515, 0.04644805611122202, 0.0570167169633095, 0.028431862953594327, 0.16526883230869865]
            , [0.06982770865033161, 0.00890482439510936, 0.04179194723328192, 0.05069403126869919, 0.027488812607124092, 0.05150239859749807, 0.017495753182096237, 0.07880598008250563, 0.050094643094641726, 0.07123909179268263, 0.016980259201283696, 0.026841955831106535, 0.022715858575720716, 0.0373436055177213, 0.04946006043090801, 0.0507237183705944, 0.05827324211545369, 0.238434532236577, 0.007247797848235493, 0.02413377896842877]
            , [0.09411276581462977, 0.004593116876664497, 0.10910914990964682, 0.12447012249616515, 0.006106770364053591, 0.062363653095774636, 0.02062888961782393, 0.011980495572407246, 0.07373190836396763, 0.022040348917265733, 0.007676946936311772, 0.07666390547825024, 0.035099341452015764, 0.07024173728464245, 0.0515378348115615, 0.1241586119985352, 0.07469917039931413, 0.02098475703000188, 0.0018648161915318239, 0.0079356573894365]
            , [0.1848764794089687, 0.009749960845685624, 0.046698531548790584, 0.04710367658704727, 0.022114054270003437, 0.16917791984422587, 0.01729248914765778, 0.035531135001076165, 0.04138060869811451, 0.06042363345586393, 0.014781926227558393, 0.03841355031633514, 0.02553193074628081, 0.034753121628358946, 0.04645726843819471, 0.07497010127431727, 0.05297066417917502, 0.05262162958265133, 0.007017731964909899, 0.01813358683478446]
            , [0.05228408757709708, 0.007494431476776525, 0.01779531320815715, 0.045394625322553506, 0.01012255752341349, 0.0237459166017849, 0.04277562000135167, 0.017289154171319782, 0.18828312010154238, 0.044899970066757416, 0.014097253623991972, 0.04603412260673705, 0.011560720511783057, 0.06804305924485823, 0.2577456851857693, 0.05616678367302718, 0.04781510575842626, 0.032214542578865614, 0.004338478333940865, 0.011899452431846638]
            , [0.05450745467527923, 0.00785617384213235, 0.00870306211214579, 0.014495638655094597, 0.04586817689611617, 0.013044070875863125, 0.009443246821224726, 0.21049763217603537, 0.016097041072334336, 0.19904773191956393, 0.05237149927480928, 0.011960617005861733, 0.010124479022526282, 0.014925914014679261, 0.017819222984124056, 0.03245907015189749, 0.050735652379848666, 0.20938977711070758, 0.004582376413316571, 0.01607116259643951]
            , [0.32791122243857085, 0.014603518480381028, 0.026758502831028715, 0.04125627037531974, 0.021957567876466837, 0.05994792201417871, 0.016475026641493307, 0.04773799931119693, 0.03564926489229175, 0.06679796252289702, 0.01652139824238275, 0.02060378073602022, 0.0142423210727996, 0.027175277770415646, 0.04063199844517919, 0.07402157627752118, 0.05392133238912625, 0.0698149525990543, 0.005685224110208119, 0.018286880973467597]
            , [0.06339946624124639, 0.011040109729893699, 0.018383509064433184, 0.022462854902474464, 0.14711603511920077, 0.04076008560412414, 0.020557683986232374, 0.07446467564483963, 0.021715549349513315, 0.18831970873262938, 0.05144750090686714, 0.020954497339110124, 0.016041934246492348, 0.02292629421787081, 0.02806361656304407, 0.047971966306529217, 0.04712169229371781, 0.07359948581041983, 0.015372154303243474, 0.0682811796381179]
            , [0.14372681043737234, 0.009582236898708458, 0.03995503007130421, 0.042751959004061195, 0.008530824480674623, 0.055370080498508244, 0.014756554356914602, 0.016134472593595146, 0.04183511063776798, 0.03167506504207167, 0.011628363129372455, 0.06099958759977486, 0.033699453951392344, 0.04153336327370225, 0.03364837491507147, 0.2222977916034524, 0.13963139403392355, 0.04169295253932361, 0.0022878908259622074, 0.008262684107046551]
            , [0.09696279783251498, 0.0049467739549439865, 0.04095395002655209, 0.05006952711850022, 0.011065407714772407, 0.04114725411048275, 0.01385563471640927, 0.02183928595328167, 0.04401151391837522, 0.044839123468716234, 0.010182388012638635, 0.021411328350566444, 0.34799185963784085, 0.040729091957391966, 0.041349359130139644, 0.06229435566257096, 0.048153366360762506, 0.044951831524978725, 0.0036017593638440716, 0.009643391184717326]
            , [0.04799336581615739, 0.007487466888179295, 0.00838356061913922, 0.012769331489120066, 0.062390364517416724, 0.011462393612971026, 0.00973906250028891, 0.1457630345165322, 0.013958483866493772, 0.3533476282869209, 0.070519247862674, 0.010573152056381024, 0.008792183046070894, 0.015597358896221361, 0.017504539888098993, 0.027339794050483302, 0.03730119730324552, 0.11370192551614533, 0.005434557627047431, 0.019941351640412674]
            , [0.06027879136323951, 0.004883696193629294, 0.1603690986509876, 0.07265928978387694, 0.012849818361837245, 0.067947896392787, 0.0392857401779438, 0.016594303668410828, 0.064122594193859, 0.036264072970207124, 0.009165407266060074, 0.15599928558426404, 0.016535384036715214, 0.04927715187851049, 0.0451426344466409, 0.08360935049930382, 0.058274139469349645, 0.024612491762289225, 0.0045834675674204005, 0.017545385732668027]
            , [0.0628964935411439, 0.004362834681311511, 0.25116944577305744, 0.15933204570908913, 0.007440957475991707, 0.05484606459976354, 0.031441508052762614, 0.010530433501843097, 0.05113859471896348, 0.01802230108810703, 0.007475315137453915, 0.09009706491613313, 0.017950830018315676, 0.0506101399734291, 0.035667834007078604, 0.07008140349424453, 0.04689463904208511, 0.01794184985450801, 0.0025341051047385755, 0.009566139309979883]
            , [0.06247136546084847, 0.008759116834600322, 0.01825689193028678, 0.034127530849591, 0.030377505212692075, 0.03308065925950171, 0.012914720872379193, 0.2007425741296973, 0.03609366114374935, 0.08593639330346535, 0.021132759286212385, 0.019925297961720257, 0.014899147936810025, 0.020024071931333483, 0.03232014752290361, 0.04182453977596865, 0.054796851337352015, 0.2504114576635762, 0.004606339889584953, 0.017298967697727118]
            , [0.16915592937831697, 0.010134548024912229, 0.022733023418865347, 0.043014195479977396, 0.034661805483297906, 0.05206066840744566, 0.01505420475897866, 0.0615197392051439, 0.02905374497081989, 0.18328998753219147, 0.04409350487228709, 0.019926784676263406, 0.01389130760387502, 0.041576320341383075, 0.04819170714919086, 0.056342144452916194, 0.05576593929995086, 0.07589535913593724, 0.00634335619468427, 0.01729572961356249]
            , [0.07365966350537342, 0.007338162114763409, 0.06266299296398918, 0.0507191889018159, 0.009593525675424963, 0.058333439095496216, 0.042905006001284635, 0.016513556473656734, 0.05594761816390081, 0.03415018527940479, 0.010764083584227478, 0.15334525102630767, 0.014125726811429545, 0.05828631229528275, 0.04625633316578396, 0.16705175597405797, 0.09597704344367905, 0.02613447325861828, 0.0026820661033697076, 0.013553616162133728]
            , [0.06738607325145571, 0.009421611187691548, 0.022195740587783362, 0.050132270799095956, 0.014380574053097466, 0.0401153569363186, 0.05195118954760432, 0.025974425857339594, 0.07726897995258028, 0.06186409762179122, 0.01375824505401662, 0.04006660323461964, 0.01493783481489628, 0.07071129556112671, 0.2564334833235937, 0.05747331781926168, 0.05553208187239059, 0.047621870428812614, 0.006252137309168618, 0.01652281078735557]
            , [0.0416179030632088, 0.005358533531692498, 0.011374190210382894, 0.037757406042242855, 0.005531882093338734, 0.01706061899218159, 0.037910085153934375, 0.012097044547125695, 0.23172078757021192, 0.033832307433804706, 0.010911898770590936, 0.040828669973218414, 0.00704080687153289, 0.07156072270181352, 0.31905444378448466, 0.047008185004863104, 0.04112732556627925, 0.017865388536860927, 0.002721988742624318, 0.007619811409608016]
            , [0.0599635225085289, 0.0037424720914912084, 0.19208192684306977, 0.26877717640502086, 0.005523282168960375, 0.041918296000554814, 0.025159996408171056, 0.009830181190425164, 0.05887497270934403, 0.018729430606349698, 0.007533498434567577, 0.057837051720321796, 0.01449985863020032, 0.0703292589553811, 0.036891300044853095, 0.057994224515874694, 0.042135037224580965, 0.019325317211558488, 0.0015675631400564754, 0.0072856331906898456]
            , [0.16713377657755185, 0.0053381704299292985, 0.05301438258585581, 0.06530878456335666, 0.014343208380382425, 0.05386044070183067, 0.015459540604345798, 0.03109341035310778, 0.050041022428259765, 0.053272242195794406, 0.011301859810159862, 0.025978341992422938, 0.16537459603658622, 0.044170449770420235, 0.049421528398041356, 0.0673807444600562, 0.053891433713307374, 0.05638339879954302, 0.005162580635574565, 0.012070087563473898]
            , [0.06121869359597839, 0.003874783369341266, 0.04275620335979124, 0.08766778418894026, 0.004553183087839296, 0.029138515827211962, 0.03782504967354018, 0.01227856620239161, 0.20083112004520665, 0.035278158505370874, 0.010678490224883146, 0.057764158656697095, 0.006968077631012605, 0.10684511906982391, 0.1632109169000352, 0.06149172437240663, 0.05079392556925537, 0.01818307498059941, 0.0016378287155865102, 0.00700462602408851]
            , [0.07221855300261631, 0.00767577544730826, 0.02061603095530747, 0.05264589555682719, 0.016756985546941196, 0.0193956279672098, 0.016339901375407122, 0.08747750478037046, 0.056260798832174205, 0.07427593320329262, 0.021177028455469774, 0.03823432558841269, 0.011748036982897047, 0.04815765410045754, 0.055977630530110505, 0.06673790763964184, 0.15794117434797994, 0.1574670635388066, 0.0038404858581150268, 0.015055686290654315]
            , [0.047382948126043434, 0.010338669672738403, 0.012311336808435507, 0.014082312350970787, 0.2457535216592189, 0.016127305355241574, 0.05107765777474446, 0.041529981589974285, 0.015448234920420512, 0.0807223417430114, 0.018179612230463712, 0.018910483711102235, 0.009885672480945096, 0.017107608992116934, 0.01880869780127555, 0.04265001352724369, 0.03504256721801194, 0.04737952388285351, 0.03630158395288464, 0.2209599262023033]
            , [0.11208627060009904, 0.0024865690876813527, 0.08209342855282771, 0.141891711042734, 0.005155580357849408, 0.045691227097603315, 0.029771939346713374, 0.011228189214168106, 0.10202875351907525, 0.037334863147322775, 0.008017741613509599, 0.05001040448716407, 0.009171560642703374, 0.09046395681383078, 0.12107893463231575, 0.06597286903842149, 0.05601194486914956, 0.02156640674406611, 0.0015565434705116263, 0.0063811057222531815]
            , [0.046331451877506896, 0.005705706308207287, 0.016671946920923813, 0.047658907047642286, 0.0072541304411312115, 0.01995494050176303, 0.030106059304034143, 0.01690549771471757, 0.30574131403279275, 0.040226903824350936, 0.014048549673735651, 0.0480295105712144, 0.009642229043186809, 0.06216106349091079, 0.19017845716807152, 0.052518339926828264, 0.04634251121189243, 0.029411679044367086, 0.0024692019797976084, 0.008641599916925747]
            , [0.03399837110382598, 0.00445440189564844, 0.009727138548385673, 0.033263240870492906, 0.004284915668345334, 0.015226206232713167, 0.027528273572954298, 0.010847485284099151, 0.34537449334462006, 0.02770436019640788, 0.0097822342145605, 0.03881394115567961, 0.006183337881585254, 0.05843770755421403, 0.2753494665860269, 0.04202772894956765, 0.03510590113440994, 0.014965596536185828, 0.0017713540932465742, 0.005153845177030824]
            , [0.04787694797303987, 0.006409504186504305, 0.0056645940802862145, 0.009642145087791125, 0.03609920843174721, 0.008164243563038437, 0.006274698444495482, 0.2511193436876186, 0.010399092316811595, 0.18260426498589208, 0.05070956390242819, 0.008083657201719626, 0.006914731698385769, 0.010334428786983898, 0.010825552142299837, 0.024204867820562272, 0.045525060062907484, 0.26597060674778594, 0.002908710869282403, 0.010268778010419484]
            , [0.062357944249792165, 0.00463490323472729, 0.040128618016048674, 0.06385592498694424, 0.013521118375944673, 0.03724622261851691, 0.018947453783136187, 0.04540567860932582, 0.24809604188367318, 0.0612322681612923, 0.01600730107510416, 0.050169885691839805, 0.014832000053287123, 0.05944460180037641, 0.07698724261560347, 0.05350602446684307, 0.06250524504535959, 0.052666191835284315, 0.003826638260295996, 0.01462869523660464]
            , [0.0683041508359884, 0.00579929453345279, 0.01652557182274798, 0.06064936171862032, 0.016821604538252054, 0.015220802243073638, 0.020298114110793786, 0.061740170533457664, 0.1107395368709629, 0.1657027499028988, 0.04875380955155113, 0.023979915933451897, 0.007110009556570433, 0.07676519689521429, 0.11578043026065746, 0.046198706811623365, 0.05563974700365096, 0.06428397323701479, 0.003763785425608515, 0.01592306821440871]
            , [0.2809283986957036, 0.012155282643934801, 0.021322382271495185, 0.037205975793589446, 0.01019123495650021, 0.06290950859454132, 0.012466093781237666, 0.01845777559021731, 0.03297963276440832, 0.038267045929362135, 0.011823018652337602, 0.03794043645197518, 0.018786455560540625, 0.03449092508110244, 0.029171234462846474, 0.19808774243739027, 0.07843796143540577, 0.05205485065142186, 0.002834850723389148, 0.009489193522600864]
            , [0.07146157536360616, 0.00769244669632257, 0.031708368193758, 0.036282175582437536, 0.009818298680106571, 0.03478446743134591, 0.013626180995928777, 0.03396795393844495, 0.0438734264065974, 0.03742530196035169, 0.013447710306117477, 0.05303832054793504, 0.012293865310295686, 0.03553178491750367, 0.03881712167350454, 0.18820657005224142, 0.278835464031894, 0.04669600303720993, 0.00296436782068215, 0.009528597053716661]
            , [0.07152803681577233, 0.006832263593678181, 0.03721526693233587, 0.04587940738155668, 0.024122019337176476, 0.04808821514507507, 0.01579458384801759, 0.07413590454748187, 0.03346463263100087, 0.20516117065938363, 0.021148135592030964, 0.020057541610666817, 0.017750021345936357, 0.027960828043771077, 0.04638497938462373, 0.04233066019357223, 0.051846771874827335, 0.18599891069948044, 0.006535453869168114, 0.017765196494444357]
            , [0.03340558165142355, 0.006919145355004646, 0.004617682495894196, 0.0077672690831625335, 0.06061058407777106, 0.006270858520824444, 0.006987623331613837, 0.14018343202546618, 0.009245135221956177, 0.435453050165954, 0.09404637163388306, 0.0071995707651973, 0.005843423227744471, 0.012249242439528692, 0.010813021327405309, 0.01526643569590039, 0.02778510683768088, 0.09791012389558564, 0.003904570756066757, 0.01352177149193667]
            , [0.051832652661349655, 0.007023832029542384, 0.017314441796586567, 0.02994361850018991, 0.04362853230478702, 0.033367387696489656, 0.011073966866705818, 0.20941955039190058, 0.0367561227110223, 0.2338263554071542, 0.044927742849281804, 0.017073087901819238, 0.010493702886962183, 0.019090362505722987, 0.03418337704427264, 0.03368450271150101, 0.04345008204478737, 0.1003905225573132, 0.0044923854322496595, 0.01802777370036186]
            , [0.06281402557744666, 0.008433160374594411, 0.009510591681499586, 0.017757481034403267, 0.023578278347374654, 0.013124313148751511, 0.007919256576359598, 0.2268053151307548, 0.017325998974887513, 0.09619743489755256, 0.03530479349356701, 0.011881061077864461, 0.010063172796515692, 0.013265767890356581, 0.016572254671430153, 0.03527616901254472, 0.05996718909429005, 0.32151262631091065, 0.0026136438077356003, 0.010077466101160523]
            , [0.05512904330978865, 0.006839724513139053, 0.04551301616835125, 0.04375692595629061, 0.01832926810375911, 0.37719229283976863, 0.014599861714000614, 0.042168329537139185, 0.041536971531500363, 0.056210106837721895, 0.013043099870753782, 0.043538608092643837, 0.015942331051033543, 0.031476623540452865, 0.04122964970201681, 0.0490697829587663, 0.03637383887892838, 0.04751304877162716, 0.005921974198842085, 0.014615502423475944]
            , [0.19773892789262712, 0.003284481816947036, 0.07615617181458659, 0.18701907181553645, 0.009336926272419992, 0.04110063671346099, 0.013692864257596023, 0.01873110262201623, 0.06361505602505409, 0.04796055769857429, 0.008282528361178678, 0.03444398308628162, 0.01529380960709234, 0.06601916267101882, 0.05252529218368405, 0.06256676840430783, 0.049744543362739764, 0.04083222112914281, 0.003065137754833127, 0.008590756510902199]
            , [0.05907555182617472, 0.0024653268101112896, 0.20029367480527502, 0.33544159657112155, 0.0031769959848021584, 0.03292104952277524, 0.020125885047847687, 0.006572291869791061, 0.05400524553641316, 0.012031953729934437, 0.005300539078989591, 0.04726557595942823, 0.008494029989013668, 0.07936518098605068, 0.03080955398009124, 0.04819833061150254, 0.03477095513762347, 0.014164071212320953, 0.0009097947609095569, 0.004612396579823798]
            , [0.062033137702263944, 0.006921414349889643, 0.04329267155276173, 0.044523405122428646, 0.018637251569891093, 0.04568349430377559, 0.016100948673469465, 0.05406871947506956, 0.05113917260636892, 0.06528395554805963, 0.016719048306027957, 0.048005804560586784, 0.016736693846965293, 0.04020670954360818, 0.052643033603510705, 0.07174430944758128, 0.26073596270329485, 0.06187788373773337, 0.0061208990764428555, 0.017525484270270588]
            , [0.056813848612959426, 0.006719202013259004, 0.027942002813816643, 0.03692894028558066, 0.03960919201357726, 0.03670003870811254, 0.01509387578536068, 0.0608367408270789, 0.03488533425828173, 0.3591747285291007, 0.043925435288753804, 0.028949754825883918, 0.011600204565090673, 0.036588902883641444, 0.0421730666678998, 0.03970510737484774, 0.03974228734176287, 0.05786614965975009, 0.005706146526193567, 0.01903904101904857]
            , [0.08442996471786852, 0.005891070333401917, 0.037991542198057275, 0.05569218018522319, 0.0067210050757511635, 0.04701618949089675, 0.03258543588561147, 0.014489417238496675, 0.12621365000396062, 0.03339425496440875, 0.010542026825948153, 0.06773404833880364, 0.010998086166058442, 0.06826129749089588, 0.11242690921256858, 0.1473493101308288, 0.09421544590676427, 0.034392651809957334, 0.001840503428355462, 0.007815010596143385]
            , [0.06884757766560572, 0.002508749962271491, 0.10731979958476877, 0.22526395339491515, 0.0036501006310214043, 0.03323794082569907, 0.027113003077207598, 0.00892793027056203, 0.12773835103402925, 0.025638303916991078, 0.007364787844827413, 0.057661869148211704, 0.007588140798300208, 0.09753471458951156, 0.06943892630384035, 0.057962185507961374, 0.04917487618087153, 0.01644615021181394, 0.0009540773638383705, 0.005628561687751896]
            , [0.10564416324986434, 0.006307460797641949, 0.0418161790967161, 0.046231114725830705, 0.008779895956553364, 0.048708357743265145, 0.01647244324845587, 0.016033261839627506, 0.04632987378247226, 0.042030637225868556, 0.00945169604790672, 0.04760744212060458, 0.182642963721581, 0.04841841001241944, 0.0417946964329824, 0.15823066509857842, 0.08373831991604053, 0.038740954455877705, 0.002457612687724803, 0.0085638518399883]
            , [0.06283579847292757, 0.005284876924306146, 0.03817136945762055, 0.08349420681892875, 0.008095399755725527, 0.01944365385693534, 0.05040666150270264, 0.0179517359044891, 0.13567852971783925, 0.053180970191207905, 0.013665715099788369, 0.052284010133177634, 0.009278766682620784, 0.16645549446173746, 0.117877694918924, 0.05854326464409627, 0.056021193692875705, 0.0384628425082687, 0.0024312481726664246, 0.010436567083161813]
            , [0.04687568590651099, 0.006778658767481158, 0.0040556407842391624, 0.00707521134199674, 0.04958280406938816, 0.00716879417326941, 0.0056924904832656035, 0.19298883975031397, 0.00856104795285975, 0.30682544915816073, 0.06725390611633, 0.0064221445592515065, 0.0059883031502170276, 0.010029828667387525, 0.010017672635813643, 0.0214622462481627, 0.03867142160142633, 0.1905768800877857, 0.003410035709790743, 0.010562938836349093]
