# This script is generated automatically.
# Vector of amino acid stationary distributions.
distributions <- [
              [0.07414699776271477, 0.012003865212768658, 0.05996440613398285, 0.06478455774794917, 0.04521166047655694, 0.06335191597555126, 0.024797941325380088, 0.05938204211170868, 0.05914954324362136, 0.0795675570449075, 0.019931887561581846, 0.05333449662876084, 0.035151917875125886, 0.05076537246601378, 0.06019537826815904, 0.06583233198038384, 0.06212165669891684, 0.0671816696967499, 0.011005157950312474, 0.03211964383885454]
            , [0.07184479172182703, 0.010595832863236359, 0.04168432674953903, 0.05363518815011441, 0.05488215216688109, 0.050949884034171125, 0.021005074708877972, 0.07030633858863118, 0.05037031035421624, 0.16477771808585626, 0.028596721453743087, 0.030792220472526034, 0.023117317402996523, 0.04673028175440606, 0.053859597897499396, 0.056741602999031145, 0.05551206432371269, 0.07497683976910992, 0.009171731552305188, 0.030450004951319505]
            , [0.1994072999351588, 0.009595612542993136, 0.0503819508716601, 0.05735878147205114, 0.02195270119770155, 0.06684949163254865, 0.018827790154637897, 0.04573736980794153, 0.04903308972234488, 0.07135844491986386, 0.016315085655682952, 0.036676558840769855, 0.024028205664761625, 0.04838085108888656, 0.055293524707291104, 0.07616815382072954, 0.061764776814219095, 0.06480480000482731, 0.007153963517111735, 0.018911547628818703]
            , [0.09111123687557574, 0.010797156705794186, 0.05628489194900186, 0.05999850427292355, 0.018882194040371374, 0.06248049048753425, 0.022477716956295832, 0.02998271160003497, 0.057641685330488225, 0.05953459392155376, 0.0156355090859672, 0.06475853242325404, 0.024853222971489307, 0.05447148501550432, 0.05397988956604843, 0.1522643861936847, 0.08680209016301367, 0.05296073444294609, 0.00573818999611661, 0.019344778002401797]
            , [0.08542959402159882, 0.006354007677585218, 0.08516149482292608, 0.16345156366310173, 0.015715441408538727, 0.050649880553339965, 0.020826501497693238, 0.030544040611245347, 0.07130954732487167, 0.059926464835287636, 0.01356570840131086, 0.05103172442249927, 0.023688780943989796, 0.06730263677069571, 0.058918463521130365, 0.06584644793040693, 0.05876908649346453, 0.0506955919054203, 0.004599706438952162, 0.016213316755941624]
            , [0.07023458482831288, 0.006413632407572486, 0.0560311629252653, 0.07636393697847928, 0.018858809505686254, 0.049280166851305346, 0.022688576609435348, 0.046624949275123465, 0.14268456324381446, 0.06501049773642914, 0.016173944720743703, 0.05978166289074312, 0.019844153765970162, 0.06713603120602249, 0.0738611191070174, 0.06662159092171745, 0.0633425155825127, 0.053831317068076555, 0.005018964556751686, 0.020197819819020756]
            , [0.08262980415015715, 0.007719009197799111, 0.06050813237177783, 0.053333692468534984, 0.022020645409167275, 0.20886011358783918, 0.019327501818040885, 0.043432566886351345, 0.05215141451019678, 0.06378398451876656, 0.01477401034445887, 0.055739902283765234, 0.024222967335782455, 0.04135937035804042, 0.05043028336714822, 0.06803690607895635, 0.05159855970840769, 0.05322318013157821, 0.007101330311863286, 0.019746625161368343]
            , [0.07998438500881923, 0.009836033608327856, 0.03637387197690253, 0.052726888363434886, 0.029899514751518422, 0.04664442290756042, 0.0177807645030869, 0.08569235624269991, 0.04984145340669424, 0.08890048336050738, 0.02061424716299228, 0.026443891036991452, 0.020916126241848944, 0.039308260174201186, 0.050304253289311644, 0.05433488957375801, 0.0691295275145534, 0.19141136496547775, 0.007211903385219117, 0.0226453625260947]
            , [0.06714911695273885, 0.009803366743202301, 0.02441990089274454, 0.029547159087743396, 0.1298677716521245, 0.043265574818088084, 0.05074872182588549, 0.05090279112278495, 0.029822571367931625, 0.0815908832963829, 0.019636576890673104, 0.03181782455774435, 0.0160782058292361, 0.027150704070937635, 0.043027547483113486, 0.05702625181235902, 0.05020005954393422, 0.0601806207194258, 0.02363082299761522, 0.15413352833533445]
            , [0.06973049108326856, 0.008323118875551589, 0.019230749609399692, 0.03877053988112239, 0.0500430772787537, 0.03754223127900169, 0.01574787704057278, 0.07197810399945613, 0.04112378536636314, 0.27168029364500507, 0.05797401669602235, 0.020234959861026768, 0.013331428038755649, 0.042173493960121225, 0.049277145729683794, 0.04517317395804901, 0.04697851554301383, 0.07140176152590845, 0.0066322278906491144, 0.02265300873827493]
            , [0.09123702924745371, 0.0065844021585838575, 0.05449099033167604, 0.06361170800140148, 0.01879958486137439, 0.053235086602606355, 0.018319016596336533, 0.04121882250910156, 0.05586777932935994, 0.06416115983277262, 0.013755914935760026, 0.039106482290898865, 0.173727718230842, 0.04701553414121156, 0.05235443439238173, 0.07021950296355368, 0.0572835416955891, 0.05614905857358842, 0.0061612168026805025, 0.0167010165028278]
            , [0.07787782731464869, 0.008134542682677258, 0.03792390326984451, 0.06077247184339701, 0.014903659066653875, 0.04443844936679445, 0.045393985247315465, 0.028058790055001323, 0.09495240695092332, 0.06686719789512349, 0.015111631086145142, 0.04488225324937881, 0.014889574394711015, 0.07222600477373718, 0.18047438393266604, 0.0625031858871622, 0.05815817662209684, 0.05041364022473217, 0.0058482056468430665, 0.016169710490148096]
            , [0.06268180706974807, 0.00874188012801856, 0.029362431041172237, 0.04660548575805967, 0.047521320136081825, 0.046761252043474234, 0.016575548809599012, 0.18317122763680257, 0.049198391473516685, 0.10820612312625345, 0.034179199042260223, 0.027303237687966615, 0.017446068517180335, 0.02675782521249469, 0.04453632456029194, 0.04825704373538085, 0.05599355705905546, 0.11087218858558191, 0.006824696160695932, 0.029004392216365714]
            , [0.06351903504672943, 0.008827601523748655, 0.012107259923659611, 0.017766100568423305, 0.059058435283508535, 0.020336520882471322, 0.011513980419190873, 0.15944344012361805, 0.018650993318174734, 0.23646259170239753, 0.056341608015719156, 0.01373913130217884, 0.01159586062545187, 0.017905524506367575, 0.023343785460448335, 0.03725365608757029, 0.05037148981145148, 0.15179153268596374, 0.006046170917295859, 0.02392528179563062]
            , [0.08262499787182244, 0.0027048400920413438, 0.09019945676896149, 0.14164795579482894, 0.00554548379783805, 0.047481423517430246, 0.02727884787480243, 0.012315565084438358, 0.12417743568921878, 0.03097300645658217, 0.007825848693689913, 0.0717010669995247, 0.012902170465243029, 0.08864009900250962, 0.07352116748626146, 0.0836582793746629, 0.0659020923533732, 0.02176322959683205, 0.0014317230135991823, 0.007705310066339733]
            , [0.07402647784455664, 0.005637094772860396, 0.18026882682950707, 0.08290578658088191, 0.015707725151347034, 0.06867981298190545, 0.022438318423566715, 0.022471415264814897, 0.05886525368921344, 0.051133998019395534, 0.011452171567814737, 0.0819130353473963, 0.025978715942516162, 0.05022303175244817, 0.04878284891739595, 0.07523258010376448, 0.05873823590814393, 0.043111290636158046, 0.0055615134891223925, 0.016871866777190644]
            , [0.13719859122378467, 0.010534779279302315, 0.04167788817745339, 0.04212401321295207, 0.009387133743135217, 0.06268381963668396, 0.014736753926444586, 0.016270402456900042, 0.04276648392208549, 0.03603689713919197, 0.011129532023085685, 0.06191309650243768, 0.03259679990720755, 0.04126227813407363, 0.037765427743631834, 0.2371432867278669, 0.11174291696811676, 0.04142914043618737, 0.0025307320190808796, 0.009070026820378002]
            , [0.07414358519456403, 0.006598176052123756, 0.04184230857335543, 0.05376844839193952, 0.014962291877190354, 0.04024483006092177, 0.015465307899182242, 0.053658415843626135, 0.05838019493102345, 0.057771486741206336, 0.016761392444740994, 0.05075164239051598, 0.015021622522830479, 0.046558588201961, 0.050610124041632454, 0.09792921116352159, 0.21565187078795317, 0.07099078311033315, 0.004669767701938697, 0.014219952069439365]
            , [0.06031577521031381, 0.004480339053128949, 0.034084789752558804, 0.06601121035580919, 0.006852023420438723, 0.031564378951622084, 0.03407416482176619, 0.019064427866545358, 0.23109112176063035, 0.04365874950871783, 0.012555209539837641, 0.05748091967109588, 0.00977772477527286, 0.0814159278250858, 0.14013235766260207, 0.06254516900716948, 0.05739621067979211, 0.03680953218015687, 0.00221092618618733, 0.008479041771269121]
            , [0.07285584591626812, 0.003704423382543231, 0.21466317981182775, 0.19177209839002277, 0.005766065676743457, 0.05557091561404167, 0.026096030775280405, 0.009404667354684025, 0.05850368764400805, 0.01766616813793925, 0.006765948926038419, 0.07400837620265532, 0.018203186035551013, 0.060021259207820754, 0.03967813389208834, 0.0712346603745267, 0.048138957507678236, 0.01680092779949277, 0.0017972212422471307, 0.007348246108542262]
            , [0.06300127852543547, 0.00629427416134917, 0.07665966811810168, 0.05324089096462585, 0.01214574669328422, 0.06248895129739825, 0.04862649509547679, 0.01776987406716051, 0.06635755988250092, 0.03929626726145423, 0.010692448995712606, 0.20168840445487232, 0.012663847859154868, 0.054854636117285076, 0.05167651366423455, 0.10407430281047975, 0.06749514326187861, 0.030651837137491176, 0.0036794660763031064, 0.01664239355580084]
            , [0.06273837705433631, 0.007809769417656636, 0.012814397966042546, 0.032020668208975464, 0.029944133645076643, 0.01817460493448698, 0.010240720971519554, 0.19759390506884605, 0.035313198543954434, 0.0989766031771853, 0.036710708257307566, 0.015779087137109335, 0.012091591985591548, 0.018372474327473305, 0.032518758005600085, 0.04011661024916273, 0.06412283048690823, 0.2573322258190538, 0.003626619809288387, 0.013702714934425146]
            , [0.053495062411513326, 0.006801664263671003, 0.0053755245813639245, 0.008723463233848587, 0.05310979314178354, 0.009823605263285847, 0.006470352693579411, 0.21969916927558047, 0.009931281606977673, 0.2401899785577894, 0.061339793469071174, 0.008016308739688253, 0.006752128088946792, 0.010419385568024157, 0.01084929979669962, 0.026539781930624517, 0.04464243948559227, 0.199264614941583, 0.0036580836486902715, 0.014898269301686667]
            , [0.3658951295453111, 0.014387530098302286, 0.018914428958821596, 0.03340528621155872, 0.01329673321693727, 0.07128623869205843, 0.011471647477010963, 0.037288736237500515, 0.030428084545306176, 0.05207532887326113, 0.013821022222055558, 0.019877188999634244, 0.014843248015614116, 0.021151723619515356, 0.03137140556449258, 0.10531872618342711, 0.0663746641750333, 0.06418662817067394, 0.0035970759612283013, 0.011009173232257299]
            , [0.10417891444303211, 0.005097831288641964, 0.038806565829608335, 0.04755804296328915, 0.009924796977926292, 0.04191078252844701, 0.013827069414918998, 0.023750467432875125, 0.04654905066938527, 0.04767706078023933, 0.009729591759474772, 0.03065890457131687, 0.29742216256355036, 0.042731974509610415, 0.043449978621436215, 0.08267851291541604, 0.055998510284130526, 0.04618321623310985, 0.0030927385284968945, 0.008773827685094363]
            , [0.06449228105925511, 0.005712998510701768, 0.06441252199724756, 0.04868459950979944, 0.01025748660856219, 0.3759408537374359, 0.016026569077276412, 0.014933460909686516, 0.04942102756856128, 0.0370343617270846, 0.008870477084227692, 0.06755168390593703, 0.013210946008095715, 0.037500602090448164, 0.04368544737258623, 0.06293544781617874, 0.035261457185604916, 0.030567178681929593, 0.0035697326694716894, 0.009930866479909354]
            , [0.2117181244080781, 0.0025634062876622567, 0.0829779064893476, 0.13083922274167714, 0.005523218273784712, 0.051254438066859066, 0.014554631932200414, 0.011012348528807642, 0.07472506939198621, 0.03799662537329453, 0.006399168138224073, 0.03994918430431166, 0.01299893080313164, 0.07525540626432818, 0.07691912018582454, 0.07111346743570233, 0.05414102311962806, 0.03283444191263211, 0.0020739090134867496, 0.0051503573290329245]
            , [0.04318890746456046, 0.006861130109626782, 0.00669848915026786, 0.010479243372136168, 0.06236802049515561, 0.009614502131126888, 0.008948275563943805, 0.11456317933240483, 0.012611065391227028, 0.4224486369362749, 0.07772029246040765, 0.009424371936101662, 0.007428573996639898, 0.01631368961495337, 0.016244467170221398, 0.026770270654060957, 0.03303490152129635, 0.0879277823827305, 0.004940068217184434, 0.02241413209967938]
            , [0.040678918204586564, 0.0039017084191853408, 0.011723642948933672, 0.042168478566232084, 0.003944541400014176, 0.019946020145283613, 0.031189537424612217, 0.010459195616924303, 0.3033851285718586, 0.029542865462707336, 0.0095165724035938, 0.04245758896046583, 0.005623004695909959, 0.07627895358224124, 0.26159144223941866, 0.04570962390228806, 0.03909843963799492, 0.0159895484854066, 0.0016612062313778792, 0.005133583100965207]
            , [0.043462232759555214, 0.00902135862621891, 0.010971603772219646, 0.012725847796940656, 0.22228062883761385, 0.013565060028956244, 0.05673557537657257, 0.03709518449727217, 0.014032756676144223, 0.0738743618879966, 0.015440831656763502, 0.01923716094937093, 0.008027805776101717, 0.016302085499355932, 0.01766599679229015, 0.0402386199879044, 0.031481940987129926, 0.04337580138385714, 0.042272722633582505, 0.27219242407415356]
            , [0.06116720598692534, 0.002102907717355854, 0.23550357837090707, 0.3155744411767941, 0.0028204852910232617, 0.03550827621737264, 0.016524997532522505, 0.005606495165944023, 0.051017268036358115, 0.010387027745264335, 0.004447875406126841, 0.053210575446720504, 0.010023065354980328, 0.06487003605682047, 0.028764908134618246, 0.050268480849688914, 0.03525673892722436, 0.01194088557658386, 0.0008770862666257505, 0.004127664740143498]
            , [0.054438597244452235, 0.006469216991209359, 0.014884723536851895, 0.0448068309251949, 0.007334508958649409, 0.028922667754363775, 0.049419672631035354, 0.01432548387370641, 0.15631554778758858, 0.0446125519194675, 0.011606191088105126, 0.04183769816065736, 0.00854320776660311, 0.078808397741601, 0.2979381945806911, 0.05199605209868118, 0.04512036957154231, 0.029670772523903148, 0.0033525412596248994, 0.009596773586071403]
            , [0.20548783155237982, 0.018450671593158035, 0.0104452556547808, 0.016807727039685052, 0.019006653372842873, 0.04059676870092195, 0.008881038419570844, 0.0886098407858473, 0.01467633788819602, 0.08814928579722954, 0.039522903618865395, 0.014958133563220382, 0.013513041310124119, 0.015696743925158584, 0.016310748193942185, 0.07681774652791434, 0.10047426667951645, 0.19810495688256183, 0.003267106631684362, 0.010222941862400144]
            , [0.0736580940080522, 0.0031286333769609508, 0.10469266031089436, 0.3125040555038521, 0.005571529319859999, 0.03209921271955857, 0.01565952179584853, 0.013083551155780901, 0.0695412387130883, 0.032272431276089315, 0.008336970780601196, 0.040257392365939, 0.009832951071199037, 0.09342271978344621, 0.044343077089223845, 0.05038527167730245, 0.0461141650909604, 0.03656473069614234, 0.0017562593129670748, 0.006775533952233165]
            , [0.035299129067381044, 0.005142344961879892, 0.002353748122297269, 0.004431348159875002, 0.052237278868559986, 0.004515469485870758, 0.0037719156929948787, 0.21205054959489789, 0.005257692264530506, 0.3534388372865927, 0.08257614342808432, 0.004320301110500074, 0.003713531715087648, 0.0067374709776745504, 0.006024444195334856, 0.011514888286743297, 0.02885324558891463, 0.16603289463764617, 0.002625427223718236, 0.009103339331416375]
            , [0.2994218713675716, 0.02990653270790802, 0.011512541550560845, 0.019823638983632194, 0.006519833751546893, 0.06694623513108713, 0.006829183294479166, 0.013586514287324478, 0.013096318213562259, 0.02557334807450325, 0.008699174601035597, 0.034041645262691954, 0.012868471256176017, 0.02163187440053922, 0.011394411922256103, 0.2700523236241479, 0.0963175580679406, 0.04499528830002254, 0.001542616522291666, 0.005240618680722415]
            , [0.03902359409948954, 0.005308038564890492, 0.002818995390313778, 0.004968232639788979, 0.032120759122834616, 0.005002970664739434, 0.0038252852605983405, 0.31621915167748366, 0.005671267219092744, 0.18001065107950723, 0.0552200698684402, 0.0048557623626767615, 0.004220274242346148, 0.006016700950048971, 0.005751440445569467, 0.016524826221101956, 0.03817710038673352, 0.26570453071389877, 0.001988696656864535, 0.006571652433580766]
            , [0.08433384879102303, 0.007484033631761679, 0.028891514226283502, 0.03138865305060144, 0.007041501326063812, 0.03255932067337212, 0.009583286700561753, 0.02927568611963055, 0.03904696777546206, 0.030445327004494264, 0.01149208117077075, 0.05097205299664023, 0.011066297264110018, 0.027833839264174445, 0.029417548245299047, 0.20359045480868573, 0.31353416975419773, 0.043616449394581924, 0.002058505835544387, 0.006368461966741487]
            , [0.053708598986235534, 0.010164255008993607, 0.009351615154192357, 0.011931627129639556, 0.21569006102009, 0.01632647501885724, 0.01827443853855328, 0.0802650359089031, 0.012677445048550815, 0.19251867146621773, 0.05502122474001889, 0.013893473855799423, 0.009125401376442343, 0.014916465642460434, 0.01594018853237838, 0.04199189677527346, 0.03825612922722088, 0.07543755732054276, 0.016804740693599236, 0.09770469855603071]
            , [0.032012987997102685, 0.004648449319978871, 0.0012420145961300347, 0.00216086303638911, 0.03168974010389152, 0.0029210232652655977, 0.0019591106290557324, 0.31523302174636697, 0.0024983041733559444, 0.23480393524117618, 0.05664372386892739, 0.0024843559383266167, 0.002263572214038642, 0.0030983034354374987, 0.0027308131072515426, 0.007668762859778812, 0.024678607053100862, 0.26599841130161106, 0.0012318066776819054, 0.004032193435133048]
            , [0.05465488331142632, 0.0030074595567434943, 0.23513872544888043, 0.08495507494905326, 0.005026311259757778, 0.07845929468450553, 0.033536353527395535, 0.007269976861861523, 0.0554153953330768, 0.01123259147200817, 0.004837234645834247, 0.17698681191264448, 0.010068604373422893, 0.04267880918879501, 0.0333913422661442, 0.0918989755764732, 0.050877550705694864, 0.011126462200228478, 0.0017857703823673553, 0.007652372343686275]
            , [0.0730436428112697, 0.009598956748637668, 0.0052392371242521935, 0.009471444539511844, 0.024324427475698546, 0.009276778255255198, 0.005181471019514994, 0.22817486812567084, 0.009704474385585797, 0.09232287141266395, 0.035681410396678354, 0.00797031440274093, 0.0070467741370436755, 0.008709871474018457, 0.009472605199647682, 0.030918800009964026, 0.05861266888625907, 0.36596651933372193, 0.001939263961705388, 0.00734360030015975]
            , [0.02375141042095751, 0.00515885364340889, 0.002422526491083755, 0.004208238519039033, 0.06363701729860385, 0.0040303941851254944, 0.004618555268613099, 0.10230825361477865, 0.005251930272607496, 0.537005878254342, 0.10659409587242406, 0.004412300758064939, 0.0036536631280290268, 0.008920337694483808, 0.006267265116855878, 0.011514312094698382, 0.019977039529738134, 0.06777502142248447, 0.0030034040136755584, 0.015489502400986071]
            , [0.06515851413550006, 0.0054754307670995496, 0.03664659896237604, 0.08555158261190855, 0.00926362475561416, 0.02152664113404497, 0.06066247753691532, 0.019444518327795174, 0.07766732987526506, 0.06373299095331471, 0.02277250712496936, 0.048806055195504155, 0.009714369421092545, 0.2333060084646098, 0.07729779413906407, 0.057010853734590555, 0.052501750479113915, 0.03970055864419136, 0.002768955423566997, 0.010991438313463664]
            , [0.021071590030841487, 0.004019887132457044, 0.0012958881372848196, 0.0023671864891751295, 0.041939929978610214, 0.002392755322390713, 0.002316627394139807, 0.2091060028364701, 0.002686404441896892, 0.4535847011472493, 0.08502279133293066, 0.002499648080056158, 0.0022363244859083596, 0.004132843776374547, 0.0034333915040619797, 0.005986967301651644, 0.01749272393799718, 0.13153761901225872, 0.0015214354251593238, 0.0053552822330862095]
            , [0.05462963302697486, 0.009098105927471276, 0.03737375175858834, 0.04104632227913468, 0.04605304273572801, 0.02065233904165449, 0.20548946430099915, 0.017380815187956398, 0.049185929577175526, 0.052651914618582575, 0.01255744495798109, 0.07642057596635031, 0.010299804196348242, 0.07199194544108241, 0.06581582287358664, 0.05989284626861729, 0.045497522280773084, 0.03373671590305544, 0.006279336876127352, 0.08394666678181278]
            , [0.07665492483562267, 0.001420496472043562, 0.07231129709110251, 0.186972595135169, 0.0024052119266427174, 0.027162754627777272, 0.023899269324015007, 0.0068629301093863174, 0.18359908405049766, 0.015246764847356967, 0.005097451572882127, 0.05495676730680202, 0.0046073482193513295, 0.11855600440404446, 0.0942142839269117, 0.05474467426239691, 0.0504273329491329, 0.016467155690145147, 0.0007200716998367966, 0.003673581548882789]
            , [0.21180201403344867, 0.00940832512785396, 0.03532915391258054, 0.03443373891065488, 0.008642405174172854, 0.273844285766152, 0.01003877511823872, 0.012095587107208747, 0.029144747146151943, 0.030906732567432323, 0.008517860929150618, 0.04152984997887061, 0.015232160229189474, 0.02666580419001405, 0.02946901905759409, 0.12743284930265908, 0.05057495668583121, 0.03491631753949357, 0.0028072262120362656, 0.007208191011266408]
            , [0.08598552574798071, 0.005373540057864066, 0.03513848346218505, 0.027731491755930635, 0.0052450238829510965, 0.5776268572533135, 0.008357534563156787, 0.007058895585901953, 0.024526846777221868, 0.013033023580026034, 0.005160405718113567, 0.03841321419550142, 0.008379813747138058, 0.017892554148053685, 0.0251096779302916, 0.06480067355790341, 0.025379408318054162, 0.017800996506512002, 0.002028312801445388, 0.004957720410455003]
            , [0.04665931372916258, 0.006998798765641183, 0.002178165790237848, 0.0039089668669631825, 0.018816697699591666, 0.003973235771402133, 0.002541608048330211, 0.3039183231568565, 0.004023873191685165, 0.09289049184655669, 0.02975633261223012, 0.0037611937105589363, 0.003304881810011745, 0.004093170252383526, 0.003961164292795518, 0.016247072761003806, 0.03921858018399569, 0.40846719625687417, 0.0011648405279014356, 0.004116092725817903]
            , [0.02477171507972838, 0.0036978811454601076, 0.0013889533988928054, 0.0023523050011145814, 0.016295699784132256, 0.0023990191266478273, 0.0017187052023412569, 0.41478520040369293, 0.002806914022745555, 0.096852527030499, 0.02728772933070219, 0.002627260059476505, 0.0021342385873102986, 0.002634619863856033, 0.0026155791278475713, 0.006346089588880879, 0.02330612048106991, 0.36240847967209383, 0.000744721185435175, 0.002826241908072859]
            , [0.021122291711954903, 0.006193906901451333, 0.004517651815243814, 0.005530415389217461, 0.2860778698815007, 0.005446455245593762, 0.04870658188487444, 0.02151046870041941, 0.006282463631906144, 0.048552914281767175, 0.009484151984865723, 0.00989845620585199, 0.003597204152064861, 0.00781121551414245, 0.008478035254617993, 0.021188044603236162, 0.011270967265057856, 0.02387853952615838, 0.040111440682349286, 0.41034092536772604]
            , [0.08953935847989543, 0.003795732481580929, 0.025334458038962268, 0.03349628394401753, 0.006033369766413839, 0.02630082235012121, 0.009731370528452401, 0.013329042878581271, 0.032857027770955845, 0.03510025737818612, 0.006152517735739563, 0.015818215835991436, 0.49080926736393465, 0.031196439907069197, 0.028486798659953013, 0.07017105772944421, 0.041957040669213325, 0.03285662641676001, 0.001840360653974875, 0.005193951410752984]
            , [0.02503189686015393, 0.0026856958272749604, 0.005294454629076308, 0.023591021747413336, 0.002493358751700314, 0.009726715019030625, 0.02107312611424972, 0.006556950551948496, 0.39207091495325624, 0.018955924169732602, 0.006522545124907436, 0.02912400564201066, 0.0035018986280562986, 0.05107317816627577, 0.33443904702759497, 0.029089663874352432, 0.025645401116602982, 0.00880389626811551, 0.0011029237045708015, 0.003217381823676703]
            , [0.04073931645578835, 0.002557582696584813, 0.4286394609263742, 0.13802170079569268, 0.0032903733204352748, 0.04243939827887641, 0.02442316634912, 0.005062936917782984, 0.034356850982700124, 0.00809753763611413, 0.003814136262998114, 0.10750806538770603, 0.007449635005021295, 0.03337324585658457, 0.020199246578492414, 0.05391289125392046, 0.03159255919310565, 0.008762770087311389, 0.001037419226821382, 0.004721706788569799]
            , [0.043569639781918024, 0.0013037070893837995, 0.34047251608495155, 0.35197310420740985, 0.0017914989345528185, 0.027069899696487695, 0.008527709647398631, 0.003436970547455608, 0.03128159601435265, 0.00599638408340962, 0.0027630791878777844, 0.04525750283793371, 0.0066669936332454565, 0.04556719119979272, 0.013456875552946708, 0.03630742102300149, 0.023846908986337328, 0.007682913843869405, 0.0005312242170840623, 0.0024968634305911563]
            , [0.5269791725067328, 0.03191387922581403, 0.005956221256858389, 0.00899178588244859, 0.005227256981320684, 0.056986544493952115, 0.004317590412943893, 0.019581263856480246, 0.0069819749593619616, 0.02195437741323409, 0.006912484734592308, 0.009189677150581005, 0.00807701272448312, 0.0072262523898102265, 0.007049121218078493, 0.15416497201637608, 0.06092904849291743, 0.05234783532607969, 0.0012539527494186801, 0.00395957620851616]
            , [0.026180578963178106, 0.007642795420041294, 0.004095961506490928, 0.005315226673219427, 0.39692928026638535, 0.006172878285463271, 0.023700775772002004, 0.046983216174175335, 0.006294965014244525, 0.11921151465813286, 0.033468804679693015, 0.007951906491171468, 0.004072898103860403, 0.007618865187651889, 0.0072658807168097745, 0.02392959963457848, 0.015842668181735582, 0.04336094287700708, 0.03151334396121089, 0.1824478974329482]
            , [0.013636979313233922, 0.0032584396024862685, 0.0011212144099276566, 0.0018348943621474933, 0.05131925285806821, 0.0019467902139678763, 0.0022767292686173947, 0.08925705448964012, 0.0023765714024970215, 0.6519617012270862, 0.09321254777973091, 0.0020163742815965447, 0.0019118494218490884, 0.004068319654878211, 0.0027722586755167785, 0.005635748865387179, 0.0119087712067167, 0.05251758314102551, 0.0014926884636643075, 0.005474231361962402]
            , [0.021896359602817623, 0.0027286673400590514, 0.0006906851022890127, 0.0012196422783921196, 0.020914418275216593, 0.0017028767941610666, 0.0010465373959896997, 0.39130318539171577, 0.001279456805273736, 0.18029623226131916, 0.03924825185953916, 0.001387848432857763, 0.0012590081856222184, 0.0016539196551656745, 0.0014888180997901612, 0.004100150025062776, 0.01733560343654665, 0.30752237491489953, 0.0006359757477092886, 0.0022899883955729457]
            , [0.048725893777606395, 0.0027519577877023835, 0.02278312036602579, 0.015707613391978407, 0.002364774345129729, 0.7707451621220861, 0.004135380389110941, 0.0032765252940486975, 0.014098230791133709, 0.005047452555613667, 0.0025726220338853664, 0.02435133188260491, 0.0035959372045002475, 0.009267563686393771, 0.013287219458914517, 0.03496786946316173, 0.012613980299028226, 0.006544647241339456, 0.0009931462659435678, 0.0021695716437922954]
            , [0.2975878673242827, 0.04515087297306201, 0.003641573291828199, 0.005911039765868684, 0.011234733551670319, 0.03809709316419141, 0.0037986338819416725, 0.07890867667581217, 0.005422678142210645, 0.05838808815561418, 0.02868284388113479, 0.006661961509480299, 0.00644717459760778, 0.00620196503281969, 0.005694386693632022, 0.07389481310831997, 0.0896865321802011, 0.228336431382792, 0.0015540427484227758, 0.004698591939107562]
            , [0.01861947887866057, 0.002944777356833069, 0.0007046346853660986, 0.0011385628375352474, 0.032991006289398654, 0.0016029910137271024, 0.0011189461793797365, 0.3161391574808717, 0.0012798465789939128, 0.3515793261931587, 0.059041120458826625, 0.0013665854421267883, 0.0011801833454481241, 0.0019284085364037842, 0.0014972686520784966, 0.0036721846291589495, 0.01393136901468459, 0.18537444673733627, 0.000834748528763444, 0.0030549571612478303]
            , [0.032868259220252743, 0.007555685916094306, 0.0025061708560621277, 0.0035948523631622576, 0.24836643237984352, 0.005953635336608126, 0.006320211145652352, 0.09837354455015838, 0.0043735207786643245, 0.3059539761196764, 0.06654691020473123, 0.004848264346828735, 0.0035189328145765215, 0.0058939153550649406, 0.005438650402533305, 0.018137381391036475, 0.023009110054524686, 0.07738697580694454, 0.013417356092964948, 0.06593621486462026]
            , [0.014826921615963573, 0.0024405031215775446, 0.0007168915116735283, 0.0011976432991863178, 0.011081255684692965, 0.0011632397434352877, 0.0008745849444967946, 0.47221979391500307, 0.0012209598793045953, 0.0790616230394736, 0.018318105210845682, 0.001276267792182019, 0.0009682704179643766, 0.001328000158464886, 0.0013240899112356805, 0.002917486372280234, 0.012877068305339592, 0.3742407125886173, 0.0003539155214640307, 0.0015926669667989397]
            , [0.03911379977499932, 0.008746655386158198, 0.0009999300958550058, 0.0015948834347393657, 0.009867738276646675, 0.0020496490313631315, 0.0011042421947425253, 0.2743215389377185, 0.0016168504879379014, 0.06086888970769361, 0.01823633715338014, 0.0017716142856396791, 0.0014549897473392322, 0.001683640884456855, 0.0017013553948504183, 0.00810268840841284, 0.024062176473862357, 0.5406233925859923, 0.0004654365666282417, 0.0016141911715834754]
            , [0.09925778525199287, 0.02822094629536126, 0.022707865003096583, 0.010642565625318276, 0.005828702718582268, 0.05055001765895649, 0.00698200139423504, 0.008646091038628895, 0.014253916977045693, 0.0188189840567381, 0.006292442860494654, 0.045154322997463955, 0.013114693036850051, 0.011068559813088243, 0.01200377735795985, 0.46846114788481225, 0.14810542398480855, 0.023309367140654562, 0.0015224955942354623, 0.0050588933096769925]
            , [0.06838071630261218, 0.00502561642187796, 0.0646180123876456, 0.0344415093886105, 0.004175075594053721, 0.062089303888711096, 0.024123158274006906, 0.006890704607921087, 0.04099210227905963, 0.009771804600495142, 0.0051376245050521975, 0.2001700518767649, 0.006617151341527584, 0.03554119461820491, 0.029280399610082188, 0.27028642564387295, 0.1147678920088225, 0.01170657297449223, 0.0011449763107682365, 0.004839707365418442]
            , [0.013735210590654684, 0.004394316958853097, 0.0023089157021361347, 0.002856075007832623, 0.45229508749003544, 0.003149375471252463, 0.022746403028886128, 0.02165380330834404, 0.0032372296703402762, 0.06147623760383233, 0.016585285585513837, 0.004899835463624063, 0.00204819353525349, 0.004187186157285195, 0.0038890673231101315, 0.01305762457754031, 0.006818191514814783, 0.021776182627306333, 0.02754686928243999, 0.31133890910094447]
            , [0.014499962088956583, 0.0022882591089261168, 0.0007055922109291831, 0.0011294704358946002, 0.046500615669146615, 0.0015406855428102516, 0.001107892152907773, 0.17356254894257314, 0.0012695271911470902, 0.5602635298957851, 0.07504072955988254, 0.0013677212811493622, 0.00119783311590307, 0.0022933677411078085, 0.001521097066799564, 0.0036421583925077767, 0.011148987237616533, 0.09640757026697727, 0.0009723644669594048, 0.003540087632020123]
            , [0.4068856477077702, 0.026608456702111715, 0.0053873492296294245, 0.0067585983114765835, 0.006035861438104175, 0.24874160371278325, 0.003609262569113988, 0.01613859111884297, 0.005087927672662809, 0.022487692985919433, 0.00693721200294681, 0.010392136653903305, 0.006782269238279307, 0.006159177600253913, 0.005428099597233128, 0.13235268533719746, 0.042846952579772925, 0.03655861834915822, 0.0013746700276332405, 0.003427187165207108]
            , [0.20286545605072812, 0.0009462248567892168, 0.1123952926106291, 0.22522572625745574, 0.001529430506949281, 0.03805713625840256, 0.007569267919883212, 0.004040281433076754, 0.08844056136609234, 0.008660451644905361, 0.0028430117515483317, 0.04088726774677758, 0.00600650353284146, 0.08203625453339862, 0.04879555423801055, 0.06946038100063204, 0.04526162659778615, 0.012769760263114887, 0.0004962668404666614, 0.001713544590512018]
            , [0.05347055808056244, 0.006413751077844729, 0.019297136759277786, 0.008325990582135786, 0.003618736743151808, 0.022321844301641153, 0.004624641024485504, 0.010223003342858892, 0.015567510501341237, 0.013953089423632513, 0.005746926927672131, 0.04011139153911863, 0.0058837602369938855, 0.007647992563449769, 0.008406170418356682, 0.30836820109795626, 0.4393077509981878, 0.02249774486136627, 0.0010162758176848789, 0.003197523702282038]
            , [0.631635645855252, 0.0227806694407238, 0.0019152754869210616, 0.002745755637748624, 0.002269042875072758, 0.05467337392459591, 0.0015648351263113528, 0.009909850847652946, 0.002266269896834737, 0.009643180988985001, 0.003646311479140116, 0.0035955826392981747, 0.003981978736931156, 0.0027732011703359045, 0.002410623636249082, 0.16361047202699147, 0.044874464861885184, 0.033547390705668804, 0.0005388322692557051, 0.0016172423941459072]
            , [0.34689905974857566, 0.03214123688731222, 0.0033741566442016557, 0.0038712683311421057, 0.003316490432495004, 0.05834513618491296, 0.0028058397782212406, 0.005289540705125911, 0.0034273329655722233, 0.007270940699705644, 0.004111573768703379, 0.01566108359344481, 0.004925675359499219, 0.004946201479275543, 0.0036253823368266507, 0.4115019397776809, 0.06308510783316376, 0.022206498477813762, 0.0007897637740795448, 0.0024057712222479597]
            , [0.010335508211738178, 0.004398197712317412, 0.0020002848197573056, 0.002559628907470279, 0.27978745829741475, 0.0025195480629705714, 0.03698488528467236, 0.010206817347139081, 0.0027928883876308388, 0.027114638447809057, 0.004565462584046032, 0.0055422626529579855, 0.001545571776410919, 0.0038033544410982023, 0.0035919779597579755, 0.011518012055974094, 0.005547601515774252, 0.012904712831834126, 0.02091765116328061, 0.551363537539946]
            , [0.0926119733610609, 0.002476492421959472, 0.009332976667465279, 0.018272131049488657, 0.0031839445759382708, 0.017934443768519402, 0.005006826182808231, 0.0072918731204407875, 0.016158026262211658, 0.019516980286224943, 0.003587779387021365, 0.006737708478819179, 0.6607880265079359, 0.015917832811746427, 0.013224217300049669, 0.05508477961668376, 0.027626155530331833, 0.02166563578393636, 0.0009170559801884051, 0.002665140907169757]
            , [0.04831074691329443, 0.0012472334127939643, 0.13405301064789843, 0.5275482001432079, 0.0018562069351717922, 0.020344727807754766, 0.0074588214062645845, 0.004086074192753786, 0.04575901167290161, 0.007197258326037725, 0.003412543688765452, 0.025021372683726287, 0.003538340672192699, 0.08182362633734294, 0.021150585624559102, 0.02706730434809959, 0.02268492888906809, 0.014598184186961212, 0.0005895803456445845, 0.0022522417655610415]
            , [0.1251338569749639, 0.0017827326100334838, 0.10717039725117036, 0.14889355171585564, 0.0036670288747949363, 0.03784001231749437, 0.009507767539805142, 0.006909326970939294, 0.068553580871927, 0.015295064137528874, 0.004061309311865257, 0.03569630141023599, 0.21040336937558574, 0.04684600930852066, 0.035956969164498254, 0.07153862296842352, 0.04293523450221953, 0.022787887757622673, 0.001170313182521605, 0.0038506637539941187]
            , [0.028937988501568864, 0.004630176296109829, 0.006087901697848945, 0.019643669171389936, 0.004019231614402735, 0.012944586177795524, 0.03579413514396598, 0.008294241166833579, 0.15560166690729177, 0.026246232249577894, 0.006769838383803139, 0.025256377908357535, 0.00444564711833772, 0.0527961508519351, 0.5346937009394492, 0.031011964538067656, 0.024180626308465913, 0.0108789742223398, 0.0022510718704002444, 0.00551581893205855]
            , [0.03382829523668761, 0.0018154306231656122, 0.008214198593620438, 0.005425338324128849, 0.0011510181544075436, 0.8855462427005906, 0.0016537648557151466, 0.0015774552716200235, 0.005032762573401632, 0.0023651662254257815, 0.0013754977022479404, 0.010195793708154119, 0.0013066195585342644, 0.0025043201060846376, 0.005793006302037643, 0.021782363247619823, 0.005853592598362813, 0.0030885188445730007, 0.00046042584650041326, 0.0010301895271222202]
            , [0.08401629217619482, 0.012843109859977652, 0.005108696014521903, 0.009928209815788793, 0.008254432421477133, 0.00924423361284758, 0.0049627151515982786, 0.13008484614315172, 0.012050784754713538, 0.060471527394217725, 0.03877870514338531, 0.021674234859587412, 0.0052374497497455685, 0.011194128169288907, 0.00992326160041969, 0.07029027313006879, 0.2824294274306241, 0.21677171371194057, 0.0015897640288627085, 0.00514619483158758]
            , [0.1576328369948205, 0.02435421103823848, 0.0010225050594046099, 0.0014813773482522962, 0.05649655209645763, 0.041325680154015665, 0.0013163909229897042, 0.14664046746659912, 0.0014624262479698143, 0.18710597105883095, 0.04913031607028939, 0.0024968893440835823, 0.0027070612654944686, 0.002246685961517338, 0.0017701711714676255, 0.04441121513677255, 0.06203277804132689, 0.20974891687621433, 0.002492097989229245, 0.004125449756025895]
            , [0.14082791424984503, 0.026404909727740716, 0.001627051988307134, 0.0025339537898057558, 0.011940350197904332, 0.007346659643064626, 0.0018015926687735989, 0.15292457094153722, 0.0024434402157851166, 0.05897167604570877, 0.02390031346171505, 0.0030235180616560806, 0.0028198326088704224, 0.0027818002320783002, 0.0026226385165183537, 0.02813966924052778, 0.06917655062525384, 0.45757006977381454, 0.0007043774107538564, 0.0024391106003394986]
            , [0.03990279301960314, 0.007220601998563381, 0.000806274895383189, 0.00108230679763252, 0.15489519744394106, 0.006407072216474015, 0.001402160357654616, 0.19606286054185482, 0.0013183951503542193, 0.31544702149375536, 0.05612542778892114, 0.0016911310849904413, 0.0019346918040851018, 0.0018879839166853543, 0.0015717100611129964, 0.014149483176409197, 0.02220822726281047, 0.14983165617213842, 0.004786917459645965, 0.02126808735798475]
            , [0.03823676766594807, 0.005053958127991492, 0.06934317247085986, 0.03125015235888966, 0.006473699155487122, 0.04004652364654419, 0.06112802605756923, 0.008486957524983536, 0.05319488724906604, 0.012833860910248393, 0.006231905195327174, 0.42673417041206846, 0.005354939750651212, 0.035993845671574216, 0.036195351710648, 0.09226990919323606, 0.04727098313284982, 0.011363369135322004, 0.00163193441461256, 0.010905586216122974]
            , [0.05462621917803136, 0.007670765739128346, 0.005646927216878125, 0.009699357499113768, 0.04066522137791729, 0.010196141823215848, 0.007825939500358748, 0.09027910071999637, 0.02422118354614263, 0.22372733135159573, 0.27502805733241253, 0.011383544872722381, 0.004770197671714505, 0.036822308466726995, 0.02226392427921177, 0.038576039462543496, 0.05372759488549199, 0.06944302345656363, 0.003035569182030999, 0.010391552438203472]
            , [0.24520356764352771, 0.004577363290216701, 0.015583377211623391, 0.027236818642578254, 0.004563168555115212, 0.042163102239025585, 0.006907567251512534, 0.01109271219138644, 0.02133166902686274, 0.024472137598708647, 0.0055418160291871394, 0.019429971299148842, 0.29924123022460203, 0.024431966414892262, 0.014181871770057232, 0.1259536518391125, 0.061545118296149434, 0.041275092521450084, 0.0014239170318849721, 0.0038438809229583404]
            , [0.056409210843036996, 0.0014632601302798827, 0.027561880531492423, 0.0733665086365083, 0.00249560080217533, 0.02352437554973509, 0.01069831631640894, 0.007658577724851184, 0.4252795113739197, 0.018963003749236075, 0.00520177758891066, 0.04904098707544279, 0.004256240505695013, 0.08182699815657234, 0.0969070808386921, 0.041959727122562726, 0.04844509001436664, 0.02123185172472829, 0.000922921276020484, 0.0027870800393651287]
