20 A C D E F G H I K L M N P Q R S T V W Y
16
0.19942075421929295 0.0846506729675394 0.0197495331036878 0.0521921045606380 0.0604456956421687 0.0384167324692695 0.0638923443324813 0.0279084270823465 0.0617036201450209 0.0526004784655076 0.0995146621687921 0.0245674533254497 0.0401633889328508 0.0363519710227547 0.0412649553234517 0.0566095580250542 0.0650827962187987 0.0570935673882345 0.0749007539681324 0.0109628088846084 0.0319284759732127
0.10055992582548699 0.0930515289406453 0.0073030281146206 0.0741642090351041 0.1103716414411695 0.0167359218542110 0.0472746113345335 0.0322291692064117 0.0286856713683974 0.0863163158341504 0.0525933000820561 0.0159125713490332 0.0568490674836218 0.0224684500260896 0.0775349221159716 0.0704555478939932 0.0791948819314263 0.0651044466058763 0.0411532623472853 0.0046803230184202 0.0179211300169827
0.09769280918324227 0.0831465948865533 0.0040071736369951 0.0643361997096463 0.0611197134848230 0.0371804236050092 0.0722798606218941 0.0197585001536745 0.0586618852569446 0.0611051350477462 0.0862787920689270 0.0205518497932262 0.0522552669948643 0.0369452739121162 0.0422438219137831 0.0467485868213210 0.0674381699230881 0.0641971283601708 0.0729332199476894 0.0124032668669906 0.0364091369945372
0.0848463622465138 0.0728856795340082 0.0115238060089278 0.0162508310105043 0.0248261771759728 0.0373722038102547 0.0232981443335115 0.0144127132746394 0.1550332409596371 0.0264970984114342 0.1892081870823411 0.0499159004834439 0.0196556036785866 0.0143063447379715 0.0246964036476268 0.0286330092085887 0.0398648418907626 0.0565638989849489 0.1690749743102870 0.0055470864386506 0.0204338550179023
0.05957691944637301 0.0939349409212535 0.0019626978886213 0.1481078395010921 0.2391635585762211 0.0033919339886152 0.0352715294462384 0.0181201651886039 0.0083856043463816 0.0853393105191818 0.0164868667431273 0.0060925225720126 0.0560559354917658 0.0126506588048062 0.0884839297265505 0.0458473244001226 0.0690435176948988 0.0483377779119447 0.0178771491297468 0.0009724402527133 0.0044742968961023
0.051661913134305446 0.0416708710357172 0.0061106397288548 0.0158993978524163 0.0399978360352520 0.0064515386072787 0.0184039590900705 0.0318370029875346 0.0160154127605668 0.2569118331066949 0.0309626888965157 0.0142182728295739 0.0394230980796632 0.0073301412446765 0.0835800767983150 0.2703389472330379 0.0479286590046955 0.0407483571430737 0.0211614322420444 0.0024870333910127 0.0085228019330057
0.051496943653659366 0.0653038442956474 0.0148883899366213 0.0291692982617172 0.0343476504826213 0.1090887301797479 0.0349889029667369 0.0628552002093407 0.0418604819110044 0.0362687619428465 0.0914745055614086 0.0259684854496751 0.0405027524669131 0.0180346151487660 0.0390843404058441 0.0460997868523142 0.0580701683110324 0.0463005144218005 0.0523197399456572 0.0243985596483439 0.1289752716019614
0.050778841208494074 0.0203321331272288 0.0052084588825234 0.0021964901600619 0.0037473482463928 0.0689059388702520 0.0036610574144402 0.0042178286350511 0.1657247017929999 0.0046119185326070 0.4595178623915359 0.0919864932327757 0.0039619927773706 0.0032901821708393 0.0068095633554639 0.0055696434195017 0.0095691742294764 0.0163518594789760 0.1082357977196439 0.0033306989862693 0.0127708565765901
0.048659821462441216 0.0305192034411796 0.0057166392709435 0.0016058131311382 0.0028925043773437 0.0130054504303880 0.0028486469763972 0.0020450785451621 0.3546782687835339 0.0031365774759257 0.1331481790185949 0.0317501843705228 0.0030255118652132 0.0023919541491029 0.0034612582746143 0.0032365169344929 0.0082385801695283 0.0243435175779505 0.3701002151989785 0.0007129192825656 0.0031429807264242
0.04798935726302399 0.1500409614918961 0.0158676541983194 0.0251010345457921 0.0260524888631668 0.0099348936470762 0.0463094925484242 0.0152810603733854 0.0211034252521561 0.0271614907874013 0.0267243460844517 0.0136744108424894 0.0547232257733526 0.0168233277445669 0.0259527917950026 0.0242255723856264 0.2687625993751241 0.1802907303567957 0.0399863988255485 0.0026491194284002 0.0093349756810245
0.045575686145121974 0.0506428165937896 0.0051702421134308 0.2528738265088410 0.1049584017548912 0.0065650465548658 0.0738086586421746 0.0294443828398372 0.0090398639708189 0.0447488285052968 0.0147961172320017 0.0064264154823225 0.1662321948062722 0.0116768865138102 0.0399247893824561 0.0271772582295009 0.0881772580099273 0.0416401770664643 0.0145904553198815 0.0021508072974624 0.0099555731759546
0.041850198889676 0.1331843915829864 0.0061600297809191 0.0331437476926442 0.0447441819103155 0.0109330067956355 0.0357838111513255 0.0164515787132470 0.0210421650806104 0.0362709475644993 0.0373735678773100 0.0108002425555791 0.0260182496859551 0.3233690139404363 0.0344462752512758 0.0324541881115058 0.0903727673511163 0.0560343226813574 0.0385336651535769 0.0032691369104667 0.0096147102092378
0.03668321360548298 0.4170362373249276 0.0417760917568534 0.0046635484283220 0.0064165524207848 0.0082141284922019 0.0667545181324477 0.0044677586891348 0.0230597899799467 0.0057009772887977 0.0232407635029884 0.0120399482611692 0.0106494933682940 0.0076046566513975 0.0071605679804684 0.0063534179670501 0.1923801386945782 0.0888503541539672 0.0670206506838171 0.0016040905561446 0.0050063156667086
0.03429071504124678 0.0199708518658063 0.0087713639732405 0.0049195491102207 0.0063269239183581 0.3582206696228070 0.0069976276144038 0.0293747101661404 0.0259307438793436 0.0072241327016718 0.0782072192806273 0.0177949447574729 0.0103900367442160 0.0043330682247863 0.0093112876245445 0.0094116032673541 0.0181393531497418 0.0146550708533351 0.0275601451411290 0.0304523346374202 0.3120083634673803
0.029884177309550675 0.1080525249961850 0.0064677427176336 0.0207407440627437 0.0165549891581437 0.0049704769520214 0.6314903591181424 0.0076888945974350 0.0065687583059956 0.0141762601192700 0.0105541866606681 0.0051000376007260 0.0250615704745313 0.0076954664697100 0.0120059902135492 0.0146689203014481 0.0687916718435482 0.0203409130751361 0.0127837623738421 0.0018437939107641 0.0044429370485063
0.01903236136608845 0.0762126322644016 0.0121305618703597 0.0007510108249563 0.0011173726017635 0.0648157007584934 0.0144202146961129 0.0011225814871448 0.2210295046079083 0.0011688906127214 0.2517781465949204 0.0539625570351977 0.0020067071389305 0.0024456782666086 0.0019280909798147 0.0013737664980282 0.0193326871896935 0.0370722642898302 0.2283671349319911 0.0031627723288966 0.0058017250222266
