# This script is generated automatically.
# Vector of amino acid stationary distributions.
distributions <- [
              [0.06029620544627157, 0.017306972337959196, 0.06164782039816414, 0.07616898872322933, 0.042150189324468665, 0.051524232453411145, 0.02586719398805125, 0.06892871138544664, 0.07248558314547864, 0.10341620523900412, 0.024671286151528114, 0.04634278364505379, 0.03168663678843631, 0.03961509493882455, 0.04757453236770745, 0.06455365494241797, 0.05077131606508019, 0.06503958725906393, 0.008776453562071018, 0.04117655183833178]
            , [0.06849779820516332, 0.01738675588488558, 0.06069997503223978, 0.06794694334254449, 0.038442515944336945, 0.07453265564017567, 0.024438606015708835, 0.05660654486198938, 0.06516861112358623, 0.08754641383637897, 0.02022463472181856, 0.04069615625817023, 0.04768779044064044, 0.04040176328895803, 0.05677486222721846, 0.05753964857016272, 0.05304194498985703, 0.06825379758044238, 0.01898824473692044, 0.03512433729880258]
            , [0.06623377669607042, 0.0061637783850963255, 0.05490409511211709, 0.060816395612761295, 0.0420687838871644, 0.0637550869716404, 0.02629035922872536, 0.055835252773706094, 0.055292551276492706, 0.0966018867683612, 0.023968040125892525, 0.0435232997402012, 0.04652797325130714, 0.04041923384383826, 0.05723876704337902, 0.06656201955788817, 0.05836994801899307, 0.07856750253850918, 0.014816404077401764, 0.04204484509045435]
            , [0.06529060783176925, 0.0244329850698325, 0.042395522575962394, 0.053318790299253516, 0.03854773811430093, 0.05060166615253171, 0.030936721608264897, 0.05339488572121955, 0.052334348982133475, 0.10220989003418075, 0.025661642223035925, 0.040748136716706206, 0.05525879279895646, 0.046518961358893426, 0.05969868848400096, 0.08343103349772138, 0.0638922966259106, 0.07072451791901153, 0.010718339243387977, 0.02988443474292651]
            , [0.0989542787395452, 0.012959778995519837, 0.05337886113543805, 0.07344435185838463, 0.028872643280985676, 0.05169196508474297, 0.029773462937811968, 0.052675635335767364, 0.051103339793935, 0.10719890018343661, 0.01941705253779922, 0.040128565866829176, 0.02666179423643156, 0.07559177078126193, 0.07168140694245792, 0.06145474027450603, 0.051534874280859136, 0.06000934297862515, 0.0088623440243106, 0.024604890731351817]
            , [0.12406328534051737, 0.013038581612719325, 0.06075543410283115, 0.0632741715788317, 0.03433378750702548, 0.07275547833386217, 0.031009695457360396, 0.04424972081319794, 0.02860241522238724, 0.11288871591981967, 0.01956122588184023, 0.024839837323499533, 0.036817275078200956, 0.04126912540970094, 0.08478681479627348, 0.04719649786519673, 0.04945277067585208, 0.07044493189155619, 0.014692228997525036, 0.02596800619180235]
            , [0.057062037433850986, 0.01007031527189344, 0.04487823909540518, 0.04491194612278622, 0.033445043447328716, 0.2707040321584532, 0.02002797947070719, 0.060563043796873314, 0.04205118247047277, 0.08289466955214135, 0.021481644463286556, 0.03428906489095538, 0.027025110374598586, 0.02955786634327425, 0.039793231049738496, 0.04085971488848591, 0.041114818809848123, 0.06378267763325694, 0.00839355712518298, 0.027093825601460408]
            , [0.07013204964607042, 0.014762772358793324, 0.08006002086296146, 0.09249813294652943, 0.024636856285087032, 0.060094931725644896, 0.032405400008090196, 0.033307110944372165, 0.08409717672766488, 0.05622528550350324, 0.01669142616904639, 0.06670320515595209, 0.03212650388071758, 0.055150349918749425, 0.060430247528791996, 0.08395807946767177, 0.060235815384981066, 0.04277924619082412, 0.008609919057302086, 0.025095470237246172]
            , [0.08543877952990098, 0.014788237709842503, 0.05414464967755635, 0.07412283346703356, 0.028800180664035918, 0.05745295056388569, 0.023975604777915563, 0.06611362226424301, 0.06801542079022836, 0.09192894517624686, 0.025691370427165516, 0.047584946926778525, 0.02660535366907872, 0.04331841132173237, 0.05051991544033011, 0.07566298663861001, 0.06252564789006276, 0.07582264275638956, 0.0029696114559535063, 0.024517888853010265]
            , [0.07382060913525515, 0.0775113181815792, 0.04999795449693558, 0.0545802765521018, 0.03835507971643554, 0.05805965517914412, 0.026365576739989776, 0.05512635360966672, 0.05170393931592901, 0.08874356208801762, 0.022121888421615325, 0.040814054841856885, 0.03377538469792799, 0.03953427115314186, 0.05381264804673115, 0.06586924183500628, 0.05344568196041933, 0.06961028530110987, 0.012886674588638115, 0.033865544138498745]
            , [0.06242458180575714, 0.01436693126451701, 0.04947687601836425, 0.05660072796858446, 0.030488405530766573, 0.05449745169370476, 0.02371881595982007, 0.13199268152292978, 0.051836789798358845, 0.07822489616450089, 0.016254036404605907, 0.03608331180068121, 0.02988903775410698, 0.03434668487580953, 0.046628264691798406, 0.049199136266900936, 0.04450887275321644, 0.1505290681879455, 0.009805306902120062, 0.029128122635511466]
            , [0.07259941139923623, 0.011743137354082007, 0.052676314762744474, 0.058233025147741285, 0.03311070598430369, 0.05673048749025715, 0.023883776977937705, 0.06363706842356096, 0.05385476919579473, 0.10302651465990208, 0.09363892924808422, 0.03944815049162066, 0.032621383038010175, 0.0382628785401477, 0.04866273050946606, 0.05486202576900507, 0.051575290867331834, 0.06840896381433172, 0.01131757788715286, 0.03170685843928943]
            , [0.07532653908742007, 0.012593071515076491, 0.05348441104343093, 0.05756857762458451, 0.038651250439185526, 0.05530172399649598, 0.1061185015992841, 0.056507818332439085, 0.05185459453224411, 0.08592097987157717, 0.0224079347425782, 0.039142582180420604, 0.030751812031888596, 0.04027597295413442, 0.04884263500117793, 0.05654615348325852, 0.05366461502220955, 0.0694978116893458, 0.01184803725513577, 0.03369497759811248]
            , [0.08725493311476754, 0.01274393698764969, 0.0433518260702431, 0.049238172792626614, 0.03659414343275386, 0.05847874636024833, 0.022044639250058642, 0.05062221644564676, 0.03775851347928579, 0.08355951670859045, 0.021187336015452033, 0.03008527790790987, 0.17969412935882914, 0.031526062633403865, 0.048072281881918866, 0.04864421679107427, 0.046514697181305624, 0.06700003585452233, 0.014547786576517839, 0.031081531157195225]
            , [0.06733882050480694, 0.01220917714224649, 0.04094237125061717, 0.04997301607084687, 0.034830890293305675, 0.049988737431414014, 0.02207495911128428, 0.05551292821960768, 0.1320565590029739, 0.08383556785354705, 0.022223381979784844, 0.03544945983106999, 0.026793369541385156, 0.033842703754012875, 0.12853405634966908, 0.051886028003160375, 0.04773150364527069, 0.0658603470791862, 0.008802634110889185, 0.03011348882492148]
            , [0.21153490963831598, 0.016613683962807567, 0.04014741974550932, 0.04895731370909481, 0.03230919705510237, 0.054478009970056876, 0.02243155791827221, 0.04593926768855158, 0.044961626434861325, 0.07330830752531542, 0.021083696583619527, 0.03082773821936782, 0.02226884410700599, 0.032811650252237014, 0.04342508430224792, 0.11964554878230572, 0.04665057286178486, 0.05471396680475703, 0.008778448953832264, 0.029113155484954318]
            , [0.059178771687375606, 0.016652007958147287, 0.03206697874308049, 0.03957795253764304, 0.09593781579074737, 0.0352852881214141, 0.028398868347720676, 0.08051735594030175, 0.04144575385992399, 0.1370172019787247, 0.033404074447746956, 0.031774629709407864, 0.025018145633506017, 0.03164146790510757, 0.04081650174584471, 0.050676589804038996, 0.047434329459399134, 0.0821792326057709, 0.016398120033935787, 0.07457891369016312]
            , [0.08960058405476255, 0.008090710354075345, 0.09022473455312258, 0.11701914355717173, 0.013491546804609482, 0.05219743523038465, 0.023884284600119758, 0.03154138664703041, 0.07575899847888519, 0.05080549900642145, 0.015923022019608393, 0.06482402580073271, 0.03607916217214553, 0.06404771730125589, 0.046156932823934516, 0.09206655262361839, 0.06986932773126085, 0.04335706937215812, 0.0021935337613222853, 0.012868333107380097]
            , [0.07516721398519506, 0.015484379433549102, 0.027258358525340826, 0.032440892055683915, 0.03961815548061186, 0.041414897865273734, 0.019936970401509505, 0.12092121154405205, 0.025461457469811426, 0.17296023306612623, 0.03166571779993798, 0.02016728998697715, 0.029767570912041595, 0.02761279127638434, 0.04304979492378548, 0.03718965229423387, 0.044138473198498035, 0.15553011615002696, 0.013637619617629432, 0.026577204013331378]
            , [0.06244242292421308, 0.008847929396518578, 0.04744099674427366, 0.051163712101967324, 0.026153142963249068, 0.0529003076235149, 0.019800585507960856, 0.11349474488528367, 0.042388665594413226, 0.2331282149048591, 0.026635629291303278, 0.031747620096217316, 0.022300852792033584, 0.029839369064611175, 0.044323807314273336, 0.04252333807694622, 0.03782820282288575, 0.0758259049237319, 0.006871076509186234, 0.024343476462557655]
            , [0.07981801940260747, 0.01003252949388614, 0.05192675359729167, 0.07206998633982639, 0.03125191879567417, 0.04077526216788284, 0.023061653661762434, 0.05315163957548985, 0.062488124985346095, 0.0787702756750525, 0.019016669603061618, 0.03840660269359196, 0.14637453827606958, 0.03996850594286692, 0.042099843919465516, 0.06715265197607868, 0.05062447389746892, 0.06148046795124695, 0.005234612339947787, 0.02629546970538238]
            , [0.0635702274098869, 0.022610358978382265, 0.028689334023182102, 0.04530468463483843, 0.03677470054157035, 0.028528942684103706, 0.021714304240273312, 0.10694444345846137, 0.05335787077570004, 0.14486165231647222, 0.04773226426396572, 0.03250085336427757, 0.019420147142649478, 0.03985419537621802, 0.045543820396989385, 0.056675779227254884, 0.0626004411453435, 0.11278456673679808, 0.005010053026740918, 0.02552136025689154]
            , [0.07498994830422104, 0.012526784497948838, 0.053375409165172076, 0.059567520090175075, 0.036527629377530596, 0.05693247869272887, 0.027063038879851627, 0.051621385191436185, 0.0536813907639314, 0.08365718498102377, 0.021877238250405558, 0.04067168632956691, 0.034403443807447455, 0.04287714673890228, 0.05631102050143021, 0.06238948805232385, 0.057238601999957, 0.06358401896276736, 0.07924446742537182, 0.03146011798780816]
            , [0.08519533339449233, 0.007877459746774125, 0.05517822223393082, 0.14289831156050792, 0.03097898421126615, 0.03691853612010719, 0.018858981482842183, 0.04786265992773746, 0.11132152115313096, 0.07276181437718837, 0.019045816976072386, 0.04125333609731302, 0.021122203692667325, 0.0667096144333227, 0.04744543603839904, 0.05321493979159805, 0.05338893652470068, 0.05115577597689125, 0.008463031433018155, 0.02834908482803967]
            , [0.08375935972414472, 0.005315096811203677, 0.07142238768974792, 0.043401501581907934, 0.0357737217723215, 0.09953187559369091, 0.019261201068208403, 0.04227720641859137, 0.04731136532974034, 0.06245079518435806, 0.014287706884467849, 0.06600044360668382, 0.04297491191071256, 0.04142338075688234, 0.04421212784888938, 0.08229494643684233, 0.0710821576849248, 0.057792683855920485, 0.02250171474171963, 0.04692541509904204]
            , [0.07878089220839879, 0.01377842148552738, 0.04767971588088946, 0.05653791788971164, 0.03305301235459343, 0.05105893975513397, 0.023856843716499907, 0.06126610752682919, 0.04944932268057283, 0.07950928955889829, 0.019812769441284843, 0.033839461847952744, 0.027914665171998032, 0.03303186501573972, 0.048050967262628135, 0.05605018631392007, 0.15542882770434216, 0.08876251984012863, 0.011112684729586465, 0.03102558961536434]
            , [0.07290619216124439, 0.01157028787403513, 0.049578894304560694, 0.08906156831211373, 0.018179574950623507, 0.030758560317216303, 0.04318211558702456, 0.034263121193616866, 0.10124613740532525, 0.06340220621086783, 0.02122761065002448, 0.06066174565128842, 0.013682152146032757, 0.09864857234120551, 0.08549395241548807, 0.07569320376567011, 0.06339431808600074, 0.043470059102132766, 0.003340100255693396, 0.02023962726983572]
            , [0.07072403572436539, 0.012018431467152561, 0.05262508632498085, 0.05947246313642661, 0.12543331572692423, 0.05930933825347578, 0.024044383658014097, 0.055126493243103314, 0.05197554875701099, 0.1046169391248418, 0.01916487515570734, 0.04059841296308684, 0.033137692206990185, 0.037614173847593156, 0.04850711845072734, 0.058759293996093746, 0.05043476907949388, 0.06221961099521502, 0.00882999038612913, 0.025388027502667807]
            , [0.07049421636835287, 0.008594918943841418, 0.05130328067481091, 0.0562934889678656, 0.0904436101552877, 0.05728956058729503, 0.018855129924142615, 0.04889116063380113, 0.050673895870382527, 0.07683639536797598, 0.020108286343251628, 0.0361914382369114, 0.030204609163170606, 0.035469227026040245, 0.0456181472302856, 0.05237436248354089, 0.04839956441154315, 0.059711537712392265, 0.009115626658411325, 0.13313154324069715]
            , [0.09769209190549148, 0.0018420045884214528, 0.0655167231295854, 0.06716260927047914, 0.033319332015604934, 0.06250535719881195, 0.02089346254629315, 0.04292898004391482, 0.06628770691896556, 0.0852121810444132, 0.020351523165194015, 0.04260940825108533, 0.039785075468521905, 0.05695907417589759, 0.06008933877563503, 0.05915165131136466, 0.06332762974322631, 0.06427448928000246, 0.01736516844796495, 0.032726192719126725]
            , [0.10786956742417386, 0.013484939512951545, 0.06686492924226736, 0.0709548553509985, 0.016654830047321944, 0.07170563482474267, 0.03275030332699969, 0.022801489031801573, 0.0501097978615114, 0.04644403488134127, 0.013968085947208948, 0.05070595263183175, 0.08700141392970524, 0.05370022866347794, 0.060596399637487024, 0.0964922569696249, 0.06965238246687636, 0.04187372047563233, 0.008398118441642469, 0.017971059332403425]
            , [0.0617399689889323, 0.0033480769469915006, 0.06718617790131949, 0.07612266710982006, 0.03670788362763513, 0.055250236059986364, 0.03303903761812078, 0.057561295501849886, 0.08442872303845264, 0.08462843248724237, 0.017261290126013518, 0.056458388679020574, 0.03283229218314303, 0.05121313421016327, 0.05461768629747327, 0.06539325941880031, 0.05691596214478918, 0.058839009367656306, 0.005643344027378766, 0.040813134265210785]
            , [0.09712517191280925, 0.009833260422719085, 0.05158037402284443, 0.0525663351656714, 0.032600494565737506, 0.06223278942125467, 0.011559525844968293, 0.06129193131088796, 0.04681416279152397, 0.08335901135607093, 0.020858752983066022, 0.06421479849284191, 0.046337794775872666, 0.055492015003647865, 0.03465270987015432, 0.08353947112375516, 0.0794890190610327, 0.07327050089131155, 0.00924274451358974, 0.023939136470240575]
            , [0.06344232491302909, 0.004961602736670586, 0.14937330788761036, 0.27791203792235675, 0.007614917322368887, 0.031979017454134284, 0.024134715063267396, 0.013366712008009655, 0.07197521005401984, 0.023286187506984794, 0.010639599523406089, 0.04795223833173974, 0.01824261368880423, 0.08292923708361737, 0.042838613558007464, 0.052252441592444035, 0.040478661426029725, 0.02373389782294866, 0.0029170404813906076, 0.009969623623160477]
            , [0.16289956220845253, 0.006382303981781988, 0.07825381780538426, 0.10692578473942896, 0.016088948739372905, 0.05806780002018696, 0.03149864909242989, 0.02208467781275454, 0.04478133622040496, 0.058130412423195714, 0.011640516051455977, 0.028400875383727965, 0.023832203992191426, 0.07047915440646112, 0.1018812538192862, 0.06266355750386644, 0.056627406929671116, 0.037893960571688166, 0.008402505540744867, 0.013065272757514073]
            , [0.07639267124450712, 0.009424957770837503, 0.13709373303867023, 0.16404170807732973, 0.03220432735290596, 0.04703131879412842, 0.017707505130705632, 0.05238196634372612, 0.04577351430955562, 0.07760043458166077, 0.02000537467538124, 0.03358906810744625, 0.029550735052807666, 0.03417895386774212, 0.03537039026027601, 0.04893733032810855, 0.045675743153823146, 0.05913648040445888, 0.008706404199535642, 0.025197383306393456]
            , [0.1026874569133912, 0.01455390620056509, 0.06057531432957238, 0.04950061707854537, 0.018307387248798736, 0.2483889855987944, 0.02612031228293326, 0.021914535531580653, 0.04192965947263058, 0.03769643551684302, 0.013772568021180305, 0.05682730166341048, 0.028640801152128206, 0.036486911315101005, 0.04491107420199096, 0.09006310848901011, 0.04814689019453991, 0.034372773074397234, 0.0073725147550364, 0.017731446959550833]
            , [0.08249038082736027, 0.013284634556874089, 0.10226185531970222, 0.11828869573452394, 0.010077221973757183, 0.06619579277347333, 0.03522821191148286, 0.014216084282858312, 0.0790439152123458, 0.031681180736026014, 0.009578841185275194, 0.07226197971437816, 0.03239850205560167, 0.0717149854098724, 0.06879444271451852, 0.09471579493743139, 0.05699150583513107, 0.023639188720263247, 0.004369098707344925, 0.012767687391779126]
            , [0.06443368127414568, 0.003320876664849361, 0.09198765385213002, 0.09954462681309525, 0.01793308451286166, 0.05062722489760039, 0.03859751856210786, 0.021226880123978498, 0.10896860626413107, 0.036790025294706576, 0.01185842908964698, 0.08490453473276545, 0.02753812883079857, 0.07125797785158072, 0.06783533807862983, 0.0814517867623152, 0.062140213087855986, 0.028458205169965032, 0.006669011996399811, 0.02445619614043604]
            , [0.04167372330611644, 0.012981549598499021, 0.014506878876818907, 0.02234341182745446, 0.05159678760198726, 0.013858212278020178, 0.01473512422525467, 0.14793103481547246, 0.026874656572320656, 0.283160120306863, 0.07021493106085967, 0.018444064282501286, 0.01305322925602255, 0.02618958102275648, 0.026134351407336786, 0.03141136368238941, 0.040220959140828696, 0.11615435894009, 0.006723705890322993, 0.0217919559080851]
            , [0.04979517592048092, 0.006880127397044955, 0.309914904942518, 0.16655593734331314, 0.007955245792654064, 0.05103211026554597, 0.020897349567368387, 0.011617199268699871, 0.038953964481490605, 0.017889720597370904, 0.007825953297379494, 0.0999573489386702, 0.017531445792383995, 0.03695624061383867, 0.023166998669100047, 0.06378928411477673, 0.03731414885031108, 0.018917734169421285, 0.0030021465894476255, 0.010046963388183916]
            , [0.06530297825016228, 0.006115592754024002, 0.04001583147852425, 0.08234030448193297, 0.009025006698535279, 0.02999957539212213, 0.025747345955344954, 0.020910606539420524, 0.209486913043665, 0.03619131937982708, 0.016374234814851542, 0.04508167954598896, 0.021538223541318697, 0.08138134425471034, 0.15673094417574068, 0.05887560061432117, 0.05185547941190935, 0.029302029893620334, 0.003469959978506452, 0.010255029795474057]
            , [0.07134253559644842, 0.013064057542565047, 0.0390582877411947, 0.04683338057323694, 0.03842491156474196, 0.052183768196904956, 0.029538143967198647, 0.058213382398216974, 0.04614578029682005, 0.09329182131483978, 0.02441104906235343, 0.15302917921232473, 0.028083681798218848, 0.035988259767846885, 0.04775648914209181, 0.06408431519664946, 0.05263056627855434, 0.06394116504653408, 0.010699923257648217, 0.03127930204561084]
            , [0.10344681311034158, 0.014714468985351135, 0.032917434952935413, 0.04011380254772123, 0.014858864860422585, 0.03320974929555686, 0.020003645035693393, 0.042751089182853655, 0.045024452435019666, 0.04587170641528287, 0.022393339804363272, 0.05247454258349472, 0.022901732157193683, 0.03620704549126438, 0.0365311391928678, 0.15618769641565217, 0.1994188607752632, 0.06360162310928197, 0.0038513803949927878, 0.013520613254447469]
            , [0.05673921217669328, 0.010340697972343332, 0.029489655551902475, 0.04842678154717736, 0.016168312716607333, 0.03534496854965491, 0.04001172317250787, 0.021415691124616335, 0.1519122108085994, 0.04457171638037998, 0.016320811185246295, 0.04147629846287689, 0.02394396307022267, 0.07596351918174168, 0.2193452380841582, 0.05885225987002665, 0.048317506940327784, 0.03028451897288572, 0.011768232626159806, 0.01930668160587189]
            , [0.03700228871850302, 0.012110785762455216, 0.004376154139557702, 0.008548370741865235, 0.02022093365726921, 0.005931595491163577, 0.00529322734778287, 0.2946982966446898, 0.009467153412120271, 0.17798171438304347, 0.04845318500638742, 0.006572907291346313, 0.005450855035759526, 0.00887961113626619, 0.008831024573384959, 0.015154599345849035, 0.035098119692559805, 0.2869606359338364, 0.0019395968111622845, 0.007028944874997801]
            , [0.06980791196064745, 0.011937131344366709, 0.010416685681164922, 0.017079400519689928, 0.020891711150341576, 0.013946592252427564, 0.008915624903574278, 0.2215488996619314, 0.01672587052779917, 0.11702297614649042, 0.03139936509416105, 0.012878122261913372, 0.01617247191263697, 0.015350996916127457, 0.016636043470821735, 0.030396832029708366, 0.061119358234478414, 0.29314513917333246, 0.0034575265931694973, 0.011151340165217127]
            , [0.03425938453061403, 0.01049579552563595, 0.018023141175468434, 0.038866645976661, 0.007876452462546242, 0.017391984181953767, 0.03148049924847786, 0.015650038218364918, 0.25957688573118876, 0.02919634665966951, 0.013443421838125419, 0.040281511364035495, 0.009710865054557979, 0.07321248842599448, 0.28605858260881556, 0.046169295822887986, 0.036701371254178716, 0.019130118231290863, 0.0020516362686192374, 0.010423535420913866]
            , [0.06687624541984787, 0.017688502991786214, 0.029236063081930164, 0.035653314956201436, 0.11648099885665447, 0.033969112696503385, 0.054156243085600776, 0.03996054071229894, 0.03334832798133172, 0.08294432569620791, 0.02076666006737082, 0.028195044189177274, 0.01982679253316556, 0.03256855787204701, 0.04563636773579404, 0.046798396140615234, 0.041112834393588864, 0.0520676691103754, 0.06411593756389021, 0.13859806491561283]
            , [0.061414710228102784, 0.012684431580957752, 0.10962745673361703, 0.055501989819991535, 0.015250262566469979, 0.06040283401953418, 0.04705008587372327, 0.01970454369923989, 0.05141914200089058, 0.030590292693723042, 0.012787941234782722, 0.19261436270631302, 0.01722496011849755, 0.042258797146847445, 0.04197228518861219, 0.11268688581179122, 0.06432274669032861, 0.02736013812291472, 0.004839395750396299, 0.020286738013266102]
            , [0.04611454386671265, 0.013507163146912938, 0.013995749086310627, 0.018969538207662815, 0.10819092137448745, 0.020601895703299452, 0.018825173166190916, 0.13210009252418736, 0.019339446174578556, 0.2204827860266838, 0.04699530251629027, 0.014153329039542964, 0.014654057439488211, 0.017748869574621, 0.02494767220234473, 0.025953347558155735, 0.033616850728259755, 0.12081949937037155, 0.02369955492610663, 0.06528420736779272]
            , [0.13780080560073305, 0.02303045179160558, 0.035951974173798126, 0.03404876306629294, 0.011958589012234922, 0.057756454437928234, 0.019961297768614585, 0.01621175960279479, 0.031958955514832375, 0.025836536759041448, 0.011623631955044305, 0.05555043473774618, 0.028013519204779746, 0.02886017030472259, 0.030563109433440736, 0.27031276812683735, 0.13295599464633, 0.030530721810309244, 0.004771908670041418, 0.012302153382872341]
            , [0.28395370467123027, 0.017431082821524634, 0.0359565604896802, 0.05048911361936841, 0.010166348700548186, 0.08649644901183494, 0.015020962544215899, 0.024907920040116986, 0.0342594942111393, 0.03425782091001089, 0.01429104170658073, 0.029306332224843076, 0.027252061625970797, 0.0335003431022199, 0.0312513189694098, 0.13291370531620603, 0.06981546071938426, 0.0572782247163134, 0.00288431076258116, 0.008567743836821214]
            , [0.10551721661992428, 0.013706617854850939, 0.029577998386755896, 0.02310372478439393, 0.006564712558210505, 0.5569375441729161, 0.011193241692531821, 0.008470827077883405, 0.019709339297274253, 0.013382498815008546, 0.006385937940884878, 0.032955938804293976, 0.011183100037272286, 0.015417348250720076, 0.020926008473241466, 0.07477987946327438, 0.02515170531419552, 0.01642290058304455, 0.0025794609833305025, 0.006033998889992595]
            , [0.07815228363137734, 0.004623686123594521, 0.08861624120144518, 0.14106869378567763, 0.006866901170443351, 0.03449807330913364, 0.031828446329940224, 0.01602224699073634, 0.12027971834604965, 0.028892925044105996, 0.009208935926873274, 0.07193151729715618, 0.018936918525633416, 0.09673566711186254, 0.0773171193508636, 0.08105884937536795, 0.057809194204218456, 0.024312388416806635, 0.0006883377730304152, 0.011151856085683297]
            , [0.06307428061283198, 0.010230940430403226, 0.0506355322856759, 0.05289994965419895, 0.039268997378976406, 0.04067433068394884, 0.13371402647533184, 0.022519173651888307, 0.054776551692426456, 0.04750129465587017, 0.0157370626885252, 0.0801277554394483, 0.019375069621169083, 0.06220555603758926, 0.06800410130955037, 0.07109486283214038, 0.04949396514231786, 0.03226029785850189, 0.013616825586046172, 0.07278942596315943]
            , [0.047408627598540726, 0.00819339029556371, 0.054937736538806126, 0.05112969932028218, 0.02838792869145598, 0.04516271040380505, 0.020862647498789126, 0.03265926980580845, 0.04419355829550095, 0.05996818685053772, 0.014878144785500542, 0.040573088017897406, 0.020060760635847635, 0.031001569967960437, 0.04224036635802867, 0.16965874763863867, 0.21012227507617573, 0.041352869331257654, 0.010099539387043222, 0.027108883502560036]
            , [0.2007737102918441, 0.003075856292894072, 0.05411191423886707, 0.049673498960134906, 0.030459578758335205, 0.08632150590047272, 0.014627108115560014, 0.04585404329751918, 0.05876150831611585, 0.0625631709325789, 0.017027185588568267, 0.03761075586566537, 0.02965698525022458, 0.03472261840689114, 0.03123438788219859, 0.09405994180974284, 0.053370182891410066, 0.06082808501217832, 0.008532587199835124, 0.02673537498896372]
            , [0.12391268085780568, 0.005958845161523736, 0.03473234076148707, 0.04154526394681939, 0.010906951177099411, 0.038334373523055985, 0.013982365439717403, 0.016902914563037445, 0.029066834844139952, 0.0328181546133413, 0.010222044214216476, 0.02122578673427935, 0.41038607042965286, 0.026587167973727184, 0.030795788286220892, 0.06580978188913995, 0.039920880032083765, 0.03225825573096283, 0.005343503321684799, 0.009289996500004357]
            , [0.02553576147312923, 0.010827612006839179, 0.004058464846678751, 0.006720280347046122, 0.05267136257958551, 0.005849022070432408, 0.007400910811418949, 0.14827161821159943, 0.009567697693392298, 0.4454005179518706, 0.08914214530262171, 0.007618230384411013, 0.007528241181091131, 0.011910960254942076, 0.009513817925528655, 0.016501729154990482, 0.0219358998664286, 0.10484502901572869, 0.0020378739101420728, 0.012662825012123045]
            , [0.04459780454701867, 0.0028980718383361114, 0.26992789846188886, 0.3194949020995775, 0.004232139183795106, 0.025993360385416636, 0.017968219357263462, 0.008184897094021773, 0.04018975870875261, 0.01290632591675538, 0.0058524539587079885, 0.05702459336710066, 0.011788541857597968, 0.058530828556333694, 0.020260138039141267, 0.050101308127698745, 0.02874398264097474, 0.015152883741533061, 0.0004917600162745987, 0.005660132101811633]
            , [0.16257347315475904, 0.04991937562555272, 0.026299003204901045, 0.03352636081602481, 0.02094843902861141, 0.03540841073912648, 0.01925855000007575, 0.07540000701518951, 0.0289417452046433, 0.08440770651695897, 0.018031042454745256, 0.02076834224780859, 0.016516802511588213, 0.026211393964712223, 0.04072361985610056, 0.04660068400403652, 0.0686179245325722, 0.20210529725228116, 0.005905529964141774, 0.017836291906170507]
            , [0.09789384355407889, 0.002762783316271213, 0.05510775295450568, 0.05457013302381236, 0.030310456261182377, 0.05881846956383292, 0.016769621767940987, 0.04016586343231654, 0.05518420296057859, 0.06503841776022558, 0.015922299465467787, 0.03974624041348576, 0.18176082168016483, 0.034048404832661604, 0.04032439939322315, 0.06447014826456375, 0.05246701649148567, 0.05352491827704704, 0.011409658539633548, 0.02970454804752163]
            , [0.10616116641483882, 0.004198719408292134, 0.10251551767968038, 0.14553220082611393, 0.015052218303704389, 0.0344317702056466, 0.01546434326535733, 0.024392864211016992, 0.0670785696090566, 0.03976987030181966, 0.01015338805636698, 0.03014188169135454, 0.1786264825271449, 0.040729255065220966, 0.03403811749916255, 0.057191063620757744, 0.0435632337901583, 0.03369360714488157, 0.004158826281878241, 0.013106904097547212]
            , [0.021224127794073098, 0.008056838248045284, 0.0017650109762691003, 0.00392005628477051, 0.043949665172467976, 0.002671085979741301, 0.003592827310427442, 0.23387512327280688, 0.005323203426860806, 0.3779566920454438, 0.08479029554048832, 0.0037949286606666793, 0.0019287128938528678, 0.006142522556729167, 0.005602589217042386, 0.008016071520466237, 0.018850976557760853, 0.15399313693733716, 0.003644994834534053, 0.010901140770215858]
            , [0.06967945755558691, 0.007032076277701, 0.0927516369519375, 0.06065279861029718, 0.006792985061135105, 0.3415565230471991, 0.024044291260582096, 0.009202357378142553, 0.044812431285636084, 0.01637342358462885, 0.007529330981977453, 0.09438546813269628, 0.01261979787952316, 0.03742553253996085, 0.038473648526042535, 0.0793807517667965, 0.031890662519578734, 0.015270239762887017, 0.0024438144501480004, 0.007682772427543124]
            , [0.029135575273608414, 0.009432833621012009, 0.001397326296866888, 0.002995215424356734, 0.018263263674534805, 0.0023951117470374116, 0.0023007116801092367, 0.3610522232329457, 0.0038891982551028876, 0.13178751194861196, 0.031223465450863307, 0.002904532703553669, 0.0024771446348234986, 0.0035994102193804083, 0.0033861817451087835, 0.008359218919471095, 0.02415248666892049, 0.3544245062865847, 0.0003354281746070628, 0.006488654042501099]
            , [0.09337292950230172, 0.01691246010020938, 0.048504517826718746, 0.0339919672293433, 0.03740678038749501, 0.08238254897731243, 0.02529557693581502, 0.04241412608778372, 0.016668714928288086, 0.08709817471573725, 0.02313420355258595, 0.04452236375966894, 0.05484459007677628, 0.03635919377476628, 0.06215126588179077, 0.0947429196969528, 0.07491580544138955, 0.06898036667738171, 0.019704844104292452, 0.03659665034339062]
            , [0.05027596473660713, 0.0032007784751915515, 0.07377080501307753, 0.06591230079597112, 0.0335395374904492, 0.05186454628799754, 0.01100024933526295, 0.06872542662185777, 0.10317218625531714, 0.0715925269672937, 0.013783972608940593, 0.1200309437169625, 0.023355750874467923, 0.030312818821588868, 0.03120994196832039, 0.07358067255594389, 0.06710755031842454, 0.053903489613569125, 0.010915335648157146, 0.04274520189459935]
            , [0.058104547256799366, 0.009111334461233534, 0.2024222539055353, 0.03794363413792281, 0.03398846004135644, 0.050148805791309356, 0.0211339639898258, 0.05208777691156383, 0.043132018757355464, 0.07549102724772713, 0.019622233792028043, 0.10842778569459444, 0.02453670935205021, 0.02897360817446481, 0.03923838116588845, 0.050940484210876005, 0.04472809321767619, 0.05961986107459653, 0.011165872141027407, 0.029183148676168905]
            , [0.07709908680977473, 0.001617778501951192, 0.043925277122398895, 0.039073715207518525, 0.04531879325845441, 0.05594895244503128, 0.01397271200038145, 0.08574563380235363, 0.04164491169345169, 0.14782495186994943, 0.04346364857704952, 0.04050032706223092, 0.024295442176466318, 0.038689575913841354, 0.03640524101233104, 0.0509949559642868, 0.056175776304066866, 0.1069224320410534, 0.009882204672895493, 0.040498583564513094]
            , [0.10447224941779765, 0.0013064771594031323, 0.11602489093443846, 0.10931582005441356, 0.00931452142866722, 0.07684655598264496, 0.01859603536942214, 0.014618094759604927, 0.08296278813214104, 0.031388632253881915, 0.00807818914934931, 0.061361264131383736, 0.06772053800907837, 0.06032421810735892, 0.05204508607901392, 0.08465361548504778, 0.05904638511132342, 0.026428648311735057, 0.004447330854195302, 0.011048659269099178]
            , [0.3692669393311842, 0.029443852238034363, 0.011119072979238092, 0.01616218743007943, 0.009462727364122825, 0.04559843428737445, 0.008341467652945583, 0.03345338413059967, 0.013808866207393841, 0.029946396877921368, 0.013987383370215408, 0.015810071061690432, 0.014759762390657648, 0.013477098639599554, 0.01407047709168089, 0.14954659844256507, 0.1032718300372551, 0.09937356177085244, 0.0019098534898245893, 0.007190035206764746]
            , [0.035600050149423586, 0.004385506761036311, 0.08479216857985139, 0.04805732270488886, 0.020926573778507488, 0.3271831114344721, 0.022644297627772893, 0.03119973341413978, 0.06281584992105507, 0.050027424192084384, 0.012279135327713972, 0.09181951515641221, 0.01482945667629392, 0.03825866356387929, 0.03803762496783198, 0.03481774358011439, 0.02657536867354348, 0.03415123273953877, 0.004435513514155511, 0.01716370723728448]
            , [0.0931185584210826, 0.010588358621411545, 0.05758077561950456, 0.05110943003318731, 0.005491512745878741, 0.06148104322802503, 0.02944617529667872, 0.011979519998649673, 0.05883157946305937, 0.017568627563304677, 0.009090399912504956, 0.1294402966324655, 0.015006883115670576, 0.05217827798166639, 0.04088218194795353, 0.21410026456481224, 0.11333999723591871, 0.020096306039008846, 0.0011347643623968715, 0.00753504721682024]
            , [0.11422188897756268, 0.006488045177720522, 0.06202082611873405, 0.1372688897003955, 0.004171802841992051, 0.037837205297474225, 0.028724766383019167, 0.012346712904951776, 0.11357357906152403, 0.030537934082655763, 0.010557336551399624, 0.04323940135194747, 0.009362024699139528, 0.11031351188973741, 0.11237474123228856, 0.07667921090428033, 0.058574135799413146, 0.02467842260435905, 0.0024288125160581114, 0.004600751905347157]
            , [0.4025740210206299, 0.023103111278328176, 0.010278440566931236, 0.013700558383304947, 0.004622078156545512, 0.06399288269203014, 0.006500908143107896, 0.008043284997936474, 0.010508259271516546, 0.010980064115883613, 0.00588026357966199, 0.017295260537460583, 0.009860089166943515, 0.01162204539280669, 0.010065580969214085, 0.29661032517910774, 0.06393518606130978, 0.024934397693882768, 0.001188458670501013, 0.004304784122897449]
            , [0.05155014288695755, 0.012006381897326853, 0.021273644280987884, 0.02900459903841563, 0.07380243741477487, 0.024033644714458107, 0.01950705959195039, 0.17321574440837645, 0.03272448121641203, 0.1422735130377107, 0.026013312440333634, 0.023172710718685055, 0.014290006474867278, 0.019492473529965058, 0.025826823475510123, 0.03596057103822934, 0.04836542786892001, 0.16603914158970762, 0.00404767130265386, 0.057400213073757506]
            , [0.10039979070526285, 0.00424727951289007, 0.12277953304141578, 0.07252591568455331, 0.01250007025824527, 0.08051406602372772, 0.01178970501812307, 0.018431011481958942, 0.04728787553191966, 0.02845617860650358, 0.009363559953120148, 0.10175387252530592, 0.03146188705892686, 0.04176854006130542, 0.027661217023110713, 0.14187669681352555, 0.09433908149245566, 0.031136568777572007, 0.006142339660251836, 0.015564810769825648]
            , [0.12849126184283002, 0.06049025259681896, 0.022726820618812555, 0.02570215269460314, 0.0509888214847206, 0.04618483676074513, 0.018742114090781935, 0.07547184197184678, 0.02522723680081407, 0.15458315478186938, 0.049181921657775046, 0.024444868643601805, 0.01731162351440073, 0.023034148608283178, 0.03132067301966384, 0.05163110157135689, 0.04941762307072884, 0.10277309299130793, 0.010892014199446225, 0.031384439079592735]
            , [0.1717718327305741, 0.0064315727477391475, 0.023040404500740245, 0.027136430291096462, 0.02314574909282551, 0.03967597003095258, 0.01346796495206986, 0.08425266062832161, 0.026611521845592147, 0.07980933952303298, 0.031182497125541667, 0.025361670427008345, 0.024315187763975867, 0.023577567500092447, 0.02719365119375362, 0.07498817697196529, 0.10753238912844604, 0.16822581378753976, 0.006008118963043606, 0.01627148079568866]
            , [0.05306210106604158, 0.0021311819455606656, 0.016389902786147763, 0.019805182025509318, 0.05094684143011275, 0.02443543605465976, 0.008353608059160402, 0.18001475942561065, 0.020644551670704066, 0.2457426442756888, 0.05206001285526454, 0.017035297230171314, 0.01644254704983075, 0.01768429450307487, 0.019477951904512153, 0.028314164526545334, 0.038076706438859645, 0.16285702452875667, 0.006007482119075403, 0.02051831010471341]
            , [0.15596952712399267, 0.009761676999072167, 0.06705077867799358, 0.07047899762719347, 0.021543103532286677, 0.07511134012161595, 0.027246840441854228, 0.03336364625413314, 0.01893943229776596, 0.08632020473286527, 0.013846644656192593, 0.01535211674106878, 0.06659004059810075, 0.039774865611993296, 0.08240278830086276, 0.056381841844578104, 0.06197897249889326, 0.07580460424921985, 0.010061436225461753, 0.012021141464855873]
            , [0.01026245508398405, 0.005146050017149645, 0.0012974536289014388, 0.0019279189936226636, 0.05673510359504643, 0.0022076599290118265, 0.002898969098213741, 0.10732811089964374, 0.0022757745955437575, 0.6213563684505667, 0.08277070492986292, 0.00206093983760395, 0.0043399015207737385, 0.004279314249920906, 0.003820916310646267, 0.006545870630298094, 0.00830986713679579, 0.06757268854985711, 0.0042440133900663694, 0.0046199191524907935]
            , [0.17351052553720575, 0.0026694414546181745, 0.08778251329225781, 0.16141481984099645, 0.01528947387619747, 0.0360016066366497, 0.015459806162434836, 0.025439194943163098, 0.10034331804318161, 0.046350853820862445, 0.008321563692960042, 0.04377549716261497, 0.007954256120739423, 0.07670520507115064, 0.058604206588690706, 0.058517298753549885, 0.04077466676328856, 0.024596254923698664, 0.0034937897207884716, 0.012995707594951115]
            , [0.04254713577694801, 0.0074687619962819545, 0.03178026190225007, 0.032100508220594806, 0.01793640270234668, 0.04491311463168434, 0.014896351620698403, 0.23459494712036297, 0.027538266386596632, 0.11595288833027624, 0.014431286267209234, 0.022034262496864725, 0.014616968179374277, 0.020138684324378573, 0.033569302256041496, 0.029499391743151273, 0.028292961396944424, 0.24918248582558, 0.003941331399351994, 0.014564687423064042]
            , [0.06515457383557807, 0.009146884047266598, 0.03875948131514517, 0.04068059488223074, 0.07894471145429707, 0.049105113680316205, 0.018591746720357644, 0.042997695191754226, 0.03465862516424411, 0.2643915436446562, 0.08791182076080123, 0.028809332739256087, 0.016619295103145932, 0.027884793430497545, 0.040293930178442475, 0.04064109643110883, 0.036714147580723805, 0.0446832162468493, 0.00665497659881288, 0.02735642099451571]
            , [0.030603520726881456, 0.010439667502742722, 0.010563015543960653, 0.014728369903279935, 0.2676134481724485, 0.011066750739106785, 0.0375163840047005, 0.04790627490927295, 0.016654364543023395, 0.12850367109189553, 0.035228802761343075, 0.016951511306652543, 0.00878543332717981, 0.017930480959851735, 0.01870284573820985, 0.024222069901016115, 0.02337814305816933, 0.0433486475420303, 0.031592810332283824, 0.20426378793595112]
            , [0.10911203290352332, 0.0035463237284597483, 0.01303919433060307, 0.02072434055644204, 0.0037165949294911405, 0.016626886051700693, 0.00976473473908251, 0.008239265695382591, 0.017811234280911158, 0.016854492956546088, 0.004446421831000734, 0.011560964881282327, 0.6018833765252591, 0.01966895896772722, 0.01504478991684709, 0.07452519547845754, 0.030798516148142194, 0.018415194147080073, 0.0009360730834168732, 0.0032854088486444603]
            , [0.07098110357300366, 0.006323759878397965, 0.03679446835639372, 0.04598658621923525, 0.09660213994120827, 0.04028918623783336, 0.0924888110707628, 0.03870781162795565, 0.035050660019519606, 0.07926005274877944, 0.021283061447539373, 0.03609932095674776, 0.020840663663296323, 0.035367445076847165, 0.04101515530739751, 0.0510059982947056, 0.04374714765654549, 0.05057937879300058, 0.010820962676330792, 0.1467562864544996]
