# This script is generated automatically.
# Vector of amino acid stationary distributions.
distributions <- [
              [0.06928171030002545, 0.012766464038754833, 0.059365670173868, 0.062216620743284316, 0.049600905428552375, 0.0606613834804895, 0.02575936284656519, 0.059740426977401964, 0.05957976858954297, 0.08110825464797573, 0.02060155456847998, 0.05257644374271641, 0.03551959838913406, 0.05031509805011701, 0.0603515604170745, 0.06264249073538733, 0.06023756238262716, 0.06727550840136504, 0.01196931352952919, 0.038430302557109094]
            , [0.07091625510049288, 0.010817959766503977, 0.04501939106353472, 0.05561283193766474, 0.04996584872203445, 0.05199987486363856, 0.021666424899209967, 0.06807883271934306, 0.052188213448580205, 0.16159218041452686, 0.0264746761616587, 0.032814304631958065, 0.02458471803446307, 0.048263357329751115, 0.05475602396061274, 0.05790402017364344, 0.0552706183012322, 0.07286501894805648, 0.009128308002276103, 0.030081141520818696]
            , [0.155311699584581, 0.009851501234123695, 0.056368979633073135, 0.06179733891996364, 0.025897352992718937, 0.06309369454891278, 0.0212991154729407, 0.04928268789198604, 0.051522550088749994, 0.07706096435972018, 0.017489360792595075, 0.040577353637224714, 0.028784295429244867, 0.05250809381731371, 0.05993022289323519, 0.0712180778692159, 0.0613095312266223, 0.06566120560080033, 0.008684872130520103, 0.022351101876457686]
            , [0.07801363846827203, 0.011319940655076188, 0.0582981598633242, 0.06087895113802697, 0.024175017023395355, 0.06043875035147953, 0.02388218986907046, 0.044931870135676816, 0.05927169727522434, 0.06726449753619289, 0.017130104553864198, 0.06394837998159215, 0.027115209220305532, 0.05324875136388229, 0.05550850954875686, 0.12977942624858854, 0.07683761575118737, 0.05689025051505191, 0.007227721621288117, 0.02383931887974446]
            , [0.07765102073746805, 0.007865181037247464, 0.07566951905029011, 0.13701152256972948, 0.021017158344899797, 0.05304783793175315, 0.022254583967928242, 0.04531395679178292, 0.07062891864454562, 0.0683266961559908, 0.01610992612900076, 0.051839607202184716, 0.024803408621960517, 0.06411048042334822, 0.05909806358329547, 0.06461156409437006, 0.058671777064636756, 0.055303229917390326, 0.005950030917535887, 0.02071551681464168]
            , [0.0683429376996499, 0.007205465497285379, 0.053291434793680474, 0.0728027578311455, 0.020835106676738657, 0.04828153068561329, 0.022949311439118207, 0.04924649967162976, 0.14304371284787318, 0.06852524648097585, 0.017339502565718715, 0.056358445843193834, 0.02025515055648922, 0.0651040473019689, 0.07748475565830257, 0.06414359269835555, 0.0613080841024967, 0.0560421547191022, 0.005617056784934111, 0.02182320614572794]
            , [0.07997922217432202, 0.00836630425918147, 0.06130215938206825, 0.056485123704894565, 0.026326177477615387, 0.1679886728629008, 0.020525672114107132, 0.049055463505110204, 0.053636693890500575, 0.07058583046198534, 0.01652068165153604, 0.05395125683223898, 0.02804165380744391, 0.0426819523637652, 0.05330392763606092, 0.06679208543116659, 0.05412106131382817, 0.05800032725752169, 0.008522373511289894, 0.023813360362462715]
            , [0.08265377704139562, 0.010296462231115237, 0.041239907848126034, 0.053658674343615015, 0.03067843652611611, 0.049796272645279784, 0.01885155049112363, 0.07912801719901436, 0.050511529688697925, 0.08759898454173953, 0.020637543223464894, 0.02813075904415356, 0.02357538928747809, 0.03952744181690526, 0.05117189704308792, 0.05686060801163426, 0.06783918260512604, 0.1758639201249636, 0.007889192794554863, 0.02409045349240829]
            , [0.062246202706144796, 0.0091965667829879, 0.01554903001859841, 0.022637309530747447, 0.06108824384871467, 0.023313428286416558, 0.013703665250182143, 0.15076174912489498, 0.02346114800928633, 0.20448811607875095, 0.05271018200664967, 0.016718142253289426, 0.013716640477282604, 0.020697467264002994, 0.028247945870433902, 0.04112022865385796, 0.05293239736299818, 0.14351793219565756, 0.006968678885796155, 0.0369249253933073]
            , [0.06171224732364191, 0.00836666786280354, 0.022378098710060922, 0.04285540785515142, 0.05362912265755451, 0.03939874168290712, 0.01735518546566968, 0.06870527092628767, 0.04449291259774076, 0.2537608797132091, 0.055565917018591884, 0.02253931847937072, 0.014805268872788524, 0.04458983183441574, 0.05173584376577082, 0.04661508144884399, 0.04745320528207727, 0.0677438909966127, 0.007230714876384451, 0.029066392630117347]
            , [0.0638355100907198, 0.008916929699079361, 0.04265137198310263, 0.05175901755408739, 0.043753869001252, 0.05027704119351839, 0.017876319486095475, 0.16510388487697716, 0.053666943097964694, 0.094542466606938, 0.024851986839701547, 0.03812043299995531, 0.020030134354565778, 0.029983831001388444, 0.0483829199915458, 0.051717057061499566, 0.056485142001421705, 0.10188635641644772, 0.007440582326187943, 0.028718203417551286]
            , [0.08818765794102829, 0.007213095494393738, 0.054690157652113124, 0.06330697213029295, 0.021421333911232108, 0.05472180932641729, 0.019260133077658326, 0.044422484153586114, 0.05504915225173655, 0.06762314240532523, 0.014814708957460584, 0.04017929193804154, 0.1583768757351583, 0.046620691752083034, 0.05229279649676694, 0.06956353208741035, 0.05761029297660623, 0.05857969539362455, 0.0069943301079508635, 0.01907184621111392]
            , [0.07983596240621231, 0.003916347699066171, 0.09315240922423591, 0.11184907955423481, 0.007610390787207758, 0.06092772585958054, 0.032661890581634496, 0.014219497645196586, 0.10090679427302492, 0.03417566594888184, 0.00883059135558648, 0.0820240020174717, 0.019013131099791254, 0.08111871905596049, 0.06830901306497497, 0.09808290245627795, 0.06920818252540849, 0.02199478638032513, 0.002030508254143757, 0.010132399810784473]
            , [0.07461440029513224, 0.007249989216246214, 0.04656634469185083, 0.05637573285434227, 0.019976804924548362, 0.04721396222692772, 0.01750107806429031, 0.056235754708039445, 0.05654744198116315, 0.06603021082387803, 0.01771212160294832, 0.05023087071615105, 0.018613616313732883, 0.048472146562217384, 0.05282448354887193, 0.08280735857698837, 0.18414596327014598, 0.07216527565846305, 0.0062520513291591485, 0.01846439263490341]
            , [0.2551007624177522, 0.010955608594961584, 0.040574133296803885, 0.046146157186554154, 0.02120538330358509, 0.070016387869363, 0.01708317427890435, 0.04520243816379208, 0.04423217818537368, 0.0632355251257848, 0.016286935584039444, 0.029034221231260125, 0.02142022514311466, 0.039110138667847336, 0.047253855021763665, 0.08105253459676118, 0.06181146488801128, 0.065555335588885, 0.006311685118471069, 0.018411855736971558]
            , [0.11165740682566715, 0.01102298387381645, 0.04898162623831531, 0.05042224103843585, 0.013101306493754435, 0.06410003136945244, 0.01935950885721371, 0.020943205717805294, 0.051846529787389274, 0.04701341718989388, 0.013496593157516243, 0.06483584482963169, 0.025188684899415774, 0.04904997174486094, 0.04790809556831969, 0.20199429310581898, 0.09599899359569233, 0.045841668853969786, 0.0037945274398308265, 0.013443069413200018]
            , [0.08011248354815854, 0.008755314940462191, 0.03976505691005087, 0.059626655547596885, 0.017440079140323916, 0.04692622084846133, 0.04409435269074846, 0.03800657060864755, 0.07727396235607015, 0.07198690476601356, 0.015644139775807538, 0.04116415520330493, 0.016516049529049174, 0.0675878714579401, 0.1765764387619245, 0.06054829586892426, 0.05864635527327635, 0.054476125329255255, 0.006819639221755514, 0.018033328222228848]
            , [0.07248518971613105, 0.0059652551403641145, 0.1848715746005063, 0.07687540566248825, 0.01842032871668101, 0.06547372481625184, 0.021878275054790532, 0.02780346688250125, 0.05684795273252178, 0.05654701997720484, 0.012710986408709867, 0.07685408268013703, 0.02652475236497299, 0.04702601241616383, 0.04780771792212774, 0.07084548700821522, 0.05771865572777624, 0.04764942986485059, 0.006439278350331894, 0.019255403957273556]
            , [0.06210478702049563, 0.005851512681969311, 0.03515620432842144, 0.06542777962390814, 0.008158439168696336, 0.03536107574962892, 0.04339742196529071, 0.017499134100703417, 0.17508187898135072, 0.04634574276492527, 0.013247928403646452, 0.055275210414880434, 0.010614354920789236, 0.08713124197594788, 0.17038791806788428, 0.06580261950346641, 0.054821039799356396, 0.035139401134335585, 0.0028913516554471665, 0.010304957738855983]
            , [0.07982558655641564, 0.0045511005570865425, 0.09935293499409653, 0.22163582640196608, 0.010323937808207197, 0.04182888998246167, 0.01830321682256007, 0.020913813025916987, 0.07627193851975748, 0.04752738431614813, 0.010973746653905063, 0.047522712943316586, 0.0186365397779454, 0.07268381254814871, 0.05290626944107915, 0.06091953558062756, 0.055717822694254265, 0.04558494521119612, 0.003054436979804955, 0.011465549185105969]
            , [0.06456296294009967, 0.008634924585481709, 0.025928953917240823, 0.03840244842158672, 0.09630682571165058, 0.04152916788883297, 0.057788254672488104, 0.046124251402377664, 0.041746690796957524, 0.07308298541330134, 0.01703696784493095, 0.04257875492255225, 0.014741102808436319, 0.028747258351170916, 0.044788554723188184, 0.055975445729565323, 0.049007195832914, 0.05589114189506682, 0.015912913632400993, 0.18121319850975723]
            , [0.18329146630430088, 0.003523886736605018, 0.08081011183595285, 0.11888542248903398, 0.00848821917611255, 0.053324891850454054, 0.017469952700635658, 0.014852230867689935, 0.07100719980103891, 0.04745515116564714, 0.008446592510796045, 0.04103162595226293, 0.020022128774583373, 0.07522212181625831, 0.07929279171091619, 0.0693335185607989, 0.05733453850595002, 0.03917354183799414, 0.003241607703944902, 0.0077929996990243385]
            , [0.06635122696495194, 0.006458258528178923, 0.06373744749623922, 0.051645364609641, 0.016645205806529065, 0.28043695200732105, 0.01824891804265214, 0.035032708367767604, 0.05255123928964056, 0.053647582788108286, 0.012066125565960822, 0.06196709272734432, 0.018534611783342394, 0.0401495803772373, 0.04892535099404034, 0.06369858076817736, 0.04455127736837685, 0.04486153302960913, 0.0054376519871874645, 0.015053291497694472]
            , [0.06873873979964655, 0.01089830604132479, 0.02094519274312712, 0.0250618978190813, 0.18886134685808262, 0.044075141537581526, 0.02418074721722556, 0.06729262707264445, 0.02382658906175466, 0.11814132451638942, 0.03246742260715175, 0.024370797822772496, 0.01681073348802211, 0.02380757836779861, 0.028824888843886568, 0.0556317183128214, 0.050215778456995486, 0.07129153214832494, 0.01689441629183517, 0.08766322099353376]
            , [0.06022679754698152, 0.007561906873654015, 0.00737903940156478, 0.011731580555717758, 0.05288196650670062, 0.01324725448543481, 0.008187361492385784, 0.18996886031909288, 0.012652361905294713, 0.23929715508407579, 0.0568278869681413, 0.009889286777148445, 0.0084619235130515, 0.013178583296305831, 0.014938250472095502, 0.030838844792634938, 0.047841892820196574, 0.19367407326493663, 0.0043756079919726, 0.01683936593261407]
            , [0.06984481702750873, 0.003942696494311535, 0.21520876415672474, 0.1747855512973682, 0.006522789671483577, 0.0587345053411118, 0.029427220306646237, 0.010130009426901827, 0.059417084467704835, 0.019271813304154065, 0.007211174352139446, 0.07894846663143922, 0.019629314803777373, 0.05872405752452335, 0.04106182334121311, 0.07042301120934666, 0.04860966838094628, 0.017609038184354834, 0.002126480156345119, 0.00837171392199908]
            , [0.06214237858352971, 0.006762638132007492, 0.07459165240815084, 0.053206439582324676, 0.016785845031087803, 0.060252842254173815, 0.04648270602244951, 0.025291354657317727, 0.06423244552932351, 0.04892297395775086, 0.012633913128191478, 0.1984882205761494, 0.014565775944654904, 0.05270475558850076, 0.05108306024860961, 0.08238691803704659, 0.06162808685192949, 0.04085559200383944, 0.005076317234156801, 0.02190608422880543]
            , [0.09727971206684982, 0.005080675322403791, 0.0494202838521553, 0.05937606132123389, 0.012235079610976226, 0.04555345628339655, 0.015423101296047159, 0.02465643078789833, 0.055275460257893996, 0.05237811625190165, 0.010718443796707793, 0.032744252145847995, 0.25995174518797703, 0.046018661174832165, 0.04996540100536575, 0.06975886410256624, 0.052792703693422594, 0.0466454056863596, 0.003919293258204457, 0.010806852897959612]
            , [0.06800071357275184, 0.008454599345906496, 0.01799870389253761, 0.04240134333865601, 0.02572442553994036, 0.030754386666275068, 0.012859606108924853, 0.14378407262571546, 0.0416398891140461, 0.09183486571555763, 0.02284086436554014, 0.019223323842114934, 0.013733484111736298, 0.027600675899054777, 0.04044844602674123, 0.0439203379018158, 0.06204248237489112, 0.265243220244988, 0.004639850703705034, 0.016854708609101123]
            , [0.051955241241015186, 0.007685713152038554, 0.010402351909945809, 0.015740259990375097, 0.059414802477406964, 0.014755151878861384, 0.011451240802363453, 0.11144578464228351, 0.018020934651410494, 0.36411438923214506, 0.07034096902033782, 0.01291810611137213, 0.009692771538008394, 0.02053672751604528, 0.03212201006240148, 0.033575583723828045, 0.03951310130748761, 0.0906915632188501, 0.005808501100928961, 0.01981479642289491]
            , [0.07663610390565563, 0.0021663585420960947, 0.08251780942364942, 0.16654273483358578, 0.0038870481084317017, 0.035762771833564654, 0.029320458323804588, 0.009729368982817298, 0.15302865811503072, 0.027396649081285827, 0.0071904928656432235, 0.06464405618581974, 0.008006026984021634, 0.10210556687990367, 0.08651169413760713, 0.06478562179067786, 0.0547462472468574, 0.018029231203503037, 0.0010327574308138675, 0.005960344125230835]
            , [0.044881808998056064, 0.00471736455383404, 0.015582619075763565, 0.04791469313102319, 0.00525753144215799, 0.025640180720459156, 0.03296489051886806, 0.013340784322321976, 0.2873539775721834, 0.03461749379175505, 0.011627238569238484, 0.05172687210943596, 0.007780069044075595, 0.07104815606943209, 0.212974467306668, 0.053486945333805144, 0.04562872634143938, 0.02472755235902529, 0.001999686180666004, 0.006728942559791608]
            , [0.04797171184247026, 0.009514083361327658, 0.011556625176674464, 0.013648465674914753, 0.22578113220091137, 0.015490240068447599, 0.05244051171625123, 0.043538474498703066, 0.014937547856507583, 0.08460495472591831, 0.01810153378758352, 0.018754802538366002, 0.008996538674030764, 0.017339394540332627, 0.018672088089554867, 0.04286762891588271, 0.034240963930351, 0.04946664595022447, 0.0436286575162522, 0.2284479989352953]
            , [0.24590167866835996, 0.013677243424976221, 0.02149186693771843, 0.03805040597442354, 0.010046556741045527, 0.06178010184725279, 0.012221553733469668, 0.021354014877560907, 0.03412923754575802, 0.03986560767450258, 0.012659077203809538, 0.04234011022582297, 0.0181258510384996, 0.03629483370986878, 0.03096379986804776, 0.1948546899648427, 0.09838203634988517, 0.056261097244507376, 0.002640025384054969, 0.00896021158559351]
            , [0.08268131399541694, 0.007947408779434438, 0.039171303587944566, 0.03983731051191384, 0.010635830603790163, 0.039832894322774925, 0.013884754242438757, 0.034579921592130365, 0.042981263847174815, 0.04113219227323931, 0.013809229962176452, 0.05763491176944738, 0.014036204057732602, 0.03740357874055307, 0.039025228154067844, 0.17981074908459316, 0.2431481310345363, 0.049313147418808184, 0.0031228897584658815, 0.010011736263361088]
            , [0.04744763443079956, 0.006034455308550665, 0.0032577909766651654, 0.005809317212907728, 0.038265462419246894, 0.006253378951379847, 0.004500525717199409, 0.24781374461038527, 0.00673874085558388, 0.22657229749062405, 0.06497897679118153, 0.0054262781581614775, 0.004909655184556444, 0.007530595604187123, 0.007208003919390879, 0.020768170179529637, 0.041605616891771294, 0.24467061670809498, 0.002488114962064603, 0.007720623627719712]
            , [0.061352436916283455, 0.002573834405502038, 0.25690252708848826, 0.26062601940683183, 0.0033747690081734017, 0.04220994710327416, 0.021939866496449058, 0.006137528869955758, 0.049676227451774385, 0.01108376612435125, 0.004689126460379673, 0.06587752741214599, 0.012201937627575196, 0.058510896110752164, 0.030408723675746163, 0.05637024753876368, 0.03814318578729864, 0.012036484565409797, 0.0010440273107927246, 0.004840920640052175]
            , [0.03918271473321872, 0.006181951239340958, 0.003890286438292396, 0.007048953847013497, 0.05722241236487417, 0.006572518294988158, 0.005696882839200059, 0.18570578713239766, 0.008126258770379702, 0.3670532042885669, 0.08481769546571005, 0.006353138762948341, 0.005133068085604759, 0.009692376573401374, 0.00927137721112569, 0.01646620935149581, 0.032510510479981096, 0.13316033543474146, 0.0034846800755427582, 0.012429638611176304]
            , [0.033469038697676506, 0.0038012585769449506, 0.008452387065754829, 0.03210965849517854, 0.003569204318273693, 0.014329012177804589, 0.028572102670439196, 0.009034022831320815, 0.31717570208515405, 0.02603996771089028, 0.008413382917826397, 0.03564862342978224, 0.0049194982332469136, 0.06449352017641705, 0.3182206619113511, 0.0391872007055904, 0.03313083700393395, 0.013226983828384734, 0.0016186446552918696, 0.004588292508737732]
            , [0.0696676236948628, 0.0028616130129463786, 0.13171183193768365, 0.33394777882530957, 0.00468480635351383, 0.033177305285795856, 0.014699370965594372, 0.010522145887939526, 0.06608361839119745, 0.02443079440427281, 0.007163936087624144, 0.04183535822117182, 0.010127983895893714, 0.08045087998727728, 0.03858596600804431, 0.0500578644129395, 0.04207248417677657, 0.03051619831090677, 0.0014193582440062487, 0.00598308189624309]
            , [0.19204828999663698, 0.009338471412664579, 0.04327444289889114, 0.0416680727703663, 0.010799509585094211, 0.23775136944581565, 0.013128985542095397, 0.01454208917595541, 0.03620784108505006, 0.03739299421768768, 0.010058805362707467, 0.04611560211038863, 0.01922410939025377, 0.03303120475836216, 0.037143446890585984, 0.11372620700253455, 0.05313563301476428, 0.03846798121646642, 0.003613365377533608, 0.009331578746145772]
            , [0.060010155274274925, 0.007747442000863884, 0.007781081056316302, 0.014863691840811507, 0.02720804997073814, 0.011175187147865636, 0.007084753755844677, 0.23585196456739307, 0.015919172721157726, 0.1057590187692396, 0.038747402323426064, 0.010753362579097116, 0.008721560015385042, 0.012265703771242966, 0.014756279005059724, 0.032857859481143795, 0.05998785661398064, 0.31647956342616956, 0.0025101670873729385, 0.009519728592616863]
            , [0.02852840613888296, 0.0046158173060478515, 0.0017969959368557438, 0.003334441454258674, 0.048165351657267964, 0.0034184417226927324, 0.0029986136877544482, 0.22874199080449856, 0.003970103340995528, 0.37147051277403886, 0.07975645002592721, 0.0033763420844348073, 0.0029717668228834986, 0.005376755717013739, 0.004646358621502494, 0.008526859372400759, 0.02393836952878381, 0.1647833181817506, 0.0020505885664170082, 0.007532516255592954]
            , [0.05487811274481839, 0.007058931482123976, 0.013733697745012813, 0.040314150841342496, 0.00804865586976315, 0.028396661945211517, 0.04992647914242658, 0.015672770256975044, 0.13816375644062057, 0.04839456005475203, 0.012102921170424694, 0.03862693315792443, 0.00889217070399555, 0.07233951902490936, 0.32386261888202517, 0.05040414747421309, 0.04341276747992041, 0.031664787689403576, 0.0038118548026083365, 0.010294503091528899]
            , [0.09590765992372999, 0.004293115839367319, 0.03162037407615714, 0.04014718937589573, 0.007384999216422638, 0.03199156852312448, 0.011735724680813282, 0.013508356448851596, 0.03976158317078749, 0.03889321722210024, 0.0073936490974876425, 0.023853753450381862, 0.42048340656794037, 0.03758996097137295, 0.036132481472275976, 0.07138155905426381, 0.04529748272948577, 0.03373771993897212, 0.0023919604858919628, 0.00649423775467763]
            , [0.22938558455666844, 0.023504498108590045, 0.01176703220408631, 0.019455065157190424, 0.01679889785601575, 0.04204185661274353, 0.00976594807747782, 0.08219290349730363, 0.015959914524475136, 0.07259140758964673, 0.032299057729342114, 0.015133191226091247, 0.013729606499952203, 0.01622766353176673, 0.017889186619756865, 0.07483584857170654, 0.08860870253114876, 0.20378079375310132, 0.0034150782118256675, 0.010617763141110688]
            , [0.05535377527714055, 0.009133996306993157, 0.03965647459766181, 0.04310487860493339, 0.04133012911902642, 0.021990821949222063, 0.2052208270050292, 0.0176330964756361, 0.050984891087213546, 0.052843937310091536, 0.012787641792641856, 0.07504989845444084, 0.01091194262103231, 0.07540948189537429, 0.06790016297565706, 0.06105396325452898, 0.04664237137732404, 0.034787633897245214, 0.0060627573810649515, 0.07214131861774288]
            , [0.06498303759423767, 0.006146704900474446, 0.04916610226695411, 0.039623958338921954, 0.01037610825503364, 0.44961320988420433, 0.01288670553326346, 0.015619327380253218, 0.0405019729110551, 0.036677152135581946, 0.00894767668340396, 0.0509657237191854, 0.012747660439496893, 0.030076031364090015, 0.03857323035746216, 0.056709596038647885, 0.03206523088387148, 0.030994794225062322, 0.003567434054706307, 0.009758343034093587]
            , [0.06413434036202578, 0.005628939257176725, 0.03516232645438396, 0.0817173562530069, 0.009745769508828467, 0.0215054832902201, 0.062408238082517144, 0.02081251929366494, 0.07118993863920886, 0.06583559264119844, 0.029472168678534465, 0.04823804200636067, 0.010248877148268505, 0.2386385920640605, 0.07171154145309287, 0.0564751392426677, 0.05208965225829195, 0.04040160447328917, 0.0029146468522203333, 0.011669232040982774]
            , [0.033608792757188706, 0.00487252072075475, 0.0018815464853367285, 0.003421839980970624, 0.02912094911420296, 0.003512037817647363, 0.0028163675552180896, 0.3238076693691757, 0.0038617207344898733, 0.19996167835380874, 0.05200785481623929, 0.003513521317114447, 0.003099821887117256, 0.004460715482266022, 0.004072371241147349, 0.009244406725256052, 0.030235231536526977, 0.27994462089936717, 0.0014726512879567532, 0.0050836819182148935]
            , [0.07281636418161215, 0.0034338882413073326, 0.04128843385998991, 0.07147078074174733, 0.010125088880802149, 0.03490568889833031, 0.015677395887949967, 0.04162834374868712, 0.2526814200576083, 0.056654215097863066, 0.01315789535816865, 0.057022276776493845, 0.012978346321013511, 0.06543794626244614, 0.07116492301946657, 0.05588912704648712, 0.0598864914529705, 0.04984866571738919, 0.002801059291991119, 0.011131649157675769]
            , [0.04891444718849335, 0.003295565263545597, 0.21184988707968308, 0.07607607939590558, 0.006026932429302923, 0.06768533566848234, 0.038276291777273125, 0.008538648359716126, 0.0613390163536145, 0.012790251678603502, 0.005286725469636865, 0.20750404407342496, 0.009942944281664489, 0.04342153773921737, 0.035318649880688155, 0.08829964416864529, 0.05109011243406473, 0.012264601382283816, 0.0021465270792709857, 0.009932758296483324]
            , [0.05059847721399638, 0.0015451676607805788, 0.23214706963481344, 0.39751062358824574, 0.0021395950507845547, 0.02764054782769447, 0.011793843274166492, 0.004514348091655252, 0.04401688458649759, 0.00854205401518562, 0.0038064899424270866, 0.04021533098930167, 0.006659919838590132, 0.06592943519080008, 0.02207324182567896, 0.038071318247304545, 0.027995911646991844, 0.010990629527159663, 0.0006636076604306504, 0.003145504187495107]
            , [0.4255654095671643, 0.014166653393316913, 0.020327970182182523, 0.03217367855252674, 0.011879984597093296, 0.070600245273505, 0.010199631122655511, 0.03504919213154831, 0.027704719385107993, 0.046997574357133774, 0.01183307065900555, 0.016131409816892404, 0.012589984500005133, 0.017393920170080093, 0.028626480935133317, 0.08915198861624202, 0.05573372182351968, 0.06101833752339229, 0.003193618459681413, 0.009662408933813819]
            , [0.11879121062350627, 0.019265220119748162, 0.03209719310570007, 0.027375584267294528, 0.008634489445723061, 0.06254400736033305, 0.01232257793381186, 0.012716009253970654, 0.03141888134124725, 0.030046754777203477, 0.009257801138964933, 0.0623601566562923, 0.01531072672211056, 0.030400776295003606, 0.029826699951337365, 0.3460205452947439, 0.10992699915802961, 0.03145437958857527, 0.0021790974701020286, 0.008050889496301908]
            , [0.04826234274296412, 0.006763877502770281, 0.003678510638384543, 0.006669984159279787, 0.022936163531563046, 0.00572957626119352, 0.00396851650164452, 0.3094101873221454, 0.007164216292221083, 0.10138898357404477, 0.03548530181601301, 0.006154258392638073, 0.004970173576143807, 0.00657232785345117, 0.0066519680243429585, 0.021858599386671757, 0.048257816537913764, 0.34637977493883393, 0.001641881627518916, 0.006055539320261492]
            , [0.043677201517623554, 0.009686704253572752, 0.006122947115805253, 0.0080695637894848, 0.22256026319293346, 0.010544681572560749, 0.01437660810357919, 0.08071755699144259, 0.009060331623162339, 0.2509622307092899, 0.06305266001427783, 0.009830658100484394, 0.006478468776646548, 0.011430514269964175, 0.011213897899436484, 0.03224358453168331, 0.030661336849556572, 0.06987534239902157, 0.01532466495959036, 0.09411078332988419]
            , [0.1887650446014139, 0.011802768195156679, 0.01405850189647493, 0.023292614756565338, 0.0371330408451394, 0.051308142996912484, 0.010970053692212713, 0.06934700569373001, 0.020913728755780233, 0.19584313492536778, 0.050954991923589286, 0.015245676539995028, 0.01055902924539667, 0.031851977541116454, 0.04081694482103509, 0.05346988755709474, 0.05892099889741455, 0.0957180424556038, 0.0051015602814817, 0.013926854378519192]
            , [0.324540263965347, 0.024352209435378844, 0.013342232718762392, 0.023954124589908126, 0.0061348707585877245, 0.0697737502037493, 0.007118407166728474, 0.010945771530620244, 0.013988478326053601, 0.02222854401345377, 0.0077756981732837165, 0.033131962121236515, 0.015007858755218852, 0.02301827010804671, 0.01197975922517145, 0.27181906481577606, 0.0759309919212173, 0.03823770678153391, 0.0015364921977854956, 0.005183543192140529]
            , [0.034508329460298914, 0.006321785646752431, 0.005303854486346995, 0.008590803201933204, 0.056647150903815606, 0.007342115173195819, 0.007988752395211008, 0.08714281583926713, 0.01138682947905185, 0.4982508461971941, 0.08595712576441936, 0.008147375997226583, 0.0063382824544600674, 0.02367479142319028, 0.014467817911900823, 0.023800495931258436, 0.028310081313335636, 0.0662438987369148, 0.004157663046114776, 0.015419184638112132]
            , [0.06908920805968935, 0.00673909811698568, 0.06186463729910399, 0.03912976863067, 0.006295962027817316, 0.06429401937181278, 0.03797993866389861, 0.010577161873635414, 0.05537934652444232, 0.015447201494509117, 0.007620676567739525, 0.20551120514563023, 0.009172661781385563, 0.04664851144617106, 0.04321540301399137, 0.20251772115870328, 0.09198870413031109, 0.01640432583025002, 0.0017246969598807241, 0.008399751903372514]
            , [0.21974230711883797, 0.0017637181701883563, 0.0959229824967332, 0.17768010602568418, 0.0035371228017991078, 0.04433225241022194, 0.01248653279140031, 0.00801188717736146, 0.06799409527904676, 0.028069841442503848, 0.004540413189722883, 0.035750581648847625, 0.009017125083031168, 0.0792248976654582, 0.07285964160833054, 0.06167163861334549, 0.04676085584028795, 0.0260376699486938, 0.0012738723673946467, 0.0033224583211104823]
            , [0.02182396275896571, 0.004966789608291238, 0.001991889893873274, 0.0034464362194652084, 0.062420826631481324, 0.0035447074347321125, 0.004147907528067735, 0.1189887119313848, 0.0042667206234988965, 0.5553270489578763, 0.07879297124455907, 0.0036500845715090034, 0.003593889720238168, 0.006794995490018308, 0.005448706227926122, 0.00921950792789594, 0.017489500062338594, 0.07909383785738033, 0.002840952506348454, 0.01215055280414937]
            , [0.026922889355265746, 0.008192123954928781, 0.004763485354241397, 0.006031974356477222, 0.3777117145591379, 0.00658283667976037, 0.029257776028765514, 0.043061587557454796, 0.00700639877864645, 0.10575618699807124, 0.030959812314817297, 0.00928801676296665, 0.004583925412969648, 0.008710621190984483, 0.008244592576248596, 0.025564786416395868, 0.015895622179904652, 0.04083879817587598, 0.031053790847452262, 0.20957306049963517]
            , [0.031214537113147513, 0.007751853998537783, 0.007929702719785527, 0.009226493478970208, 0.2113434654559642, 0.009143841866037932, 0.06412258069849701, 0.025611695401117848, 0.01037182184809761, 0.05423628794859641, 0.010435812205036685, 0.01730457685009432, 0.005683770072988992, 0.01282501242332273, 0.013858418555716486, 0.031753602278561006, 0.01963459054191402, 0.03180469600036806, 0.03674833641585626, 0.38899890412738936]
            , [0.01867602930111461, 0.005610287500832196, 0.0038008621769161574, 0.004694727641737657, 0.33156586080856904, 0.004668176563697597, 0.042194481176253906, 0.02082576576489485, 0.005170734769985169, 0.0499745003182121, 0.01002354875758164, 0.008150075377365505, 0.0030395321129698502, 0.006615803476928111, 0.00675576360445233, 0.01852628589367618, 0.009586406489948565, 0.022406632116091646, 0.03423977177839895, 0.3934747543703739]
            , [0.04574407762622743, 0.0034188201092111123, 0.407162532009315, 0.10703114896145843, 0.004695649107200729, 0.046467854047802584, 0.029701420637602827, 0.006894198628407681, 0.034278574568943836, 0.01126344977523387, 0.004947252781885451, 0.11576911813706074, 0.009374473938118619, 0.03341367666269312, 0.023392768536391866, 0.05998080783980387, 0.03702304716068283, 0.011539200236721408, 0.0015168485692398108, 0.00638508066599889]
            , [0.017552310220798284, 0.003480374568282452, 0.001159516638159706, 0.0020555289016685827, 0.046163214012392983, 0.002134739563490092, 0.0021752352705138103, 0.1529251337009064, 0.002432872873242205, 0.5374020346980416, 0.10257989651582056, 0.0023159600701460926, 0.001961002062594182, 0.004133285002225015, 0.003026986712376654, 0.00568410757029499, 0.015322947018487614, 0.09100908174687972, 0.001398825084724425, 0.005086947768954791]
            , [0.03562270420666021, 0.005499023828665644, 0.0020442651704017825, 0.0035708483412264145, 0.01648151306042152, 0.0033019138735735643, 0.0024107439630762523, 0.3343013581853816, 0.0038115286154909705, 0.08333205071985417, 0.025839135328618666, 0.003434444697605728, 0.0029254619204509406, 0.003698213560753354, 0.0035493418505503625, 0.012799353012744782, 0.03186544051216148, 0.4207204108137996, 0.0010442401568194325, 0.0037480081817433367]
            , [0.09031595606225966, 0.010064696105131894, 0.008895342267405487, 0.023671446420724555, 0.011123438684103756, 0.012942549944320628, 0.008159344642244543, 0.11350641057956161, 0.028855485745607597, 0.07000383442816073, 0.041991967321985936, 0.03175542554609521, 0.007581030620709511, 0.027569778343854465, 0.025322112638053104, 0.07793677714592162, 0.21707674353801465, 0.183104060463282, 0.0021713394446472548, 0.007952260057915701]
            , [0.023489418674670765, 0.0036400416185275878, 0.00098254593988131, 0.0016591068277990672, 0.032147070080975344, 0.0021646346963556163, 0.001595278560043287, 0.33462000161852234, 0.0018818002786250981, 0.26361088354641393, 0.05136347848565685, 0.0019296200157891067, 0.0016993948546633875, 0.00254217130872306, 0.0021919432940642586, 0.004985864074379675, 0.018792017729252583, 0.2459726089379948, 0.001067878939438869, 0.003664240518222932]
            , [0.11859620493008971, 0.002225592542052749, 0.1346440960376845, 0.11113397716932294, 0.0032042491620928684, 0.07596737370783418, 0.012693358415347855, 0.006402342337162888, 0.06135046726490516, 0.01050309920628335, 0.004614811742299695, 0.09026222075916736, 0.015622805171483624, 0.06274811342165358, 0.038970081368639074, 0.15616160924892974, 0.07761449607409826, 0.012324049048735299, 0.0009460808572059001, 0.004014971535011164]
            , [0.07483998814824941, 0.008480792211696057, 0.03007971051974444, 0.02399898234678165, 0.0056121013943439615, 0.03672551606235263, 0.009182498365547135, 0.011349764520628074, 0.028047811207493695, 0.015805044769348922, 0.008051945564830965, 0.05540017050266484, 0.011843643568212638, 0.021492444414949557, 0.022523030777799605, 0.309955848052783, 0.29155635275191294, 0.028131691158833422, 0.0016651678660831912, 0.005257495795744031]
            , [0.022081526190130988, 0.00234689323595442, 0.004288204074907031, 0.019855568644095486, 0.0021213541162111707, 0.008770757023076363, 0.020111837734414835, 0.00555844397127953, 0.3880501465693689, 0.017139437805895236, 0.005646997241691991, 0.02607780800984558, 0.002995895617901719, 0.04721508222735908, 0.3682747027828108, 0.02619795056238435, 0.02210575238747116, 0.007364692623933671, 0.0009716064099755203, 0.0028253427712921766]
            , [0.01993453686472566, 0.003709226855333255, 0.0009784130365415914, 0.001785826937557303, 0.03564516860787554, 0.0019641520109960034, 0.0016890213289093702, 0.24658718486958342, 0.0020017328836085457, 0.4323608049154083, 0.06525599890414197, 0.0019005099069157828, 0.001758112642886309, 0.002970193435900672, 0.0024783434214068452, 0.0046551174371147605, 0.015472680043852912, 0.1536682993410671, 0.0011225070529923822, 0.004062169503182465]
            , [0.047298244611979026, 0.006129746381104517, 0.015695958362469353, 0.03011034137827868, 0.037387169275062616, 0.03470086175718982, 0.011191350506698611, 0.31679367419032617, 0.03641266415429033, 0.10450483662218477, 0.03983137513061085, 0.01848466655412793, 0.00987173906705381, 0.015769167381391693, 0.032564143744161604, 0.03502607252676017, 0.04833306761822616, 0.13922427029934592, 0.0037654716493994525, 0.016905178789338584]
            , [0.05732899601498083, 0.004182405712661985, 0.042914860272277096, 0.031128750229562976, 0.0042348365533796785, 0.6204230737474505, 0.008870013563269144, 0.005662514667750746, 0.027314027802778394, 0.009699220698813932, 0.004281670917304609, 0.044743251283022076, 0.006604560166650168, 0.019851454992276245, 0.02592709126759921, 0.05002031810567319, 0.020521813726008226, 0.010346326546820639, 0.0017386780424017475, 0.004206135689318301]
            , [0.15349114473470046, 0.005326649975935241, 0.034807254274758836, 0.03910705168560115, 0.006489580591074696, 0.04814156778376096, 0.011540592896738009, 0.011906719359052286, 0.03519419588608447, 0.032706011352347845, 0.007251510936462007, 0.036866166883529505, 0.21884085214549404, 0.0390280049528662, 0.031148102581922178, 0.16272125587244773, 0.08072859684622795, 0.037086473130699724, 0.0018547882479427113, 0.005763479862354027]
            , [0.08145467568830225, 0.0030925225585012317, 0.018902123684125284, 0.026514099930521003, 0.004454874308615256, 0.020632446586189634, 0.007423132857140912, 0.009094302993548322, 0.025076549622078847, 0.02657775704957689, 0.004821421782424163, 0.01015016657506075, 0.5894559228558582, 0.02364567663395003, 0.02118602509122847, 0.06378017491055003, 0.033901044141736295, 0.02471614128064517, 0.0013361742965503339, 0.0037847671533969593]
            , [0.05624952345180878, 0.0020426734275974336, 0.032857581220673726, 0.09226357336936303, 0.002642184647218661, 0.017802697628465747, 0.03667674996435278, 0.007416602359772351, 0.21941432640769393, 0.027938657485090654, 0.0066882962031740165, 0.04475053483707614, 0.003680942405932204, 0.16642301093914613, 0.17797402962566097, 0.045466124811134226, 0.04201444244634977, 0.01303556328346549, 0.0010441065703483022, 0.0036183789156756588]
            , [0.023436561660016012, 0.003721903106341155, 0.0011328821751352568, 0.001964122791887202, 0.012213699419895592, 0.0019302388299102674, 0.0013596762172092883, 0.3924618178742611, 0.0021898418092889476, 0.06845740879442684, 0.01916720854168087, 0.002158637729328911, 0.0017280445419920888, 0.0022074860313413317, 0.002122252038959776, 0.0059369031482220565, 0.021092688125948594, 0.4340449087338004, 0.0005300569447661984, 0.0021436614855881017]
            , [0.23961545183880167, 0.029041998885034736, 0.00670201919857543, 0.009290991184781496, 0.007264710046334892, 0.041870693047870174, 0.005071504084910831, 0.03594634165751145, 0.008778346521326261, 0.03383717591789848, 0.020353007177122896, 0.02908580166133031, 0.010875965292152016, 0.010806387316266127, 0.008135046359068926, 0.1968342229141299, 0.2255609289747695, 0.074601793358313, 0.0015530792716297317, 0.004774535292172385]
            , [0.5270283447319722, 0.028404061718272873, 0.005817620434522407, 0.009491536421639062, 0.0052065278861048395, 0.051539292431118766, 0.0044363820225469235, 0.019553929909205233, 0.007094975521675018, 0.02142180664254087, 0.006994353116829705, 0.009284235224130145, 0.008917613931031316, 0.007519135210543901, 0.007281439605328066, 0.1576430528107735, 0.06514900048608094, 0.05186868086172892, 0.0012523009421381852, 0.004095710091816958]
            , [0.04055594463856618, 0.0016830654605843446, 0.39669502140246776, 0.23523869152551055, 0.0022063877444653034, 0.03631560846416507, 0.01578709359770337, 0.0036686116645429532, 0.03460959900406836, 0.006133914583398704, 0.0028890025947819866, 0.07836868106141241, 0.006950590746898287, 0.03739028489907819, 0.016760630375961528, 0.046424509811821404, 0.027472947864350946, 0.006998843704869187, 0.0006539466339293916, 0.00319662422142436]
            , [0.34988273288675664, 0.044275117381148504, 0.003748085171772477, 0.006123359858952366, 0.00871941726506394, 0.04105354708979798, 0.0037595993601587524, 0.06230273412176062, 0.00545444420252222, 0.04749178623932236, 0.025066785256572917, 0.006873175731888493, 0.006541595378657852, 0.006175433374352257, 0.005568303745402501, 0.08435843341837873, 0.09476455780782046, 0.19200824880969997, 0.0014088644906491954, 0.0044237784093216674]
            , [0.020608786921528902, 0.0033645884304952653, 0.0014216359396889533, 0.002376483340289361, 0.019836019544576436, 0.0023162349001850688, 0.0018712481439178887, 0.4532363346029511, 0.0030095025480843638, 0.12510357925135662, 0.03619561004861821, 0.002728819314447588, 0.0019492103662698467, 0.0027963152221940806, 0.0028214145001565147, 0.005880946504497959, 0.02234133198550581, 0.2880383719903061, 0.0008214575639954199, 0.003282108880934576]
            , [0.04615616673076368, 0.003018925332637875, 0.12741360070307073, 0.061408913970637025, 0.003838390201571643, 0.3078726325625385, 0.029459833918478673, 0.004714845922968033, 0.06111629173086143, 0.008594610628178047, 0.00415180871216114, 0.14637969401200054, 0.005772230548326417, 0.04252497365954569, 0.04015707380072658, 0.0673964699058923, 0.026499299262310223, 0.007482954330551744, 0.001310060785999857, 0.004731223280780017]
            , [0.16299753791368693, 0.007142544556465643, 0.028353176576177266, 0.024424563172930614, 0.005910185088329455, 0.4858361482519936, 0.00777171747580612, 0.008248769389339033, 0.021220219586916503, 0.016947058603200643, 0.005949292931650201, 0.03248905475585293, 0.010390243966021444, 0.012977286757474343, 0.020536010137032067, 0.08696633301036502, 0.031256237108163214, 0.02324045162775622, 0.002133841843114984, 0.005209327247723827]
            , [0.15409371955139492, 0.03318471110706656, 0.0048849175468781815, 0.008046791684527797, 0.01353971564911599, 0.02010377918232791, 0.004825986754832764, 0.13257853096424438, 0.00773627978126887, 0.07378719760050033, 0.03243464032682362, 0.0073640657211650916, 0.006915864139171871, 0.007935957778013399, 0.008165605999695267, 0.042654647563107786, 0.07121805748442665, 0.3628105300604552, 0.0017874240629702535, 0.005931577042012885]
