# This script is generated automatically.
# Vector of amino acid stationary distributions.
distributions <- [
              [0.06688881241738638, 0.01720189880013072, 0.056882143964298096, 0.06470439385356455, 0.041282311595026475, 0.06457781556950648, 0.026090866765292948, 0.05942813932224558, 0.06222577317111204, 0.09215263325899817, 0.021930506773454126, 0.042297710998812875, 0.044972578078225904, 0.04117261942089898, 0.05662464795288477, 0.06254041205948187, 0.055689121996292876, 0.07040576310053738, 0.016665895419455123, 0.036265955482394675]
            , [0.06587630906808, 0.017904119940807126, 0.051800968986067834, 0.0646869810847893, 0.0429297397793021, 0.05091028715970085, 0.025382184704008225, 0.07351959474029207, 0.06097899159054314, 0.11015885793589937, 0.025034820266735595, 0.04683505957577423, 0.0336098597153829, 0.041591477913696794, 0.04761520552574928, 0.06869410167629397, 0.05792554878351826, 0.07521182890526491, 0.0063549501885719435, 0.032979112459521946]
            , [0.08351376046736192, 0.004288691553893432, 0.06089103174381496, 0.05404793885909077, 0.040797952908942524, 0.07560049410024376, 0.020713966042741016, 0.05165089689168295, 0.05393803769309777, 0.08324506873146868, 0.019844906864767062, 0.04689178945554706, 0.05111961556445524, 0.04220895461170613, 0.04977818845172454, 0.06733318152945607, 0.06356653588309268, 0.07265336720378342, 0.016800960966035807, 0.04111466047709416]
            , [0.08503610605629555, 0.011624399781899844, 0.04268036704084836, 0.050475059575385325, 0.03406051056297613, 0.05072562873929191, 0.023035107305331058, 0.048196909995811825, 0.04333289325980399, 0.08150470555347769, 0.020319680324244364, 0.033185752467772896, 0.18032140620595766, 0.035488847121824665, 0.046801342266079966, 0.06030393000866578, 0.05096093387212427, 0.062358401228268294, 0.010822386155782317, 0.02876563247815822]
            , [0.10899242354887735, 0.01116404424386051, 0.051511515316350155, 0.0835874349056115, 0.02872143358932562, 0.04697467985974706, 0.02923281171569327, 0.0490060213543757, 0.05606719303160816, 0.10222797472800656, 0.018694380970061736, 0.035956890841327846, 0.023929244778925045, 0.07531327925500146, 0.07612383115963921, 0.057844433855789766, 0.0528828520747471, 0.057805834629440556, 0.009384242069139953, 0.0245794780724714]
            , [0.11834349507528807, 0.01355195393938787, 0.059340085750128696, 0.05677741047477068, 0.03404409323423911, 0.07568595077501944, 0.03235117029395329, 0.043556439545191325, 0.022790530023806054, 0.11016923124959384, 0.019137763621824695, 0.025133116344549115, 0.045249769473340584, 0.040862946297967086, 0.08188411223469488, 0.0523975604331506, 0.05524134118463643, 0.07460887850241672, 0.014908552022662195, 0.02396559952337919]
            , [0.0815585199965374, 0.01569695749501696, 0.07411356576189616, 0.07755980037640019, 0.021845730679356752, 0.0735994404099595, 0.0329130428191609, 0.02835207153807974, 0.06968551559940346, 0.05144499746906261, 0.01568605012704949, 0.0664717648234125, 0.04322707536496533, 0.05573009012196285, 0.05943066537733657, 0.09452667709975843, 0.064747047280366, 0.04137209087466018, 0.008985387620330148, 0.023053509165284918]
            , [0.08199925359224665, 0.07579931275146268, 0.04477628057573622, 0.050242480333196164, 0.03683676074301464, 0.05514848398966844, 0.027713381129467755, 0.05258383798440965, 0.04889782418806543, 0.08642987002542449, 0.02319972535951538, 0.04174081990068834, 0.032073980691140945, 0.039305245209084426, 0.05362997554132826, 0.07515854101075894, 0.059337388609475315, 0.07070481105010044, 0.011659149989175815, 0.03276287732604]
            , [0.06749915119694243, 0.017246779340232384, 0.027884976564338443, 0.0343211607347423, 0.06908919273318924, 0.038390101846016385, 0.023226315112211588, 0.100681198579669, 0.03226274349661438, 0.17306398007426238, 0.03807560884071106, 0.025288212356340007, 0.02535321845323187, 0.02910116801640195, 0.04064219671306311, 0.04458300329314022, 0.04657545185105545, 0.10772096137023394, 0.017310721627346058, 0.04168385780025784]
            , [0.0565310049477996, 0.008459964143562768, 0.047209422440583536, 0.048882024047845446, 0.02627082786728786, 0.054367519694925905, 0.02164594264491702, 0.1571938933984075, 0.04288511881943257, 0.09452392023825683, 0.014604695118568399, 0.03234509156702423, 0.026169212068819836, 0.030214063430273497, 0.04349233642446057, 0.041819064491873593, 0.04139857832897399, 0.17720440625365222, 0.0088549082286215, 0.025928005844713227]
            , [0.07215271754337368, 0.009972035211010711, 0.0496828425204207, 0.0542157665934324, 0.03774275194070536, 0.055387313180799196, 0.02219333924368696, 0.061708236254335344, 0.04851866001985843, 0.15376775920562785, 0.08606010824463903, 0.03690826505968064, 0.02719122422683002, 0.036499057199749003, 0.04792779563663258, 0.05082698765018407, 0.0477269112050527, 0.06326471355903612, 0.009511502123106133, 0.028742013381839113]
            , [0.07181076903109058, 0.011934578691854356, 0.05020944420998258, 0.05514106930349804, 0.04202684556216734, 0.04890802486966089, 0.10730655742732356, 0.046627018635873776, 0.05166617962526907, 0.0793207074439708, 0.02135927312803675, 0.05289931470221828, 0.028117257354076077, 0.044960879881161805, 0.054148470153747415, 0.06169573188619529, 0.053277362362917004, 0.05923265385387591, 0.011462289764233021, 0.047895572112847666]
            , [0.08185476135505677, 0.007963065887942935, 0.10760465577332382, 0.15279677048005566, 0.01076537054233017, 0.045944486694370845, 0.02820480757325875, 0.01967927162747429, 0.0846682522804496, 0.03540923105801767, 0.011534616708859934, 0.06279656617530109, 0.03548642333630642, 0.07467880253496836, 0.05522658292082256, 0.08067836886750031, 0.059080616650245416, 0.030122222530368458, 0.0029860391607447337, 0.012519087842602136]
            , [0.06517931820955501, 0.010074781903692945, 0.044882505950303506, 0.04417025054596946, 0.03396541785584363, 0.2637718958408994, 0.02017998002170257, 0.05792787976243196, 0.041708062080819557, 0.08173562136928367, 0.021104851536586377, 0.03532524805061225, 0.027098906169410308, 0.02973066734503312, 0.03951924894666927, 0.043698231643048584, 0.041803232960622064, 0.0619221677046111, 0.008699121597663144, 0.02750261050524226]
            , [0.20764118153478164, 0.012275197535977913, 0.039092863243087195, 0.04552302252519454, 0.02935696215176424, 0.0584033368543839, 0.019014203281119878, 0.048746747533919624, 0.042936305674365904, 0.0695336393393279, 0.021418074649326182, 0.033579812826336555, 0.027137605538498498, 0.03244597458158404, 0.03882241252593824, 0.10701502295953788, 0.06320467440453173, 0.07120852199524302, 0.007785581856401658, 0.02485885898867959]
            , [0.06729761306858165, 0.009855012586822531, 0.04842706027240654, 0.055549104756790126, 0.10254534796136293, 0.05117133026112099, 0.025214001336172322, 0.05216195563792227, 0.05111177724102828, 0.09007051035200697, 0.021229292458774484, 0.03795176060094174, 0.027724512183410533, 0.03538357239538572, 0.044136772269569524, 0.05388145671678091, 0.048155210726666266, 0.05985525013024056, 0.008481765409576743, 0.10979669363443903]
            , [0.0870025017524103, 0.013398438406271036, 0.061691190866415765, 0.08708414587338593, 0.023287804622804616, 0.05046667961223505, 0.024511985133846094, 0.052018181483053365, 0.07745553924270676, 0.07960456623900698, 0.02528603443538804, 0.057083435458439066, 0.0205495425200264, 0.055579593702984896, 0.05095854320421845, 0.08325220195882484, 0.0661829736912881, 0.06162497782111068, 0.0025428837721395265, 0.020418780203444398]
            , [0.07017877875309084, 0.013732516619583442, 0.027037997507977744, 0.035591744460154645, 0.027490035513442063, 0.03725981949461955, 0.014911734177540029, 0.1581242892852816, 0.0325512246854907, 0.1719454899521361, 0.03560014583297937, 0.02261505579878844, 0.017657455888731636, 0.02453999460263793, 0.03614391865293664, 0.03780371617805712, 0.046616473727937584, 0.16885455273115563, 0.004246734685623798, 0.017098321451835388]
            , [0.0751941228474307, 0.009478490743758495, 0.11689399226018003, 0.14668116112944543, 0.03326323915234511, 0.04756803385669197, 0.01933329295186464, 0.05345874267896888, 0.05906620695010838, 0.07788185336501842, 0.020488640775471703, 0.039342230738407306, 0.02960075038107072, 0.03805580673804017, 0.03704823742246643, 0.05240735884029441, 0.0483288010045975, 0.05974192910894183, 0.008671343756102954, 0.02749576529879489]
            , [0.09842679926548463, 0.0012678113756945135, 0.05977291102015438, 0.059567678356870234, 0.03073497515243647, 0.06657311914809873, 0.01571778950596659, 0.05696320621296915, 0.06686295312676119, 0.08621905540224195, 0.018089804506910962, 0.05139820538158038, 0.027019891156754055, 0.05125572955697834, 0.04340882020546796, 0.07400899677821654, 0.07098698659246985, 0.07732875706481085, 0.009411313566514305, 0.034985196623618896]
            , [0.06590932020767985, 0.010626068919789467, 0.03960311640856283, 0.05536158131833479, 0.03313636171129983, 0.043751916616682256, 0.02209455104083017, 0.06012146293864321, 0.13367997327684777, 0.08681970524737481, 0.02390348325439364, 0.03518812405372502, 0.025448383585581182, 0.038191874403378345, 0.11544967901764494, 0.050601298980630795, 0.05224988863293992, 0.07002301423007466, 0.008406952987773494, 0.029433243167812935]
            , [0.061884378224229444, 0.006960855171401828, 0.08581167924447884, 0.04894808680312022, 0.03789743372739024, 0.05483394566270382, 0.016293313644173708, 0.06257465475736809, 0.06082473940942282, 0.07884543040188, 0.017861497955300766, 0.1342233580881238, 0.028407805354165493, 0.033096698699495074, 0.0357227522572471, 0.06719401700180347, 0.05859360765826253, 0.06133314210189097, 0.012111114449739568, 0.03658148938780212]
            , [0.06259889950812178, 0.003284695528059323, 0.0698776135996143, 0.10073502135249232, 0.02578948745057474, 0.04041952116031869, 0.03468569818541616, 0.03676539690500591, 0.11659212952661088, 0.05723424110018655, 0.015962760459144198, 0.06703135919570272, 0.023248396803735635, 0.06737090324424445, 0.06572316368028772, 0.06989884248248177, 0.06317605969928579, 0.041266244115897556, 0.005586696649072192, 0.03275286935374754]
            , [0.06545853931697805, 0.01164780396381016, 0.03199835750670065, 0.052602414751941357, 0.013928323727900049, 0.03874718330683788, 0.035672891323756804, 0.020715737454853306, 0.158216988928656, 0.041453394255846085, 0.015512098387538793, 0.04395347539120565, 0.021605906335611703, 0.07330411496582283, 0.20276013686526898, 0.06684377830441449, 0.05203419631331965, 0.030317663093737023, 0.007378133561990855, 0.015848862243809686]
            , [0.1500946417545346, 0.02056295033970027, 0.036688828739442035, 0.041369778423291835, 0.01202778554358569, 0.05143673173639886, 0.019499636877700333, 0.023955076965946065, 0.03846486009400333, 0.033192594267249985, 0.014916317140278901, 0.05273940601002137, 0.031145962478295104, 0.03557235557950044, 0.03322838265157041, 0.2079788761232888, 0.13799644479615486, 0.043884846212083654, 0.00366183680421394, 0.011582687462739423]
            , [0.1090788711427165, 0.0037632110434572155, 0.06894514283232407, 0.0930916774581206, 0.018916869071729025, 0.039776973361476876, 0.016349476691568533, 0.03242495893988418, 0.05955076830331887, 0.05171713060906748, 0.0128825110157722, 0.031960791699320874, 0.20591933323802603, 0.03979376886181441, 0.03782742861189762, 0.06267268399144801, 0.04839058505183669, 0.04608310050632331, 0.004924115581349135, 0.01593060198854844]
            , [0.06072906206792391, 0.008733428567095585, 0.046747116425248585, 0.04604110775444724, 0.02862980531977518, 0.046104703829535985, 0.02100979730505413, 0.037872081860445724, 0.043970729138651396, 0.060294117107091844, 0.01713969935835361, 0.04380187013384224, 0.022306194478983514, 0.03280663212713486, 0.0427274433797522, 0.14871875848813373, 0.20544341172495117, 0.050084837307966576, 0.009967781339671699, 0.026871422285940694]
            , [0.05219624999289501, 0.006319660893022409, 0.2888147288184155, 0.19422367333940282, 0.006757121110648713, 0.051959448015020164, 0.021752493820976066, 0.009790445087582717, 0.041390717416779396, 0.016528690009996804, 0.007034676047198124, 0.0891876152511674, 0.017500906182626272, 0.043732788650815355, 0.02561846652634804, 0.062448229345576305, 0.03607848031066072, 0.016862741212776877, 0.0027281024271795535, 0.009074765540911472]
            , [0.12974209608176887, 0.015457515571015271, 0.040069813188055775, 0.034255632729700766, 0.010125485366945594, 0.38306204644922104, 0.01712265766401705, 0.013019934052993095, 0.029453838502212365, 0.02118264787942631, 0.00959374945905427, 0.04453409515079258, 0.017900218017231198, 0.025045316774880838, 0.030692764067943613, 0.10164774624893202, 0.03904503891812691, 0.02420924025276172, 0.004051414130616596, 0.009788749494304144]
            , [0.058169266753316316, 0.013166453159983316, 0.01068591564483045, 0.014192201926077685, 0.048833092779870975, 0.01975740851874771, 0.010450278701735276, 0.17863816265920213, 0.012593883907313759, 0.2563184621980814, 0.048079986370871554, 0.010565275179688024, 0.017265024471172025, 0.01486506050951768, 0.019173470952656847, 0.02419658738806822, 0.03519537586166676, 0.181370710797972, 0.009296698604945301, 0.01718668361428267]
            , [0.07404849728293429, 0.008134699496726903, 0.04423700171161357, 0.10013397057860576, 0.008296498609035606, 0.02574213694313047, 0.031867136193037944, 0.023562785038063493, 0.15408054308503538, 0.04252530619296846, 0.0160894275276784, 0.05049436883782249, 0.011824526704110596, 0.10527103711394735, 0.1252930133852349, 0.07045922500496782, 0.06268564485813208, 0.03342571240032601, 0.0018965491910622482, 0.009931919845566088]
            , [0.07550831281591311, 0.013282636373008716, 0.048350062775114076, 0.05355551895464061, 0.03774830363033503, 0.05612554828193977, 0.027979568757316952, 0.04829916459899413, 0.051346166588211756, 0.08315200419690975, 0.023144305915956797, 0.04104138528464304, 0.03225938764663322, 0.04287853338836958, 0.05797311893484481, 0.06456187971926981, 0.05719621001169679, 0.06053113422282352, 0.09205508095145827, 0.03301167695192012]
            , [0.07068405457092426, 0.009059308979433836, 0.032155292532867676, 0.03160102677809429, 0.12618190497431325, 0.04834183781366658, 0.032491871298307905, 0.04079533954034782, 0.02885098401796352, 0.08452770022529922, 0.023694075770912197, 0.03085547862080053, 0.023431052211344408, 0.028801762529891094, 0.03770083322170619, 0.04883751113052514, 0.044964320626384016, 0.05528702391705939, 0.06895707191622842, 0.13278154932393027]
            , [0.05783106508005801, 0.008083670184643704, 0.1282945067136223, 0.07602692273930127, 0.015669536524117737, 0.059078721377664435, 0.05798351797333641, 0.01687036148751275, 0.06451040740544138, 0.02929941304393084, 0.01102213457304822, 0.15575847861947173, 0.015481261353757722, 0.0522321253307844, 0.050628413075844196, 0.09308770915291249, 0.05416896888559944, 0.023746939563377676, 0.005323572140797453, 0.024902274774777734]
            , [0.029292582905963812, 0.00905337303994159, 0.0028811706635509817, 0.006086601615199661, 0.026494129391138318, 0.004145152296529192, 0.004595028678447698, 0.2804996991770306, 0.008145930515697073, 0.2639448668710905, 0.06817333944901989, 0.005245683236497096, 0.0033984780739639703, 0.008626241976814544, 0.008235086071079237, 0.011998946266743806, 0.028058085592585852, 0.22316483079568789, 0.001294117130264401, 0.006666656252753974]
            , [0.024202889109570663, 0.005651853071857908, 0.00506495963753369, 0.009040736528379516, 0.046231099124125506, 0.006216596997001337, 0.0077382844019347665, 0.11399461967551328, 0.012708842964748338, 0.47258382806204585, 0.12677761449985397, 0.008229948330074996, 0.005806228239182668, 0.017595423768804706, 0.013035590005646507, 0.016251378968846007, 0.02139016100126354, 0.07288758963444861, 0.0031898254386827202, 0.011402530540485449]
            , [0.04491139987722583, 0.012815300248136147, 0.01633753366390468, 0.023449230788676646, 0.07300284458882143, 0.015688381907899184, 0.01700579045271541, 0.1682034313841666, 0.027735123073331213, 0.22989568370515961, 0.04662634749266642, 0.019764492276541416, 0.010450888940389237, 0.01991593727315601, 0.023917758988864807, 0.031154009935860653, 0.04032158675612297, 0.13510836675951077, 0.0035638005788402203, 0.04013209130801084]
            , [0.1903718912705016, 0.06595267798973928, 0.02055415164257389, 0.024986219547034748, 0.02478509647293198, 0.03888169629357669, 0.01752985159123698, 0.0717316665534747, 0.02371593168492396, 0.09530690759854772, 0.02559808360235433, 0.020810288131718865, 0.01459781901508802, 0.02242371672642729, 0.03121189038545405, 0.05800876755801645, 0.06852735051849848, 0.15963350383757016, 0.006200846107607064, 0.01917164347272397]
            , [0.10486080857283486, 0.002595741145194231, 0.12322672411201384, 0.0814647913547934, 0.012862952407319366, 0.09956324007701915, 0.014608974153122841, 0.017489731666207552, 0.06153047076497791, 0.030067409456513174, 0.008932081447054468, 0.0843102060397497, 0.04390613826030453, 0.04798702610236766, 0.03530749535425, 0.10825751270876581, 0.0700479071413785, 0.029649579912110965, 0.007099950470523386, 0.016231258853498846]
            , [0.17405501062131745, 0.008752013912574609, 0.08044602168892068, 0.09497350753085596, 0.013267478138706884, 0.07554568330037378, 0.030235226029171825, 0.019425702917460964, 0.03250552704671669, 0.05178716802823838, 0.011386566826661634, 0.025338428262714544, 0.03911310498088202, 0.058805963005765564, 0.08937611673451108, 0.07259632947727136, 0.061573716617352794, 0.04327795066986384, 0.006928051457282842, 0.010610432753356906]
            , [0.01461639578370396, 0.005105438434775546, 0.0007519670793710068, 0.0013494981210147349, 0.016465657430222443, 0.0012258483797129402, 0.00112380458509184, 0.42379444388034426, 0.001541842714420529, 0.1710254996093563, 0.03323146266754204, 0.001562815937978104, 0.0009251758987727115, 0.0016849777903191298, 0.0015778993036087935, 0.0035877659573153, 0.012038997944106459, 0.30501236436174645, 0.0002980834205208478, 0.003080060700076501]
            , [0.0325570358940022, 0.008006838344759492, 0.0016224561764669313, 0.0027388822955367624, 0.022278791750118997, 0.003625108187217506, 0.0024101873212968223, 0.3298082928792576, 0.0030059002830389943, 0.16572443153518626, 0.03599221512502849, 0.0028809784594271103, 0.0040182770650089555, 0.003469477196817035, 0.003716414315310259, 0.008566488510876009, 0.02310322514443681, 0.3382571813230528, 0.0032681403965520417, 0.004949677796608958]
            , [0.04387519970392212, 0.012768393061386715, 0.01150527616628327, 0.01683344425552445, 0.12964826289718318, 0.01655215452689114, 0.021680104739743664, 0.10815011738154767, 0.01824958728766263, 0.2343716054797537, 0.05532142773449465, 0.0144533075118926, 0.011481821062888368, 0.018861579715253173, 0.02456033085091248, 0.026315319549384365, 0.032702064842864684, 0.09598576979130569, 0.030450323649480956, 0.07623390979162448]
            , [0.17691196057121777, 0.0031509462673578715, 0.07456200986698533, 0.15993928596546722, 0.0158573069310993, 0.036427797690471775, 0.014969321934852786, 0.027365093159228682, 0.09755771417874617, 0.052653533705305906, 0.010356879547065812, 0.031868778668818716, 0.011707908201280055, 0.07345059389761985, 0.06368644119632186, 0.05182732591638085, 0.04529399454645276, 0.033982107078430655, 0.005273375273044727, 0.013157625403851979]
            , [0.058967869611508204, 0.011832123935553978, 0.005628304004302547, 0.010732220097361913, 0.012133988000159338, 0.007716018197730918, 0.005508514075044014, 0.2692707796702004, 0.010099041459413809, 0.09819251983122201, 0.02597342673749759, 0.008198272764158954, 0.008038179207635911, 0.009684186193270142, 0.009806577727643767, 0.021177332092823443, 0.0525706186022635, 0.3666811518094652, 0.0016624172099671778, 0.0061264587727772]
            , [0.07926354588810418, 0.0008926500197431597, 0.09837243530938565, 0.13728628580164673, 0.006732100560026256, 0.042741257867016526, 0.028132079774196902, 0.012919198922625717, 0.12907533501447244, 0.02547694797737166, 0.00794322992068193, 0.07082292540995233, 0.02264673651465064, 0.08959702050990727, 0.07785341051646144, 0.07532751540786438, 0.05992398515007175, 0.021387888322884636, 0.002473885085377013, 0.011131566027559412]
            , [0.0766602056985394, 0.003840283454768568, 0.1310230877858571, 0.1932230388317132, 0.004635179647929824, 0.035330801113316976, 0.026445507298054064, 0.012135132604532766, 0.0953983679511916, 0.02133973441970394, 0.008109568804183873, 0.0733383849012412, 0.015366772527950677, 0.08895402405884056, 0.053487796641893404, 0.0790992061007097, 0.052778097284913235, 0.02073052429824274, 0.0005194655321818936, 0.007584821044235078]
            , [0.14433434683693938, 0.01215467198580641, 0.03414214042186559, 0.03693712344698694, 0.010572675205478377, 0.05500930067651146, 0.0200685887780421, 0.016696618339810572, 0.02937960768869661, 0.030677967518262017, 0.010810206740510203, 0.03771600009131684, 0.23049157733594205, 0.03328821014798129, 0.029992704918120484, 0.14759070406436037, 0.07411661665880293, 0.03225795999721874, 0.003411374826894468, 0.010351604320453053]
            , [0.01250887307746925, 0.006009465936679495, 0.0011272456127317278, 0.0020270675228665474, 0.0433818652575285, 0.0019904130347664895, 0.0021919862303178676, 0.14660803256119032, 0.002541994719579062, 0.5587453530790399, 0.1078261429636916, 0.002393791938755888, 0.0016311418144770002, 0.004753017337844402, 0.0026606388309380496, 0.006080448610177919, 0.011069463443749697, 0.08012501716748616, 0.00047969091852466823, 0.0058483499421854955]
            , [0.03562698048700901, 0.013453172377529842, 0.01250358924118001, 0.01564910265887323, 0.23896054582018572, 0.014524494164278352, 0.04953559740633957, 0.029740272995001506, 0.01728075231432418, 0.07994836595435657, 0.019800022744021692, 0.019009690060049995, 0.009981758409287611, 0.019776457192567577, 0.022191584162844058, 0.02857757347261575, 0.024964947088666416, 0.035649531404566795, 0.05058589519590544, 0.2622396668503967]
            , [0.10719622272479774, 0.009796181165365262, 0.08803265445174135, 0.06866262680670102, 0.005153447739267827, 0.09875248996209494, 0.023872812479362144, 0.009716783731092402, 0.04932820708558762, 0.016108112687453185, 0.0073412755976195185, 0.11391914124964786, 0.019654217499713276, 0.048610740728331714, 0.03413490143814156, 0.18861999114828504, 0.08517889493756599, 0.01814777590913057, 0.0013869271087001299, 0.006386595549400733]
            , [0.14631304287083163, 0.003913236788459517, 0.10976244042961773, 0.15827750635119262, 0.003779960132415458, 0.06048197049125573, 0.02563681551552678, 0.007452338030985471, 0.06672228993761255, 0.021700249247073748, 0.005528167851789209, 0.03992010649637372, 0.020277827511656358, 0.08386844151849228, 0.0887925561685349, 0.07716307870648899, 0.05397666350837312, 0.0198525529210491, 0.002874482258212216, 0.0037062732640588654]
            , [0.027808418786909987, 0.004994181281333748, 0.010166033942365132, 0.023191899722387894, 0.004123340332011412, 0.015199216853127154, 0.018735258168427995, 0.01035410050198621, 0.34456616037664717, 0.019047224801339673, 0.009753146904065254, 0.03041441974559248, 0.013565254309702807, 0.05400423358525661, 0.32641571237096756, 0.03725776886531956, 0.029578869207687236, 0.01456274227309659, 0.0013625937266182788, 0.0048994242451573695]
            , [0.013105103518821087, 0.005012753481003771, 0.0014311409970921816, 0.0022628787547729545, 0.0558883868636624, 0.0026136375361689493, 0.0030222088408556245, 0.1248097455704025, 0.0027439451062374063, 0.578418141789794, 0.08770337089307197, 0.002442549700391077, 0.0043998826683334215, 0.004769956963095668, 0.004423400781979023, 0.007363130960544623, 0.010458656734020272, 0.07954622049288346, 0.004115116008360355, 0.0054697723385093424]
            , [0.07111186156048939, 0.002013922504976073, 0.023675072472931144, 0.02374665888783353, 0.06713582137140613, 0.04048554542922533, 0.012114310157877964, 0.12357371974806974, 0.02475076150946169, 0.20101401217704115, 0.04364922739599175, 0.025612571762934664, 0.01958208091042002, 0.023352552573012816, 0.02582241430436732, 0.03809374949471038, 0.047615440182630246, 0.13474915491224662, 0.011621816934923992, 0.04027930570944976]
            , [0.07003596729610918, 0.0026683449459280885, 0.04009159095450369, 0.024559242176467592, 0.0037796114029842276, 0.6468546436794002, 0.007914460772796832, 0.005214088928119393, 0.01964940185475212, 0.008187649446519944, 0.00404972748745077, 0.04127273183010745, 0.007939484154580088, 0.014905255923288752, 0.01599450502812683, 0.05368784679742089, 0.01807559241525875, 0.009732660494525295, 0.0016069219887168888, 0.00378027242294324]
            , [0.39592889450874613, 0.02295370137023401, 0.01260947498357816, 0.017709027922942336, 0.007576296037362432, 0.06378635362555922, 0.008100387862381446, 0.020779519976160683, 0.01394908248956431, 0.02274509116414088, 0.010981683294354411, 0.017076357769131762, 0.020436441515779908, 0.01409850394506742, 0.014215356252004615, 0.17976453488048577, 0.08567150011476975, 0.06388720687696543, 0.0017755297734763, 0.005955055637295069]
            , [0.05507794605289299, 0.001436752363698215, 0.3046935817637319, 0.34367460578737996, 0.0021410464014881207, 0.02558497941305648, 0.010342475373937138, 0.0042386176526502525, 0.03170073158098529, 0.008079658241885111, 0.003108945537212236, 0.04666416098463761, 0.019041467423708297, 0.04961204200266001, 0.01243517691423805, 0.04210200390040009, 0.026431335115410678, 0.010230599478421216, 0.0007108192307864545, 0.0026930547808197364]
            , [0.03827071738354415, 0.0026154549002489333, 0.005536624488958633, 0.004265658452795482, 0.0014604981831344223, 0.8859241811337376, 0.0021665464720900633, 0.001888420507206639, 0.0035435427053613633, 0.0031575051907268975, 0.0015760943595808086, 0.006868191941266699, 0.0018319719715292754, 0.0029254056951239877, 0.0044748342742739955, 0.0227139024278902, 0.005265653490811917, 0.003733479396662601, 0.0005428175043044561, 0.0012384995207520139]
            , [0.0470194904532279, 0.003446861298752125, 0.15836064138872927, 0.439350728100585, 0.0053725637320290905, 0.017863521126098656, 0.01511373646695611, 0.010668537563411214, 0.03975098501768635, 0.018241425970948556, 0.009020348089964568, 0.027922654322318524, 0.007574167521432938, 0.08772056502192412, 0.022221012975350774, 0.034670562622293434, 0.02692984061918841, 0.02021143409990001, 0.0018539281964120046, 0.006686995412791248]
            , [0.1030856608300388, 0.0032780641168376453, 0.01360143097994083, 0.020355474591037197, 0.004950003756776003, 0.016379213325322117, 0.010237024442848991, 0.010190634379282977, 0.01767426782759964, 0.022357855421710177, 0.00566234292239511, 0.011912041328388811, 0.5969637764916852, 0.02071290336433996, 0.017061906343313678, 0.06659655991280924, 0.03173131037857549, 0.021513597008198517, 0.001444815475667571, 0.00429111710323209]
            , [0.021025459050897668, 0.0072795601004791545, 0.0009970106586748564, 0.0017782050120126287, 0.00471905869419267, 0.0014952603327740962, 0.001187098068689283, 0.37634237376603674, 0.0017795596477486815, 0.06507273477457418, 0.012868910458457068, 0.0017794009686524792, 0.0014688259775836074, 0.0019719523231183952, 0.0019152215158827527, 0.004599686225523251, 0.01599597773023599, 0.4760961630100661, 0.0003122297402651885, 0.0013153119441353203]
            , [0.02113667885837447, 0.011022363250806718, 0.002781495409774105, 0.004582567150873801, 0.15187485075721477, 0.004273926139699007, 0.008582794441210741, 0.12159913113651244, 0.005675937800764533, 0.4048299982298539, 0.08442456989227946, 0.005663108797996957, 0.0034222172106555195, 0.008038872169245183, 0.006447483773394791, 0.012100495192833842, 0.016510687446867185, 0.08227916167069878, 0.005042029604699019, 0.03971163106624484]
            , [0.13087701057471912, 0.002219857843061611, 0.09633332762895955, 0.12499054556760518, 0.004177204655470372, 0.034998410379107885, 0.012856666034284998, 0.008450324566454706, 0.06241518718679872, 0.017604039976262333, 0.00505542512857206, 0.035221277625502964, 0.2237658640849395, 0.046297249511145326, 0.030148217809052302, 0.09018283426468675, 0.04915502747026132, 0.01965911768433205, 0.0012338690833917608, 0.00435854292539138]
            , [0.5536262845347724, 0.024654739107433, 0.0025136982960091998, 0.003586778491208037, 0.00247901009250926, 0.05879486946952564, 0.0022455535703627717, 0.005233271075106314, 0.003027379992660677, 0.006115337270765368, 0.0036200655047875416, 0.005643326828351906, 0.004284584434460212, 0.0038805163474561265, 0.003318357848302675, 0.24833523355702347, 0.044501078164715234, 0.02160099670317228, 0.0005934239609308759, 0.001945494750447002]
            , [0.11425735758690994, 0.015683628719930582, 0.013600282526460136, 0.020134584462944385, 0.013282730973803817, 0.02074237344587817, 0.013837991225558361, 0.07972407235622012, 0.0253862423968968, 0.055652494453389524, 0.03383307627525316, 0.0403864884149139, 0.011386306056820266, 0.02552736185236583, 0.02191122263902255, 0.1357077647328382, 0.2266722136027297, 0.11921996200983107, 0.002504466299783571, 0.010549379968449919]
            , [0.010051162588228971, 0.011784206499253259, 0.002143321901338792, 0.002877668247096067, 0.4025393430651039, 0.0031417676194783178, 0.025314152231481295, 0.01508642705464746, 0.003328639654801394, 0.04867645350582904, 0.0100982790446559, 0.0055325196224693274, 0.0020041992359703296, 0.004554828278559167, 0.0046892027328530065, 0.010796418705791249, 0.007457273421881447, 0.016315202850247235, 0.021217064532054065, 0.3923918692082599]
            , [0.016842372751796255, 0.005956055089477447, 0.0008461161461623732, 0.0014901727019984506, 0.05063055225750982, 0.0016716398937645016, 0.0016539141158661034, 0.2524400298818036, 0.0016693392790698698, 0.40365171079811013, 0.07216996901170099, 0.0016831253463753975, 0.000987226199030447, 0.00273959191424574, 0.002026191023156756, 0.00460957002784735, 0.012231124527554739, 0.15473591871989034, 0.0034939469581365392, 0.008471433356503032]
            , [0.021443292834373386, 0.0007929068638393533, 0.0014587064989235734, 0.002398024578377551, 0.008743807281316435, 0.0021392107172359034, 0.001336825385422274, 0.3992644961666079, 0.0024552862364712455, 0.08718403099995034, 0.019752640347440106, 0.0022878728889650854, 0.0019532548711113052, 0.002362962200747485, 0.002479416690972871, 0.005056835718852301, 0.01635712297720814, 0.42012388383181554, 0.00047990825671899646, 0.0019295146536501637]
            , [0.2700293162558628, 0.018592648228120647, 0.019323033016790194, 0.02170680465480059, 0.03128532870191534, 0.20135595934272615, 0.016990041632421952, 0.0347641419465968, 0.021450073759340854, 0.06198514411923461, 0.021092196555577536, 0.02213969245293507, 0.013455957586149188, 0.02003959647136374, 0.027278708075575604, 0.08458141826688219, 0.03905521383877515, 0.04288080454721464, 0.008060141578436635, 0.023933778969280454]
            , [0.04337810797422654, 0.005045456809287167, 0.08560532363635386, 0.05119523633524523, 0.020233037752493212, 0.2993887464399493, 0.024720625616529684, 0.02948540001413186, 0.06324609563448455, 0.048214298153668504, 0.01259223389567101, 0.0911804474198379, 0.016062772675836605, 0.039063347196749997, 0.04274263110772494, 0.0426150283039984, 0.029879479598062687, 0.033656584526339635, 0.004579715483156379, 0.01711543142625237]
            , [0.07656548436846806, 0.04633094850730743, 0.020298799488388707, 0.024954991742764943, 0.1260045639298963, 0.02933997160673754, 0.045811534342627254, 0.04422793554784361, 0.026580032269824513, 0.08803833867031846, 0.025336437488461067, 0.036700647276323876, 0.01568224984885648, 0.028939804764498013, 0.03171693666096335, 0.08543783028972358, 0.05451263778466718, 0.05976347575642823, 0.008042687248914967, 0.12571469240698638]
            , [0.06626887016169695, 0.01136458081208323, 0.006525674559186436, 0.006631534863689422, 0.004901293713271011, 0.015754868882913182, 0.005308815365094655, 0.01032928719886435, 0.007963935016698558, 0.011180367195920318, 0.0075748164780929635, 0.023483986953796696, 0.006620572758507124, 0.007530792051514251, 0.007799782937552025, 0.3657648340024904, 0.41146917548725986, 0.018227929052774015, 0.001202680887907406, 0.004096201620687158]
            , [0.3867809539567377, 0.063318610196978, 0.0034016589688748073, 0.005006152268997157, 0.007283492266999966, 0.04060153937065651, 0.0037670805017191826, 0.030991262085153584, 0.004725639895508477, 0.025851019829617187, 0.012735637347775117, 0.008779803052112749, 0.004698838336581095, 0.005842186558053346, 0.005087881252258339, 0.16585264481911757, 0.11792951179342814, 0.10172205026088953, 0.0012352543848439782, 0.004388782853697438]
            , [0.06730193109334053, 0.011645896158525825, 0.01662673284600044, 0.03372064690619713, 0.027928304340836856, 0.019253223661970586, 0.025479054953619313, 0.0678270433543877, 0.03536593230023819, 0.21196817737401152, 0.12069291475299444, 0.031057918989365843, 0.00987426544034228, 0.08307959022978394, 0.036122159734171266, 0.05415410525325393, 0.058328650701614505, 0.06639397484922321, 0.005054241710172022, 0.018125235349950503]
            , [0.04774122872604153, 0.0015400355671932099, 0.00872384254820535, 0.013140666972080791, 0.021244614377806448, 0.010523789452120283, 0.00561196499231855, 0.25798710313844275, 0.014745898769885496, 0.16849738021537225, 0.04896128434216011, 0.012276523523849071, 0.009631391956119645, 0.013072940331368106, 0.011602588075367917, 0.023950308719497354, 0.05468836880507521, 0.26547386027139214, 0.0024792252075946726, 0.008106984008109192]
            , [0.28482623895335357, 0.021985659653361012, 0.014516211248548294, 0.01465044848140164, 0.0048866689689622935, 0.11255931710187238, 0.008170335496806944, 0.007371635239735804, 0.011648586770602794, 0.010796404443087132, 0.00612733686837285, 0.0321855946631793, 0.008656191934788287, 0.014048756186022589, 0.011536164858554314, 0.3413148322232371, 0.07092020091607228, 0.017954102780634546, 0.0013146912573486593, 0.004530621954058161]
            , [0.07515621237594454, 0.0020054097505396197, 0.034423860611848774, 0.09269602524386163, 0.01392511878116692, 0.01839590583128708, 0.01643326045789157, 0.0735567411486004, 0.10379529070902302, 0.1120283070307148, 0.04172032380619872, 0.031857209155589185, 0.008473443653561702, 0.08263460713206744, 0.07601231673153584, 0.04652398566588322, 0.0697918592865792, 0.08430657828411474, 0.0023454306975420627, 0.013918113646049392]
            , [0.056047523857229616, 0.0011975732513140201, 0.2628047844377077, 0.11868798844597077, 0.0033237984350921197, 0.07296659672451804, 0.021072800122934623, 0.004424820971288042, 0.05324173601740754, 0.00823047330338082, 0.0034668045968972395, 0.16550739721901936, 0.012810948284027885, 0.04039007538895317, 0.023245021590497177, 0.0918597875006084, 0.0446401522528227, 0.008287662130673508, 0.0012023939811587304, 0.006591661488498287]
            , [0.054300528911138755, 0.0033240682308632204, 0.03291803961445951, 0.06504334083916131, 0.0026840511367581575, 0.02889599951988635, 0.03031098721039731, 0.0066182280026834605, 0.26150515172876576, 0.014451898199753168, 0.006811947819344707, 0.06682618813104033, 0.007178779127342845, 0.0944086259146141, 0.19973621673938505, 0.06577291434268699, 0.043614557061779205, 0.010710230575130012, 0.0009874204737169811, 0.003900826421092877]
            , [0.014714889459778209, 0.0008549558871823393, 0.001457545912893749, 0.002322357569113715, 0.028617393270098955, 0.00201706715225191, 0.0018951565978863718, 0.264231993237622, 0.0026441435739139496, 0.4136261808422607, 0.08432561413184497, 0.002310811953153137, 0.0019193869230579904, 0.003910264631814657, 0.0033720377375124357, 0.0053335657616946485, 0.011681836004606856, 0.15145121375722526, 0.00070653537315989, 0.0026070502229281534]
            , [0.03599136598995192, 0.001956728106840141, 0.01935939355542468, 0.05566856210074633, 0.005155199759766641, 0.016672068864966756, 0.030452074293851304, 0.013417382217879404, 0.2788593151655582, 0.02584268564718233, 0.014164231717017018, 0.03899711104766168, 0.006269233852236884, 0.09841424143315931, 0.25382757919044746, 0.039165096048171304, 0.03610565570717892, 0.017108046093680048, 0.004735114091445553, 0.007838915116833857]
            , [0.0911348828428966, 0.0052454467843032, 0.026857847241416783, 0.052991771666834844, 0.00879696776677958, 0.023753367899254193, 0.023668979857917303, 0.020300452239201874, 0.11757821925372806, 0.036849942860511894, 0.012617943747774708, 0.03049216434024956, 0.18709643989382235, 0.07138603125723468, 0.10482603999152372, 0.08203740562639956, 0.059842014391563884, 0.033396387464672696, 0.0024423334259299125, 0.008685361447984673]
            , [0.05284043377697395, 0.010672631431721947, 0.010970538822981827, 0.03162224735117721, 0.011981395800172637, 0.013869989326431579, 0.022421616881017577, 0.05249777980055152, 0.18892524265856125, 0.09335694658419369, 0.0403557807460386, 0.02375344080607396, 0.007041696621724516, 0.07524888292895254, 0.19680811101173418, 0.0420478416911507, 0.052879558138214, 0.05891398862293646, 0.003146694215495498, 0.010645182783896147]
            , [0.03471525796792402, 0.0019694173058614, 0.30935913985670876, 0.4149620775952675, 0.001932685934069402, 0.023233997262157045, 0.010185086903597242, 0.004262524352152783, 0.02704103236499904, 0.007104359775656106, 0.003879866342105873, 0.03928311308870229, 0.002459881975693351, 0.04820268945903167, 0.010044839406676541, 0.030841210782416854, 0.017159198810976613, 0.009974555586733472, 0.0004392220996470879, 0.002949843129623029]
            , [0.08113044921604104, 0.019790231923612605, 0.0013376467233802598, 0.002374038693473108, 0.017376562073860596, 0.006320101443622872, 0.0019859362070434776, 0.24690391613068943, 0.002627547629115277, 0.11716506694667013, 0.036742485191402795, 0.0035883974995585747, 0.0025877164429811434, 0.003096188170520581, 0.0025629610243761347, 0.019414790755186387, 0.04763921123349957, 0.38266941412176286, 0.0006417806917054677, 0.004045557881497756]
            , [0.08144365047505282, 0.0030871263555880576, 0.08781990645324837, 0.13880161927702941, 0.008354643120818694, 0.03248901782039497, 0.03926593867585933, 0.012895013201321685, 0.12001070118447947, 0.030279406175403385, 0.010326608703411564, 0.07896823986669554, 0.0021954986568426967, 0.10163605234259109, 0.08854007774872148, 0.07649820168374204, 0.05182781109759028, 0.019859553926758814, 0.0012263879929605183, 0.014474545241489797]
            , [0.027225525602907943, 0.0010067820386785884, 0.0030200659306950316, 0.005502556356437251, 0.07999482009216627, 0.004990447605996927, 0.004209993160922029, 0.2054006714797776, 0.006415694480078087, 0.3463632346412057, 0.07035673350987243, 0.004729056196574101, 0.0038068368887848453, 0.007960477161078132, 0.007406054320595435, 0.009654072134329002, 0.022103218662309923, 0.1587440492934858, 0.00782246144090393, 0.02328724900320081]
            , [0.051507546818733416, 0.006688943772378979, 0.028245748954944912, 0.032373261096179926, 0.1255144435282847, 0.025693928424907045, 0.118408857908858, 0.020926980107595073, 0.03090859471246755, 0.048727882066487226, 0.015272034211302356, 0.04496398352707291, 0.01127683844188695, 0.037183432831636394, 0.03783340060241043, 0.05068598976852097, 0.034936943645236467, 0.028986801377967896, 0.018085071660863723, 0.2317793165422652]
