20 A C D E F G H I K L M N P Q R S T V W Y
16
0.45663464023861466 0.0795651834311237 0.0096685246699345 0.0527759902554873 0.0595605031673628 0.0447949642551774 0.0621096448422140 0.0289088268077119 0.0523818168643727 0.0613084872419422 0.0777313561971931 0.0174693846600392 0.0520723167009561 0.0398811904576087 0.0515754083050139 0.0610933518226381 0.0700848455632133 0.0634406944867932 0.0629848430840852 0.0086233363886362 0.0439693307984965
0.1064485423137896 0.0863860313760391 0.0032889584423441 0.1138857021422923 0.1410876855399539 0.0059442797469641 0.0521482305163249 0.0358094058473014 0.0112865414031543 0.0906838001046083 0.0298591324736691 0.0074752437611366 0.0886239761652928 0.0143925124766022 0.0818810919072029 0.0620226608494041 0.0808867609157942 0.0593114070508223 0.0256086154233634 0.0018477346886874 0.0075702291690425
0.08518424091543064 0.0704871270655387 0.0090331947991644 0.0118151235724943 0.0186614808925178 0.0603212663400533 0.0197696748497759 0.0116514643136074 0.1465923469651117 0.0212293242570501 0.1955902056185015 0.0583850894025401 0.0148958900342050 0.0111268391167224 0.0202036799429308 0.0305264298393361 0.0424085292835329 0.0598067391134061 0.1589545574927523 0.0055490442679432 0.0329919928328157
0.05416027446687069 0.2754627221539191 0.0456225339864930 0.0141729028020954 0.0289317766338390 0.0099773634133738 0.0693994658488396 0.0090417992112489 0.0391570259255413 0.0209283946818493 0.0437600208136900 0.0127924495267548 0.0341134788799396 0.0171018715335603 0.0241513328758782 0.0184006644599915 0.1548522096044610 0.0942796551348194 0.0778548546908022 0.0024222955499082 0.0075771822729951
0.038788118315758645 0.0602549928536918 0.0088268651883271 0.0021081278657820 0.0035459918992795 0.0295488211135356 0.0062349421162964 0.0026559362955698 0.2770953894165022 0.0038568133876169 0.1440735022612508 0.0438383702283454 0.0038411744890798 0.0034776447310627 0.0042176127463399 0.0039854091334529 0.0212405760053420 0.0441935320055933 0.3308425974843284 0.0014570219136840 0.0047046788649193
0.035089096752394924 0.0397028216245561 0.0036138714986272 0.0105469084016954 0.0411911806456553 0.0038906159739691 0.0181125324728895 0.0309745588839095 0.0096214224723281 0.2921863509708125 0.0280414079742875 0.0084690782062890 0.0387011367376141 0.0051827608984777 0.0704697201401685 0.3001051204265355 0.0407664955517788 0.0364868840451001 0.0153219405678752 0.0016567371283529 0.0049584553790781
0.0334543991714474 0.0319045509378993 0.0057392521376433 0.0024749078269162 0.0040876193574597 0.0908322236921786 0.0050426207342494 0.0043803988047483 0.1337286350727715 0.0049344429143314 0.4329218279345612 0.0979476236368462 0.0044572896224071 0.0036233127727713 0.0072293181678939 0.0058225294576444 0.0165128074416307 0.0248299316169473 0.0961986148740086 0.0036468680868203 0.0236852249102714
0.03027145860368773 0.0480000346702148 0.0017170258356235 0.3372520832070013 0.2744262195592790 0.0023086450831643 0.0328788428470304 0.0166410962327287 0.0042269515873042 0.0380829036910142 0.0071178305455319 0.0032814575380783 0.0746414939896064 0.0061874475200464 0.0488532875817329 0.0198025949167951 0.0441736156975906 0.0279556501444748 0.0085178353411532 0.0007208325474113 0.0032141514642190
0.027974236530947657 0.0188691654721392 0.0055758682477715 0.0034485452782631 0.0043024221941445 0.3569054175649120 0.0045751059212831 0.0385571490323104 0.0258058234358295 0.0048664818987629 0.0638684616762314 0.0176535563299964 0.0074922146593975 0.0028916145734699 0.0061518520684784 0.0060776141459076 0.0181510933086657 0.0097465831521946 0.0259084220106882 0.0374936588163749 0.3416589502131791
0.024396074961426255 0.0934135587919304 0.0052090131891883 0.0480670045029451 0.0331154651068293 0.0057843247009245 0.5008790115326439 0.0098627401539412 0.0079243631558084 0.0318938670479053 0.0187792721606538 0.0056611778653925 0.0536790559875478 0.0083255344137846 0.0238807095686086 0.0276050444513888 0.0702656883472662 0.0283358350658399 0.0198200280130837 0.0020673356952705 0.0054309702490472
0.022379389224758125 0.0207528578221113 0.0029372762141481 0.0007146713189621 0.0011509072538691 0.0137543224819612 0.0014869948706579 0.0008776582241304 0.4134165587700147 0.0012170955798887 0.1039559525545652 0.0232484375498488 0.0013005965504803 0.0010501744512150 0.0013720361237086 0.0012940635679386 0.0038150039054231 0.0152896376252761 0.3903248639329834 0.0004267427136157 0.0016141484892018
0.022235592297777853 0.0183810498635864 0.0029219023565255 0.0007901883090804 0.0012834131753530 0.0456809889304564 0.0019485496384938 0.0012874173513745 0.1875253523397065 0.0014628039016727 0.5197657203925717 0.0805714563293843 0.0015051625453541 0.0013502980019635 0.0023871437900394 0.0017360303756601 0.0046818446471647 0.0133143736951879 0.1086371521224446 0.0010563358840390 0.0037128163499414
0.01915763230861114 0.0815846564352689 0.0162411678111628 0.0235709959997520 0.0117069268304926 0.0048821496036961 0.0334195781688144 0.0063542508514688 0.0191777587300944 0.0211652812847787 0.0199032714596194 0.0072995725772669 0.0526866636902294 0.0076460164180838 0.0116394018343651 0.0113490243321212 0.3227804662536869 0.3103415208362285 0.0326672181159220 0.0013354628760641 0.0042486158908838
0.018639786933534942 0.1089889950743504 0.0035305264847225 0.0266630848602273 0.0348145688307112 0.0053449898107725 0.0282267056915980 0.0084130095443137 0.0118079075030357 0.0301743458833393 0.0301694880744891 0.0057150448905196 0.0150563609724424 0.4851140163440697 0.0278304010977759 0.0252064312173006 0.0725118819568730 0.0417386227472280 0.0324032590901944 0.0016399343586657 0.0046504255673709
0.016895697825314082 0.5351950909868292 0.0252081099452669 0.0024285522956773 0.0032610631304481 0.0031014735019244 0.0895149413480531 0.0019753378077071 0.0128689677700954 0.0026713515870242 0.0132160589819018 0.0046916568143041 0.0053167186093718 0.0041092473129118 0.0033993926109179 0.0028444459687297 0.2012362826407287 0.0506433814732021 0.0356201961793182 0.0007038933957933 0.0019938376397952
0.008290819139635638 0.0447091236787069 0.0018965176537920 0.0073291613383446 0.0047672335488679 0.0011860084543069 0.8770656034467627 0.0015439649323273 0.0015803239629013 0.0028815074839515 0.0024466846426901 0.0013097966995837 0.0088786710765888 0.0013532079284414 0.0021872024978219 0.0046593324385732 0.0240590178646008 0.0063147676967095 0.0044383797080676 0.0004322158221321 0.0009612791248299
