# This script is generated automatically.
# Vector of amino acid stationary distributions.
distributions <- [
              [0.06651726689099698, 0.022574415982396484, 0.05844029088615979, 0.06341971353342336, 0.039193997730045935, 0.060586012328679446, 0.02868473794478536, 0.058476608869370915, 0.05894381339159135, 0.0791058253854079, 0.021977707719640888, 0.04832999261435036, 0.04125473094843907, 0.04823354884061128, 0.05929470630199675, 0.06680384382515682, 0.058718982622350986, 0.06671363182528656, 0.017673590541075663, 0.03505658181823433]
            , [0.06658731349740636, 0.01912507882482568, 0.05730157383508587, 0.06586261494134969, 0.041147449703309136, 0.05803625730462658, 0.026170539264939698, 0.06402215171917759, 0.06186112666388045, 0.08773009323433983, 0.024441886855505038, 0.052339412878937334, 0.0329338605173324, 0.04985979648025501, 0.05736135466488441, 0.06934088909939295, 0.05957351424026517, 0.06731771047298388, 0.006394412601562617, 0.0325929631999404]
            , [0.06466297754906844, 0.006688941128965226, 0.05932207178079655, 0.0629082203280094, 0.04613374930460265, 0.0621813512530752, 0.024594384160843266, 0.05675158091296376, 0.06081725166746959, 0.07586425156891628, 0.020766977159353054, 0.052514453950210996, 0.046008093790362845, 0.050866150534732736, 0.057417505426637816, 0.06448801922007086, 0.060169303072968174, 0.0661110914969333, 0.015748191413982968, 0.045985434280036715]
            , [0.06560179940379983, 0.017244125913729202, 0.052024060169562944, 0.06163424168758159, 0.04471860267208281, 0.05802250920071143, 0.025517801457147674, 0.06101970720511213, 0.05859538439909751, 0.12474141682787498, 0.0216091890790948, 0.034752874481773575, 0.0345475971506436, 0.049409177441510965, 0.05968826067453969, 0.06285095164106974, 0.05635940920513433, 0.06605341465640158, 0.015747360386831402, 0.02986211634630028]
            , [0.06921361805986938, 0.014367093809709524, 0.05571195646932384, 0.060074589968194585, 0.03322846759353935, 0.058241611845507794, 0.024111356407872406, 0.05468859342515832, 0.05605835176538239, 0.07933013347325112, 0.01949285425753458, 0.05452400601515022, 0.03131137089964261, 0.04667191495319038, 0.05509688755804245, 0.12066715962200199, 0.06587507795359109, 0.06250963283845674, 0.010387763706155538, 0.028437559378425768]
            , [0.06971337305877492, 0.013234425635018782, 0.06353195421497142, 0.11860439039439928, 0.03265357713354019, 0.05790896957852809, 0.02248805698397087, 0.05884598134273301, 0.061574090483355846, 0.08471476255516082, 0.020060644757388127, 0.04438088673842564, 0.03086542919357012, 0.04783194299972283, 0.05412848055760663, 0.059915573295014825, 0.05567017678681018, 0.06471423753961449, 0.010620736080705484, 0.028542310670688586]
            , [0.0657415117881765, 0.013557081994787622, 0.06036069955433466, 0.06193615486162877, 0.033500063676242677, 0.12369250945510164, 0.023210496007540604, 0.05553569736383004, 0.06035611828113243, 0.07495448691104256, 0.019067719169789325, 0.051862206025974175, 0.03472899404670602, 0.0396573534149054, 0.05682319332790988, 0.06251193367461955, 0.05643106994297974, 0.06313144428538948, 0.013360151810123238, 0.02958111440778557]
            , [0.07214547504516716, 0.013052520983490521, 0.12645347358937634, 0.06260998415384927, 0.03272324662592325, 0.06081341736607334, 0.02304411252576214, 0.05884300700815733, 0.056733128272873905, 0.08260186716516098, 0.019550671092268594, 0.04991435760871757, 0.03052040171949503, 0.03638032413398215, 0.0538591189000086, 0.060837663070697316, 0.05518718491180259, 0.0655126209257962, 0.010601068125894808, 0.02861635677550322]
            , [0.12476925466456651, 0.014594265432079041, 0.05801173492035289, 0.0644418970410611, 0.03468262760461681, 0.06473658872401897, 0.026828164283795367, 0.054603475592159875, 0.04294923336127914, 0.0874602747199522, 0.018632332471573827, 0.03107378160131088, 0.03558880124455041, 0.05006073238406424, 0.06258586109403023, 0.06133687442430628, 0.05746747111132172, 0.06649104187493324, 0.015302953124606417, 0.028382634325420934]
            , [0.06869998608280768, 0.012125297675728551, 0.054654440257610716, 0.060834927977513394, 0.0316975710239096, 0.058107809878968415, 0.021796034006269983, 0.05938492336385734, 0.057163737125641066, 0.0782063573184725, 0.019802475296930844, 0.05006622078906728, 0.031858423134251294, 0.044700414986585474, 0.056892849914075436, 0.06588998232939121, 0.12349713337821538, 0.06599831685586792, 0.011061968221536987, 0.027561130383298986]
            , [0.06642145037399609, 0.014478168373733977, 0.05598482092227673, 0.06703953139760191, 0.032370667490801114, 0.05668377760802819, 0.023251644069728915, 0.05838344108815395, 0.11207410928455781, 0.08021786016901457, 0.02097307891648539, 0.05011634258617744, 0.030369982728011957, 0.04834194915727062, 0.06333661850606805, 0.061723776860135283, 0.0562198008445042, 0.06225083951072706, 0.01067484598301568, 0.02908729412971115]
            , [0.07162507272994002, 0.013210550196743559, 0.0537568503140276, 0.06138465900461032, 0.03246453430269471, 0.060044374417208626, 0.022176711422286235, 0.05550444531268065, 0.053832464417995045, 0.07972347618517606, 0.019534683057379168, 0.03576972135339146, 0.11127874188304733, 0.04337460332947925, 0.05613564328242419, 0.06525934166779386, 0.05845808076680735, 0.0659607731155591, 0.011915309539282938, 0.028589963701472685]
            , [0.06908724435088087, 0.017156035210591624, 0.05324983940629445, 0.061894856848934796, 0.03666783402179045, 0.05756125596031386, 0.024104569540270775, 0.06809117458175842, 0.05664307982402362, 0.07999045632625836, 0.021877462657461242, 0.03564294847869818, 0.03426802519310128, 0.035158096239863525, 0.0574171026807248, 0.06331110746767037, 0.06103394365652563, 0.12554927812659042, 0.011512956766108471, 0.029782732662138864]
            , [0.06667511012260868, 0.01460962625207768, 0.05277914404035851, 0.060593429813760084, 0.033525277082305203, 0.05624277144380032, 0.02371559821280869, 0.05626945387476129, 0.05758234371930297, 0.16804446004330117, 0.019766363306164866, 0.042934945442923395, 0.03109998560597541, 0.04975622840240779, 0.056075898667835175, 0.06099037999960951, 0.0526170514979725, 0.06005118384615142, 0.010290011114030604, 0.02638073751184453]
            , [0.06977271862834541, 0.01689610104693056, 0.051901269497997886, 0.06017429830065252, 0.0320525583269295, 0.05925993452548748, 0.024980216447497247, 0.0571010501442908, 0.05866725059426304, 0.08284831119588318, 0.01947935164692794, 0.040133640984235344, 0.03082207274517403, 0.047949130715597414, 0.11987554273730544, 0.06337916654042834, 0.05783024678411982, 0.06649900487069618, 0.01129580619898604, 0.029082328068251912]
            , [0.0661488693346587, 0.017115778430940254, 0.04965856801111502, 0.06324825193472597, 0.03445660985872139, 0.04777013680838697, 0.02395424649611392, 0.06722368192100267, 0.06115831891367853, 0.1352643730369442, 0.028428940108199532, 0.049826247556040267, 0.024750255952972366, 0.05013388995715658, 0.053569080729099175, 0.0670816224629785, 0.058572709488867156, 0.06752942950155275, 0.00528798135946473, 0.02882100813738113]
            , [0.06970110144066693, 0.011681417929537787, 0.060538874665366935, 0.06029961475029384, 0.030645474826184464, 0.06218118842948575, 0.024955753338180692, 0.05451976474350513, 0.06027174070190234, 0.07496167352988484, 0.019255456448121457, 0.1229863891741597, 0.02722692565098482, 0.0463074642562887, 0.05340109403766102, 0.06304855337390541, 0.058568774611923176, 0.06061345639668972, 0.009882202968979348, 0.028953078726278052]
            , [0.06926628415361864, 0.013847981199880687, 0.05461011917824509, 0.06202319045687142, 0.03726131526534571, 0.05940801973550394, 0.021895914687260282, 0.12868323718004435, 0.06045333845484439, 0.07871066932290734, 0.020793869002689293, 0.04657586873472902, 0.03011147809685043, 0.03404799184324874, 0.05243209215549346, 0.0613983044313129, 0.058883200844694276, 0.06994018462152891, 0.010233286628732404, 0.029423654006198802]
            , [0.12069443940053409, 0.013055350920213904, 0.055713437405675706, 0.06482784123244421, 0.025432913171927682, 0.057276728150324877, 0.02277667542556857, 0.059081647449962256, 0.05660046892984815, 0.08775386652747307, 0.021851793286790273, 0.05214819904330777, 0.028213412858384992, 0.05378417760423788, 0.05625746709413394, 0.07042696156529459, 0.060831488160385, 0.06601933241630319, 0.0047813620296061465, 0.022472437327583836]
            , [0.07082757990224889, 0.01280629159740496, 0.0537181381398084, 0.06014666879003899, 0.11316609415193205, 0.057638940116903806, 0.024566474382943564, 0.05848182256616882, 0.05552154890486989, 0.07656145439004867, 0.020839689348686203, 0.03818985190575771, 0.029786613690600178, 0.034996904581774034, 0.05369786844165813, 0.06150310462657262, 0.05457052115641124, 0.06370981047690263, 0.01001183576940793, 0.049258787059861205]
            , [0.06852400050042255, 0.013770833272397252, 0.045876801845041906, 0.05379520862531162, 0.046784546379873504, 0.0512325463209392, 0.021630983548967572, 0.06347387856962446, 0.051291970078795414, 0.21017730686699798, 0.02673187642788107, 0.03373517313901781, 0.02185575707149957, 0.039821600095479706, 0.0513180602614989, 0.054995198623131555, 0.04882563996172598, 0.06438883697067642, 0.006868366440150606, 0.02490141500056689]
            , [0.06795323598039765, 0.004686466253480507, 0.053548781700218366, 0.05607187427142596, 0.045774127837523035, 0.06197983155731341, 0.020011468053003852, 0.056772284945965645, 0.054033472760287554, 0.1312667953873771, 0.020595869927118322, 0.04645186272949467, 0.045131387458274205, 0.04581490889704361, 0.05385477868597194, 0.06110735070015466, 0.05845591281499655, 0.0692402233273102, 0.011882415871279974, 0.035366950841362675]
            , [0.07266882187500555, 0.013256630487918704, 0.07735129486611117, 0.1082722608741359, 0.019779224057716475, 0.055801617270560995, 0.02766854313818788, 0.027862943270906222, 0.07618632277128956, 0.05921926366339499, 0.01578625058645116, 0.061348772104162355, 0.043880539956260685, 0.05957532788350504, 0.05935790818307575, 0.08639867898832805, 0.06223365957299553, 0.04852777168872656, 0.005007459454301688, 0.01981670930696565]
            , [0.06490048262211727, 0.012071697439428122, 0.05416327984268316, 0.053460424645055994, 0.032920086504355864, 0.1954364002266983, 0.023152853096787933, 0.05518839661822277, 0.05207335723046008, 0.07310684395139683, 0.01911089070504503, 0.04732725075936815, 0.02759248757162846, 0.03155151989053083, 0.052799313366886445, 0.05608972061421185, 0.05107006225703017, 0.06169506954800177, 0.009565663058165615, 0.02672420005192535]
            , [0.19038892124522683, 0.015292163481553092, 0.05280577492899687, 0.060164064780039606, 0.031537231006790484, 0.05887109088286515, 0.025003213067403014, 0.0507976621182162, 0.04694983544924157, 0.07828679124024354, 0.018953080676635745, 0.029231186201156133, 0.02533816388277154, 0.04404614545720486, 0.058485747101078935, 0.06139856178321073, 0.053685387654762155, 0.061826504610086847, 0.011069523230108142, 0.02586895120240873]
            , [0.06706022190755374, 0.013462420701149178, 0.04515186600652271, 0.05404374375680293, 0.033787226882457555, 0.051993028374062146, 0.021524155802361274, 0.07179915123959556, 0.0506224143233136, 0.14443532402880563, 0.022520543290335895, 0.028964388824676425, 0.027640440070958075, 0.03481157918205079, 0.05319699985136089, 0.05859431348285962, 0.057770205540738244, 0.1272931299631132, 0.009482764203233922, 0.02584608256804847]
            , [0.07028466318333321, 0.011767545477868704, 0.05277023062775784, 0.05645271567644548, 0.04437772906709161, 0.0524124993697043, 0.10944949811297874, 0.04325403456544732, 0.05381333511703606, 0.06859835559986978, 0.018068484589729285, 0.052973772445056924, 0.024023528895113125, 0.05234615818615462, 0.05736049864555563, 0.061094926898222275, 0.054070173208718306, 0.05716042540888145, 0.010324895110467663, 0.049396529814567706]
            , [0.06330393713192241, 0.013582488591237191, 0.04747816666674033, 0.05716700130603077, 0.0353025461930554, 0.052480329624015574, 0.021209246896572807, 0.12630627575401052, 0.05663316139519506, 0.08395082656378322, 0.021320917423287827, 0.032908557167374154, 0.026125021288772504, 0.031549954940128994, 0.05001892480989565, 0.05765228331273969, 0.05875392225996642, 0.12895191996376798, 0.007868004253255505, 0.02743651445824802]
            , [0.06465025879500776, 0.011327080267480418, 0.047801255149187385, 0.05628204509432775, 0.04118185617331834, 0.05268967063997333, 0.019926836609814105, 0.12694104669884468, 0.05558866533735142, 0.14918249838798145, 0.023104046737594093, 0.032922270098166236, 0.024220864703626346, 0.031014140733523217, 0.04796405693838795, 0.05438423633733765, 0.05186904420200433, 0.07331561158564939, 0.008226100620865833, 0.02740841488955839]
            , [0.12824751418941, 0.019142450098069533, 0.04921836477785382, 0.05674265204562276, 0.0271220941212042, 0.059797948494013466, 0.024511351681751597, 0.04420589487803807, 0.04675486874533701, 0.06901656482967274, 0.018016941694684173, 0.04557448766656025, 0.029626438196100766, 0.04711079732579621, 0.05353626246139646, 0.12195359095600153, 0.0644728748975178, 0.0606347289530698, 0.008764319080462322, 0.025549854907437653]
            , [0.07578668201652268, 0.012049606875559941, 0.053101151095462665, 0.06332596996264385, 0.02807206465787922, 0.056132715699366, 0.02577487708465493, 0.05281471437298835, 0.06016544945961568, 0.084037653271592, 0.018922073615175942, 0.049355125048397834, 0.027761451069539037, 0.1121021818996725, 0.06342803487706909, 0.06433049463569936, 0.05826587930276722, 0.06019423125123579, 0.009693975626419521, 0.024685668177738054]
            , [0.07172596660162865, 0.011542882740665986, 0.05515919598922692, 0.059122518968917834, 0.03557461640011567, 0.13900826658185558, 0.021876634111585136, 0.06498897100299843, 0.048894913591802217, 0.10451112547033106, 0.02000868262413914, 0.0318513038290234, 0.028656513539466872, 0.03933911191137092, 0.05556566792265963, 0.05496174477268567, 0.05216158765122461, 0.07106931160826178, 0.008284779070603121, 0.02569620561143735]
            , [0.07317389636116053, 0.011053497568960844, 0.054355428010188944, 0.05505549731671913, 0.054047314040114036, 0.05967247152699568, 0.023792196635387362, 0.055764205158161, 0.05307039396484806, 0.0750977076247199, 0.019930142888674212, 0.0389350174369464, 0.030470523421683944, 0.03484713538036413, 0.05419137214096145, 0.06059777429275332, 0.05740267195749361, 0.06421177369638534, 0.08857848820774379, 0.03575249236973833]
            , [0.06788597433955319, 0.014214440322494802, 0.049926849789672274, 0.058052807059312005, 0.06181442513067221, 0.05557792429876978, 0.023154763281867226, 0.05999156685049549, 0.05671060595067707, 0.08289051696521685, 0.020513252763066342, 0.045485863263447814, 0.025497649925878055, 0.031136798092637655, 0.048392282950284, 0.0598116589004551, 0.052590429852526786, 0.06350999671949437, 0.006381427454553946, 0.11646076608892487]
            , [0.07101630266743329, 0.010541854929760472, 0.06029828561523884, 0.16690598387848157, 0.027771529950363857, 0.05202587181125339, 0.022421255521004237, 0.053987420434408274, 0.06508007438860473, 0.07070155901163241, 0.01818382373254589, 0.046241148809130564, 0.024216130901195572, 0.05057299341585151, 0.05388788076525336, 0.05818814975745804, 0.05524888385657634, 0.05867139286953331, 0.008046401541270409, 0.025993056143003637]
            , [0.13814539701500342, 0.011858544823930704, 0.04833564772186128, 0.054938828489883434, 0.03214366151573347, 0.05796400840289714, 0.02199970202158791, 0.05639170018132541, 0.03325157337339367, 0.15306433976452347, 0.021372970290001726, 0.024781217799853657, 0.02423086095700309, 0.04646968455470387, 0.05946160214259943, 0.05605034287763771, 0.05374441241069046, 0.07243678295730226, 0.00972825343811024, 0.023630469261957988]
            , [0.06904407552768632, 0.015666329098007345, 0.04964461615736428, 0.05242072515738996, 0.03299988309399791, 0.05657503039389056, 0.02100054256228641, 0.07374181958700471, 0.050036991464975186, 0.07496090382743811, 0.020141375988413812, 0.03203063951980813, 0.02620635647435363, 0.031084824769357467, 0.05345133498280417, 0.056583386429648226, 0.057063971363678065, 0.19211740608133393, 0.00892028065441563, 0.026309506866146047]
            , [0.13460258678371903, 0.00342913828750356, 0.06133762386637422, 0.05953774434422436, 0.03202998005320279, 0.06252171614417429, 0.017046362583105025, 0.05026544521524967, 0.059284963615729186, 0.07104285446808051, 0.016920417393943347, 0.05356020204506009, 0.045955031055612695, 0.05405043752135224, 0.051008561132324125, 0.06287441888346343, 0.060474031295696715, 0.06270460639285344, 0.013157654336522424, 0.028196224581808847]
            , [0.06357715933323053, 0.011989690149836607, 0.05052273837976552, 0.05829265874701223, 0.02953470476837485, 0.053399413081393246, 0.02115296763517705, 0.06069303893031999, 0.15989125882455532, 0.07879197774164591, 0.020506363536057663, 0.04778204179478012, 0.026182688724716505, 0.044960283736272734, 0.06104057859006376, 0.05740432808051086, 0.05428526171183508, 0.06516214611789028, 0.007837665092642313, 0.026993035023919455]
            , [0.0660108519474514, 0.0035624915516490985, 0.05252461728436459, 0.05753469323471626, 0.04379807389060849, 0.059244586612811255, 0.01839530613934508, 0.06308373361027608, 0.05604764252377858, 0.0746244308518691, 0.018606571249989174, 0.04777829470232193, 0.042257165912146157, 0.043391519468135485, 0.052087530735816887, 0.06258249478061766, 0.06205684797609994, 0.13080978899495602, 0.012359832559679842, 0.03324352597336672]
            , [0.07589773546268597, 0.014579481761299399, 0.05492328031703446, 0.06505071884896275, 0.019880729158038082, 0.048590018505711326, 0.024213695940541544, 0.04787412245079468, 0.06177012837172444, 0.061536394926722825, 0.018789614059673453, 0.05803889860455091, 0.023738908298724427, 0.05382630392975858, 0.05324177826046418, 0.11025976291525044, 0.12379717775124548, 0.05930810770113929, 0.005249273308118638, 0.01943386942755921]
            , [0.12292154900305287, 0.012053236288271008, 0.06076877410548174, 0.07071535763025316, 0.024460169792768664, 0.06299309632461295, 0.02681920086636769, 0.03126385328128015, 0.03659092049794629, 0.08573599815688511, 0.015631384489740205, 0.024568632064604173, 0.03421839690685471, 0.058306999268757445, 0.12211997720718999, 0.059580599579713935, 0.0585079470783256, 0.06284640399749022, 0.010091179256211096, 0.01980632420419306]
            , [0.06539289375810202, 0.011071509885313949, 0.05091790746957924, 0.05225905539605609, 0.04484662621231333, 0.05507680418453535, 0.020663898929822656, 0.05498248620424165, 0.05190817217510281, 0.07883267956368192, 0.018224117446469224, 0.051012699548784506, 0.02642343641171269, 0.03154676295777246, 0.050243418357342744, 0.17688353150964117, 0.05891206955523133, 0.06226618011051367, 0.009218305963506526, 0.02931744436027669]
            , [0.13605989939188373, 0.016367673387790594, 0.04276976815763337, 0.052517380709185185, 0.03323405395454603, 0.055775088891230805, 0.021547856938162097, 0.06359214426575047, 0.043223285912276345, 0.08097020760253325, 0.02061855348821989, 0.027327246258406927, 0.027096121865476875, 0.030566201336674006, 0.05256986171502326, 0.0622163743042727, 0.06298352054167737, 0.13643613238151792, 0.009065335279482941, 0.02506329361825627]
            , [0.06822878554278605, 0.014727734071316695, 0.032682636313754204, 0.047823405169515346, 0.08198513057032007, 0.04372312683823847, 0.05014500691425433, 0.04774158706999331, 0.045629897461829605, 0.07814765231338158, 0.0200866034264444, 0.032066068228546664, 0.02075076596330613, 0.03320182632253177, 0.05607845116227856, 0.058621814083786146, 0.05190952569426278, 0.061066424304903645, 0.02957763555210733, 0.12580592299644291]
            , [0.06564151814872435, 0.013590437003267406, 0.05797616940436969, 0.07598372176608044, 0.03430783428790359, 0.05408071454002393, 0.025398999106597275, 0.06473087391541703, 0.08096123112793217, 0.0909716039512164, 0.01889955149237272, 0.059656428402267564, 0.019264015928236296, 0.055624975893753925, 0.05486338985003999, 0.07083845035455982, 0.05945856539010897, 0.06447750565163106, 0.0018908924720715172, 0.031383121313425896]
            , [0.07203692706583649, 0.012339654201707788, 0.050820933871286306, 0.0584973982068114, 0.029476696306628608, 0.05403446642286851, 0.021660849140340426, 0.054774491377900275, 0.05480347605200078, 0.06948695745842519, 0.018225320346198143, 0.032440615631680624, 0.16701499480827095, 0.03930392956691425, 0.053046421594458215, 0.05739036562783213, 0.05555148433241593, 0.06497700979349824, 0.008620751175044293, 0.025497257019881536]
            , [0.07438202141834979, 0.0017221205837060797, 0.05972553980372255, 0.05756094519897869, 0.046244298704490955, 0.0645944723241081, 0.02068147590126816, 0.052909486685446046, 0.05799586407771634, 0.07570553402787074, 0.019438781107812497, 0.059114492372423263, 0.04050313403755726, 0.05722598676388313, 0.05605136437110474, 0.07224186108874196, 0.06517352001184297, 0.06189910644953041, 0.0151695764052774, 0.04166041866616878]
            , [0.14212604106619978, 0.007630835465146032, 0.06801162835174956, 0.13370255015113017, 0.020810409046763623, 0.05394695666979189, 0.01972516283933272, 0.041487596665794275, 0.05611879982243954, 0.06961300044665883, 0.014419457028655517, 0.029584272629960204, 0.027979043188964027, 0.05521174458606157, 0.06075789148993372, 0.06238320094005405, 0.05606375854050068, 0.05420484180342214, 0.007777436356696008, 0.018445372910745716]
            , [0.08383905968721617, 0.007541041430876992, 0.05101975577589202, 0.056449488077514084, 0.022478426314418487, 0.051941450556042906, 0.019839540774873474, 0.04174816961526337, 0.04913103191319379, 0.06267151192798093, 0.015362220125573839, 0.029073201803533684, 0.22570957239047143, 0.04179748866058109, 0.04905084590781655, 0.06023454405922046, 0.052113940253396766, 0.053298162597076156, 0.007314787908136272, 0.019385760220921436]
            , [0.06006108652583452, 0.010203617020303838, 0.038193117070325425, 0.04528818418593604, 0.04325764404586547, 0.04731948759874221, 0.020615826980082835, 0.057674074554073695, 0.04119078102170351, 0.2715345296776423, 0.04182218964506402, 0.027120013696091013, 0.020709059219340933, 0.038989370419031534, 0.05015010850527771, 0.04810731556290821, 0.04535296915773023, 0.058081271160956204, 0.008701917499106381, 0.025627436453983892]
            , [0.07517423066199644, 0.003522142915168466, 0.13553490927487857, 0.061563417817990296, 0.028802863027573306, 0.06468601109020135, 0.018493474934787507, 0.046726222634648526, 0.060743705535725334, 0.0662218913667861, 0.015590497382094651, 0.060195649853471894, 0.04212908708517188, 0.04914268937210557, 0.04954711506790369, 0.06527867923489819, 0.059781646575597945, 0.056998059893667116, 0.011104457583772482, 0.02876324869156049]
            , [0.14830343233909035, 0.01159281217528632, 0.05259580890292915, 0.05527756491063999, 0.029349861057247757, 0.13641723885637913, 0.021969663462222632, 0.048974620943441675, 0.04461395347362556, 0.07460233099936833, 0.01785384794825972, 0.03161039716515418, 0.02876196384571856, 0.03236872051930281, 0.05359076753393081, 0.06363422723159153, 0.053451676392767766, 0.06135860669570992, 0.009356401758505118, 0.024316103788828734]
            , [0.08545957428590031, 0.01212221712198688, 0.08751300329629826, 0.08062043305247332, 0.014808630280373951, 0.11211659857784156, 0.02727481712307879, 0.020350012441032128, 0.06460987821640402, 0.047142208496669114, 0.01167283271028008, 0.06951833425111668, 0.0434380305345204, 0.05744572713256621, 0.06278420875425611, 0.08701198698623924, 0.06407711598637847, 0.030635960438975943, 0.006068259925686173, 0.01533017038792248]
            , [0.06703446783215983, 0.012067099022164756, 0.05912662273468652, 0.0717299086981777, 0.0177390114708898, 0.05032098391958566, 0.03807943622746348, 0.02674977316928029, 0.1177693093468808, 0.0563895058093877, 0.016356321970085158, 0.06501017406872932, 0.025656364435768613, 0.07031534164296378, 0.0806929424179382, 0.0899018694863243, 0.06551118631102004, 0.04636317498717482, 0.004466603953064779, 0.018719902496254468]
            , [0.06041712402356226, 0.003227173722081385, 0.06146312547404932, 0.06900437969991564, 0.03388757917910313, 0.055841272860189375, 0.020097341247685693, 0.05689341632482769, 0.11435562740796473, 0.07025174009285076, 0.015330391013748198, 0.06550020275172097, 0.027535311083887966, 0.05609581364174237, 0.052639254550581376, 0.0672108826116508, 0.06487444416974344, 0.055077260878421956, 0.008521220752804816, 0.041776438513467795]
            , [0.26113049638149655, 0.014389536852332567, 0.04664052524643472, 0.05302423450779108, 0.023406511028508475, 0.061785408770995934, 0.02252629661299201, 0.045614347183835786, 0.04293017798960564, 0.06770808739217511, 0.017683149614848424, 0.02560638334671913, 0.021891800529954996, 0.03869739926202049, 0.053943344625566804, 0.06492295052223945, 0.053880235631821746, 0.056184507828005874, 0.008016955617001687, 0.02001765105565364]
            , [0.07702814273981268, 0.00864862198655904, 0.10481789944488565, 0.1473640011936969, 0.013719433207735264, 0.0575352636712477, 0.024351627135352147, 0.020030382473472597, 0.07128659976096491, 0.046634881668258195, 0.011536251943422095, 0.06131039272243696, 0.04006744662260427, 0.06301315203771402, 0.05496971670089436, 0.07960954631736265, 0.0607682521046308, 0.03881503240284731, 0.0038918187784875973, 0.014601537087614998]
            , [0.062237327882215705, 0.011956442125160236, 0.033600827332668164, 0.057039496824208405, 0.028059557402297815, 0.045669463214203114, 0.024068053578923422, 0.05491447347431274, 0.12739965718772323, 0.07473829582896038, 0.019800896840691966, 0.045017119165077286, 0.02178431911747151, 0.050256811460343734, 0.12859898158519162, 0.05853350843550122, 0.05789724985431302, 0.06216796061811065, 0.008423447222764679, 0.02783611084986125]
            , [0.07520423521548927, 0.016705157729793068, 0.02237882801487568, 0.029630540813256872, 0.05080115259961586, 0.03256487721217641, 0.017617636371193002, 0.11572968889025403, 0.026930025830072528, 0.1447281719559405, 0.04533710943393529, 0.020574752025616476, 0.022293804684719747, 0.02562359519379381, 0.042474639598433124, 0.05107095521884893, 0.05961186907940419, 0.16661088924007664, 0.009217118108695766, 0.02489495278380892]
            , [0.05971663637760584, 0.0050276408706669854, 0.05394957215314926, 0.042647002554052474, 0.03577976023168098, 0.26796609905901664, 0.01853670144659958, 0.045791332161816405, 0.04634726132428662, 0.06049881275777169, 0.015177699005702152, 0.05257736061830533, 0.024181392085864648, 0.0369330042061585, 0.04383735090110467, 0.05121008139299552, 0.04862335292046488, 0.053114422883687964, 0.00962332133168551, 0.028461195717384424]
            , [0.07145078323283494, 0.004370857481567845, 0.05784410019596483, 0.06481409196382167, 0.030512066245242307, 0.05684998933450089, 0.02504860356598158, 0.051221945409401934, 0.06478365449817748, 0.0759338409519138, 0.018721594093683364, 0.05111205973554118, 0.02539198353893282, 0.05442521024512285, 0.11935011403919403, 0.06448998835766478, 0.06061720888024976, 0.062064926688664604, 0.010142520203599806, 0.030854461337939548]
            , [0.1929893402450456, 0.012863321333988827, 0.045841553524835446, 0.05527844554548224, 0.023409117155420715, 0.061594732195880866, 0.02041161415309301, 0.0455044664970748, 0.048305869792102676, 0.06536731846833664, 0.017004650468112958, 0.0361941903638704, 0.023691450471552893, 0.04301073173788388, 0.048932865282729984, 0.11978422007198807, 0.05484889636262916, 0.056230970995887725, 0.007189051853500543, 0.021547193480583687]
            , [0.07505026933433304, 0.010791555146398924, 0.04881826168080599, 0.055790436088128136, 0.023640292893903726, 0.053972280448694315, 0.02589566815959626, 0.04826178209942675, 0.06373368874206065, 0.06822432348402495, 0.017891350242165743, 0.042442518608358085, 0.0242668020678902, 0.05034597625744324, 0.18311636645516594, 0.05770458780470449, 0.05650356189048452, 0.06149300347784099, 0.008441602734952008, 0.023615672383622062]
            , [0.06998185728671728, 0.011351449151160178, 0.030717182173823833, 0.04680009170055096, 0.03224584316152752, 0.05008111482025052, 0.019441518533811424, 0.07567918439873665, 0.02731858999878662, 0.22010231557587986, 0.023648172266568648, 0.022024298526188788, 0.023948777328163428, 0.028900449582666025, 0.05034821992819228, 0.04674418182838094, 0.05214021569147854, 0.13787600445695955, 0.008494545312839146, 0.0221559882773177]
            , [0.07029213851897989, 0.013985130875375323, 0.026968318701970216, 0.03104831940097826, 0.0679901844697937, 0.048979730473333705, 0.02651955246432384, 0.0635977203287736, 0.02485059536613346, 0.18597432272624173, 0.03038097989206508, 0.024990016918075213, 0.022277277366157644, 0.03356886517905232, 0.05448859299613573, 0.053983473737704, 0.05065100331446522, 0.06654438461135707, 0.048759054087469396, 0.05415033857161456]
            , [0.06680035459492709, 0.008804018915569561, 0.13852693708267247, 0.14247640762911148, 0.029109736257853534, 0.05137603438416538, 0.017159057972712752, 0.05555472400950917, 0.0535171178462722, 0.0783530416101059, 0.017622536989180208, 0.03338104059341425, 0.02729872678756884, 0.04055271995179078, 0.04244670601669881, 0.054293315512983054, 0.05114607002237811, 0.05885994399393716, 0.007812469768790564, 0.024909040060358743]
            , [0.13739558273926697, 0.00936744776549274, 0.05358489557707715, 0.06005710415833385, 0.023163800757843526, 0.05914508156195116, 0.019419634252599516, 0.04334876230103183, 0.04491412385089893, 0.06959706338118526, 0.015509002155281015, 0.027875790904977382, 0.12770374088604142, 0.04247930828370806, 0.0550994061452569, 0.06314553286523125, 0.05593396723182906, 0.06397418719142538, 0.00884068295356159, 0.019444885037006955]
            , [0.06551030277193007, 0.010789102419936495, 0.04209985690385726, 0.04886707647850022, 0.12927970449007398, 0.0537995183831212, 0.022068082238864615, 0.059041238498727666, 0.04595567891553907, 0.14595376284366335, 0.025487490087257, 0.029997967496393583, 0.021712300610699835, 0.02836519045760365, 0.04697807972011223, 0.05470118961747785, 0.05001526054913411, 0.0620796243912482, 0.008612849941364738, 0.04868572318449483]
            , [0.06921622198995105, 0.002203284735448346, 0.05976371121031976, 0.05111696157003708, 0.036342773054816674, 0.1509301395004615, 0.01707040843610861, 0.04970091375172326, 0.0558809312192687, 0.0678222560188844, 0.016067544104148682, 0.053848837394077254, 0.04006331422014904, 0.045166823547820464, 0.04913661882241256, 0.061534281784161614, 0.05754455492832057, 0.060690147614881444, 0.01151371022150671, 0.04438656587550231]
            , [0.0629229153913661, 0.009644147549259421, 0.038578961632719865, 0.048942162280251465, 0.035547968216516825, 0.049256524269698905, 0.016853967617348146, 0.13784192317682176, 0.04874991598248602, 0.21309891977632267, 0.02556121305389937, 0.02638924490012249, 0.017624694391055566, 0.027226821723192126, 0.045977785584136274, 0.04658509502000142, 0.046748600708635964, 0.07200319688796514, 0.006686719160502744, 0.023759222677697655]
            , [0.05918965888987926, 0.01116354521096496, 0.02607815103027718, 0.04121016370216529, 0.05097063458744078, 0.03847056322449561, 0.016246790790094286, 0.17291032176463725, 0.04233990175406184, 0.15073175120658047, 0.041543353274381814, 0.023046839541129606, 0.01825779865553642, 0.022549705851797792, 0.029930250277955792, 0.04636837468899721, 0.05137499454391442, 0.12287631961620836, 0.0070339235835609375, 0.02770695780592072]
            , [0.06321720175895287, 0.01062942177409174, 0.02927930855240445, 0.04392885114945138, 0.14084293135584977, 0.04863584200551725, 0.03172570422362355, 0.04566096999444932, 0.042098897090942444, 0.06355501003705438, 0.0182722054886928, 0.030686834056168608, 0.01860711107021198, 0.02761081417547328, 0.0460848775951866, 0.05646588703196406, 0.04924475366320229, 0.056880750512571014, 0.013713910666551397, 0.1628587177976407]
            , [0.0674094005981791, 0.007271573505903949, 0.06189331836717555, 0.13028368596847095, 0.023567773019734263, 0.045944497457319836, 0.018950724132617672, 0.0500852836196727, 0.13195485153962586, 0.06546640173851886, 0.015789910831246517, 0.05189932831195562, 0.021338079107750412, 0.055506367838307105, 0.05498361769551304, 0.0574856328297936, 0.056696354985077496, 0.05364173873783254, 0.006389742563224281, 0.023441717152080703]
            , [0.08141471412149034, 0.10872342541840724, 0.03338461665190048, 0.04534680707980148, 0.03815282350448879, 0.057646307406143044, 0.023847244342923214, 0.05704396728302783, 0.047140771958554026, 0.0790806995700005, 0.02142128273776488, 0.044399413549614485, 0.025032444711926696, 0.03270783099659684, 0.053551668684788015, 0.07740852775322633, 0.06258735599503175, 0.07092566741773366, 0.010274901198956753, 0.02990952961762345]
            , [0.059122212554006716, 0.009933383914777282, 0.02544621027276095, 0.0543497294136554, 0.014921971278868185, 0.03726298176663314, 0.04496885512750831, 0.02286958663547522, 0.15253324579817573, 0.05100319247485013, 0.016137865282634205, 0.04974382847810793, 0.015762319257329425, 0.06825104379168523, 0.19969372174890926, 0.0622231181159466, 0.052418790470067936, 0.04002157688078325, 0.006536843680923149, 0.01679952305690178]
            , [0.061202863107160256, 0.010695950296631274, 0.04955790616075816, 0.05345378575558062, 0.028822173984601514, 0.0605619230010442, 0.02018751139958049, 0.20235607736856606, 0.05311529890361237, 0.0781956209155831, 0.018626233286919612, 0.03786843246128842, 0.02362710352695286, 0.02969548460949697, 0.05171485132996817, 0.051339989509822256, 0.04930384261903812, 0.0848729700554163, 0.007735623988996332, 0.02706635771898289]
            , [0.07805428590605828, 0.002494429526636954, 0.06510037583615158, 0.12235874813224248, 0.0264169794773924, 0.05204094036160265, 0.022339519331249877, 0.051840196021423215, 0.06664058285531876, 0.07447103156462805, 0.01979811879873416, 0.05276744340982167, 0.02535466066204577, 0.0627567546705514, 0.06151519550223958, 0.06329274169982498, 0.05936110690759472, 0.05874529029460665, 0.0075547505464523875, 0.02709684849542447]
            , [0.06778014929524993, 0.01360850582831806, 0.050066307521780214, 0.05060014847607753, 0.028369939478469077, 0.05798731636204052, 0.02259322683856562, 0.05342136349947306, 0.047523012670734305, 0.06655108875848137, 0.02015152262325659, 0.04577054626938827, 0.024402139523472626, 0.03958552645062067, 0.05095252966449818, 0.06815979031553486, 0.19622400116996652, 0.06208289073455898, 0.009535643515596404, 0.024634351003917084]
            , [0.06427344032580638, 0.00909301955539321, 0.1379215362034888, 0.09670897817220699, 0.015518927161938392, 0.0585890364492631, 0.044685583749786636, 0.020532110135451056, 0.06968082949730288, 0.043272895424690386, 0.011569929777111472, 0.09936435086393111, 0.020272427878104043, 0.05730453148822596, 0.05496565709122392, 0.08401572656683706, 0.06097953974537142, 0.028596574962498865, 0.004335015447030684, 0.018319889504337654]
            , [0.06862642211604157, 0.008866300112816349, 0.19574949426126634, 0.05750155177745523, 0.026862453470845128, 0.05533828173776917, 0.02270689427615177, 0.05430267898653523, 0.0518937501293022, 0.0712771966641443, 0.017898624277718114, 0.050826691531603366, 0.02451173154525443, 0.04162209314158325, 0.0503710284710643, 0.055210640425289885, 0.05360546736259836, 0.060758465724786215, 0.008190453508314353, 0.023879780479460527]
            , [0.05798291639942695, 0.007057873194992833, 0.04745472292325046, 0.050084000666323715, 0.029480286503131538, 0.058070929747832956, 0.019598248699518657, 0.15804437309021757, 0.049543696179007835, 0.06779632724871873, 0.01550917043161189, 0.038201825279339956, 0.023665261755604843, 0.02785925329785576, 0.04780104196991649, 0.048935677789329314, 0.05045041140114579, 0.1667871586252795, 0.00902671254030777, 0.026650112257187396]
            , [0.07333667997721303, 0.0031251944335277046, 0.06047826530865896, 0.06076933572483101, 0.028601283842467833, 0.059725990540193674, 0.018877760660021847, 0.0464782437486584, 0.06255729102742573, 0.06757319126858641, 0.015181912345729303, 0.049375819574065255, 0.14169060327343372, 0.04455829429598561, 0.052807244248183005, 0.06304702914538318, 0.056437235759994576, 0.05654019466438196, 0.010594242964015548, 0.028244187197243323]
            , [0.05932433799747206, 0.013465485090192523, 0.016320852582268255, 0.02258476096517399, 0.09114457524252359, 0.02110197907871199, 0.01965239633435228, 0.11189465814889765, 0.025345844279217697, 0.2038288800531101, 0.055364231735867124, 0.0198414301157001, 0.016690315086340408, 0.02374460341903118, 0.02780249280259358, 0.04538359401588654, 0.04794486646529128, 0.10242301050268687, 0.01536962978801671, 0.06077205629666585]
            , [0.07092619330355375, 0.008700407644789876, 0.049628480209514186, 0.07630099244243921, 0.013665398621220137, 0.04407498035883132, 0.029215473190386657, 0.02400960737404742, 0.1567275380173972, 0.05191917165150695, 0.01566763561959484, 0.05448222028540394, 0.0210118767859885, 0.06969621322106216, 0.12889774516388594, 0.06576762021126692, 0.05709665758226456, 0.042548727192916164, 0.004784113857695351, 0.014878947266234925]
            , [0.07344606081108773, 0.0029279590362202715, 0.05616790159709268, 0.05330929689820407, 0.0570162640017175, 0.06205981825975519, 0.017150022369361067, 0.051399896881381274, 0.05444230456007189, 0.07142637866095028, 0.017217153188355632, 0.05091513824148799, 0.02665210609892245, 0.043201024680209636, 0.045981497458551894, 0.060182157973054165, 0.0559828230111156, 0.0630472196280257, 0.01287451673450434, 0.12460045990993063]
            , [0.0629710066951322, 0.014686888611357666, 0.016656593645255506, 0.022888347772526605, 0.05064915708225389, 0.022839366059696456, 0.01564460230555909, 0.13741804684683698, 0.023299223635765084, 0.2156704741983416, 0.04949260998182254, 0.0166267165508109, 0.016176736976241855, 0.021249956777948793, 0.034942891742636636, 0.04019058687253583, 0.0511969981901168, 0.15876035924499754, 0.007543369928320339, 0.021096066881843737]
            , [0.05537166820463088, 0.011485920063772286, 0.01757800762162713, 0.02760877938322784, 0.0550898081875809, 0.01974674401756419, 0.01600996754480987, 0.1208392370385315, 0.03005101471918869, 0.2771588274696574, 0.058862326375357155, 0.018882137251918403, 0.01426577143931032, 0.029354297986961375, 0.04109318450118617, 0.041745874946461384, 0.04515405296302206, 0.08925167814351788, 0.007356984982706694, 0.02309371715896785]
            , [0.07058012757662839, 0.008230177806650448, 0.06322292030155381, 0.11181084508271394, 0.017487013143287124, 0.04614538430411652, 0.044971091111628544, 0.02549854247864343, 0.07953486272118356, 0.059695522988529516, 0.015774404492127383, 0.05662049103840922, 0.01976629982442493, 0.12348243765351136, 0.06983438356682345, 0.06294472505358407, 0.05762965921393768, 0.04251620692202362, 0.005709993988440936, 0.01854491073178211]
            , [0.06982481086800868, 0.012630580657830667, 0.06120230773580734, 0.056313714776851674, 0.01862305675821504, 0.0579518863909958, 0.04454976455014708, 0.024133340447512874, 0.05922666062140116, 0.05278989861085114, 0.014756954532163257, 0.1332432912385896, 0.01915281231984624, 0.05520770471045588, 0.05390858195477974, 0.12817215545064678, 0.06972341884257485, 0.042193518823882926, 0.005222424908165964, 0.021173115801273203]
