256 20
0     	0.015634166502726407 0.0602962054462716 0.0173069723379592 0.0616478203981641 0.0761689887232293 0.0421501893244687 0.0515242324534111 0.0258671939880512 0.0689287113854466 0.0724855831454786 0.1034162052390041 0.0246712861515281 0.0463427836450538 0.0316866367884363 0.0396150949388245 0.0475745323677075 0.0645536549424180 0.0507713160650802 0.0650395872590639 0.0087764535620710 0.0411765518383318
1     	0.014725511074568851 0.0684977982051633 0.0173867558848856 0.0606999750322398 0.0679469433425445 0.0384425159443369 0.0745326556401757 0.0244386060157088 0.0566065448619894 0.0651686111235862 0.0875464138363790 0.0202246347218186 0.0406961562581702 0.0476877904406404 0.0404017632889580 0.0567748622272185 0.0575396485701627 0.0530419449898570 0.0682537975804424 0.0189882447369204 0.0351243372988026
2     	0.012015424205345541 0.0662337766960704 0.0061637783850963 0.0549040951121171 0.0608163956127613 0.0420687838871644 0.0637550869716404 0.0262903592287254 0.0558352527737061 0.0552925512764927 0.0966018867683612 0.0239680401258925 0.0435232997402012 0.0465279732513071 0.0404192338438383 0.0572387670433790 0.0665620195578882 0.0583699480189931 0.0785675025385092 0.0148164040774018 0.0420448450904543
3     	0.010773301056951522 0.0652906078317693 0.0244329850698325 0.0423955225759624 0.0533187902992535 0.0385477381143009 0.0506016661525317 0.0309367216082649 0.0533948857212196 0.0523343489821335 0.1022098900341808 0.0256616422230359 0.0407481367167062 0.0552587927989565 0.0465189613588934 0.0596986884840010 0.0834310334977214 0.0638922966259106 0.0707245179190115 0.0107183392433880 0.0298844347429265
4     	0.010408956695952425 0.0989542787395452 0.0129597789955198 0.0533788611354380 0.0734443518583846 0.0288726432809857 0.0516919650847430 0.0297734629378120 0.0526756353357674 0.0511033397939350 0.1071989001834366 0.0194170525377992 0.0401285658668292 0.0266617942364316 0.0755917707812619 0.0716814069424579 0.0614547402745060 0.0515348742808591 0.0600093429786252 0.0088623440243106 0.0246048907313518
5     	0.010277510425277206 0.1240632853405174 0.0130385816127193 0.0607554341028312 0.0632741715788317 0.0343337875070255 0.0727554783338622 0.0310096954573604 0.0442497208131979 0.0286024152223872 0.1128887159198197 0.0195612258818402 0.0248398373234995 0.0368172750782010 0.0412691254097009 0.0847868147962735 0.0471964978651967 0.0494527706758521 0.0704449318915562 0.0146922289975250 0.0259680061918024
6     	0.009897286649028753 0.0570620374338510 0.0100703152718934 0.0448782390954052 0.0449119461227862 0.0334450434473287 0.2707040321584532 0.0200279794707072 0.0605630437968733 0.0420511824704728 0.0828946695521414 0.0214816444632866 0.0342890648909554 0.0270251103745986 0.0295578663432743 0.0397932310497385 0.0408597148884859 0.0411148188098481 0.0637826776332569 0.0083935571251830 0.0270938256014604
7     	0.009666152938177025 0.0701320496460704 0.0147627723587933 0.0800600208629615 0.0924981329465294 0.0246368562850870 0.0600949317256449 0.0324054000080902 0.0333071109443722 0.0840971767276649 0.0562252855035032 0.0166914261690464 0.0667032051559521 0.0321265038807176 0.0551503499187494 0.0604302475287920 0.0839580794676718 0.0602358153849811 0.0427792461908241 0.0086099190573021 0.0250954702372462
8     	0.009281518213248196 0.0854387795299010 0.0147882377098425 0.0541446496775563 0.0741228334670336 0.0288001806640359 0.0574529505638857 0.0239756047779156 0.0661136222642430 0.0680154207902284 0.0919289451762469 0.0256913704271655 0.0475849469267785 0.0266053536690787 0.0433184113217324 0.0505199154403301 0.0756629866386100 0.0625256478900628 0.0758226427563896 0.0029696114559535 0.0245178888530103
9     	0.009125370629962869 0.0738206091352551 0.0775113181815792 0.0499979544969356 0.0545802765521018 0.0383550797164355 0.0580596551791441 0.0263655767399898 0.0551263536096667 0.0517039393159290 0.0887435620880176 0.0221218884216153 0.0408140548418569 0.0337753846979280 0.0395342711531419 0.0538126480467312 0.0658692418350063 0.0534456819604193 0.0696102853011099 0.0128866745886381 0.0338655441384987
10    	0.008914527283040872 0.0624245818057571 0.0143669312645170 0.0494768760183643 0.0566007279685845 0.0304884055307666 0.0544974516937048 0.0237188159598201 0.1319926815229298 0.0518367897983588 0.0782248961645009 0.0162540364046059 0.0360833118006812 0.0298890377541070 0.0343466848758095 0.0466282646917984 0.0491991362669009 0.0445088727532164 0.1505290681879455 0.0098053069021201 0.0291281226355115
11    	0.008194660458403431 0.0725994113992362 0.0117431373540820 0.0526763147627445 0.0582330251477413 0.0331107059843037 0.0567304874902572 0.0238837769779377 0.0636370684235610 0.0538547691957947 0.1030265146599021 0.0936389292480842 0.0394481504916207 0.0326213830380102 0.0382628785401477 0.0486627305094661 0.0548620257690051 0.0515752908673318 0.0684089638143317 0.0113175778871529 0.0317068584392894
12    	0.00781972982057143 0.0753265390874201 0.0125930715150765 0.0534844110434309 0.0575685776245845 0.0386512504391855 0.0553017239964960 0.1061185015992841 0.0565078183324391 0.0518545945322441 0.0859209798715772 0.0224079347425782 0.0391425821804206 0.0307518120318886 0.0402759729541344 0.0488426350011779 0.0565461534832585 0.0536646150222096 0.0694978116893458 0.0118480372551358 0.0336949775981125
13    	0.0076265302683709395 0.0872549331147675 0.0127439369876497 0.0433518260702431 0.0492381727926266 0.0365941434327539 0.0584787463602483 0.0220446392500586 0.0506222164456468 0.0377585134792858 0.0835595167085905 0.0211873360154520 0.0300852779079099 0.1796941293588291 0.0315260626334039 0.0480722818819189 0.0486442167910743 0.0465146971813056 0.0670000358545223 0.0145477865765178 0.0310815311571952
14    	0.007618590560746262 0.0673388205048069 0.0122091771422465 0.0409423712506172 0.0499730160708469 0.0348308902933057 0.0499887374314140 0.0220749591112843 0.0555129282196077 0.1320565590029739 0.0838355678535471 0.0222233819797848 0.0354494598310700 0.0267933695413852 0.0338427037540129 0.1285340563496691 0.0518860280031604 0.0477315036452707 0.0658603470791862 0.0088026341108892 0.0301134888249215
15    	0.007419215680393245 0.2115349096383160 0.0166136839628076 0.0401474197455093 0.0489573137090948 0.0323091970551024 0.0544780099700569 0.0224315579182722 0.0459392676885516 0.0449616264348613 0.0733083075253154 0.0210836965836195 0.0308277382193678 0.0222688441070060 0.0328116502522370 0.0434250843022479 0.1196455487823057 0.0466505728617849 0.0547139668047570 0.0087784489538323 0.0291131554849543
16    	0.007171320364556087 0.0591787716873756 0.0166520079581473 0.0320669787430805 0.0395779525376430 0.0959378157907474 0.0352852881214141 0.0283988683477207 0.0805173559403018 0.0414457538599240 0.1370172019787247 0.0334040744477470 0.0317746297094079 0.0250181456335060 0.0316414679051076 0.0408165017458447 0.0506765898040390 0.0474343294593991 0.0821792326057709 0.0163981200339358 0.0745789136901631
17    	0.007139561534057376 0.0896005840547626 0.0080907103540753 0.0902247345531226 0.1170191435571717 0.0134915468046095 0.0521974352303846 0.0238842846001198 0.0315413866470304 0.0757589984788852 0.0508054990064215 0.0159230220196084 0.0648240258007327 0.0360791621721455 0.0640477173012559 0.0461569328239345 0.0920665526236184 0.0698693277312609 0.0433570693721581 0.0021935337613223 0.0128683331073801
18    	0.007096334236989687 0.0751672139851951 0.0154843794335491 0.0272583585253408 0.0324408920556839 0.0396181554806119 0.0414148978652737 0.0199369704015095 0.1209212115440521 0.0254614574698114 0.1729602330661262 0.0316657177999380 0.0201672899869772 0.0297675709120416 0.0276127912763843 0.0430497949237855 0.0371896522942339 0.0441384731984980 0.1555301161500270 0.0136376196176294 0.0265772040133314
19    	0.007068104165435277 0.0624424229242131 0.0088479293965186 0.0474409967442737 0.0511637121019673 0.0261531429632491 0.0529003076235149 0.0198005855079609 0.1134947448852837 0.0423886655944132 0.2331282149048591 0.0266356292913033 0.0317476200962173 0.0223008527920336 0.0298393690646112 0.0443238073142733 0.0425233380769462 0.0378282028228858 0.0758259049237319 0.0068710765091862 0.0243434764625577
20    	0.006968416725258769 0.0798180194026075 0.0100325294938861 0.0519267535972917 0.0720699863398264 0.0312519187956742 0.0407752621678828 0.0230616536617624 0.0531516395754899 0.0624881249853461 0.0787702756750525 0.0190166696030616 0.0384066026935920 0.1463745382760696 0.0399685059428669 0.0420998439194655 0.0671526519760787 0.0506244738974689 0.0614804679512470 0.0052346123399478 0.0262954697053824
21    	0.006909310012941723 0.0635702274098869 0.0226103589783823 0.0286893340231821 0.0453046846348384 0.0367747005415704 0.0285289426841037 0.0217143042402733 0.1069444434584614 0.0533578707757000 0.1448616523164722 0.0477322642639657 0.0325008533642776 0.0194201471426495 0.0398541953762180 0.0455438203969894 0.0566757792272549 0.0626004411453435 0.1127845667367981 0.0050100530267409 0.0255213602568915
22    	0.006756691188600697 0.0749899483042210 0.0125267844979488 0.0533754091651721 0.0595675200901751 0.0365276293775306 0.0569324786927289 0.0270630388798516 0.0516213851914362 0.0536813907639314 0.0836571849810238 0.0218772382504056 0.0406716863295669 0.0344034438074475 0.0428771467389023 0.0563110205014302 0.0623894880523238 0.0572386019999570 0.0635840189627674 0.0792444674253718 0.0314601179878082
23    	0.006748751480976019 0.0851953333944923 0.0078774597467741 0.0551782222339308 0.1428983115605079 0.0309789842112662 0.0369185361201072 0.0188589814828422 0.0478626599277375 0.1113215211531310 0.0727618143771884 0.0190458169760724 0.0412533360973130 0.0211222036926673 0.0667096144333227 0.0474454360383990 0.0532149397915980 0.0533889365247007 0.0511557759768912 0.0084630314330182 0.0283490848280397
24    	0.006726696737574137 0.0837593597241447 0.0053150968112037 0.0714223876897479 0.0434015015819079 0.0357737217723215 0.0995318755936909 0.0192612010682084 0.0422772064185914 0.0473113653297403 0.0624507951843581 0.0142877068844678 0.0660004436066838 0.0429749119107126 0.0414233807568823 0.0442121278488894 0.0822949464368423 0.0710821576849248 0.0577926838559205 0.0225017147417196 0.0469254150990420
25    	0.006667590025257093 0.0787808922083988 0.0137784214855274 0.0476797158808895 0.0565379178897116 0.0330530123545934 0.0510589397551340 0.0238568437164999 0.0612661075268292 0.0494493226805728 0.0795092895588983 0.0198127694412848 0.0338394618479527 0.0279146651719980 0.0330318650157397 0.0480509672626281 0.0560501863139201 0.1554288277043422 0.0887625198401286 0.0111126847295865 0.0310255896153643
26    	0.006646417471591285 0.0729061921612444 0.0115702878740351 0.0495788943045607 0.0890615683121137 0.0181795749506235 0.0307585603172163 0.0431821155870246 0.0342631211936169 0.1012461374053252 0.0634022062108678 0.0212276106500245 0.0606617456512884 0.0136821521460328 0.0986485723412055 0.0854939524154881 0.0756932037656701 0.0633943180860007 0.0434700591021328 0.0033401002556934 0.0202396272698357
27    	0.006587310759274241 0.0707240357243654 0.0120184314671526 0.0526250863249808 0.0594724631364266 0.1254333157269242 0.0593093382534758 0.0240443836580141 0.0551264932431033 0.0519755487570110 0.1046169391248418 0.0191648751557073 0.0405984129630868 0.0331376922069902 0.0376141738475932 0.0485071184507273 0.0587592939960937 0.0504347690794939 0.0622196109952150 0.0088299903861291 0.0253880275026678
28    	0.00652732185722112 0.0704942163683529 0.0085949189438414 0.0513032806748109 0.0562934889678656 0.0904436101552877 0.0572895605872950 0.0188551299241426 0.0488911606338011 0.0506738958703825 0.0768363953679760 0.0201082863432516 0.0361914382369114 0.0302046091631706 0.0354692270260402 0.0456181472302856 0.0523743624835409 0.0483995644115432 0.0597115377123923 0.0091156266584113 0.1331315432406971
29    	0.006372938653407943 0.0976920919054915 0.0018420045884215 0.0655167231295854 0.0671626092704791 0.0333193320156049 0.0625053571988120 0.0208934625462932 0.0429289800439148 0.0662877069189656 0.0852121810444132 0.0203515231651940 0.0426094082510853 0.0397850754685219 0.0569590741758976 0.0600893387756350 0.0591516513113647 0.0633276297432263 0.0642744892800025 0.0173651684479650 0.0327261927191267
30    	0.006371174273935793 0.1078695674241739 0.0134849395129515 0.0668649292422674 0.0709548553509985 0.0166548300473219 0.0717056348247427 0.0327503033269997 0.0228014890318016 0.0501097978615114 0.0464440348813413 0.0139680859472089 0.0507059526318318 0.0870014139297052 0.0537002286634779 0.0605963996374870 0.0964922569696249 0.0696523824668764 0.0418737204756323 0.0083981184416425 0.0179710593324034
31    	0.006338533253701007 0.0617399689889323 0.0033480769469915 0.0671861779013195 0.0761226671098201 0.0367078836276351 0.0552502360599864 0.0330390376181208 0.0575612955018499 0.0844287230384526 0.0846284324872424 0.0172612901260135 0.0564583886790206 0.0328322921831430 0.0512131342101633 0.0546176862974733 0.0653932594188003 0.0569159621447892 0.0588390093676563 0.0056433440273788 0.0408131342652108
32    	0.006282955300328263 0.0971251719128093 0.0098332604227191 0.0515803740228444 0.0525663351656714 0.0326004945657375 0.0622327894212547 0.0115595258449683 0.0612919313108880 0.0468141627915240 0.0833590113560709 0.0208587529830660 0.0642147984928419 0.0463377947758727 0.0554920150036479 0.0346527098701543 0.0835394711237552 0.0794890190610327 0.0732705008913116 0.0092427445135897 0.0239391364702406
33    	0.0062511964698295525 0.0634423249130291 0.0049616027366706 0.1493733078876104 0.2779120379223567 0.0076149173223689 0.0319790174541343 0.0241347150632674 0.0133667120080097 0.0719752100540198 0.0232861875069848 0.0106395995234061 0.0479522383317397 0.0182426136888042 0.0829292370836174 0.0428386135580075 0.0522524415924440 0.0404786614260297 0.0237338978229487 0.0029170404813906 0.0099696236231605
34    	0.006137393993875839 0.1628995622084525 0.0063823039817820 0.0782538178053843 0.1069257847394290 0.0160889487393729 0.0580678000201870 0.0314986490924299 0.0220846778127545 0.0447813362204050 0.0581304124231957 0.0116405160514560 0.0284008753837280 0.0238322039921914 0.0704791544064611 0.1018812538192862 0.0626635575038664 0.0566274069296711 0.0378939605716882 0.0084025055407449 0.0130652727575141
35    	0.006087109178919547 0.0763926712445071 0.0094249577708375 0.1370937330386702 0.1640417080773297 0.0322043273529060 0.0470313187941284 0.0177075051307056 0.0523819663437261 0.0457735143095556 0.0776004345816608 0.0200053746753812 0.0335890681074463 0.0295507350528077 0.0341789538677421 0.0353703902602760 0.0489373303281085 0.0456757431538231 0.0591364804044589 0.0087064041995356 0.0251973833063935
36    	0.006032413415282879 0.1026874569133912 0.0145539062005651 0.0605753143295724 0.0495006170785454 0.0183073872487987 0.2483889855987944 0.0261203122829333 0.0219145355315807 0.0419296594726306 0.0376964355168430 0.0137725680211803 0.0568273016634105 0.0286408011521282 0.0364869113151010 0.0449110742019910 0.0900631084890101 0.0481468901945399 0.0343727730743972 0.0073725147550364 0.0177314469595508
37    	0.006026238087130351 0.0824903808273603 0.0132846345568741 0.1022618553197022 0.1182886957345239 0.0100772219737572 0.0661957927734733 0.0352282119114829 0.0142160842828583 0.0790439152123458 0.0316811807360260 0.0095788411852752 0.0722619797143782 0.0323985020556017 0.0717149854098724 0.0687944427145185 0.0947157949374314 0.0569915058351311 0.0236391887202632 0.0043690987073449 0.0127676873917791
38    	0.006016534000033523 0.0644336812741457 0.0033208766648494 0.0919876538521300 0.0995446268130953 0.0179330845128617 0.0506272248976004 0.0385975185621079 0.0212268801239785 0.1089686062641311 0.0367900252947066 0.0118584290896470 0.0849045347327654 0.0275381288307986 0.0712579778515807 0.0678353380786298 0.0814517867623152 0.0621402130878560 0.0284582051699650 0.0066690119963998 0.0244561961404360
39    	0.005966249185077231 0.0416737233061164 0.0129815495984990 0.0145068788768189 0.0223434118274545 0.0515967876019873 0.0138582122780202 0.0147351242252547 0.1479310348154725 0.0268746565723207 0.2831601203068630 0.0702149310608597 0.0184440642825013 0.0130532292560225 0.0261895810227565 0.0261343514073368 0.0314113636823894 0.0402209591408287 0.1161543589400900 0.0067237058903230 0.0217919559080851
40    	0.005881558970414003 0.0497951759204809 0.0068801273970450 0.3099149049425180 0.1665559373433131 0.0079552457926541 0.0510321102655460 0.0208973495673684 0.0116171992686999 0.0389539644814906 0.0178897205973709 0.0078259532973795 0.0999573489386702 0.0175314457923840 0.0369562406138387 0.0231669986691000 0.0637892841147767 0.0373141488503111 0.0189177341694213 0.0030021465894476 0.0100469633881839
41    	0.005730704525545127 0.0653029782501623 0.0061155927540240 0.0400158314785242 0.0823403044819330 0.0090250066985353 0.0299995753921221 0.0257473459553450 0.0209106065394205 0.2094869130436650 0.0361913193798271 0.0163742348148515 0.0450816795459890 0.0215382235413187 0.0813813442547103 0.1567309441757407 0.0588756006143212 0.0518554794119093 0.0293020298936203 0.0034699599785065 0.0102550297954741
42    	0.005728940146072977 0.0713425355964484 0.0130640575425650 0.0390582877411947 0.0468333805732369 0.0384249115647420 0.0521837681969050 0.0295381439671986 0.0582133823982170 0.0461457802968201 0.0932918213148398 0.0244110490623534 0.1530291792123247 0.0280836817982188 0.0359882597678469 0.0477564891420918 0.0640843151966495 0.0526305662785543 0.0639411650465341 0.0106999232576482 0.0312793020456108
43    	0.005426349066599149 0.1034468131103416 0.0147144689853511 0.0329174349529354 0.0401138025477212 0.0148588648604226 0.0332097492955569 0.0200036450356934 0.0427510891828537 0.0450244524350197 0.0458717064152829 0.0223933398043633 0.0524745425834947 0.0229017321571937 0.0362070454912644 0.0365311391928678 0.1561876964156522 0.1994188607752632 0.0636016231092820 0.0038513803949928 0.0135206132544475
44    	0.005387532718211837 0.0567392121766933 0.0103406979723433 0.0294896555519025 0.0484267815471774 0.0161683127166073 0.0353449685496549 0.0400117231725079 0.0214156911246163 0.1519122108085994 0.0445717163803800 0.0163208111852463 0.0414762984628769 0.0239439630702227 0.0759635191817417 0.2193452380841582 0.0588522598700267 0.0483175069403278 0.0302845189728857 0.0117682326261598 0.0193066816058719
45    	0.0053760642516428574 0.0370022887185030 0.0121107857624552 0.0043761541395577 0.0085483707418652 0.0202209336572692 0.0059315954911636 0.0052932273477829 0.2946982966446898 0.0094671534121203 0.1779817143830435 0.0484531850063874 0.0065729072913463 0.0054508550357595 0.0088796111362662 0.0088310245733850 0.0151545993458490 0.0350981196925598 0.2869606359338364 0.0019395968111623 0.0070289448749978
46    	0.005321368488006189 0.0698079119606475 0.0119371313443667 0.0104166856811649 0.0170794005196899 0.0208917111503416 0.0139465922524276 0.0089156249035743 0.2215488996619314 0.0167258705277992 0.1170229761464904 0.0313993650941611 0.0128781222619134 0.0161724719126370 0.0153509969161275 0.0166360434708217 0.0303968320297084 0.0611193582344784 0.2931451391733325 0.0034575265931695 0.0111513401652171
47    	0.005178453750761991 0.0342593845306140 0.0104957955256360 0.0180231411754684 0.0388666459766610 0.0078764524625462 0.0173919841819538 0.0314804992484779 0.0156500382183649 0.2595768857311888 0.0291963466596695 0.0134434218381254 0.0402815113640355 0.0097108650545580 0.0732124884259945 0.2860585826088156 0.0461692958228880 0.0367013712541787 0.0191301182312909 0.0020516362686192 0.0104235354209139
48    	0.005104349812931667 0.0668762454198479 0.0176885029917862 0.0292360630819302 0.0356533149562014 0.1164809988566545 0.0339691126965034 0.0541562430856008 0.0399605407122989 0.0333483279813317 0.0829443256962079 0.0207666600673708 0.0281950441891773 0.0198267925331656 0.0325685578720470 0.0456363677357940 0.0467983961406152 0.0411128343935889 0.0520676691103754 0.0641159375638902 0.1385980649156128
49    	0.005086706018210161 0.0614147102281028 0.0126844315809578 0.1096274567336170 0.0555019898199915 0.0152502625664700 0.0604028340195342 0.0470500858737233 0.0197045436992399 0.0514191420008906 0.0305902926937230 0.0127879412347827 0.1926143627063130 0.0172249601184975 0.0422587971468474 0.0419722851886122 0.1126868858117912 0.0643227466903286 0.0273601381229147 0.0048393957503963 0.0202867380132661
50    	0.005071708792696881 0.0461145438667126 0.0135071631469129 0.0139957490863106 0.0189695382076628 0.1081909213744875 0.0206018957032995 0.0188251731661909 0.1321000925241874 0.0193394461745786 0.2204827860266838 0.0469953025162903 0.0141533290395430 0.0146540574394882 0.0177488695746210 0.0249476722023447 0.0259533475581557 0.0336168507282598 0.1208194993703715 0.0236995549261066 0.0652842073677927
51    	0.005046125290350697 0.1378008056007330 0.0230304517916056 0.0359519741737981 0.0340487630662929 0.0119585890122349 0.0577564544379282 0.0199612977686146 0.0162117596027948 0.0319589555148324 0.0258365367590414 0.0116236319550443 0.0555504347377462 0.0280135192047797 0.0288601703047226 0.0305631094334407 0.2703127681268374 0.1329559946463300 0.0305307218103092 0.0047719086700414 0.0123021533828723
52    	0.005024070546948815 0.2839537046712303 0.0174310828215246 0.0359565604896802 0.0504891136193684 0.0101663487005482 0.0864964490118349 0.0150209625442159 0.0249079200401170 0.0342594942111393 0.0342578209100109 0.0142910417065807 0.0293063322248431 0.0272520616259708 0.0335003431022199 0.0312513189694098 0.1329137053162060 0.0698154607193843 0.0572782247163134 0.0028843107625812 0.0085677438368212
53    	0.004957906316743167 0.1055172166199243 0.0137066178548509 0.0295779983867559 0.0231037247843939 0.0065647125582105 0.5569375441729161 0.0111932416925318 0.0084708270778834 0.0197093392972743 0.0133824988150085 0.0063859379408849 0.0329559388042940 0.0111831000372723 0.0154173482507201 0.0209260084732415 0.0747798794632744 0.0251517053141955 0.0164229005830446 0.0025794609833305 0.0060339988899926
54    	0.004926147486244457 0.0781522836313773 0.0046236861235945 0.0886162412014452 0.1410686937856776 0.0068669011704434 0.0344980733091336 0.0318284463299402 0.0160222469907363 0.1202797183460497 0.0288929250441060 0.0092089359268733 0.0719315172971562 0.0189369185256334 0.0967356671118625 0.0773171193508636 0.0810588493753679 0.0578091942042185 0.0243123884168066 0.0006883377730304 0.0111518560856833
55    	0.004889095517329294 0.0630742806128320 0.0102309404304032 0.0506355322856759 0.0528999496541989 0.0392689973789764 0.0406743306839488 0.1337140264753318 0.0225191736518883 0.0547765516924265 0.0475012946558702 0.0157370626885252 0.0801277554394483 0.0193750696211691 0.0622055560375893 0.0680041013095504 0.0710948628321404 0.0494939651423179 0.0322602978585019 0.0136168255860462 0.0727894259631594
56    	0.004802640923193915 0.0474086275985407 0.0081933902955637 0.0549377365388061 0.0511296993202822 0.0283879286914560 0.0451627104038050 0.0208626474987891 0.0326592698058085 0.0441935582955010 0.0599681868505377 0.0148781447855005 0.0405730880178974 0.0200607606358476 0.0310015699679604 0.0422403663580287 0.1696587476386387 0.2101222750761757 0.0413528693312577 0.0100995393870432 0.0271088835025600
57    	0.00474353421087687 0.2007737102918441 0.0030758562928941 0.0541119142388671 0.0496734989601349 0.0304595787583352 0.0863215059004727 0.0146271081155600 0.0458540432975192 0.0587615083161159 0.0625631709325789 0.0170271855885683 0.0376107558656654 0.0296569852502246 0.0347226184068911 0.0312343878821986 0.0940599418097428 0.0533701828914101 0.0608280850121783 0.0085325871998351 0.0267353749889637
58    	0.004679134360143373 0.1239126808578057 0.0059588451615237 0.0347323407614871 0.0415452639468194 0.0109069511770994 0.0383343735230560 0.0139823654397174 0.0169029145630374 0.0290668348441400 0.0328181546133413 0.0102220442142165 0.0212257867342793 0.4103860704296529 0.0265871679737272 0.0307957882862209 0.0658097818891400 0.0399208800320838 0.0322582557309628 0.0053435033216848 0.0092899965000044
59    	0.004654433047533265 0.0255357614731292 0.0108276120068392 0.0040584648466788 0.0067202803470461 0.0526713625795855 0.0058490220704324 0.0074009108114189 0.1482716182115994 0.0095676976933923 0.4454005179518706 0.0891421453026217 0.0076182303844110 0.0075282411810911 0.0119109602549421 0.0095138179255287 0.0165017291549905 0.0219358998664286 0.1048450290157287 0.0020378739101421 0.0126628250121230
60    	0.004601501663368747 0.0445978045470187 0.0028980718383361 0.2699278984618889 0.3194949020995775 0.0042321391837951 0.0259933603854166 0.0179682193572635 0.0081848970940218 0.0401897587087526 0.0129063259167554 0.0058524539587080 0.0570245933671007 0.0117885418575980 0.0585308285563337 0.0202601380391413 0.0501013081276987 0.0287439826409747 0.0151528837415331 0.0004917600162746 0.0056601321018116
61    	0.004592679766007995 0.1625734731547590 0.0499193756255527 0.0262990032049010 0.0335263608160248 0.0209484390286114 0.0354084107391265 0.0192585500000758 0.0754000070151895 0.0289417452046433 0.0844077065169590 0.0180310424547453 0.0207683422478086 0.0165168025115882 0.0262113939647122 0.0407236198561006 0.0466006840040365 0.0686179245325722 0.2021052972522812 0.0059055299641418 0.0178362919061705
62    	0.004545923709996003 0.0978938435540789 0.0027627833162712 0.0551077529545057 0.0545701330238124 0.0303104562611824 0.0588184695638329 0.0167696217679410 0.0401658634323165 0.0551842029605786 0.0650384177602256 0.0159222994654678 0.0397462404134858 0.1817608216801648 0.0340484048326616 0.0403243993932232 0.0644701482645638 0.0524670164914857 0.0535249182770470 0.0114096585396335 0.0297045480475216
63    	0.004473584151637829 0.1061611664148388 0.0041987194082921 0.1025155176796804 0.1455322008261139 0.0150522183037044 0.0344317702056466 0.0154643432653573 0.0243928642110170 0.0670785696090566 0.0397698703018197 0.0101533880563670 0.0301418816913545 0.1786264825271449 0.0407292550652210 0.0340381174991626 0.0571910636207577 0.0435632337901583 0.0336936071448816 0.0041588262818782 0.0131069040975472
64    	0.004451529408235947 0.0212241277940731 0.0080568382480453 0.0017650109762691 0.0039200562847705 0.0439496651724680 0.0026710859797413 0.0035928273104274 0.2338751232728069 0.0053232034268608 0.3779566920454438 0.0847902955404883 0.0037949286606667 0.0019287128938529 0.0061425225567292 0.0056025892170424 0.0080160715204662 0.0188509765577609 0.1539931369373372 0.0036449948345341 0.0109011407702159
65    	0.004268033943132285 0.0696794575555869 0.0070320762777010 0.0927516369519375 0.0606527986102972 0.0067929850611351 0.3415565230471991 0.0240442912605821 0.0092023573781426 0.0448124312856361 0.0163734235846289 0.0075293309819775 0.0943854681326963 0.0126197978795232 0.0374255325399609 0.0384736485260425 0.0793807517667965 0.0318906625195787 0.0152702397628870 0.0024438144501480 0.0076827724275431
66    	0.004264505184187984 0.0291355752736084 0.0094328336210120 0.0013973262968669 0.0029952154243567 0.0182632636745348 0.0023951117470374 0.0023007116801092 0.3610522232329457 0.0038891982551029 0.1317875119486120 0.0312234654508633 0.0029045327035537 0.0024771446348235 0.0035994102193804 0.0033861817451088 0.0083592189194711 0.0241524866689205 0.3544245062865847 0.0003354281746071 0.0064886540425011
67    	0.004242450440786101 0.0933729295023017 0.0169124601002094 0.0485045178267187 0.0339919672293433 0.0374067803874950 0.0823825489773124 0.0252955769358150 0.0424141260877837 0.0166687149282881 0.0870981747157372 0.0231342035525860 0.0445223637596689 0.0548445900767763 0.0363591937747663 0.0621512658817908 0.0947429196969528 0.0749158054413896 0.0689803666773817 0.0197048441042925 0.0365966503433906
68    	0.00420716285134309 0.0502759647366071 0.0032007784751916 0.0737708050130775 0.0659123007959711 0.0335395374904492 0.0518645462879975 0.0110002493352629 0.0687254266218578 0.1031721862553171 0.0715925269672937 0.0137839726089406 0.1200309437169625 0.0233557508744679 0.0303128188215889 0.0312099419683204 0.0735806725559439 0.0671075503184245 0.0539034896135691 0.0109153356481571 0.0427452018945993
69    	0.004171875261900078 0.0581045472567994 0.0091113344612335 0.2024222539055353 0.0379436341379228 0.0339884600413564 0.0501488057913094 0.0211339639898258 0.0520877769115638 0.0431320187573555 0.0754910272477271 0.0196222337920280 0.1084277856945944 0.0245367093520502 0.0289736081744648 0.0392383811658885 0.0509404842108760 0.0447280932176762 0.0596198610745965 0.0111658721410274 0.0291831486761689
70    	0.004164817744011475 0.0770990868097747 0.0016177785019512 0.0439252771223989 0.0390737152075185 0.0453187932584544 0.0559489524450313 0.0139727120003815 0.0857456338023536 0.0416449116934517 0.1478249518699494 0.0434636485770495 0.0405003270622309 0.0242954421764663 0.0386895759138414 0.0364052410123310 0.0509949559642868 0.0561757763040669 0.1069224320410534 0.0098822046728955 0.0404985835645131
71    	0.0041586424158589486 0.1044722494177976 0.0013064771594031 0.1160248909344385 0.1093158200544136 0.0093145214286672 0.0768465559826450 0.0185960353694221 0.0146180947596049 0.0829627881321410 0.0313886322538819 0.0080781891493493 0.0613612641313837 0.0677205380090784 0.0603242181073589 0.0520450860790139 0.0846536154850478 0.0590463851113234 0.0264286483117351 0.0044473308541953 0.0110486592690992
72    	0.004144527380081743 0.3692669393311842 0.0294438522380344 0.0111190729792381 0.0161621874300794 0.0094627273641228 0.0455984342873745 0.0083414676529456 0.0334533841305997 0.0138088662073938 0.0299463968779214 0.0139873833702154 0.0158100710616904 0.0147597623906576 0.0134770986395996 0.0140704770916809 0.1495465984425651 0.1032718300372551 0.0993735617708524 0.0019098534898246 0.0071900352067647
73    	0.004140998621137443 0.0356000501494236 0.0043855067610363 0.0847921685798514 0.0480573227048889 0.0209265737785075 0.3271831114344721 0.0226442976277729 0.0311997334141398 0.0628158499210551 0.0500274241920844 0.0122791353277140 0.0918195151564122 0.0148294566762939 0.0382586635638793 0.0380376249678320 0.0348177435801144 0.0265753686735435 0.0341512327395388 0.0044355135141555 0.0171637072372845
74    	0.004103064462486205 0.0931185584210826 0.0105883586214115 0.0575807756195046 0.0511094300331873 0.0054915127458787 0.0614810432280250 0.0294461752966787 0.0119795199986497 0.0588315794630594 0.0175686275633047 0.0090903999125050 0.1294402966324655 0.0150068831156706 0.0521782779816664 0.0408821819479535 0.2141002645648122 0.1133399972359187 0.0200963060390088 0.0011347643623969 0.0075350472168202
75    	0.004085420667764699 0.1142218889775627 0.0064880451777205 0.0620208261187341 0.1372688897003955 0.0041718028419921 0.0378372052974742 0.0287247663830192 0.0123467129049518 0.1135735790615240 0.0305379340826558 0.0105573365513996 0.0432394013519475 0.0093620246991395 0.1103135118897374 0.1123747412322886 0.0766792109042803 0.0585741357994131 0.0246784226043591 0.0024288125160581 0.0046007519053472
76    	0.004085420667764699 0.4025740210206299 0.0231031112783282 0.0102784405669312 0.0137005583833049 0.0046220781565455 0.0639928826920301 0.0065009081431079 0.0080432849979365 0.0105082592715165 0.0109800641158836 0.0058802635796620 0.0172952605374606 0.0098600891669435 0.0116220453928067 0.0100655809692141 0.2966103251791077 0.0639351860613098 0.0249343976938828 0.0011884586705010 0.0043047841228974
77    	0.004081891908820397 0.0515501428869575 0.0120063818973269 0.0212736442809879 0.0290045990384156 0.0738024374147749 0.0240336447144581 0.0195070595919504 0.1732157444083764 0.0327244812164120 0.1422735130377107 0.0260133124403336 0.0231727107186851 0.0142900064748673 0.0194924735299651 0.0258268234755101 0.0359605710382293 0.0483654278689200 0.1660391415897076 0.0040476713026539 0.0574002130737575
78    	0.004071305631987494 0.1003997907052629 0.0042472795128901 0.1227795330414158 0.0725259156845533 0.0125000702582453 0.0805140660237277 0.0117897050181231 0.0184310114819589 0.0472878755319197 0.0284561786065036 0.0093635599531201 0.1017538725253059 0.0314618870589269 0.0417685400613054 0.0276612170231107 0.1418766968135255 0.0943390814924557 0.0311365687775720 0.0061423396602518 0.0155648107698256
79    	0.004045722129641311 0.1284912618428300 0.0604902525968190 0.0227268206188126 0.0257021526946031 0.0509888214847206 0.0461848367607451 0.0187421140907819 0.0754718419718468 0.0252272368008141 0.1545831547818694 0.0491819216577750 0.0244448686436018 0.0173116235144007 0.0230341486082832 0.0313206730196638 0.0516311015713569 0.0494176230707288 0.1027730929913079 0.0108920141994462 0.0313844390795927
80    	0.004044839939905235 0.1717718327305741 0.0064315727477391 0.0230404045007402 0.0271364302910965 0.0231457490928255 0.0396759700309526 0.0134679649520699 0.0842526606283216 0.0266115218455921 0.0798093395230330 0.0311824971255417 0.0253616704270083 0.0243151877639759 0.0235775675000924 0.0271936511937536 0.0749881769719653 0.1075323891284460 0.1682258137875398 0.0060081189630436 0.0162714807956887
81    	0.004037782422016633 0.0530621010660416 0.0021311819455607 0.0163899027861478 0.0198051820255093 0.0509468414301128 0.0244354360546598 0.0083536080591604 0.1800147594256107 0.0206445516707041 0.2457426442756888 0.0520600128552645 0.0170352972301713 0.0164425470498307 0.0176842945030749 0.0194779519045122 0.0283141645265453 0.0380767064388596 0.1628570245287567 0.0060074821190754 0.0205183101047134
82    	0.004028078334919805 0.1559695271239927 0.0097616769990722 0.0670507786779936 0.0704789976271935 0.0215431035322867 0.0751113401216160 0.0272468404418542 0.0333636462541331 0.0189394322977660 0.0863202047328653 0.0138466446561926 0.0153521167410688 0.0665900405981008 0.0397748656119933 0.0824027883008628 0.0563818418445781 0.0619789724988933 0.0758046042492199 0.0100614362254618 0.0120211414648559
83    	0.004006905781253997 0.0102624550839841 0.0051460500171496 0.0012974536289014 0.0019279189936227 0.0567351035950464 0.0022076599290118 0.0028989690982137 0.1073281108996437 0.0022757745955438 0.6213563684505667 0.0827707049298629 0.0020609398376040 0.0043399015207737 0.0042793142499209 0.0038209163106463 0.0065458706302981 0.0083098671367958 0.0675726885498571 0.0042440133900664 0.0046199191524908
84    	0.003981322278907814 0.1735105255372058 0.0026694414546182 0.0877825132922578 0.1614148198409965 0.0152894738761975 0.0360016066366497 0.0154598061624348 0.0254391949431631 0.1003433180431816 0.0463508538208624 0.0083215636929600 0.0437754971626150 0.0079542561207394 0.0767052050711506 0.0586042065886907 0.0585172987535499 0.0407746667632886 0.0245962549236987 0.0034937897207885 0.0129957075949511
85    	0.003969853812338835 0.0425471357769480 0.0074687619962820 0.0317802619022501 0.0321005082205948 0.0179364027023467 0.0449131146316843 0.0148963516206984 0.2345949471203630 0.0275382663865966 0.1159528883302762 0.0144312862672092 0.0220342624968647 0.0146169681793743 0.0201386843243786 0.0335693022560415 0.0294993917431513 0.0282929613969444 0.2491824858255800 0.0039413313993520 0.0145646874230640
86    	0.003956620966297705 0.0651545738355781 0.0091468840472666 0.0387594813151452 0.0406805948822307 0.0789447114542971 0.0491051136803162 0.0185917467203576 0.0429976951917542 0.0346586251642441 0.2643915436446562 0.0879118207608012 0.0288093327392561 0.0166192951031459 0.0278847934304975 0.0402939301784425 0.0406410964311088 0.0367141475807238 0.0446832162468493 0.0066549765988129 0.0273564209945157
87    	0.003947799068936953 0.0306035207268815 0.0104396675027427 0.0105630155439607 0.0147283699032799 0.2676134481724485 0.0110667507391068 0.0375163840047005 0.0479062749092729 0.0166543645430234 0.1285036710918955 0.0352288027613431 0.0169515113066525 0.0087854333271798 0.0179304809598517 0.0187028457382099 0.0242220699010161 0.0233781430581693 0.0433486475420303 0.0315928103322838 0.2042637879359511
88    	0.003934566222895823 0.1091120329035233 0.0035463237284597 0.0130391943306031 0.0207243405564420 0.0037165949294911 0.0166268860517007 0.0097647347390825 0.0082392656953826 0.0178112342809112 0.0168544929565461 0.0044464218310007 0.0115609648812823 0.6018833765252591 0.0196689589677272 0.0150447899168471 0.0745251954784575 0.0307985161481422 0.0184151941470801 0.0009360730834169 0.0032854088486445
89    	0.003915158048702167 0.0709811035730037 0.0063237598783980 0.0367944683563937 0.0459865862192353 0.0966021399412083 0.0402891862378334 0.0924888110707628 0.0387078116279556 0.0350506600195196 0.0792600527487794 0.0212830614475394 0.0360993209567478 0.0208406636632963 0.0353674450768472 0.0410151553073975 0.0510059982947056 0.0437471476565455 0.0505793787930006 0.0108209626763308 0.1467562864544996
90    	0.0039054539616053385 0.2416923856113052 0.0101926070804855 0.0234107415317205 0.0258030431254019 0.0295310592369914 0.2476105277588847 0.0175019598205452 0.0405530459435636 0.0263716744529052 0.0684924538224009 0.0202655518835334 0.0217412648268738 0.0153095676240637 0.0212271866220745 0.0316331592668508 0.0532668054467154 0.0325091617085117 0.0430424753702798 0.0066040980310090 0.0232412308358837
91    	0.003845465059552218 0.0557480468232846 0.0029120597944981 0.0514148063795309 0.0454288889743867 0.0259444391380088 0.0630167560778616 0.0192230821942961 0.1372291141271089 0.0457824271390019 0.0824944714863749 0.0126122526743887 0.0374194091303341 0.0323245971005003 0.0309696008853055 0.0381801151899419 0.0437468027325658 0.0437008753913179 0.1889602126204790 0.0112761330219299 0.0316159091188845
92    	0.0038260568853585616 0.0483103151344445 0.0044032475428417 0.0274560671319090 0.0659864363255740 0.0230760355662491 0.0200890718351977 0.0251033466084553 0.1060851118978028 0.0990546448258000 0.0851207015990555 0.0219119221911486 0.0276085607795001 0.0138014558032116 0.0482503065319254 0.0867157777774533 0.0400172470026368 0.0955726316693825 0.1299455093962019 0.0070909312045806 0.0244006791766297
93    	0.0037757720704022697 0.1274196268932343 0.1311079794592972 0.0243315846057977 0.0284449511874307 0.0226603926874148 0.0375623757918441 0.0206670092423741 0.0411375364149258 0.0285271690348008 0.0615057569943557 0.0241287696507993 0.0411588432401975 0.0174082090803151 0.0288595484316581 0.0306802574403628 0.1367960175410176 0.0965826534443873 0.0746921258127478 0.0060894690753989 0.0202397239716403
94    	0.003750188568056086 0.2940159229563554 0.0152918706631648 0.0083845542450703 0.0094383442031311 0.0040958587750722 0.4586957414197448 0.0047976929573984 0.0062299033999272 0.0075411861496947 0.0091783648231123 0.0050025070091805 0.0118736887676107 0.0066939405268747 0.0072898820552303 0.0083421724172314 0.1006888555577528 0.0222672568553268 0.0155223841868558 0.0012042097215076 0.0034456633097582
95    	0.0037298982041263544 0.0655120289653379 0.0135928560315523 0.0184752226206362 0.0201618430406383 0.0419064116945305 0.0377508317408518 0.0097690784571802 0.1769888917874922 0.0167132290402992 0.2674417888768188 0.0456688766903979 0.0156034579604168 0.0093998915107974 0.0126831328322327 0.0221393369754173 0.0253777214966734 0.0306480638909276 0.1527780256183897 0.0025636091442859 0.0148257016251237
96    	0.0037131365991409236 0.0837822424083600 0.0037056862375754 0.1367162613909449 0.1254693273171191 0.0035752928504389 0.0717021927261832 0.0305573130465199 0.0066864786183276 0.0868861890119730 0.0143332256081325 0.0049127773835506 0.0923256527687293 0.0410686717567735 0.0687016316223676 0.0603490465100152 0.0980596354334587 0.0528053946694920 0.0118122272204097 0.0012903257428567 0.0052604276767723
97    	0.003624917625533394 0.1782189969657486 0.0053753708792331 0.1354526099179285 0.1445243050426811 0.0056290296500589 0.0865607409072485 0.0239783353632268 0.0080873601558700 0.0277122857765078 0.0237951363085148 0.0066929491070390 0.0280657568178534 0.0356638441719690 0.0590636660629225 0.0676381184654891 0.0774610137467458 0.0527356432553919 0.0257170489727294 0.0030648314865903 0.0045629569462511
