# This script is generated automatically.
# Vector of amino acid stationary distributions.
distributions <- [
              [0.05859357114839232, 0.01336233176251797, 0.053818926168821314, 0.06029342158889691, 0.04097595480589677, 0.1311060918137564, 0.02418325264764896, 0.06025976310625212, 0.060272118458469394, 0.08439317952604365, 0.023436459080875913, 0.04025627988589619, 0.040888417834333356, 0.0368619945104144, 0.045806383595135794, 0.05194347803900582, 0.05034280254335425, 0.06920508218246846, 0.015167578362939091, 0.03883291293888067]
            , [0.055952493594526406, 0.02078071654485787, 0.05527447576495786, 0.07251197583957807, 0.03752214749960887, 0.04588753870304399, 0.02515889454621459, 0.0686931122820439, 0.06819470270225568, 0.11523837416229804, 0.026940097578777276, 0.05154904949685415, 0.029268892088863862, 0.04260842197568537, 0.05239227819295926, 0.07252705193115179, 0.0525274620351538, 0.06250462875172387, 0.007921091782295157, 0.0365465945271505]
            , [0.07081071388631796, 0.013681184897458626, 0.05203792442735104, 0.058736969415609235, 0.033089663419393865, 0.05528096387539881, 0.023876089276459483, 0.054987266903387545, 0.05624748235613492, 0.19564728296329695, 0.018837157599076518, 0.039135757181199465, 0.030437323973605317, 0.03764750943138608, 0.04580560417097326, 0.055269768448094926, 0.049575424184940216, 0.0669446756750395, 0.010060087823987873, 0.031891150090888144]
            , [0.07391849671761898, 0.005553830370954027, 0.0552324118288057, 0.07906314428398668, 0.03698163143128492, 0.05734362074199711, 0.021167016552645843, 0.05317664673902628, 0.073687758615396, 0.0912908091433477, 0.021782004668009145, 0.05009035302433513, 0.04048749230688691, 0.04157331739006315, 0.04914983486044305, 0.0700244488063066, 0.06053796619109103, 0.06715732057248407, 0.0150726762893379, 0.03670921946597968]
            , [0.06825916308462597, 0.023043311827104996, 0.058668402554060535, 0.08499186245944582, 0.04532251355899091, 0.043457494696281684, 0.03454157099192423, 0.05267017064483947, 0.05618836838186459, 0.08834464670309135, 0.02306396285033364, 0.04800458921612077, 0.04037957723829854, 0.0461853969638057, 0.04875149745234543, 0.0687019115085132, 0.05278847542624051, 0.061052054058069884, 0.015523397570773622, 0.040061632813269216]
            , [0.05588953102676411, 0.014989694502908841, 0.05564665181207735, 0.06759361703049856, 0.03829008925412477, 0.14994054270016713, 0.02482201316944933, 0.06162659827145518, 0.06507777346842963, 0.08578937587316525, 0.02046308345616007, 0.04770508457457525, 0.025486361385896855, 0.04190055421174149, 0.046930050410827956, 0.054489510700483454, 0.04562405342829223, 0.06111396819595424, 0.006729329847918749, 0.029892116679109595]
            , [0.06807237423690517, 0.013633087355421453, 0.056559524421399804, 0.07108194966150627, 0.0323919112671664, 0.047897075443553365, 0.024381650906854662, 0.05725374974397688, 0.06567776194870377, 0.08132695966218934, 0.020661694998614314, 0.04612401437074085, 0.027899490163356813, 0.04245753511048002, 0.04618170717528159, 0.06855541277655017, 0.1271954120595191, 0.06491378211832867, 0.008747051604756617, 0.02898785497469498]
            , [0.06672651690293943, 0.015868896997630676, 0.051229424667374686, 0.06250976351700074, 0.04053863419077261, 0.05542972496585575, 0.02802678221469007, 0.057847703044872974, 0.0549405284773698, 0.07679615811981362, 0.02297010043614933, 0.037425739830799255, 0.12491285540971697, 0.034496346409194516, 0.0465605048046046, 0.04887918689971428, 0.05044182604933747, 0.06781849266191567, 0.01784111413149332, 0.03873970026875425]
            , [0.07642897802068188, 0.015811548628252667, 0.05245986915387421, 0.06011303228888606, 0.03633068046174222, 0.06522242185619462, 0.023205515915723972, 0.06246356802786926, 0.051182584647115656, 0.08925438179938207, 0.022402178536021788, 0.03979407351883468, 0.033359636243581514, 0.09969196419626168, 0.04711228537016233, 0.05913570254754987, 0.05166906120476552, 0.0716480929119448, 0.011340344183645823, 0.031374080487509434]
            , [0.07987909684533444, 0.014417811825360005, 0.052795094061683104, 0.0622324463832778, 0.03794952787140106, 0.05328094167664848, 0.025148607721608127, 0.059200805923401705, 0.0570415518773702, 0.08500083286991635, 0.023796974496437955, 0.03769836438341915, 0.03191762346547625, 0.03671384300486937, 0.04591267486522466, 0.13891882588136883, 0.050052233593824845, 0.06535996381685436, 0.0095022082864102, 0.03318057115011291]
            , [0.05678838316846408, 0.006591727657977698, 0.05044071547606488, 0.06023242982629223, 0.04792227998278941, 0.05974437143809615, 0.03170681484644753, 0.04785170153932838, 0.052202913777744726, 0.10414890389487558, 0.02537918265044153, 0.037662226878854455, 0.05133667175261379, 0.045800610581821985, 0.06294415010578716, 0.06423615300028386, 0.05345991789889737, 0.08090681961415654, 0.01660335182998466, 0.044040674079078024]
            , [0.057202115439799056, 0.014915185646154561, 0.05044966040836434, 0.06452420614172089, 0.03452989849703783, 0.07599829217565933, 0.03725122974884898, 0.05395700843915109, 0.05472052006718145, 0.09382208637603894, 0.021206727427005807, 0.03727908461349205, 0.05731069106224599, 0.0466507209418753, 0.06173217538540649, 0.06771348796057008, 0.05780103326949405, 0.06470107448077612, 0.02223178130150939, 0.026003020617668078]
            , [0.0743427921702812, 0.01485892138470202, 0.05351877107174822, 0.06384429983504278, 0.03790417875454419, 0.05917796540440289, 0.09550178601444992, 0.06504617996397295, 0.061901901357107825, 0.0844693768604145, 0.02285482862561592, 0.03955529686735316, 0.032474380146708746, 0.032357476496343775, 0.041791576793748245, 0.05689012714253333, 0.05261088687378572, 0.07245897316411462, 0.010216063338005319, 0.028224217735124443]
            , [0.07519578181887018, 0.016228759617306604, 0.044902336481784516, 0.0568818330848329, 0.04060152962112376, 0.05994603830209143, 0.022716535391781433, 0.06065512195503187, 0.048447587660519105, 0.0890132913860816, 0.025447338846158962, 0.12160417078051043, 0.03688483954629031, 0.036138461175330844, 0.049466349360510024, 0.048278000394168186, 0.045925961397872785, 0.0719109310253949, 0.015010305555816096, 0.03474482659852419]
            , [0.047881655597254234, 0.019100010312871812, 0.06913209036504196, 0.07738739247428102, 0.046663047143529285, 0.057166641046789285, 0.028645514196744336, 0.05865334168883108, 0.07622279681365032, 0.09308838855779292, 0.026481439279271476, 0.037847492575145254, 0.04699148661258426, 0.0394891525785377, 0.05898739500026427, 0.060486219074124076, 0.044875858973558364, 0.06373157678002832, 0.013788960755086337, 0.03337954017461363]
            , [0.19968600594049982, 0.011643905039456389, 0.05428584219329493, 0.06709743235245248, 0.030784065554258378, 0.054487003791754085, 0.025913252131821576, 0.04376356524254935, 0.04900097700124875, 0.07772219981827509, 0.020148265775267956, 0.03309307860686882, 0.03602614598827743, 0.04179974712858095, 0.05990941691319732, 0.05389931140857408, 0.046370424109213396, 0.055672747057133945, 0.013047303521060306, 0.025649310426214832]
            , [0.10970021267914752, 0.013612510878026297, 0.06177926782992795, 0.07645840928454131, 0.01910675710899258, 0.0659639655659192, 0.028951554705275835, 0.04630696360265321, 0.05528944491674933, 0.0945021953418109, 0.023794062799639942, 0.044839539053090925, 0.02360762869702544, 0.06225490483583339, 0.06730469489885402, 0.0711416108799779, 0.05138405767808498, 0.0611550629360787, 0.005495720938351407, 0.017351435370019333]
            , [0.06906690692239632, 0.016427313859956997, 0.053216641589765856, 0.06358345408835152, 0.11307922106359353, 0.05810915198015116, 0.023564002512291536, 0.05636186271910833, 0.06083310255284691, 0.08103750068471968, 0.02010683300504908, 0.04374544816062614, 0.034020809010999596, 0.038125304908094904, 0.04921320205200898, 0.06794340875628092, 0.05413148101154699, 0.0655510353961359, 0.007202914416119233, 0.024680405309956542]
            , [0.06601652893526114, 0.010971485885935056, 0.12976698775932813, 0.058136944822369765, 0.039856849267971686, 0.055386775310953866, 0.028721777971904342, 0.04894865850147518, 0.05466934272168964, 0.07458941588870469, 0.021555825847416343, 0.05661667698709118, 0.038103856897054186, 0.040653160246547006, 0.04944273635335335, 0.06027468079299344, 0.05278159577071854, 0.058095961664909095, 0.016651156409994955, 0.038759581964328445]
            , [0.11223773254640527, 0.009934568325775103, 0.0675464981983362, 0.06797201909679101, 0.031720202883970074, 0.07049403703843342, 0.031116512214184208, 0.04001491888728534, 0.02599416461459162, 0.10461515772914365, 0.018689358191339135, 0.025733615546019793, 0.03960266380241975, 0.037802052417125205, 0.1024471180950303, 0.04890134476293939, 0.05680910542253612, 0.06909889411056512, 0.014447255825698184, 0.024822780291411134]
            , [0.07739139430969971, 0.030038574513865803, 0.041103126705448675, 0.04403437534996149, 0.03480497871149899, 0.0572085872454583, 0.03187486042357826, 0.04768988438468928, 0.04795903225611015, 0.08314283906798443, 0.020986381349317507, 0.04456473532634588, 0.058667981481385544, 0.043561000062201094, 0.05813261239043846, 0.08810888143027969, 0.07487432113762357, 0.0729258382719918, 0.013925346016156009, 0.029005249565965566]
            , [0.07761943647203624, 0.016672470526067042, 0.0489550112646988, 0.057350710003860286, 0.04046646485334477, 0.05526871676370938, 0.022546305687859786, 0.0656522409856402, 0.04323148079067635, 0.09074103513461511, 0.02513421667190979, 0.037185127014532554, 0.03304430042545816, 0.03176595524361665, 0.12803900651763084, 0.05370735430244732, 0.0523849515884248, 0.07343394791319914, 0.011660176890589511, 0.035141090949683346]
            , [0.08087975772324207, 0.013745563133418882, 0.05204544350718579, 0.05798538266687514, 0.037746135778079164, 0.06011837696009977, 0.02502487950886799, 0.05541903395887429, 0.04863511441842631, 0.0893461244308627, 0.02219724969413892, 0.03506802604354546, 0.035665103595986174, 0.03739017013657542, 0.05482761069196369, 0.052777082171698866, 0.04868795220883524, 0.0676574250741846, 0.014540750971204735, 0.11024281732593487]
            , [0.06964498598353852, 0.01740483873586107, 0.05120407033561879, 0.063781497037462, 0.03991592422091991, 0.04044587689356555, 0.02495726573396278, 0.06089285818378652, 0.06469317952836964, 0.0881040360494107, 0.02355276430678777, 0.040819587765176746, 0.11108161850052359, 0.03846402193623519, 0.04373299370703733, 0.0698035257133754, 0.04742486226792836, 0.06292819776414697, 0.007697024497040368, 0.033450870839252966]
            , [0.07160277709379609, 0.010949865751294209, 0.057051869897009756, 0.14359435831202272, 0.036970946500506474, 0.04393553185676063, 0.023650015517716734, 0.06371281015536105, 0.08384986993497663, 0.07837182680814145, 0.022030037793624682, 0.04067133808914065, 0.031030676528868244, 0.037658842429251584, 0.042746466988747726, 0.05315360394661182, 0.04891480447886537, 0.0683223159260829, 0.006388584552186955, 0.035393457439034284]
            , [0.06205179665815963, 0.016095282536167342, 0.09069931783243085, 0.11018666935628843, 0.024680751743553084, 0.051250115895990746, 0.029188655035939176, 0.03920157499692389, 0.07993844566095636, 0.06372306739704031, 0.018627294776111206, 0.0607429863138075, 0.041060762148342575, 0.05055632778246231, 0.05102521806236814, 0.08067030977273694, 0.0542706697531618, 0.04599580878437796, 0.006174127306601816, 0.02386081818657995]
            , [0.06677672588368204, 0.011614864064147629, 0.05317371831841795, 0.0740909187647025, 0.029254890911743808, 0.0461548093357211, 0.025545578049707335, 0.052764512563571606, 0.14198208713963878, 0.07674186892452572, 0.02081724677706221, 0.04596397343256287, 0.034370611569088313, 0.048110299810716156, 0.06530760276769348, 0.06304270785612963, 0.05227510453161236, 0.05824589706344538, 0.00685439580903542, 0.02691218642679575]
            , [0.07045782244039832, 0.014574287264708158, 0.05570038801945309, 0.06283547790714304, 0.03153270626436661, 0.05715585455031994, 0.023643418609889374, 0.06491104109883027, 0.05980746230606248, 0.08835674902298785, 0.02224971116014736, 0.044163507905274645, 0.03753868792499002, 0.039663414320305915, 0.045976344482246266, 0.06085580749611366, 0.05454139170270318, 0.06780167183412568, 0.07323752727201638, 0.02499672841791765]
            , [0.06437048918028197, 0.012746470106698318, 0.053416797431114986, 0.0689077616491577, 0.040648304004603474, 0.039002241095748916, 0.028529283039036797, 0.05698456990151738, 0.08222287497499257, 0.08615855150989997, 0.019975369873879652, 0.050157224545398636, 0.022191388989544952, 0.04409420098028042, 0.11649452023188529, 0.058016952651651604, 0.05161494706795519, 0.05757022838629827, 0.008431696237191921, 0.03846612814286221]
            , [0.06099985640921912, 0.01614882965721948, 0.053742442644796926, 0.06597431086326626, 0.038425161432511394, 0.0525391989779363, 0.02707774106387538, 0.06337836510230437, 0.0657500785737851, 0.09257363579668972, 0.06185288344861221, 0.0397282519238627, 0.04311428806891249, 0.042543878053395365, 0.05190103912268049, 0.056364269670960684, 0.0486822660432704, 0.06603201068267557, 0.018065583173241247, 0.03510590929078488]
            , [0.2124346235371064, 0.019787182379324215, 0.03903337800302657, 0.05285983913556354, 0.03339198816457336, 0.05303579553783234, 0.020131219148648835, 0.055832918313506126, 0.051409044719689975, 0.08452758649477704, 0.024575132642267464, 0.0327620135668791, 0.02431968930774039, 0.031380022649127974, 0.041869656682583835, 0.07179591192674535, 0.047028278466427514, 0.06745318151221098, 0.006649936270361457, 0.029722601541607552]
            , [0.05958796945994422, 0.012650352325443542, 0.03390513419068372, 0.05685473514393251, 0.017001831362150027, 0.031103978324646286, 0.037198795516894034, 0.024175459769308735, 0.16242008418258905, 0.04308568297406317, 0.01753333435497358, 0.04255043331218717, 0.019606871468466944, 0.06783349388540945, 0.2110101513960857, 0.056544947214911136, 0.046170720069571645, 0.03187978328202044, 0.008211846125491029, 0.02067439564122765]
            , [0.07678022278448987, 0.014490469993724796, 0.054807501897568146, 0.06146117149732197, 0.03642893986582093, 0.06243167625839588, 0.02606692612420885, 0.13390519053249061, 0.05944471686059816, 0.07620791598809214, 0.016690283087378494, 0.043368326833183035, 0.03741446325604588, 0.03862791526317404, 0.04841006889114519, 0.06158682955560509, 0.051313346456740745, 0.05374813223451366, 0.012999467792084517, 0.03381643482741824]
            , [0.06665251953984964, 0.01451949862637152, 0.05227938549160037, 0.05933178396353623, 0.0378893703223402, 0.06374138064446744, 0.026636302545231992, 0.05537299150653347, 0.05310029801804362, 0.08420995620483761, 0.021658048584506494, 0.03349124457796472, 0.036497079214161426, 0.03344752704713408, 0.04959410145199842, 0.04816493906806472, 0.14582091085201537, 0.06770589182800249, 0.01515977627190015, 0.03472699424143998]
            , [0.05063344542140156, 0.016754162912655572, 0.04913725121107009, 0.051886200768383635, 0.03198208811881945, 0.05492438895879322, 0.026314005745210214, 0.14541799842549974, 0.04820600913131571, 0.06692934653264321, 0.018799972031381514, 0.036854867559857486, 0.03142779981510729, 0.03356885839277553, 0.04648368440082891, 0.04885962472392417, 0.03873369876620923, 0.15421513607083748, 0.014534644638479786, 0.03433681637480624]
            , [0.0782665285094325, 0.009125889610631937, 0.05310689494947546, 0.060855549771667655, 0.03444777687806273, 0.07325350667141407, 0.019369192890803074, 0.05820917179762356, 0.05308478623601638, 0.08151150855634519, 0.02105687578469841, 0.035239277956028665, 0.14191795272182323, 0.03148089868914402, 0.0415161760310205, 0.05683618283998584, 0.046903629156132366, 0.06694057052059647, 0.007518501825212756, 0.02935912860388506]
            , [0.0906764100674947, 0.013814059530402883, 0.042326307237462765, 0.15205221411629688, 0.03469361602719092, 0.0592621194498876, 0.02514985967049178, 0.056106137088869426, 0.044148928401808805, 0.08688767534429379, 0.021696261149125096, 0.03310546667612339, 0.03450364338437824, 0.03437076058762123, 0.05529538368062731, 0.052871731573547485, 0.05060485646393604, 0.07040178104158479, 0.012865382475568024, 0.029167406033289083]
            , [0.06999732280338689, 0.005445741923618166, 0.0813091018606353, 0.08256460768921406, 0.02530576019906187, 0.055916112346887294, 0.03645291133677301, 0.030082475209521547, 0.0781196772066354, 0.05199860693487212, 0.016204746323861784, 0.0636242575234415, 0.04590058729092766, 0.06202282064099341, 0.06166705223798744, 0.08640403862901042, 0.06453776172354941, 0.04546619588888808, 0.009467532109028357, 0.02751269012170642]
            , [0.05817768190525699, 0.01634518876899521, 0.04383414675135439, 0.04707111105951295, 0.04000831519437424, 0.05412533501488032, 0.02372789696162527, 0.05906362441006318, 0.12640427490324269, 0.08665867460293226, 0.024173560575697528, 0.03693832167471085, 0.036487143865426966, 0.030987197772792806, 0.09987422710430448, 0.05688934887668079, 0.047703526536685845, 0.06526486577244756, 0.012286058117310664, 0.033979500131705066]
            , [0.05666529506020399, 0.007143951572760312, 0.05480690659334504, 0.05953123500910362, 0.033010222346293173, 0.06449432161972654, 0.021326383279059002, 0.10424603059208264, 0.057218218501243374, 0.07795744958168156, 0.020858429664152373, 0.04147649424858456, 0.043035560448900397, 0.03446438337094273, 0.048807655194227556, 0.05642134495158238, 0.04960694198069518, 0.125813404800621, 0.011796957275308793, 0.03131881390948581]
            , [0.06666790695333365, 0.01166813026543965, 0.05293266985820774, 0.06027507995468662, 0.11329859254304751, 0.058522951811095514, 0.024014177289256505, 0.04514657370082168, 0.05342466641921954, 0.06473742437614997, 0.016564946558003984, 0.03875040046044372, 0.03789508110682297, 0.03973960307347121, 0.05259785872511276, 0.057236034160583454, 0.05097840587566873, 0.0564066698766959, 0.009071797948548517, 0.09007102904339032]
            , [0.07237579023632171, 0.008210726203634309, 0.13274898402677177, 0.20458541856514526, 0.011832193284121913, 0.036955549317745744, 0.029177126178363804, 0.017070053481970975, 0.07490029237464761, 0.03077613160506048, 0.013768939788839796, 0.054293421977198116, 0.03074417945818128, 0.06795793706991268, 0.0507816061909182, 0.06538121548527757, 0.05066658431221207, 0.0270354032339096, 0.005059230555952879, 0.015679216653814224]
            , [0.08939720223812067, 0.013663428612740816, 0.05553003187916899, 0.05930995219453154, 0.03722340634132857, 0.06315490324557711, 0.02371834162210264, 0.05735113055070066, 0.1307580491411587, 0.0884776141600526, 0.020982252895618836, 0.032849596455109153, 0.03618446095728445, 0.03541814538010888, 0.04118439638580816, 0.0504760351000003, 0.05017230144743131, 0.06683157906943853, 0.013163523581084264, 0.034153648742633595]
            , [0.052013861035373005, 0.017601810879842743, 0.040998077188766475, 0.052408704216629534, 0.04103148055196783, 0.042370169015897824, 0.027781027685710908, 0.09837492464457874, 0.05386287303262334, 0.10478039522843798, 0.028531036391427775, 0.03577056242169179, 0.03517150802175892, 0.03567116026825817, 0.04820706568713645, 0.05981632881912089, 0.056700150336666755, 0.12861230743910523, 0.005542263106949233, 0.034754294028056625]
            , [0.06507553463057439, 0.01718171482896263, 0.03415067283397938, 0.040846582388352794, 0.03724524414469055, 0.22554553758346277, 0.022204683070548265, 0.07807392938596432, 0.044028488692385584, 0.09392696054583041, 0.023257022067063295, 0.030874253304387565, 0.0272503890455639, 0.027692054568882973, 0.03732699302196091, 0.042429331130657784, 0.042419685887263206, 0.07742541405076556, 0.006360904680405413, 0.026684604138298252]
            , [0.07582541470749121, 0.010418235199407877, 0.05355561098426043, 0.07726302477932888, 0.03002275899790154, 0.06298454128802573, 0.025141080838826622, 0.07586437422300463, 0.07821331002278759, 0.10363985407979456, 0.022253530093004185, 0.04185791409288954, 0.024631767659151527, 0.04074402290114733, 0.04697603814993097, 0.06254304689511289, 0.05588343700585394, 0.08386209697191135, 0.0018557762344384686, 0.026464164875730972]
            , [0.06415679540678924, 0.01297095077511944, 0.05263621686056345, 0.06147901826335567, 0.028245746005550378, 0.05350829948182324, 0.020792435683456335, 0.13397053352430988, 0.05588090399918232, 0.16842525519433366, 0.019361496394620648, 0.03946754858945177, 0.02607849408755527, 0.03418815208927882, 0.04208588559492191, 0.049467775623922704, 0.04114882798753586, 0.06035241362320961, 0.007223579859827937, 0.02855967095519185]
            , [0.07958192727394739, 0.01218005375622317, 0.05566553956860878, 0.052274112775181104, 0.03386974225438036, 0.195724123068618, 0.02836182466966277, 0.05157613928240802, 0.031921728618241114, 0.09169577741101538, 0.02113970706077253, 0.025089600213014172, 0.0380269174697395, 0.033581144652156766, 0.0605128889508566, 0.03933655835526279, 0.04523282284849648, 0.06661799253439597, 0.012072010042604345, 0.025539389194414685]
            , [0.0636502958922635, 0.018621218776109796, 0.05266541114667679, 0.06799349811875019, 0.02670104343445928, 0.04881263293544815, 0.02459379483871254, 0.05667310752196038, 0.06059226939894333, 0.14615137292545807, 0.06490662443033371, 0.04245279260504122, 0.025619488306263666, 0.04164839911337211, 0.04779070604299091, 0.06504712473341648, 0.0507125142752507, 0.0629800686497815, 0.006464854486484498, 0.02592278236828319]
            , [0.06580109006956039, 0.06627321016505733, 0.0514219746746746, 0.06451975647939603, 0.03742140427974222, 0.04530066269892821, 0.02677876632596727, 0.061797337469726224, 0.061447741130882645, 0.0988900323288451, 0.02515248830088975, 0.04438084320492245, 0.027091552759250657, 0.04082273257804417, 0.04943093980502443, 0.07446456430655977, 0.05377021265903386, 0.0638205963875131, 0.00658627051079605, 0.03482782386518584]
            , [0.06462580195550481, 0.017678638474054407, 0.12816409881446533, 0.052775697164802474, 0.040820775243082794, 0.053644053654682756, 0.02152962524421188, 0.07021438392054555, 0.06041530618897857, 0.09503028567488032, 0.025986695420613593, 0.03293079309995831, 0.03132108968283167, 0.03414592439740213, 0.04408281604636889, 0.05515815942377196, 0.0506306579200175, 0.07618534442523686, 0.00937845593643572, 0.03528139731215448]
            , [0.06863780041267135, 0.015454972952173355, 0.052817647829477885, 0.060149545153822606, 0.03400075482575889, 0.06195946524697463, 0.02617819485415796, 0.04565669328540668, 0.05195896423071168, 0.09235555614958933, 0.02087023602995278, 0.037889039261928784, 0.037523003677270066, 0.037252868168776716, 0.05225939981999044, 0.05304273815451669, 0.04930221490815316, 0.15833567849001026, 0.013561563444706094, 0.030793663103950566]
            , [0.09249888065725918, 0.008964895542030605, 0.05194252117563648, 0.07897840346371131, 0.035587835101438044, 0.05927796037787598, 0.02410911762584119, 0.06506627840947075, 0.044352550187467005, 0.10097519190338324, 0.025288875038502495, 0.03518253634689921, 0.026283210019938826, 0.04668329080318961, 0.08962192715677532, 0.05933715700378866, 0.055424077962206504, 0.06991307909067757, 0.0052807887600389, 0.025231423373869015]
            , [0.06691098659951056, 0.01489309496276283, 0.057155292502118815, 0.09003513141563858, 0.022846205994572745, 0.039122131286698295, 0.04111936323851057, 0.02917687346064926, 0.08862659537144833, 0.05923954380067137, 0.023073276285204336, 0.05143107886811719, 0.0354794096996316, 0.09898894162716568, 0.07380615678997038, 0.07265756781842166, 0.05728553552099764, 0.0424477077570735, 0.011353372603819788, 0.02435173439701682]
            , [0.07758893849743559, 0.009585542588778027, 0.1586806951502351, 0.06392088310236721, 0.030690585001530022, 0.0509327285242242, 0.025039411736017488, 0.05704295931906971, 0.05756386696252479, 0.08218096110954883, 0.02135297561146408, 0.04781333548128111, 0.02816143285238026, 0.040622613721079726, 0.05035815097550982, 0.056141960596481855, 0.04885317138506656, 0.06225897633803603, 0.005755237045288569, 0.02545557400168093]
            , [0.16234206118704872, 0.016364350248270206, 0.03656515877421683, 0.04419588778339035, 0.03499836953394638, 0.15106767098155147, 0.021172094491045255, 0.05624814980318122, 0.044106571291855315, 0.07978025582034545, 0.022557764446971395, 0.030133961268906703, 0.028176058065707926, 0.028588534041781858, 0.03586175082139585, 0.059487484867578454, 0.04729549330968231, 0.06158785583196728, 0.009639623873778955, 0.02983090355737805]
            , [0.0552705689614772, 0.021108446827274266, 0.04987350149441413, 0.060910489284663714, 0.040153700668522876, 0.05879314288454036, 0.035772182210301075, 0.053146480734748924, 0.05098142243590575, 0.07855624377305147, 0.025383045998088494, 0.04294097767221872, 0.050368247870411685, 0.047924893189781104, 0.07219346154507934, 0.07928578641400554, 0.06476944649695239, 0.07861301849068707, 0.006155379376987689, 0.027799563670888396]
            , [0.08542622885515293, 0.010046001944688729, 0.05115576148239811, 0.11333267755043638, 0.044849035719076814, 0.04638084894684215, 0.024870851050011702, 0.04587559678846325, 0.07657054692791154, 0.07933018651014923, 0.017392278523170233, 0.03502805140240308, 0.029478487028078777, 0.06471496713894392, 0.048590548918348506, 0.062215262941616195, 0.05842916266849145, 0.04708674848066276, 0.015093838817359633, 0.0441329183057947]
            , [0.09593494363481722, 0.0019792474091788652, 0.06529218618122441, 0.06066365886354271, 0.036659362949085866, 0.0668559827563186, 0.02133226969951453, 0.04078669953881833, 0.05820448368029253, 0.08225400940359244, 0.020470351670556015, 0.04296733689858423, 0.05140097064780978, 0.053429024352234525, 0.056820351387438635, 0.05397851222672915, 0.06957482926394574, 0.06255574146372732, 0.02282373668798729, 0.03601630128460162]
            , [0.09868174473245458, 0.014218030926624556, 0.05752660191407096, 0.06949809757534814, 0.025096907495183368, 0.05267993973261146, 0.028540270788182196, 0.030691167627595762, 0.05821553355385167, 0.056686016970337025, 0.016199403940938224, 0.045281407300980736, 0.10763005561656669, 0.0494524702006461, 0.048408084417033884, 0.0939735381089704, 0.0644668848006208, 0.047181554917955504, 0.009901534865210098, 0.025670754514817727]
            , [0.03682978555549177, 0.010938020993108232, 0.020701833407867874, 0.03878543418263232, 0.010430390648761384, 0.021037129976877723, 0.02865027057247862, 0.019384926458731716, 0.25483126206982104, 0.0313098964616442, 0.015616942796398558, 0.04180312888869702, 0.012715462721153526, 0.06021976479632985, 0.27151422251595214, 0.04872417086019003, 0.038219767961620084, 0.022931959496523036, 0.003515406110953284, 0.011840223524767596]
            , [0.06506118485599165, 0.005686602233830498, 0.06792666983589063, 0.04504756534545645, 0.03357673575843697, 0.09172950911541232, 0.017819497350288382, 0.04469282745131322, 0.056808648817259666, 0.06015871658679453, 0.014099000932578817, 0.06020287756611571, 0.05012591429325115, 0.043567051381664536, 0.04898002592888919, 0.08641888601582266, 0.0639679911927821, 0.06809287081246126, 0.025995839599068114, 0.050041584926692]
            , [0.05713011591019733, 0.012340273652219924, 0.05259052129185241, 0.06557460477414417, 0.08621297527690816, 0.04435454284974421, 0.026301229351049095, 0.0673061018420279, 0.06305772024500683, 0.12377676554897095, 0.024614726578861122, 0.04522175995669645, 0.027045184595886652, 0.04266171893984182, 0.04304739531781703, 0.058105632826016204, 0.04958033368906868, 0.05858217643640956, 0.006187664923380343, 0.04630855599390118]
            , [0.0779284295008718, 0.012098770705148606, 0.05720475043641473, 0.06237754828918988, 0.032222800158668775, 0.061350456862277816, 0.03404852215197747, 0.05231730099892071, 0.05651356065975771, 0.07999238067414123, 0.02024387851676013, 0.14031993525407183, 0.0260508914827984, 0.04478543450241801, 0.050470684212132445, 0.05423883326120769, 0.047988723218013056, 0.05712647881230876, 0.007590183245078246, 0.025130437057842493]
            , [0.0731837764212719, 0.008985639560644168, 0.04640993949386172, 0.048056854773883446, 0.0250979716146772, 0.051779103585584026, 0.020112735774088966, 0.07323114578333938, 0.04124783846735088, 0.2562661556156357, 0.04117489527734971, 0.031883205102801064, 0.020296561173052625, 0.031411595488439366, 0.044355068679562154, 0.04499924340975869, 0.04299079868162811, 0.07148073319073717, 0.00525169650158776, 0.021785041404746193]
            , [0.08661176484309335, 0.012771338128011303, 0.056160442153896935, 0.060375129662607975, 0.11013785340412457, 0.0652723138158455, 0.029066235948248576, 0.047949904375399394, 0.04360445516472792, 0.08299171921214384, 0.019708063460902737, 0.03499004115658763, 0.04153172416779878, 0.04107485499057402, 0.060147104577579595, 0.05280559212492746, 0.051264603660760084, 0.06389183975822622, 0.014408738493066203, 0.025236280901477726]
            , [0.10037564183611458, 0.0017677787413591885, 0.0660864938307674, 0.07252972285984738, 0.028234694532338726, 0.06084941479400797, 0.02005696922444003, 0.060095767207209425, 0.06896257681593505, 0.0949393456303397, 0.017586451610675312, 0.040400362229002555, 0.03564862157433922, 0.05431586317717972, 0.05234229499714059, 0.061922086929578186, 0.059290644488828044, 0.06677508883815449, 0.006904437127092206, 0.030915743555650157]
            , [0.0737891671198291, 0.010047309689734411, 0.06015712720785178, 0.09278219705227914, 0.025361621796568323, 0.043419331952282834, 0.041798197259749446, 0.038671406220669856, 0.09516861933856426, 0.06360210891753121, 0.01743623742651503, 0.05702239046320995, 0.024494426860245493, 0.07939954732380919, 0.07581271599811144, 0.07070294034090363, 0.05668434332028112, 0.04510393468989547, 0.003305785415666082, 0.025240591606301984]
            , [0.0718358574907522, 0.022045881413016503, 0.04152520222501006, 0.048633475514495865, 0.041212332133087184, 0.046916922880203396, 0.036321044952894246, 0.05755875018538957, 0.03916507453625566, 0.13715772773978532, 0.042724013753665815, 0.032784159581765726, 0.03168915042762437, 0.0348194998709087, 0.05069128401056976, 0.08629763073352333, 0.06620045672149667, 0.0754376518377005, 0.011111079685924688, 0.025872804305930485]
            , [0.0648419771560118, 0.015397145964246853, 0.08769296820834169, 0.08672812545431999, 0.022009499591972653, 0.06285965229020189, 0.04131383715927062, 0.024838607858054248, 0.08469744873066597, 0.04311353809078828, 0.013651142073192367, 0.1013278723994036, 0.023072553617018612, 0.05208221655707078, 0.0689734453349354, 0.08519649716544381, 0.053977186130010596, 0.03133785521913077, 0.008082461230173057, 0.028805969769746875]
            , [0.07597427966635607, 0.002516921883784581, 0.0588074924320915, 0.04938306432423179, 0.037523641250470925, 0.18355812120683845, 0.019810630466348494, 0.048630221407090446, 0.05119363306242972, 0.07873477112650629, 0.01950810069175608, 0.04076148026662746, 0.040322688214278785, 0.03928349382192051, 0.04449783735346488, 0.0499475646006318, 0.050554016507243206, 0.05965717502432676, 0.012936477311476688, 0.03639838938212559]
            , [0.07745519880256277, 0.0032831532573662624, 0.05243581943659801, 0.048799523241042114, 0.0372432813109556, 0.05933054146549911, 0.018874422306077925, 0.05225267246460652, 0.05116173349508042, 0.07605157550974513, 0.017613690811224353, 0.044982669463799724, 0.16084026863216008, 0.03147684364730662, 0.03896513776274607, 0.055455574165774846, 0.0533508909937653, 0.06650583830040983, 0.015716007685425415, 0.03820515724785389]
            , [0.0788849599625651, 0.02603196219700014, 0.05480748368603623, 0.06051724528253487, 0.03757399008061528, 0.07891544442517925, 0.02580469519464185, 0.04315739324396989, 0.05448147236328127, 0.10471908113462845, 0.011440547412386332, 0.027595146995946375, 0.04892140661028402, 0.03974576971121573, 0.06706713907397621, 0.07424003157546942, 0.05292974137973289, 0.06699043532765805, 0.016759298848380944, 0.029416755494497612]
            , [0.06843780704588169, 0.0145634417339762, 0.051741684961037, 0.062674299062524, 0.028079814604080874, 0.05766087106284088, 0.018918869684623064, 0.06801131611447113, 0.05792883475417241, 0.09835328137813153, 0.023898910700290033, 0.04070878457873966, 0.03392500811088436, 0.037648421221410225, 0.044494588099982545, 0.05896714722312862, 0.053664082044387024, 0.07053920546521646, 0.006592105712228935, 0.10319152644199345]
            , [0.07754176216308808, 0.07275277795503565, 0.06130264237736039, 0.06123498510915537, 0.036617016987244774, 0.06339328456010435, 0.02308022600710221, 0.06055146549800108, 0.060243212849351906, 0.0785373412348809, 0.024180949597373734, 0.047180258941125965, 0.03721924235363335, 0.03697762401259906, 0.04243223158976224, 0.04867342382753308, 0.049196707932935395, 0.064668049694986, 0.01691434878117342, 0.037302448527552885]
            , [0.07249607944616557, 0.018788050286436868, 0.0779403347536906, 0.0634531162445979, 0.024700647559505025, 0.13260475608604586, 0.030820396019313287, 0.03011001077067945, 0.06455551505607657, 0.04834241288886247, 0.018060895272899825, 0.06878594656094227, 0.039940202634963076, 0.045690009387866215, 0.05064574523872521, 0.07637729146528274, 0.05317305639159072, 0.04359845350653265, 0.012486355669651903, 0.027430724760171863]
            , [0.09088036886293449, 0.00537444643823151, 0.05621465869179974, 0.05836898035051025, 0.03178965911302111, 0.06805298581200693, 0.022226825892250543, 0.04411175117686744, 0.03562414822389969, 0.10213241330106942, 0.02087406693935069, 0.04705486140859486, 0.04133677404787549, 0.07351159745902393, 0.06725434303861856, 0.05847865280760377, 0.066666267638498, 0.06415686745619513, 0.021067682935680655, 0.02482264840596785]
            , [0.05752174600745918, 0.011005923966326133, 0.0558146595605405, 0.06566224267487, 0.02849658071244724, 0.05474953641004277, 0.023961598553255577, 0.14810759549631872, 0.06240072999627601, 0.07524026799022453, 0.013649214317197083, 0.03849842794776698, 0.024146261681151457, 0.03771467342660659, 0.04503433673512367, 0.04920649363492765, 0.04301823790541403, 0.13138152052664698, 0.00631912419769113, 0.028070828259713795]
            , [0.09053183432142356, 0.020974239628475836, 0.05944670514526051, 0.06366914266899491, 0.02667208260532716, 0.056139948546227246, 0.033313530572251115, 0.03699024150061517, 0.052924197232370386, 0.06252712459390032, 0.02060788963569583, 0.0622670238492283, 0.0388517046990403, 0.04601798682330041, 0.05299345354924714, 0.11850136863959089, 0.0773577409370071, 0.054088006290570326, 0.004101223870318969, 0.02202455489115439]
            , [0.07651513575725345, 0.013556897440495111, 0.05042935312955491, 0.048154954258277205, 0.02679069668497944, 0.06429814572815049, 0.027675082175786105, 0.10915263788010814, 0.03146742042038457, 0.1430194118358046, 0.012997873207116435, 0.026767605105418528, 0.03539220954395849, 0.037060861568624044, 0.05856123125564401, 0.04211381253672249, 0.035839057392468995, 0.11927111969637309, 0.016019918903962514, 0.02491657547891753]
            , [0.10621746249889305, 0.009593615222218108, 0.05124601035686011, 0.0652385280693637, 0.02655073921168515, 0.05184122807408119, 0.023156974308200115, 0.04458981029816687, 0.08120819598622558, 0.08785305296396502, 0.01965705394343358, 0.027629279111806442, 0.026732388533488513, 0.037744124904679356, 0.14781376648154193, 0.04792733694734211, 0.05230767823890714, 0.06226677881504023, 0.009785462250509662, 0.020640513783592145]
            , [0.0927456071923428, 0.025005325636947583, 0.05424770156807115, 0.0719746459997426, 0.02869702847821293, 0.06084012187035716, 0.023581680815966278, 0.05705958109878007, 0.041824303432715995, 0.10610062945481832, 0.021327329288419107, 0.03574128278235114, 0.05088251867435071, 0.03667697052680368, 0.04836268025475714, 0.0682328214910407, 0.06500863190111096, 0.08499414062284215, 0.004858166521466442, 0.021838832388902846]
            , [0.1391376357522926, 0.02616136611888611, 0.04239607494754927, 0.04257645761319961, 0.013148162690286649, 0.059172650613734605, 0.023654857939875897, 0.0175098900900069, 0.03850669325787096, 0.02743237353757588, 0.011806948250544673, 0.05669655153037025, 0.030480492664373457, 0.03539649641950745, 0.03653259634418523, 0.23805020548529612, 0.10994257553904692, 0.0326955938163098, 0.005166584688262535, 0.013535792700825071]
            , [0.055922187572821296, 0.009929633159784354, 0.04545843544486618, 0.08373133469230268, 0.011926894782570873, 0.029243012334220792, 0.029713450784241712, 0.0237988925292862, 0.20444052076265473, 0.03968269965273463, 0.015875212034511647, 0.05401465065590762, 0.018779914593264186, 0.07575168630723754, 0.14552777271282236, 0.06128869328576607, 0.04793848064146955, 0.02950251458671103, 0.0026594593207106476, 0.014814554146115808]
            , [0.06562373270418717, 0.014655516491043706, 0.05340907819748397, 0.05639547660885481, 0.059665697274924656, 0.05453700565027691, 0.03346108137646396, 0.05055661443668992, 0.05458636520716609, 0.07523362897961082, 0.02258583925658383, 0.04427730582438911, 0.03406406381878861, 0.038833239446933565, 0.04618636864055069, 0.061529104896310596, 0.05252521899724892, 0.05956653265741464, 0.0665079694277657, 0.05580016010731232]
            , [0.04491055505730395, 0.012190141648359975, 0.030486956557683076, 0.035216506560601296, 0.08652118116480173, 0.03516884648206035, 0.025874862619814826, 0.1201762570012428, 0.037354613854476144, 0.14596592471575878, 0.040216964628440675, 0.02547036694081289, 0.02561586861782012, 0.026630953190555234, 0.03254647266737372, 0.03863182152613772, 0.04206462479979646, 0.11179665605624022, 0.023194942238207495, 0.059965483672512566]
            , [0.06935747005721066, 0.0052377981227519875, 0.04697856547840178, 0.0431592455819084, 0.03335749979823629, 0.08385709667848609, 0.015591155334723942, 0.0516541011744419, 0.038811070353535954, 0.09541714114078463, 0.017923195103421944, 0.052624803921872326, 0.061538888069198834, 0.026934877006338506, 0.052192073255323664, 0.0858108226756471, 0.09137532320769785, 0.08517252820083177, 0.007176973987177536, 0.035829370852008886]
            , [0.11197937614780042, 0.010718315648507188, 0.06402135092322853, 0.07169826900876478, 0.041002177027827, 0.05191223720892743, 0.028839168939462468, 0.037155242227364986, 0.04000795618543049, 0.11272131978104463, 0.013080091756510101, 0.03283655606937362, 0.043133591222732, 0.061560328973290224, 0.07223134847902365, 0.05723197993031294, 0.05035053197953063, 0.057404768097901536, 0.006905180354567495, 0.03521021003839982]
            , [0.08993666605249397, 0.012843113929122709, 0.1542479967742944, 0.03953927714769591, 0.037736145224539705, 0.0683150472723723, 0.02371896029805379, 0.05623047728647544, 0.039774555739057936, 0.08989456117173598, 0.024700739921621973, 0.02470898785044386, 0.036971162633835375, 0.03223523106354693, 0.05448166711316173, 0.04818063379592627, 0.049045722406562346, 0.07197830107843765, 0.015716955617065834, 0.02974379762355589]
            , [0.067272853919434, 0.015897218318994998, 0.03801275440798727, 0.045634927164100635, 0.08492845990956269, 0.04240314353716591, 0.0320313588773417, 0.0617862633442915, 0.04116685631974495, 0.10261774686675755, 0.02388129173981184, 0.030967945709609056, 0.03552520209857847, 0.033351397607886024, 0.04810317567625272, 0.04900656975371685, 0.04472080894596852, 0.0764702406708814, 0.029035341458592507, 0.09718644367332151]
