# This script is generated automatically.
# Vector of amino acid stationary distributions.
distributions <- [
              [0.08465067296753945, 0.019749533103687763, 0.05219210456063801, 0.060445695642168666, 0.038416732469269466, 0.06389234433248127, 0.027908427082346508, 0.06170362014502095, 0.05260047846550758, 0.09951466216879212, 0.02456745332544971, 0.04016338893285084, 0.03635197102275472, 0.04126495532345168, 0.0566095580250542, 0.06508279621879873, 0.057093567388234526, 0.07490075396813241, 0.010962808884608394, 0.03192847597321272]
            , [0.09305152894064533, 0.0073030281146205705, 0.07416420903510405, 0.11037164144116954, 0.016735921854211046, 0.047274611334533485, 0.032229169206411674, 0.028685671368397413, 0.08631631583415045, 0.05259330008205611, 0.015912571349033223, 0.05684906748362177, 0.022468450026089617, 0.07753492211597164, 0.0704555478939932, 0.07919488193142628, 0.06510444660587626, 0.04115326234728535, 0.004680323018420196, 0.017921130016982728]
            , [0.08314659488655333, 0.004007173636995064, 0.06433619970964626, 0.06111971348482301, 0.0371804236050092, 0.07227986062189408, 0.019758500153674537, 0.058661885256944594, 0.061105135047746235, 0.08627879206892704, 0.020551849793226152, 0.052255266994864324, 0.036945273912116175, 0.04224382191378308, 0.04674858682132102, 0.06743816992308811, 0.06419712836017076, 0.0729332199476894, 0.012403266866990614, 0.03640913699453723]
            , [0.07288567953400821, 0.011523806008927752, 0.016250831010504313, 0.024826177175972814, 0.0373722038102547, 0.023298144333511513, 0.014412713274639371, 0.1550332409596371, 0.026497098411434234, 0.18920818708234105, 0.049915900483443854, 0.019655603678586615, 0.014306344737971547, 0.024696403647626774, 0.028633009208588668, 0.03986484189076262, 0.05656389898494892, 0.16907497431028695, 0.0055470864386506025, 0.02043385501790226]
            , [0.0939349409212535, 0.00196269788862134, 0.14810783950109208, 0.2391635585762211, 0.003391933988615237, 0.03527152944623842, 0.018120165188603862, 0.008385604346381617, 0.08533931051918178, 0.016486866743127274, 0.006092522572012649, 0.056055935491765845, 0.012650658804806156, 0.08848392972655046, 0.045847324400122576, 0.06904351769489882, 0.048337777911944706, 0.017877149129746837, 0.000972440252713348, 0.00447429689610234]
            , [0.04167087103571716, 0.006110639728854842, 0.015899397852416328, 0.03999783603525197, 0.0064515386072786975, 0.018403959090070462, 0.03183700298753463, 0.016015412760566825, 0.2569118331066949, 0.03096268889651575, 0.014218272829573879, 0.0394230980796632, 0.007330141244676523, 0.08358007679831497, 0.2703389472330379, 0.047928659004695486, 0.0407483571430737, 0.021161432242044427, 0.0024870333910126507, 0.00852280193300568]
            , [0.06530384429564737, 0.014888389936621288, 0.029169298261717238, 0.034347650482621256, 0.10908873017974795, 0.03498890296673688, 0.06285520020934073, 0.04186048191100437, 0.03626876194284646, 0.0914745055614086, 0.025968485449675133, 0.04050275246691306, 0.01803461514876601, 0.03908434040584413, 0.04609978685231418, 0.058070168311032413, 0.04630051442180055, 0.052319739945657244, 0.02439855964834391, 0.1289752716019614]
            , [0.020332133127228848, 0.005208458882523424, 0.0021964901600618524, 0.0037473482463928325, 0.06890593887025204, 0.0036610574144401854, 0.004217828635051094, 0.16572470179299992, 0.004611918532606983, 0.4595178623915359, 0.09198649323277568, 0.003961992777370597, 0.003290182170839346, 0.00680956335546386, 0.005569643419501702, 0.009569174229476396, 0.016351859478976022, 0.10823579771964392, 0.0033306989862692937, 0.012770856576590058]
            , [0.03051920344117961, 0.005716639270943517, 0.0016058131311381932, 0.002892504377343694, 0.013005450430387977, 0.002848646976397237, 0.0020450785451620575, 0.35467826878353387, 0.0031365774759256845, 0.1331481790185949, 0.03175018437052275, 0.003025511865213223, 0.0023919541491028585, 0.0034612582746143313, 0.003236516934492935, 0.008238580169528253, 0.024343517577950464, 0.3701002151989785, 0.0007129192825655705, 0.003142980726424182]
            , [0.15004096149189614, 0.015867654198319356, 0.02510103454579213, 0.026052488863166783, 0.009934893647076233, 0.04630949254842424, 0.015281060373385403, 0.021103425252156062, 0.027161490787401273, 0.026724346084451695, 0.013674410842489404, 0.05472322577335258, 0.016823327744566886, 0.02595279179500262, 0.024225572385626396, 0.26876259937512414, 0.18029073035679574, 0.039986398825548525, 0.0026491194284001536, 0.00933497568102446]
            , [0.050642816593789615, 0.00517024211343076, 0.25287382650884105, 0.10495840175489124, 0.006565046554865849, 0.07380865864217456, 0.029444382839837153, 0.009039863970818851, 0.04474882850529676, 0.014796117232001709, 0.006426415482322532, 0.16623219480627224, 0.011676886513810223, 0.039924789382456145, 0.027177258229500914, 0.08817725800992729, 0.04164017706646431, 0.014590455319881455, 0.002150807297462443, 0.009955573175954625]
            , [0.1331843915829864, 0.00616002978091909, 0.0331437476926442, 0.044744181910315484, 0.010933006795635485, 0.035783811151325506, 0.016451578713247015, 0.021042165080610405, 0.03627094756449935, 0.03737356787731, 0.010800242555579119, 0.026018249685955057, 0.32336901394043627, 0.03444627525127576, 0.03245418811150583, 0.09037276735111628, 0.05603432268135744, 0.03853366515357686, 0.0032691369104666905, 0.009614710209237785]
            , [0.41703623732492756, 0.04177609175685337, 0.0046635484283219794, 0.006416552420784843, 0.008214128492201897, 0.06675451813244769, 0.004467758689134758, 0.023059789979946704, 0.005700977288797686, 0.023240763502988426, 0.01203994826116915, 0.010649493368294034, 0.007604656651397516, 0.0071605679804683875, 0.006353417967050127, 0.1923801386945782, 0.08885035415396725, 0.06702065068381709, 0.0016040905561446324, 0.005006315666708639]
            , [0.01997085186580629, 0.008771363973240536, 0.004919549110220729, 0.006326923918358122, 0.35822066962280696, 0.006997627614403817, 0.02937471016614041, 0.025930743879343597, 0.0072241327016718485, 0.07820721928062727, 0.017794944757472928, 0.010390036744215955, 0.004333068224786322, 0.00931128762454452, 0.009411603267354062, 0.01813935314974184, 0.014655070853335107, 0.027560145141129047, 0.03045233463742025, 0.3120083634673803]
            , [0.10805252499618505, 0.006467742717633606, 0.020740744062743732, 0.01655498915814371, 0.0049704769520213885, 0.6314903591181424, 0.007688894597435034, 0.0065687583059955874, 0.014176260119269967, 0.010554186660668149, 0.005100037600725985, 0.025061570474531333, 0.0076954664697100154, 0.012005990213549183, 0.014668920301448085, 0.06879167184354824, 0.020340913075136142, 0.012783762373842097, 0.001843793910764088, 0.004442937048506294]
            , [0.07621263226440161, 0.01213056187035974, 0.0007510108249563233, 0.0011173726017635463, 0.06481570075849338, 0.014420214696112864, 0.0011225814871448333, 0.22102950460790832, 0.0011688906127213993, 0.2517781465949204, 0.05396255703519769, 0.002006707138930454, 0.0024456782666085913, 0.0019280909798147037, 0.001373766498028235, 0.019332687189693536, 0.03707226428983024, 0.22836713493199107, 0.0031627723288965566, 0.005801725022226568]
            ]
# The number of clusters.
n_clusters <- 16
# The base file name of this file (for reproducibility).
fn_distributions = "udm_0016_clr_rb"
