# This script is generated automatically.
# Vector of amino acid stationary distributions.
distributions <- [
              [0.08209895169732669, 0.012822934227253394, 0.044353716445690486, 0.05277298357232677, 0.05010217461122632, 0.05178980801977602, 0.030878391764088152, 0.06348972403166862, 0.05163812297103177, 0.1061573904464997, 0.026955933800704022, 0.04143548324650591, 0.0316175462195899, 0.04252795100314612, 0.05333303099690565, 0.06438371117624424, 0.05910645823377187, 0.07701054137013358, 0.012851132387789671, 0.044674013778320906]
            , [0.08821583720859104, 0.005144658101845371, 0.09762310846542087, 0.12200237344267786, 0.008347772102277513, 0.052437424221498635, 0.02927446139136661, 0.01629794898659749, 0.10295056189379062, 0.029652231744199904, 0.011090071423409132, 0.0765905524388165, 0.019355898489051893, 0.07833653218727978, 0.07263391491793268, 0.08935571040714037, 0.06072646244368198, 0.026942531565233522, 0.002638782930020953, 0.010383165639167526]
            , [0.04015683119119849, 0.00847107027509195, 0.0027823784269916546, 0.004638901096827769, 0.048371709519138266, 0.0064196967314718925, 0.004367285515953427, 0.24223623896890908, 0.005261121509493584, 0.27679135166943863, 0.0626519534410924, 0.005195494219124385, 0.004228800781367019, 0.006673527242032711, 0.00592449903454245, 0.015356161386017584, 0.029890888347555024, 0.21658269545532752, 0.002877491949490592, 0.0111219032389355]
            , [0.2770053263826504, 0.024623968967603962, 0.014971727396539005, 0.017119586454434402, 0.010292820257815286, 0.11059517618070554, 0.010321868422211692, 0.022382665325391803, 0.015662068676436245, 0.0277985330435676, 0.013511804613222137, 0.027445692899166384, 0.019002942313452082, 0.016767260591166042, 0.016321876294977108, 0.21238719549749696, 0.10234478994701945, 0.05082567775869841, 0.0026400504290868838, 0.007978968548358568]
            ]
# The number of clusters.
n_clusters <- 4
# The base file name of this file (for reproducibility).
fn_distributions = "udm_0004_clr_rb"
