# This script is generated automatically.
# Vector of amino acid stationary distributions.
distributions <- [
              [0.06235209042535888, 0.019254886105732626, 0.05844027171625576, 0.07659322785497397, 0.042672885074781605, 0.05299454502021393, 0.029729506682986524, 0.059850823845435636, 0.06828979580529775, 0.09270096118190839, 0.027286459357017023, 0.042309488987831614, 0.04380325675181364, 0.03838484961423756, 0.0543366177270281, 0.05908847525404136, 0.04847436524996956, 0.06716506734117496, 0.016725677976461878, 0.0395467480274793]
            , [0.06110447526868578, 0.01758507561404429, 0.05697616767879971, 0.07446759925097746, 0.04022080212059093, 0.04955201734853092, 0.02521068834840746, 0.0694443628744485, 0.06804842178913278, 0.11171764961494343, 0.02521362114861311, 0.04508225930634907, 0.032105235849721005, 0.04192858709285217, 0.049574177091193966, 0.06866570734587725, 0.05320478453072126, 0.06750241300694634, 0.006653243373412981, 0.035742711345751646]
            , [0.06357794451620359, 0.0063026704194771525, 0.05462724972569523, 0.06355348968208357, 0.043345755195635285, 0.05970717104047636, 0.029145196388539876, 0.055274223204164266, 0.05781733229797512, 0.09770336959487602, 0.02361633736894108, 0.04349266458892884, 0.04396827395156108, 0.04265513600481098, 0.05819267436993903, 0.06619254023092028, 0.05639148510808411, 0.07835876678137035, 0.01587284618191864, 0.0402048733483989]
            , [0.12806897869329215, 0.013811127082475803, 0.06330380837845906, 0.06799009563477001, 0.03010194984373492, 0.0743140206755959, 0.030037997066259647, 0.03965415359366342, 0.026055686796253696, 0.10515054944558774, 0.016011056647599695, 0.022383324196248708, 0.04212000653372926, 0.04650747521148766, 0.08652703731377133, 0.05347347178005446, 0.05329029213502457, 0.06643954186796502, 0.014527438965538046, 0.020231988138488848]
            , [0.07946989528567659, 0.0247122892400015, 0.04481740591943891, 0.056530167188961644, 0.03672004764367059, 0.060679196602216365, 0.024198267611095146, 0.054597122967904775, 0.047586109614172346, 0.10026419344009312, 0.027131716142168704, 0.04012273829424798, 0.05016980016150177, 0.03660883227542535, 0.057742417023021936, 0.07909467766038243, 0.06278365016022329, 0.08223411608044197, 0.007461547095759595, 0.027075809593596113]
            , [0.061227153014821165, 0.01645361726489037, 0.04393692374933995, 0.05473368074685238, 0.03524158104003079, 0.05972791664567632, 0.028121586109000514, 0.049789178158914336, 0.05527735547801895, 0.10159618795911061, 0.02075895257396243, 0.03628040332500611, 0.08646174953332748, 0.05501683913831119, 0.0643743963940955, 0.06392487320232204, 0.05763326645524099, 0.06439332717632243, 0.016565277746418895, 0.02848573428833774]
            , [0.08997610670201066, 0.013743698264414437, 0.050397453821954145, 0.06951835450806401, 0.031748293652899474, 0.04985140169724187, 0.02781014152085867, 0.05682499401751267, 0.049437979712146085, 0.11209622088360019, 0.018725144025788173, 0.03952085383063768, 0.026957364875937983, 0.09537692577827112, 0.060653910077807155, 0.05794325907038091, 0.05007794654872057, 0.06129964838275213, 0.010517178540386297, 0.027523124088615757]
            , [0.0790216694239544, 0.014904243622937127, 0.06081012060842342, 0.07261298531066893, 0.033245857929792955, 0.07445340401194696, 0.021469166334329628, 0.06040334144126353, 0.0721041728650409, 0.08869752097377114, 0.013146335011550221, 0.04521844662561859, 0.03943774783939442, 0.04201024872023491, 0.05097257561786825, 0.0638085568328579, 0.06277796421641657, 0.06237282044050408, 0.015930122166245394, 0.02660270000718064]
            , [0.0643102848191965, 0.013090078435431923, 0.05075336512918374, 0.05444241727803255, 0.03906947149495434, 0.17449672700748803, 0.024962964292151394, 0.05704863075397566, 0.0456942070209066, 0.0862088348456006, 0.022895428241127756, 0.033415480272518255, 0.038019235476426154, 0.03369972044330248, 0.05112090608820092, 0.04707119883546239, 0.04616267051839909, 0.06755677545225572, 0.01535645963435248, 0.034625143961033285]
            , [0.07430847581627018, 0.015124788197744583, 0.07649230210479822, 0.0856040740840638, 0.023146104859624806, 0.07367895885180384, 0.033544697545051676, 0.027385035935547412, 0.07817194322560275, 0.05130618570029798, 0.016257493071315503, 0.06376408097623638, 0.04035296921634791, 0.05661958038807291, 0.06479241560570395, 0.0848819966600472, 0.059121877584077734, 0.03933123129164706, 0.010959605012081455, 0.0251561838736647]
            , [0.17791424492601055, 0.01401046476967357, 0.04776616491804219, 0.060058697890790116, 0.03477181381114265, 0.052918438417570816, 0.024153364622619865, 0.04899537712098866, 0.05413594482984072, 0.07670819752938704, 0.02129635516088104, 0.03583295986325138, 0.02720202262909251, 0.03683321007117024, 0.0458718799103475, 0.10114786200436005, 0.04623132995911133, 0.05309938568635839, 0.009693363369538004, 0.031358922509823306]
            , [0.07219671212022452, 0.014362347221730161, 0.05279675675289142, 0.06085776674841948, 0.1140086907745321, 0.05912843095142897, 0.025298977339616936, 0.05737431761252623, 0.053508724804337875, 0.08573169399079171, 0.021167426952240064, 0.04088706448858466, 0.035279278534097784, 0.03854402118184057, 0.05010673349118567, 0.06140978692682375, 0.05243973282252585, 0.06595992213366955, 0.009403727941291566, 0.02953788721124124]
            , [0.06821371197181775, 0.017455840293606622, 0.04588007367557798, 0.054279606158286905, 0.03687853594136344, 0.05191535759570904, 0.026680547802496048, 0.05063695318286368, 0.04761079430187676, 0.08243339732045851, 0.023140045435677624, 0.034873737664506396, 0.028663191122570163, 0.03600924779952131, 0.0486514671638645, 0.09094840915415368, 0.14661492429457512, 0.06576886126226958, 0.011914059268400487, 0.03143123859040436]
            , [0.07825837461100062, 0.011843272775479021, 0.05704357659042315, 0.07293318407764801, 0.03008265706488272, 0.045421449073704434, 0.02505345052080527, 0.049554139052149795, 0.06717431035293465, 0.07171266753368279, 0.018357467265291128, 0.0423274068724601, 0.13620801639643942, 0.03950881699198999, 0.04176595199380153, 0.06918696002985365, 0.0526564433599255, 0.05796955121508339, 0.006010617776376026, 0.02693168644606882]
            , [0.07210322551212242, 0.011412115531909467, 0.07604020450133546, 0.12157883025629612, 0.0217724485135174, 0.045615730559354986, 0.024215823776922336, 0.04147603477396322, 0.09860612482009427, 0.06279227879925982, 0.018420152110003925, 0.05771249362396905, 0.028001385189335867, 0.057966346756764695, 0.055909027458416964, 0.07513212523719982, 0.05910718496821871, 0.04884352496117967, 0.004177946204196634, 0.019116996445939317]
            , [0.07996816592964484, 0.008799689028001056, 0.05359643309736547, 0.13597744954403562, 0.03589948595173043, 0.04462427849282941, 0.021913602295819488, 0.050972646902879525, 0.09568763636508358, 0.07709354468998993, 0.018709495732457913, 0.03924714048676286, 0.028642650907048102, 0.05258792083922206, 0.04545663892172875, 0.054406410678341885, 0.05477396476930536, 0.05638625729864863, 0.010742474008170473, 0.034514114060934686]
            , [0.05546013177930515, 0.012815355816397431, 0.05242293380466946, 0.057552160552350684, 0.03197931564657944, 0.0582360919106196, 0.024928766693037386, 0.14428438863396684, 0.05347029896946693, 0.06576665115585371, 0.014697416953466488, 0.03810693823230203, 0.030992490834902683, 0.035154983104587326, 0.04735479668317007, 0.050074774582866084, 0.04242472480372003, 0.14207073033607912, 0.011538542822512493, 0.03066850668414722]
            , [0.07142099575489455, 0.01214268826944388, 0.051813416519733785, 0.059819290466014564, 0.03924166829346232, 0.05931683363240575, 0.02050800858558942, 0.061035375450231896, 0.05508139823366045, 0.0916165414654217, 0.022236171506000622, 0.037943009944971025, 0.03466926561046184, 0.03604567426789999, 0.04836473292002986, 0.05573015852238589, 0.051421717441487116, 0.06956491212049903, 0.010014524279111594, 0.1120136167162948]
            , [0.06561509337795851, 0.061330262286644455, 0.05209474290584626, 0.05434660127453872, 0.038461490851764736, 0.06700845488926811, 0.025555853097610944, 0.051910587202004435, 0.05367357905212987, 0.08889781195232657, 0.01925752408104745, 0.03816967353920915, 0.04473137987102116, 0.04126936518245428, 0.059729142011659554, 0.06411355488660735, 0.05268760057751382, 0.06925058700979929, 0.018855788387761394, 0.033040907562833746]
            , [0.08445312178502166, 0.01133494950627057, 0.052576691523082114, 0.06519055468925941, 0.03523758997662613, 0.05474787958794069, 0.023204217478201984, 0.05878588763269438, 0.04861208688113102, 0.09218907910056488, 0.022888559986700748, 0.03600445375627085, 0.028055485842464742, 0.03551591520428589, 0.1361693177646666, 0.053663583124077076, 0.053563436254523665, 0.06867335817053533, 0.009304566095311008, 0.029829265640370917]
            , [0.08987785561135067, 0.012074080395132514, 0.044827300656376266, 0.051818010273085406, 0.035136703052938235, 0.05886514563335546, 0.02023663742930813, 0.05317018030766751, 0.038933900159011915, 0.08027132222042403, 0.02107019427883164, 0.028268981901812203, 0.19768347869109748, 0.02767601828554321, 0.04663681201565219, 0.04225444056413956, 0.041254847173208126, 0.06796865741204446, 0.012900098896152262, 0.029075335042868737]
            , [0.06576149491920107, 0.012636489597297015, 0.048567523984750824, 0.05596755453986556, 0.03457220638507248, 0.19374320863753108, 0.022407326973206118, 0.06493864728392273, 0.05466504559910555, 0.08698747739308599, 0.022066524892692584, 0.04203414285524802, 0.02379468342455894, 0.03585416152748926, 0.04287392007336681, 0.05258466026576614, 0.044618667492867914, 0.06504231991680808, 0.005230622960911584, 0.02565332127725246]
            , [0.061454875604329565, 0.0168485804834535, 0.03746264204469351, 0.048710815362758925, 0.030996842257253406, 0.04385525950642372, 0.018582213622866703, 0.12375316018927014, 0.04882194802184915, 0.10434883873343177, 0.02585207017864465, 0.03305792664711767, 0.02928587085923036, 0.03007131674992044, 0.04028777014292061, 0.05068554563722299, 0.06424565599749461, 0.16009389919635114, 0.006004498281676365, 0.02558027048309077]
            , [0.08038729033209983, 0.012396553223398225, 0.05530886063757064, 0.056377585470652164, 0.03849059433820965, 0.06029360947731932, 0.1082496039446562, 0.05998864610916406, 0.05004160415530696, 0.08641539405829339, 0.02318179848686506, 0.03350360075131059, 0.032589664396860264, 0.03505965121101625, 0.04579211732453323, 0.05436082217783306, 0.05446774891936918, 0.07278303568326057, 0.013255111936292653, 0.027056707365988666]
            , [0.07531824480063323, 0.012491982682170298, 0.1489679586741019, 0.05020367483023409, 0.03751017661468146, 0.05839262136564934, 0.023517268819910706, 0.05907832059471799, 0.05183705040227108, 0.08756419320555263, 0.024052299618142668, 0.03487584861507938, 0.034591504952381905, 0.03557142932597893, 0.04817487826463061, 0.053277539150103706, 0.05031672419501169, 0.06985703631976194, 0.011944756003896254, 0.03245649156509014]
            , [0.07660034510827189, 0.011822520764074966, 0.05685918708341488, 0.0609696715945439, 0.03446178752465181, 0.06027977631197114, 0.025114327030852385, 0.05486281241089857, 0.05115640898156397, 0.08565766407517167, 0.021240249945965458, 0.040232310811922536, 0.03828533210624581, 0.04084879142974652, 0.051395058282367, 0.06007517228669906, 0.05674689829523555, 0.06716979127606483, 0.0802596896570542, 0.025962205023284165]
            , [0.057703632839067646, 0.021480307288776847, 0.02989853754737004, 0.04350924447976526, 0.05252297704858148, 0.028581134215787604, 0.023796716381940197, 0.09503408279752108, 0.04816078548918216, 0.18338213887056679, 0.04110856065648436, 0.030379167475455285, 0.023077362159885647, 0.0383462836762684, 0.045580779589711545, 0.05340393370905237, 0.04912046536675103, 0.08963056398247486, 0.01175106658718502, 0.033532259838172394]
            , [0.07816169825426207, 0.00728818906896819, 0.06702772042969103, 0.04401673327295088, 0.03485634466544829, 0.07754139117056176, 0.020370636958952002, 0.04260857541388281, 0.04351971879470891, 0.0668050475574643, 0.014093982529563977, 0.06548199125162969, 0.04272088125638209, 0.04869976753867102, 0.053177340850429466, 0.0855103589221373, 0.08086085363054442, 0.06281195855603715, 0.021145524091884194, 0.04330128578583046]
            , [0.10522148070812881, 0.025799675862441904, 0.04982424253247094, 0.055517005216321205, 0.02099476050646698, 0.05778044954237703, 0.0313124801429914, 0.029489729976782505, 0.052415219183499645, 0.04998435483768709, 0.016976480468418403, 0.05801485858565658, 0.039227999573983534, 0.04712489335512729, 0.04966447073145794, 0.14012818495320298, 0.0952648650078818, 0.04806945580277007, 0.006761559543096618, 0.020427833469237138]
            , [0.06255582362748342, 0.013793805108434915, 0.03961376170711013, 0.04327805898467113, 0.03786706306547722, 0.0520425624858883, 0.020481680296014115, 0.05915834714136955, 0.1553354703715962, 0.0853945416486387, 0.022926052490665098, 0.03123329042591641, 0.028873432710433744, 0.02835178379534712, 0.11480121736443398, 0.048469999911763255, 0.0441764271889464, 0.070192327850567, 0.009540703496835489, 0.031913650328407636]
            , [0.07394194640178867, 0.07440501566628965, 0.048793221671255695, 0.05890219688633942, 0.034774418331663164, 0.04706665122479546, 0.02290466708843967, 0.06736344913299307, 0.057598893716118954, 0.09693753180106914, 0.027494870886541085, 0.04351214567013315, 0.026151002951880248, 0.03867918528005728, 0.044951306940354055, 0.06492944442609346, 0.05464161136036468, 0.0791570801816349, 0.007173173850424008, 0.030622186531764378]
            , [0.1586348150836455, 0.006521289292485065, 0.08167604486501048, 0.11927556691006502, 0.02518228615987721, 0.05446869346182956, 0.025389388059857233, 0.03350006440954631, 0.04118589253081447, 0.07552901433747937, 0.015070251645771821, 0.024270859200061282, 0.03234965980922707, 0.049914930710873225, 0.07833257827493183, 0.04960045878487606, 0.050505626530638094, 0.04907199390752564, 0.010421528712536729, 0.01909905731294773]
            , [0.05157569567363928, 0.014057770453285818, 0.07385986514077518, 0.07342263510485185, 0.04169730710837094, 0.05476731406654584, 0.02833407832261657, 0.05984187755815717, 0.08652729337927094, 0.0797113924856535, 0.019166353887671912, 0.09866546475131577, 0.026324492854545856, 0.0348034450806879, 0.041018306029448795, 0.06393056386783687, 0.048388384092959154, 0.05721879108280865, 0.008804191544910099, 0.037884777514647874]
            , [0.0658855469313535, 0.013226094272118516, 0.04901863332020666, 0.052750364544910854, 0.02962727676465338, 0.053192624649953016, 0.022371480327540556, 0.04909971729143137, 0.04835599167245779, 0.21584195469195636, 0.07657847555093704, 0.03612659101729256, 0.025470410828201968, 0.03281771084536311, 0.0451726515992223, 0.05012542732926521, 0.04405066776864974, 0.05439240879685813, 0.007533544729512798, 0.028362427068115245]
            , [0.09524694389125418, 0.011880433849390437, 0.03979898150957297, 0.045453208560903936, 0.03002512019938542, 0.051442959235409896, 0.017614973188929427, 0.06665870803631653, 0.03913329368865854, 0.0926077011167775, 0.02613498985535347, 0.06942137575010768, 0.03719671875961686, 0.059264810872956784, 0.03433936326744793, 0.10047852856547013, 0.08263824654141559, 0.06986340597095554, 0.006008381223542731, 0.024791855916534537]
            , [0.0580642101779886, 0.014588918848199245, 0.03623401398909481, 0.041330649636966935, 0.13059651384897936, 0.04043196914590384, 0.029151734674577264, 0.05985554794547729, 0.042374680539396026, 0.1017439908175039, 0.02770431463898513, 0.035491621938365935, 0.02404972874363628, 0.03157522973394883, 0.04004758415798655, 0.0512978893609724, 0.046217093644340346, 0.06307673891352558, 0.016057433363594765, 0.11011013588055696]
            , [0.08588762720310703, 0.010875510073495487, 0.05061825162726771, 0.07399007041389416, 0.030115721536654115, 0.05155645814362392, 0.024615903564438452, 0.07208423235316432, 0.06941903602627598, 0.10282636475278265, 0.024812751256250175, 0.043433264858264126, 0.025774672145125428, 0.04536224370904607, 0.05269562614366912, 0.06645797687337993, 0.06037335686501163, 0.08186523769978772, 0.002051259556908168, 0.025184435197853808]
            , [0.0617324699993457, 0.016331579091533766, 0.048723659040914066, 0.06638497534281437, 0.036854875236833624, 0.045160571252944766, 0.07037805638353464, 0.05287664606476151, 0.0660939780729552, 0.09120161192933372, 0.022385613672391242, 0.04834142123647471, 0.02641270857606889, 0.06474146419744245, 0.05943304247642678, 0.06763232302826847, 0.05383925869034422, 0.060147577842243276, 0.006067490681779993, 0.035260677183588524]
            , [0.05474019833567317, 0.008175091771212015, 0.036199697381575226, 0.07009891052807937, 0.009775197965718206, 0.026750567133467334, 0.02906371682207453, 0.021284950418730086, 0.22128553530735404, 0.035541097649433404, 0.016302705500607167, 0.04973197038839233, 0.016451367624985273, 0.07839806062982133, 0.17571119115769077, 0.0598915260851376, 0.048955296355716, 0.027214905292007676, 0.0026895551079234204, 0.011738458544401066]
            , [0.06575955198519816, 0.013675479627909208, 0.04537680810234666, 0.08969225649380165, 0.029679064176951726, 0.03120708155263557, 0.020634167869298222, 0.06206276325424304, 0.0932906315568998, 0.10292446849295354, 0.04623480991431814, 0.04487131746534785, 0.015663771815513046, 0.06671523571289346, 0.05795564254588711, 0.05894319356678907, 0.06128521084261672, 0.06433818472293006, 0.005568482250644633, 0.024121878050822474]
            , [0.0630794091400978, 0.009181437979625747, 0.05244588650417661, 0.05740165651783331, 0.024520462280589083, 0.05833641590036323, 0.021012269713677343, 0.13651162521594007, 0.05152400516829234, 0.18746075197351308, 0.01522632110255243, 0.03811883480201477, 0.02551952517756728, 0.033722691159417145, 0.04332824776731062, 0.048362505253604, 0.0407717313693413, 0.05754696141910976, 0.008172247354241683, 0.02775701420073254]
            , [0.1045629379218392, 0.0018439327955560854, 0.06469674537644, 0.0646789264281521, 0.034452013341430374, 0.05996676468444596, 0.021233518215262464, 0.04296768450360743, 0.060196235373047954, 0.08942852769854541, 0.019437225461896544, 0.04115624900399034, 0.04424892680284004, 0.05472159156639899, 0.05843054103969518, 0.05477092453736484, 0.06247261806492434, 0.06921778815300682, 0.018961761698466865, 0.032555087333089004]
            , [0.06618901088423655, 0.010889001008266267, 0.1289616294390535, 0.18135397866905767, 0.03552750210949238, 0.04503641346868018, 0.01702164211658299, 0.05758424481355715, 0.04259305494334628, 0.08362924108481776, 0.021314667977690542, 0.03137061046418776, 0.027650649156818845, 0.031131831345425832, 0.03148546497017885, 0.045612128832628426, 0.044110682777121886, 0.06224783149388088, 0.008822233365498838, 0.02746818107947722]
            , [0.0686525881227059, 0.005903859226993084, 0.04394095300120726, 0.062496434728065056, 0.02564983355542267, 0.040444099504516266, 0.03446037843327344, 0.039206454856427236, 0.14684430080599242, 0.06824958138364005, 0.01780436048994567, 0.04972499628811085, 0.020797873689308136, 0.05346439422001056, 0.1364305395620357, 0.05419418161581322, 0.051159733435202165, 0.047364404410754686, 0.006944982611729271, 0.026266050058846357]
            , [0.14239735532920775, 0.013927924174920918, 0.059221861032745585, 0.07623186499285614, 0.01580695021734654, 0.057489325225715794, 0.024464191485776464, 0.04530678710757914, 0.050233428358805884, 0.08684133520822146, 0.023006289215666303, 0.03966620135936101, 0.02408875085344625, 0.055865501248535815, 0.05805147126117752, 0.07718623882830487, 0.06333900819214577, 0.0694911696845601, 0.004403813914373276, 0.012980532309253617]
            , [0.0860307658457874, 0.00347738139189001, 0.08339488013862373, 0.07963730974912124, 0.01863421105300142, 0.0668771615246496, 0.024923844549814323, 0.025322955926572827, 0.07853846350332143, 0.044902847322003066, 0.0125583485035882, 0.06438070829819617, 0.05302813939194782, 0.06363612843752849, 0.05737019280895019, 0.09225529918519788, 0.07429408492365198, 0.03931178711887051, 0.010115198327100772, 0.021310292000182845]
            , [0.07809145888025641, 0.013843149693324218, 0.0394026673110461, 0.048028598707812, 0.04020118621257971, 0.05622966051265709, 0.02042965318349723, 0.06186025480149531, 0.04234905983407564, 0.09008283727437373, 0.024352290287816204, 0.1425984043778693, 0.03349365185547651, 0.03412801471659272, 0.0474089764283498, 0.05902341323060408, 0.05340102314556286, 0.07054073042610214, 0.01344222844388555, 0.03109274067662339]
            , [0.046776063911982066, 0.00729174954150165, 0.31397470033811803, 0.15842387504967081, 0.0073101599760389754, 0.04325598989609871, 0.023417906437853627, 0.011173130076336399, 0.04179867136003183, 0.016876970334405335, 0.007891712058593204, 0.10652557094054123, 0.01644807490019043, 0.04127664998251636, 0.025423832889924548, 0.06576577608183314, 0.037560163180554634, 0.017232771227153096, 0.0021432339638732755, 0.0094329978527826]
            , [0.05496686007813255, 0.0032610348244047804, 0.06961260313339697, 0.0735104627665616, 0.041640013866639305, 0.04845085925832843, 0.02936224614527259, 0.058810454709566355, 0.0895757834728049, 0.07760877120148237, 0.01636390412441866, 0.06659625274528772, 0.03168665402375756, 0.057235273359387905, 0.04736743195333136, 0.0652603285143412, 0.06211514013057047, 0.05334501675798164, 0.006093192740626817, 0.04713771619370676]
            , [0.06275507498021576, 0.005134081693948832, 0.15516911603011085, 0.31701454800704265, 0.007624513173579066, 0.027569024853776186, 0.021575755074108215, 0.014394698959794276, 0.05537606672252675, 0.023391880721707514, 0.010625516387311835, 0.04174044287118432, 0.016766830694110897, 0.08205536040722582, 0.033887313298169186, 0.05034924582043698, 0.03837902658389278, 0.02502534816547774, 0.002365349215592236, 0.00880080633978824]
            , [0.11795879552935355, 0.018039964808417984, 0.05122166350553037, 0.043792184532556115, 0.010510660606651036, 0.33649592154634456, 0.018664104414248674, 0.01399850904391123, 0.03498332552474529, 0.0224137382026552, 0.009695260144547298, 0.05366002831380312, 0.01885698123081975, 0.02937019175946105, 0.03192294260665597, 0.10662068880362839, 0.043556230064619825, 0.024585040490825067, 0.0037895048587083522, 0.009864264012517415]
            , [0.08637214416197715, 0.016502978278900453, 0.09747958768405836, 0.11095857869335614, 0.012416804238829003, 0.06832803679054175, 0.030460971292687163, 0.019955534936802084, 0.06543856847315388, 0.03847346665891711, 0.011697539644177083, 0.07053979753655115, 0.046597653311919604, 0.05782367609199905, 0.046857999919408096, 0.10854628250807459, 0.06402819310589272, 0.031864400370497044, 0.002487501247897747, 0.013170285054359798]
            , [0.08356151233952935, 0.00867744241903757, 0.054875543554491965, 0.05738004866103288, 0.03807589517297418, 0.06135883666024423, 0.02393764443658506, 0.04169010480392534, 0.050063262940122186, 0.08000800872166955, 0.09638525090996343, 0.04207311268457456, 0.03828120088881644, 0.04635088346378812, 0.0483067705937316, 0.05718300857566409, 0.059489591008190956, 0.06455635625197315, 0.015148313854951639, 0.03259721205873377]
            , [0.07696385624156758, 0.004546846736857502, 0.08097448029090604, 0.11455933059120404, 0.014648355275869577, 0.04438372663908646, 0.028643263993591375, 0.025256263690884607, 0.11069627859811271, 0.04348180276317345, 0.013228761603487654, 0.06158021084553489, 0.04137332431242791, 0.07644292417665444, 0.07219611931631892, 0.07775017927392751, 0.059584617365014844, 0.034121892336474856, 0.001778332780267193, 0.017789433168638527]
            , [0.03096845016030891, 0.008262410365683238, 0.014330301487632615, 0.03002850888861123, 0.0065316517065826495, 0.01615442458660643, 0.02423131843964156, 0.013464972177562142, 0.2874361711562205, 0.02481634305010631, 0.012052132383871239, 0.03095019727331144, 0.011089481188809328, 0.05979199900591039, 0.3336224890756376, 0.03814387043341824, 0.029744880627297583, 0.01734818043757033, 0.002773448780988705, 0.008258768774229697]
            , [0.07855154419756169, 0.0060254188165994645, 0.13193094683266168, 0.1857845159051067, 0.011510465560480956, 0.04211656100934138, 0.02511711726340101, 0.015973347025127718, 0.0860277899833941, 0.028841444509422713, 0.012298794302772179, 0.05525563005890516, 0.03598458448850853, 0.06545962012629215, 0.053561490658931524, 0.0648773313439949, 0.052693610275988054, 0.02703699379487153, 0.006178086888440898, 0.014774706958197626]
            , [0.1743532143329041, 0.012497732523861478, 0.0378989805953236, 0.04270746603250024, 0.03084948096836593, 0.04208003158994756, 0.022505153457982627, 0.05936812272932665, 0.03987460207096162, 0.07308200276006051, 0.018696882523758167, 0.028820858086883824, 0.02537676231681516, 0.029084567792734082, 0.04271475294769679, 0.0430914359127012, 0.05986682736503727, 0.17912536071361, 0.009745798913689659, 0.02825996636583946]
            , [0.052999082118925234, 0.009850748943935424, 0.029776899786956714, 0.042330958115024846, 0.0743871548598982, 0.03049604811328608, 0.023941977615197795, 0.12393856343185994, 0.04442707220123333, 0.16300001464880656, 0.03572977402762319, 0.02940988507333597, 0.018224616695754495, 0.02796698136297979, 0.03469460008708745, 0.04237619850589736, 0.048872916508806506, 0.11092057806652582, 0.00481909391190498, 0.051836835924960266]
            , [0.058016579970533735, 0.015287800163590468, 0.09321063812948345, 0.05923660472725687, 0.014800961168474878, 0.055182504730820835, 0.04866946761918299, 0.02010310663030142, 0.06383412989782035, 0.030528422630556013, 0.012993059636880895, 0.1977282357846504, 0.016074334895626888, 0.047347835691740836, 0.04982456648827818, 0.10725183442608593, 0.059222486264837365, 0.026524570706469474, 0.004015052186660106, 0.020147808250749067]
            , [0.060916529292693394, 0.010652127223117053, 0.04991041521782315, 0.05135384302541425, 0.0307771722615095, 0.05652198081058947, 0.021917043678639846, 0.13842602223730038, 0.04960454123775221, 0.08349110976619117, 0.08875899603797621, 0.03803122711873729, 0.028541759573062295, 0.030576369358095937, 0.04413005517110878, 0.05031630232008658, 0.04418539405261881, 0.0821600084575751, 0.009657301236878628, 0.030071801922829714]
            , [0.11108411783070693, 0.010927150025270938, 0.03861754159737436, 0.0453132315660202, 0.035517513623997354, 0.05557957771740296, 0.026831722573877777, 0.05911532449040817, 0.02482091292726547, 0.20428671064199663, 0.039468879474063856, 0.02060337196758448, 0.024768700896864247, 0.03662549344781638, 0.06541939771026256, 0.03975711306014121, 0.04385922750958768, 0.08248436626682969, 0.013050059766338912, 0.02186958690619006]
            , [0.06680944630439457, 0.017336108571225497, 0.03351505278306233, 0.05220808506556708, 0.017114928274345374, 0.04331753593696689, 0.029590711191590523, 0.025862581062142686, 0.14155498643295464, 0.048556469898617755, 0.017508745806160412, 0.04130419850927848, 0.031023923782654, 0.06902291777815764, 0.17562898811346114, 0.06833722477076865, 0.05599703479079231, 0.038297170600188876, 0.009398331220622287, 0.017615559107048998]
            , [0.10385120842899422, 0.016251808625657605, 0.028713145785326577, 0.035787531497607473, 0.013197171256510515, 0.029358060360804378, 0.01738438133360137, 0.04203572956355247, 0.0401072452643123, 0.040002435181540584, 0.019715223247067818, 0.04238548039044088, 0.02170583127955355, 0.029527631648639464, 0.03235706144188131, 0.16581740465342615, 0.24270450528180873, 0.06337914778270873, 0.00371791785925891, 0.012001079117306917]
            , [0.06615687568897459, 0.014325917699496458, 0.044550266734000046, 0.04901110911078072, 0.07197630920537175, 0.04651855449218463, 0.03229216333751983, 0.052401540242863705, 0.046036783415283625, 0.08190992760415258, 0.023480504568057215, 0.0380005732083353, 0.02902152234395388, 0.035827939778957395, 0.047259382802864076, 0.05465586691966276, 0.05006435355344807, 0.06253262330298741, 0.0693990555203649, 0.08457873047074095]
            , [0.04063235188281994, 0.015015736177183152, 0.01554106556627219, 0.022000712314718285, 0.11040198031190665, 0.017675525921709463, 0.019860577598516428, 0.11727484738354926, 0.027998993432929938, 0.23352067907132254, 0.056173703982614676, 0.019902570052424774, 0.013943659345931775, 0.021804647714431896, 0.027572493003754462, 0.02986800904750575, 0.03580994051353631, 0.09396435505691135, 0.016653072181480058, 0.06438507944048108]
            , [0.07148382319521347, 0.01139913633306038, 0.05282069890095765, 0.09700139950893695, 0.015911576375765714, 0.03232791622179345, 0.051534408712773164, 0.024858005549006995, 0.08258889850208526, 0.053587212307593814, 0.02229192594813944, 0.05437759640190297, 0.02306874274696742, 0.14802954782424357, 0.07407041665685894, 0.07080245298375573, 0.055907311410777025, 0.034432928075175555, 0.004680039158502043, 0.018825963186490567]
            , [0.20463971006082893, 0.002626661488780106, 0.05679780988325056, 0.04770415768535038, 0.03250675291655794, 0.06666721665063147, 0.014270209183487084, 0.04762688682926983, 0.059461703839488456, 0.062392144942436584, 0.016930874811406114, 0.038665451915902344, 0.031108704031518417, 0.034730729572161945, 0.028624607170090983, 0.09824279943809253, 0.051834201298153235, 0.06540815366919824, 0.009945529066655806, 0.029815695546739126]
            , [0.3165396776490458, 0.020670317169139384, 0.029671831286269407, 0.04273663242064433, 0.010522515945232602, 0.07009081776940411, 0.014379878675686766, 0.025653087860790003, 0.029661194357432502, 0.032466574022411814, 0.013966184232909894, 0.02524197805646669, 0.027824690658161465, 0.02885352597718174, 0.02871012171837495, 0.13550928483747826, 0.07092044885025854, 0.064627944547062, 0.0030544793859319805, 0.008898814580117985]
            , [0.08041053679175622, 0.0021773786042548326, 0.05809147619522474, 0.07874895120308675, 0.027350968000987273, 0.05343430665711785, 0.02001745390564935, 0.07221185511659059, 0.06250320894762347, 0.12523859007219929, 0.038477762553464204, 0.03796923050541601, 0.029217460035685046, 0.041998305912832185, 0.05329683879186589, 0.05278302514398852, 0.045894340946068146, 0.08349081436295441, 0.007185829852772644, 0.029501666400462236]
            , [0.02507654427508843, 0.00981655245453958, 0.005975287570812971, 0.010857828674801376, 0.05019647489062537, 0.006278970737832289, 0.009483347052421211, 0.1371204694327613, 0.014028510035817903, 0.4422493311885063, 0.0971595001357555, 0.009068033944862958, 0.005397433422614764, 0.017201563303902975, 0.01436984660912873, 0.016578819130912508, 0.021535536099179534, 0.09013854374458374, 0.003328893116131586, 0.014138514179720755]
            , [0.0713365357453735, 0.0031378866976754186, 0.05271731318821613, 0.043816807425114415, 0.03749717962329225, 0.20733654558886827, 0.021106266899861004, 0.04747441012768694, 0.04525568716056873, 0.07641736266889744, 0.018937648754834717, 0.040744681209656915, 0.03770104085740708, 0.0362804276615202, 0.045101668435825706, 0.05475019713098139, 0.05005179763828656, 0.060929679809192505, 0.01313182806257559, 0.0362750353141652]
            , [0.10625229738466171, 0.010265033269578483, 0.04396334543579669, 0.05909756929717534, 0.012877681772332275, 0.034161497357812244, 0.02106553795896061, 0.02482414030116714, 0.04898161114413362, 0.040808670598131494, 0.013793840995917737, 0.03467846339054187, 0.265003399692821, 0.041858552907120566, 0.035479089613974515, 0.09236391346459857, 0.058574055233314895, 0.04029025929620601, 0.003538793030676885, 0.01212224785507836]
            , [0.05364143137626355, 0.009828761607282945, 0.02842231288816982, 0.03389622443612952, 0.06380274343210014, 0.03586172903731191, 0.023803589503424972, 0.12647314599891318, 0.033458320298455684, 0.1472521139808763, 0.030003254019033077, 0.0229181016481663, 0.02147070799683143, 0.02784048879083857, 0.04216618864464796, 0.039092455391772446, 0.0457944925273821, 0.13417637688799974, 0.02696650719927965, 0.0531310543351209]
            , [0.07692749519760136, 0.013523968501305644, 0.08114324298044505, 0.10902195248478155, 0.009587464633805661, 0.056930252018258756, 0.04099268255271763, 0.013277424249053841, 0.10087280827047954, 0.03235698236088366, 0.009308007704639892, 0.0712020627389928, 0.01998304837498875, 0.08631799646498833, 0.0984472946770428, 0.08600639044949784, 0.05337916604348356, 0.02244675628445597, 0.005473383792545668, 0.012801620220031727]
            , [0.0893503278021797, 0.003118092259122384, 0.05756009434696433, 0.05284555494684631, 0.03357705833003091, 0.06233797357609708, 0.018940977602914348, 0.041287595469927725, 0.052510094475536034, 0.06645603874711978, 0.016215047435694983, 0.042444279873771563, 0.17373481865199444, 0.03376531246280001, 0.04031830027058499, 0.061150600137128495, 0.05239675411454341, 0.05359778908935335, 0.014698149018473685, 0.0336951413889164]
            , [0.1838831110545432, 0.03494869081096604, 0.03173462619444118, 0.035903806077732726, 0.034248640061174604, 0.1630613535746084, 0.020766718808239916, 0.04721617971016178, 0.03335991536777014, 0.07630010415455592, 0.023663747475875144, 0.028766208398080514, 0.023795402369359345, 0.02639392758559001, 0.036436339358564995, 0.06143424445016185, 0.04365272225939221, 0.058646267033071804, 0.008406531141525496, 0.02738146411418506]
            , [0.06811629815378996, 0.00849759142877596, 0.06436786088670032, 0.05657218007545792, 0.041597218500573484, 0.058135690467757545, 0.08848651920521455, 0.028593465666578805, 0.05419530258471353, 0.05413635277908303, 0.016222355462461174, 0.07263940998886166, 0.028799092529298305, 0.05142992325765641, 0.05727412350825754, 0.07945739888841857, 0.05809349267532531, 0.04086207715965023, 0.015135471754560932, 0.057388175026864885]
            , [0.06406045876828081, 0.010691245932648918, 0.045647853207334346, 0.04114765026740203, 0.022822367573818256, 0.05947300846453696, 0.022788446905417974, 0.10741399367138667, 0.027249395395412202, 0.1865263276542186, 0.014406908401468648, 0.023613770592230934, 0.027934488183887413, 0.028030660043075917, 0.04934466145632963, 0.034893330019476185, 0.03077405974992925, 0.17232137069676284, 0.010666242984281723, 0.020193760032100896]
            , [0.165198333981946, 0.0062240163327166005, 0.05308080510149682, 0.050988160912792936, 0.01374801103653395, 0.08040407830528637, 0.016021892688029393, 0.020804211864746007, 0.045449465153975424, 0.033349980027855344, 0.012988251531580427, 0.050083677012271004, 0.04089257912644829, 0.03642102679476306, 0.03403815312105731, 0.16952379707559556, 0.10653937530042798, 0.04318365920248272, 0.006344489467084554, 0.01471603596291022]
            , [0.06252858299316766, 0.00493949796607777, 0.041904939563051205, 0.04618796818695845, 0.04445385487145184, 0.051065113003448424, 0.019714228716606347, 0.059365334501771005, 0.04104258174342151, 0.12150278617964173, 0.020545256297503662, 0.0418414335985549, 0.09448543193377168, 0.03405614459265968, 0.04962032783590782, 0.08277074046337314, 0.05775998636059575, 0.0821954215068099, 0.006735336180334867, 0.037285033504892304]
            , [0.1625114631417551, 0.02648272617826935, 0.03622194319015108, 0.03538196109716125, 0.009883562177469198, 0.06188948686972585, 0.019627609797386376, 0.014170503676448214, 0.030646435308366693, 0.022754212026886017, 0.010418826272131329, 0.055087446346660844, 0.029606864740069308, 0.031041157997958452, 0.027644399858786816, 0.2709134905495626, 0.11305192178286709, 0.029082294644308358, 0.0030557717837695056, 0.010527922560266864]
            , [0.15790093399737024, 0.013367552376209653, 0.08097036119862028, 0.07714977299250715, 0.012911959472457523, 0.08926386180202864, 0.03362420426892335, 0.016144557185005723, 0.027766069331882047, 0.04432489224507858, 0.010743828254885915, 0.035045383064747616, 0.0633380071610388, 0.053155719375651424, 0.07759163152324917, 0.08429641205046377, 0.061377970896027985, 0.04063153395437097, 0.007790891843413016, 0.012604457006068133]
            , [0.08428544076515175, 0.009839564004202285, 0.06321952369465249, 0.05346925968157184, 0.019136179732808973, 0.2740404389017334, 0.02755282519417695, 0.027963651222162, 0.045468935277910356, 0.050132253958157416, 0.01431733705642931, 0.04931089608630418, 0.030005848059634195, 0.038859596705918105, 0.05438178051067541, 0.05649022927894214, 0.04110236998179635, 0.03924393266836985, 0.005848294877696095, 0.015331642341706798]
            , [0.05542554122667967, 0.011895617068241432, 0.013487139450441214, 0.024984763567048065, 0.04000634474943561, 0.016597236727040846, 0.013692755038370572, 0.1429936340102162, 0.025412909942305995, 0.2578698930070069, 0.062305799299008646, 0.013186877767812051, 0.01631588331787939, 0.029912280716937, 0.03543848662955994, 0.028786981508802347, 0.044056953795606264, 0.13935063531041786, 0.01200506151106385, 0.01627520535612599]
            , [0.06699717012631666, 0.050078512214280946, 0.043848970602641, 0.047194872376540374, 0.04535584341272186, 0.043360476732734014, 0.06021551935155943, 0.03957042989272883, 0.04811069306625911, 0.07564259442203287, 0.019272585702560106, 0.052094458045944515, 0.03319369128547449, 0.04433982198611153, 0.061673486368896184, 0.09075201242045076, 0.059656341630782525, 0.053054614512034456, 0.012119972616286603, 0.053467933233643614]
            , [0.07217268624551978, 0.005113371086560483, 0.05202615322843663, 0.04915542092028036, 0.028777888567234098, 0.05681786364003118, 0.017578006143783152, 0.0664859523186803, 0.05536329222291606, 0.06769860051481813, 0.014894481692028238, 0.04161386755920849, 0.0342749423656216, 0.027499517147082195, 0.043962948883992575, 0.05014562573617685, 0.19231305186329004, 0.08041334046073331, 0.01146991814099258, 0.032223071262613805]
            , [0.04617761717620937, 0.007817304470113055, 0.008707429842381893, 0.01592247253095376, 0.015605600997179512, 0.008821583191952477, 0.007062340464963733, 0.2840421529149284, 0.016695093612907844, 0.1174526510202095, 0.02692007691959871, 0.011055237801625432, 0.009482495059529979, 0.013340581690947638, 0.01323713455728037, 0.02003652257346292, 0.043963941552359685, 0.32297883682515816, 0.0021498452162913287, 0.008531081581946284]
            , [0.0665802494521012, 0.008289107787723597, 0.17361269811823796, 0.06847201199439679, 0.021002966525393477, 0.052757748237461856, 0.026651804421696165, 0.03682809391919542, 0.04557420629850987, 0.058654701254897766, 0.016998579465515494, 0.101612252267164, 0.02581373657636543, 0.04083357448160028, 0.044417626431574465, 0.07843946574091415, 0.06301487298324474, 0.046487582114126305, 0.005797743564612504, 0.018160978365268712]
            , [0.07119717727629889, 0.005202029825459684, 0.050932972496289856, 0.05525172838991029, 0.1345534140492651, 0.05622136140126689, 0.016585788545787645, 0.0403484844014605, 0.05138424463561783, 0.061777476474922384, 0.016241166726721053, 0.035568994981972295, 0.027916514852309508, 0.035829537059032655, 0.04335340538844871, 0.050211067760368336, 0.046689160034666506, 0.053456521755738236, 0.0072627917401884515, 0.14001616220427499]
            , [0.07516935815414125, 0.0036744815182486582, 0.08985808730493654, 0.05856428812827759, 0.03127005530064107, 0.0612978314591007, 0.015086365801338245, 0.050732733536723515, 0.0801341731962688, 0.07318632803689705, 0.017541723978402316, 0.08551487809293641, 0.03449317709156494, 0.03375477919979688, 0.03201804742324303, 0.07164274422311404, 0.058988604309019206, 0.05565507514210633, 0.023575439333617384, 0.04784182876962592]
