# This script is generated automatically.
# Vector of amino acid stationary distributions.
distributions <- [
              [0.10349355520445028, 0.016195323499112357, 0.06635404067448265, 0.07507108111766392, 0.025109052907979615, 0.05518030177077003, 0.028532821756005262, 0.03794953480271535, 0.06849426877660197, 0.058894393646402955, 0.019422593935114196, 0.05207702106883748, 0.043564122294021464, 0.049145623958130186, 0.06233599744664307, 0.0851665044895073, 0.06663362603821962, 0.052017913665219254, 0.010152826897586769, 0.024209396013354565]
            , [0.046404730333906005, 0.011619813427033127, 0.009222474516099241, 0.01251342870003426, 0.0463196384849309, 0.01496680131328594, 0.00852568365018714, 0.20386344739059303, 0.013408566830388678, 0.24928890449365437, 0.05752501154368482, 0.01042305531348934, 0.009850376220280795, 0.012999869260374438, 0.01466463798405223, 0.02089030158474669, 0.03440892790279532, 0.1999765387741241, 0.006033090700434665, 0.017094700123385532]
            , [0.027949681312233132, 0.013240814561343354, 0.010747226625962003, 0.012176241075811112, 0.2807967284570523, 0.014183919099390964, 0.04327282242076075, 0.03283764683426378, 0.013394200241583401, 0.08425718107298391, 0.022404600676313974, 0.017379564735784437, 0.008521500924444807, 0.014813054091403124, 0.016359352119615568, 0.024896270039956828, 0.020160606557883924, 0.03390193460805317, 0.04248448842739533, 0.2662221669807747]
            , [0.0961859379841855, 0.008624755717519663, 0.032986906281423006, 0.02232490489223006, 0.008337068395424939, 0.5783851198192591, 0.010455424802291433, 0.011773063253678516, 0.02108874678351854, 0.01739797850835169, 0.006885353233129936, 0.03576102176654742, 0.010728549035773617, 0.015538837287216438, 0.01914100983284485, 0.05623725751292326, 0.020386221234125243, 0.01694546285419951, 0.0033325735686748938, 0.007483805832005478]
            ]
# The number of clusters.
n_clusters <- 4
# The base file name of this file (for reproducibility).
fn_distributions = "udm_0004_none_rb"
