# This script is generated automatically.
# Vector of amino acid stationary distributions.
distributions <- [
              [0.0666134200606377, 0.019771010087764128, 0.05772027757207602, 0.06270889742684338, 0.03929264003266027, 0.06092318015371054, 0.028934064136901184, 0.05803093435924683, 0.05995320100827862, 0.07759773627955717, 0.02175056922408972, 0.04830283689882691, 0.05085627203632241, 0.04958961807890109, 0.059415292164661515, 0.0647885926463367, 0.05875836960333673, 0.06639687966544422, 0.01522473895286044, 0.03337146961154419]
            , [0.06880449584702941, 0.017898383116973098, 0.0564672560114527, 0.06595940240028628, 0.04350801643985482, 0.055626154274700065, 0.025730665076573404, 0.06482249989522045, 0.06237924024731159, 0.09217693749335822, 0.023618928675731524, 0.05227126759833579, 0.030608744586400418, 0.0507607985579289, 0.05579406322461999, 0.06853478015316775, 0.059723684299877275, 0.06882240261069858, 0.005184124883644593, 0.031308154606835316]
            , [0.1293281314363602, 0.01337251842427113, 0.05758097927153674, 0.06471983000728554, 0.02964430767106073, 0.06415860651255459, 0.024950624045229002, 0.05359241423081789, 0.05001107804210684, 0.08472838754970215, 0.018855673144777305, 0.03337940494957285, 0.03463491678716353, 0.05205830344947838, 0.06280782956804612, 0.06532609072495635, 0.05890176459672091, 0.06638389307197709, 0.01043591739731041, 0.0251293291190723]
            , [0.06844772348880866, 0.013840898276800098, 0.05171650708653383, 0.05972352807793176, 0.04403907868473736, 0.05887202301194098, 0.024586484054682785, 0.061631838545207915, 0.055265194982449174, 0.12668819590390962, 0.02170859812897373, 0.03382976015522683, 0.03609958295742163, 0.050453125080620734, 0.05946130182362491, 0.061774924077256724, 0.057170454154365065, 0.06985386501231677, 0.01571882270099929, 0.029118093796192145]
            , [0.06852543141288944, 0.003774948497040284, 0.059277565326280375, 0.061863364910391516, 0.044197763388514714, 0.06235576105416252, 0.022222135138583954, 0.055871078996062876, 0.06076754588489628, 0.07577675178567052, 0.019986256376801074, 0.053472177239742104, 0.04569648714927375, 0.05303254410377512, 0.05688480764704054, 0.06669675900857801, 0.06187690757806895, 0.06787819797796674, 0.014047453983949616, 0.0457960625403116]
            , [0.06552281619070909, 0.015087785877331403, 0.050881087453078545, 0.06126285010828789, 0.03785579308423966, 0.053084113536244926, 0.0234830654634543, 0.060598582067007314, 0.057197588329436846, 0.15783215116133126, 0.022845159900917216, 0.04398761542865296, 0.02775543587989804, 0.04988746129407562, 0.05593545404861779, 0.06238410684086705, 0.05513329745730542, 0.06338176673527356, 0.008193728290462273, 0.02769014085280871]
            , [0.07201262140778994, 0.013348800046172738, 0.05851231410922363, 0.06119633481622887, 0.03225475903257296, 0.1312757982772332, 0.02284171823198317, 0.05652490801306565, 0.05607799054558693, 0.0808198173734201, 0.019072349271148852, 0.04821279869160407, 0.03157287583882501, 0.03827499880733998, 0.05643789050888116, 0.06419521733039121, 0.05536982845556721, 0.06385811024931001, 0.010756764567154818, 0.027384104426500428]
            , [0.07259079565483659, 0.0153860988505217, 0.05493944351754768, 0.05932444616136746, 0.031466632594223026, 0.05991017286939676, 0.024578165701974384, 0.05226856823793265, 0.055947959727010416, 0.07634041550556488, 0.019186398083946336, 0.0544046713761178, 0.03062524705939981, 0.04735522163963342, 0.05572612311295926, 0.1226837454204351, 0.06846724713582207, 0.06149168352563723, 0.009792641540210293, 0.027514322285463175]
            , [0.07028023802588282, 0.01228572687482457, 0.06517221565754007, 0.11909489945562546, 0.031207525724200515, 0.05679430344222214, 0.022738846791665417, 0.05674591130716686, 0.06347475733935354, 0.08222167546849929, 0.01958976517788579, 0.04634250639639752, 0.029872622212362292, 0.05124400164434581, 0.054647304303184666, 0.06129050521056987, 0.056294721018868406, 0.06292121533838986, 0.010008278957321723, 0.0277729796536932]
            , [0.07140380829269782, 0.012569830524310021, 0.051566209367535594, 0.059933023772688006, 0.03899649019304485, 0.057652641039343505, 0.022234243851979946, 0.06831531478415442, 0.055692383406396255, 0.08109574136537036, 0.021252842306004743, 0.035245514715186804, 0.032926174952220735, 0.0339857668330455, 0.05547600595350016, 0.06180526445162413, 0.060447478729978944, 0.13907532137836412, 0.01088609776816448, 0.029439846314389385]
            , [0.0777909138311047, 0.009951764209214248, 0.05388342030217166, 0.06113555517420914, 0.028857683348156703, 0.05814681632557384, 0.02106917906166623, 0.05207974827975896, 0.054454739007311424, 0.07491484081295269, 0.017744807986928526, 0.040197827957747394, 0.1272764307530786, 0.043855004878373405, 0.054277941327674335, 0.06647731172545361, 0.05818993215652414, 0.06435486158240816, 0.009875613401739699, 0.02546560787795246]
            , [0.06694222585082703, 0.012732139099921038, 0.05469408883664839, 0.06624330782069295, 0.030436600456761363, 0.05565999264658234, 0.02258564555605672, 0.05833710057814694, 0.12333803223400513, 0.07832000027470663, 0.020264918090828428, 0.051049902250887985, 0.028078631499856215, 0.04958515128884544, 0.06288192442436913, 0.06230060845311322, 0.056756146494094606, 0.06273327846679745, 0.008897606708910702, 0.028162698967948374]
            , [0.07731205829193331, 0.013067726181676393, 0.05372833001887865, 0.06236688460781547, 0.029738507522429958, 0.059252634693287315, 0.025967375876594614, 0.05270338790250135, 0.05912848507745656, 0.08343656497232718, 0.01887458107190624, 0.03622627240975806, 0.029660885412371968, 0.05323251024124352, 0.1224611924645624, 0.06277963934858596, 0.057980366220902885, 0.06430206982716087, 0.010903381279026273, 0.026877146579581002]
            , [0.07290451379402615, 0.01008338988052173, 0.1300612817308791, 0.06193123275985527, 0.031806322745124946, 0.06244445445559262, 0.022204682009153345, 0.056226415661541886, 0.05650676801446838, 0.07821809667331185, 0.018654413520723247, 0.05309460779549631, 0.031242325250708563, 0.04141174540422515, 0.05293327246691979, 0.061667832254021546, 0.05569082310316316, 0.06355316757312682, 0.010834631121925871, 0.028530023785214277]
            , [0.07113041185707755, 0.011208188855624811, 0.05468206134557931, 0.06000033387802813, 0.02939381292066637, 0.05709247782982239, 0.021362693273087516, 0.057711843789827015, 0.05726385160125013, 0.07668669062861462, 0.019476209149105694, 0.05064524763263827, 0.029601115325760954, 0.045138271659344635, 0.05628243936901996, 0.06882007699960431, 0.1319680245256296, 0.06558795497345514, 0.009976376265107549, 0.025971918120755885]
            , [0.06763021111953174, 0.012319807064173346, 0.0450024012501042, 0.052506444040691894, 0.04909684824423795, 0.05283673410400922, 0.021821536755409852, 0.06157275571932899, 0.046693182672911164, 0.20883334846624355, 0.033429386802351635, 0.030316076033595856, 0.02230496874709989, 0.04136925182305456, 0.052696631869461094, 0.0528955907931399, 0.04985344619466518, 0.06391987780394136, 0.008973825215080241, 0.025927675280968687]
            , [0.06780045396449917, 0.011869436424951262, 0.053464024629822915, 0.061304165369749766, 0.03733408031647994, 0.0579864149138426, 0.021329560069100785, 0.12872715780575206, 0.060649845454669615, 0.07949886239705946, 0.02084474375631582, 0.04687862322417765, 0.028534149767214256, 0.03443239487859003, 0.05208569163476231, 0.060480575710504934, 0.05930597466479423, 0.0777740654848394, 0.009663482700720464, 0.0300362968321533]
            , [0.07038815248236586, 0.011233765990164474, 0.05494113365519825, 0.05490599578768593, 0.0295267801996446, 0.19831652636758945, 0.021659330454111718, 0.057104961130738645, 0.05052562389921257, 0.07738605569440773, 0.018253300388813783, 0.04548707288375307, 0.02647189222829303, 0.031145539345286837, 0.053526315950324435, 0.05400330367984597, 0.04988274621418579, 0.06339547310881424, 0.008098095250093553, 0.02374793528947014]
            , [0.0761234226949428, 0.012692419809654723, 0.07179285600202066, 0.10323168348557228, 0.016547941366103606, 0.05763006876886573, 0.02864991361202078, 0.025549560803928104, 0.0830745803039038, 0.057950749089221515, 0.015160130831827929, 0.06371787125360097, 0.032602612264767766, 0.06677423960367722, 0.06578876070944621, 0.08971074559065818, 0.06586098875345997, 0.04632676350192184, 0.0035359658677383225, 0.017278725686667457]
            , [0.19161216374599244, 0.017710851114297085, 0.048108443832362846, 0.05578381191511125, 0.03127516667811656, 0.06184211667811609, 0.02308164454314989, 0.05308301429514621, 0.047458157727585645, 0.07530741234626241, 0.019162682667623172, 0.030027768617779223, 0.024263640866124075, 0.04082096517285571, 0.053747116321434196, 0.07060305736119754, 0.056207461874828585, 0.06391644623033585, 0.00957646235575923, 0.0264116156559218]
            , [0.06970713164631187, 0.0114435454390506, 0.06027691590118304, 0.059289953486780386, 0.03077244167498395, 0.06123239738639492, 0.026325779823222963, 0.05355513158151765, 0.059493843048127805, 0.0742443695872014, 0.01909146916372414, 0.12587132482201754, 0.026143645085251827, 0.047098499523624396, 0.053624403711207254, 0.06438278441420343, 0.058624930601139505, 0.05987931901560245, 0.009428502063359854, 0.02951361202509496]
            , [0.07036658622561352, 0.00784646227813323, 0.06139901378128829, 0.162102732437171, 0.02539514458476212, 0.053630071281735685, 0.020818037222298177, 0.05359856231378028, 0.06852445045178002, 0.07215265899021808, 0.01750161850155588, 0.04563418115891253, 0.023389121928107062, 0.05208616938454266, 0.05691439322595835, 0.05914679987501419, 0.05880001886166061, 0.05945059845698298, 0.007156480402216746, 0.02408689863826873]
            , [0.07130431422282223, 0.010743760827915517, 0.052619626503862496, 0.05782066499380082, 0.12303820708932912, 0.05837591253532444, 0.023602170347498747, 0.056870500379529516, 0.05384556259835081, 0.07551075489882281, 0.020307637555162746, 0.042927775217357085, 0.02800575570901438, 0.034193692907994316, 0.051982659473895, 0.06017348048995135, 0.05394593736953967, 0.06240315900158446, 0.009894271683703966, 0.05243415619454051]
            , [0.12860490515681303, 0.014514116822311036, 0.052322255530795746, 0.059629105768951716, 0.018207689036630306, 0.06301811034050901, 0.02174370254566947, 0.030284378129956362, 0.051671493881410284, 0.05931848823197786, 0.01616304076800276, 0.05550408439680878, 0.04349017297020943, 0.05367867790661941, 0.051323911548612, 0.12446856210833687, 0.07627042339570085, 0.05667669592079525, 0.005003433523177018, 0.018106752016712867]
            , [0.06803001531051077, 0.014623288926803575, 0.04562689308655138, 0.0547686393039624, 0.06506447396443793, 0.05246183093816435, 0.02933995721782508, 0.05624149797427196, 0.053638601219020726, 0.08129337693804936, 0.02052073642926828, 0.04343471380177462, 0.023541824755061943, 0.03241306423961326, 0.05147364354526843, 0.06026381084271672, 0.052929970461836943, 0.0630383379056304, 0.010340108441573312, 0.12095521469765853]
            , [0.06918117263769596, 0.011379687128588247, 0.03409463200643551, 0.049008574646094476, 0.03975872588854158, 0.04998600128347369, 0.020052673946823044, 0.07691709060906432, 0.042897300586173595, 0.1616878256335419, 0.02307458578470222, 0.02532895222778769, 0.024655800413881584, 0.03175478919353912, 0.051866662892654875, 0.052423830484132725, 0.057238573240040044, 0.14434730246394264, 0.009163699515160226, 0.02518211941772636]
            , [0.06404546529664998, 0.011409056209542008, 0.04024956522763223, 0.052153546656618435, 0.048158317292536744, 0.04851361473986616, 0.01886758684950829, 0.13326300201985758, 0.052558464202727265, 0.15067227060485783, 0.02861415166434471, 0.029400016205621472, 0.021925952866526755, 0.02914630767019482, 0.04619295544477413, 0.05280820222826698, 0.052768107887109734, 0.08343221953826398, 0.007926953654706257, 0.027894243740394637]
            , [0.07235688112560831, 0.011168210464372955, 0.05196996283292435, 0.054303467805567364, 0.057912634095054115, 0.05811721078507861, 0.025340729696875352, 0.05472523684244728, 0.051520795994810235, 0.07552015926802357, 0.019916275423713783, 0.035505606109649084, 0.028710636667371572, 0.03531003078858163, 0.05447197006593213, 0.06025770673737825, 0.05616669699804373, 0.06364630915627585, 0.08017219981373487, 0.052907279328557155]
            , [0.0636364201425951, 0.010478894860837177, 0.04368801160907876, 0.05212096757516482, 0.04336945439892458, 0.0522265120751468, 0.019868944442903234, 0.1307741676684355, 0.0520273054321235, 0.08231130299060603, 0.019906316146705894, 0.029518724595281976, 0.02483753775662062, 0.0291292214163185, 0.048616354373812655, 0.05275505639988013, 0.054950489493749026, 0.15382988015113447, 0.008675883873514853, 0.027278554597166212]
            , [0.07658104166222475, 0.009383315157130284, 0.05089741583476622, 0.06661829515006987, 0.02361107056808305, 0.05014659834457252, 0.029854720767505012, 0.04649971663158207, 0.06566488834612597, 0.07415173372216599, 0.019237462937403037, 0.05196692590407842, 0.0233270950834717, 0.13464636557843251, 0.06614096675712598, 0.0649195538669172, 0.059589190482106286, 0.0562516481762003, 0.007884492664339942, 0.022627502365698816]
            , [0.06692512510894073, 0.010479857175421815, 0.04886757902963062, 0.053325960144628155, 0.045763726959081284, 0.04383879626857517, 0.14093697964029175, 0.028853895705535777, 0.054558505224821266, 0.06418249614840481, 0.016582907317379388, 0.05437062255884827, 0.01894305638369146, 0.058663729424522575, 0.059403811917252934, 0.06190465911737667, 0.05292776889346803, 0.05120032367216544, 0.009085172027936633, 0.05918502728202703]
            , [0.06898629979496085, 0.0022683203099452855, 0.054046310122376096, 0.05755660832117527, 0.04284591444105906, 0.06018373054132293, 0.016589843285143978, 0.05929460295798166, 0.05514801965559594, 0.14708809646883494, 0.019595651345570817, 0.04775793060649436, 0.031557941334497824, 0.04710309261348692, 0.05268812185269912, 0.05858150961222953, 0.05701888073037741, 0.0699246330972283, 0.009537971104749682, 0.04222652180427001]
            , [0.07347413653571781, 0.007150803988406904, 0.054513187056869354, 0.05776950875459547, 0.02457030450566362, 0.05774207675388019, 0.01953883521182935, 0.04649490996165356, 0.05567644560459701, 0.06262242675823947, 0.015397721606206186, 0.03843004906335234, 0.19398865396353568, 0.042870839115338705, 0.050793671036759136, 0.057775933067498175, 0.05380285322010615, 0.05807602169504166, 0.007754526876830536, 0.02155709522387867]
            , [0.06537902484215766, 0.009533087491482609, 0.04064509459450704, 0.06383457533287173, 0.021660422548656785, 0.039853530789916554, 0.02767041757173319, 0.04461121401647799, 0.1324962827024342, 0.06830407425048649, 0.01859236290556306, 0.05026547601142781, 0.018530823862774656, 0.06263574130194431, 0.12847037638554581, 0.06235398258627206, 0.06050822546921272, 0.0554845088102618, 0.006898192989712396, 0.022272585536561067]
            , [0.06200060773303027, 0.006619070683690498, 0.05072834449393627, 0.04462500684009628, 0.027376267358292163, 0.27313601031822493, 0.018384933091001192, 0.052236746412956434, 0.04910807282793547, 0.06549452188473245, 0.01539120682588039, 0.050405038715984604, 0.022438121125198402, 0.03643792767043136, 0.04429921568493642, 0.04913190436255896, 0.04521090518976999, 0.05736594209791607, 0.007433399469654482, 0.022176757213773556]
            , [0.25633230969365606, 0.010074414758300457, 0.04731799416165513, 0.0521010071779925, 0.023545030691634387, 0.06350859867571132, 0.01988909018850081, 0.04753027219704621, 0.04515331131517012, 0.07031863396643498, 0.01730145121457695, 0.027700352144208483, 0.021528015474862616, 0.04084388354748086, 0.05181195115002359, 0.06411444856720974, 0.05336139354270165, 0.05895999656171203, 0.007969609772138439, 0.020638235198983917]
            , [0.1470764928819651, 0.0025193230983169288, 0.060640713691987945, 0.05826406875213378, 0.02841923407996971, 0.06368510629791792, 0.015341928142057922, 0.049841064891533254, 0.06165002442655061, 0.06757445923818305, 0.015660069559669358, 0.05427862470345254, 0.04286970752299108, 0.05213751315735874, 0.048031508168466956, 0.07193002456290513, 0.06125248411598807, 0.06115215053937164, 0.010890424528862987, 0.026785077640317383]
            , [0.15148422501196587, 0.010611559280026687, 0.04072471778432762, 0.04840965175725026, 0.02966016064513398, 0.0526329951554426, 0.018842004987632957, 0.06921038377500385, 0.046686066409197306, 0.07812080950038, 0.019898860866328656, 0.02534124600038156, 0.025901047329428602, 0.030746317096945665, 0.048449472347031786, 0.05997489931197105, 0.062436953909853946, 0.14997948714869722, 0.007995177317211756, 0.022893964365788885]
            , [0.14667973281927799, 0.006528809072973746, 0.07015645462137388, 0.1322835093168916, 0.018354218596707148, 0.05363809086306361, 0.02048802160549044, 0.031325150831125796, 0.05953998803471646, 0.06696236604315844, 0.013766108305819702, 0.031294308239152066, 0.02676551568272505, 0.059663149473712054, 0.06567496029523029, 0.06394415846842619, 0.056746894999050355, 0.052795441915727534, 0.0067005074700437085, 0.016692613345333993]
            , [0.06894244786393497, 0.012826912077117772, 0.018126496369756953, 0.02634589404937596, 0.053247794153268274, 0.02426495614726175, 0.015187709928023336, 0.15106128600559618, 0.027296174701281754, 0.1541222486795899, 0.05113987871254918, 0.01892271026541652, 0.0174655904146639, 0.022892213441460037, 0.028144225183503967, 0.04795662245160354, 0.05887490582712605, 0.17159432051862003, 0.007398164401133318, 0.024189448808716464]
            , [0.06959439187082597, 0.0025965137576200586, 0.07077783945947423, 0.08415767755897446, 0.02147736168887709, 0.0566396112832277, 0.02301621410967527, 0.042196518206265875, 0.10978124678237051, 0.0602895935723747, 0.014109152597989106, 0.06398641592175348, 0.029040372827621824, 0.06543277924958175, 0.06350988272370936, 0.07681351080660888, 0.06619598693056403, 0.04929751110411066, 0.006425168957018582, 0.024662250591356488]
            , [0.14363157283175138, 0.011960275457217054, 0.04411675411281785, 0.05304561012027001, 0.03431455579135057, 0.05878454600297779, 0.0215981053735625, 0.05638376914281421, 0.03125363039074278, 0.15825711766637013, 0.022569874314647725, 0.023371902362491065, 0.021984398844479, 0.045974977012229946, 0.059693979373472476, 0.057077495432357066, 0.05408928593516567, 0.06947460407992044, 0.009640269956985359, 0.022777275798376753]
            , [0.07245788262842459, 0.012666411746075053, 0.04560484389476792, 0.05508250909570128, 0.021233471642435765, 0.04956922433357036, 0.0219462772812484, 0.045500890849240486, 0.05337481955181633, 0.06043496821379377, 0.01780746435872892, 0.05302382973055672, 0.020880160510464034, 0.04616718284545472, 0.05132420564099575, 0.14019466525383117, 0.1482520409944355, 0.05802492398997416, 0.006430442051575307, 0.020023785386909493]
            , [0.0686608382989567, 0.013552963820662846, 0.023446540026900945, 0.028955040612636002, 0.12257183123123568, 0.043343226241787235, 0.025157781779588374, 0.07598950879660016, 0.02760715769570803, 0.1451222929759419, 0.04132188603060914, 0.02500743051958598, 0.019440770708793954, 0.0267063360975056, 0.03430062656708764, 0.05452218599868255, 0.052335019970646074, 0.08002663712826114, 0.0181379326047752, 0.07379399289403507]
            , [0.06879682961703378, 0.00814126716577241, 0.12739623059583874, 0.1076270511563065, 0.016978631919246374, 0.061054664115943375, 0.02928296791286505, 0.022936387890032835, 0.07657471828908648, 0.049138076788404435, 0.012257215536642493, 0.0782429645470587, 0.02460453508235356, 0.0597451947784163, 0.057789986780483596, 0.08067827467643872, 0.06150140547630358, 0.032993347271797764, 0.005244385661724455, 0.019015864738250884]
            , [0.07912499876704833, 0.006996836646216154, 0.10937066707482433, 0.16309441023375698, 0.0097165609049632, 0.05579183967573868, 0.024134544281124846, 0.01626645036279251, 0.07426026750599585, 0.03754843998220521, 0.009861540309145708, 0.065439260212339, 0.033857547290971075, 0.06947221292494281, 0.0559435990730398, 0.08608410937696956, 0.062039749096681945, 0.026924339213814028, 0.0027414435414424626, 0.011331183525987715]
            , [0.06052349452843762, 0.007627676251047701, 0.03391353409659616, 0.05964466444822999, 0.013092151435543995, 0.038967873914149236, 0.03736287850153859, 0.023532089797169947, 0.1842014243963679, 0.05174568486476347, 0.016094552719926387, 0.05069260041403851, 0.016082261986635885, 0.06668575637642365, 0.16228336525559614, 0.061630557177094925, 0.05381269757151009, 0.042887385672820265, 0.0047746990433928035, 0.014444651548716792]
            , [0.0644580666116431, 0.008053384274722972, 0.05397825163478226, 0.06570261068359827, 0.02363080802967459, 0.05185097593928268, 0.021117159363005705, 0.053074444385263486, 0.17964998914455313, 0.06521653658411729, 0.017131673485021266, 0.0531846510865217, 0.023048239227578617, 0.05496688213011507, 0.06276451262579029, 0.057353314298615586, 0.05570532927305644, 0.05970372777146206, 0.005753189321519299, 0.023656254129676233]
            , [0.06816094025873591, 0.007968996257816526, 0.05243373581096386, 0.053628705849266066, 0.0418850414993671, 0.058332838179907365, 0.01899916722609881, 0.05113422584368987, 0.05306700580002371, 0.06988464562910525, 0.016688779850798207, 0.051444429750925766, 0.025522880608644372, 0.039198400207780766, 0.051526308878720034, 0.17867983483133312, 0.05964536703662498, 0.05966200517179517, 0.009597504313466437, 0.032539186994936714]
            , [0.06347147344462716, 0.00990943396535066, 0.02487743865288086, 0.043182897398961535, 0.04111169189029549, 0.03945884675992091, 0.016228708893065234, 0.12119870971597428, 0.0426206031130959, 0.23059752661082036, 0.04475136498070912, 0.023634873274229435, 0.01580253920693943, 0.029025609053617837, 0.044520730709466265, 0.04594550207142616, 0.048565608492460235, 0.08753077667191228, 0.0061991122248268105, 0.021366552869420043]
            , [0.07303731181148504, 0.005016086303653279, 0.0628850408586411, 0.14331363163043426, 0.014376400864619976, 0.03901315904317267, 0.020408589506585507, 0.03698495503359508, 0.14478952008386148, 0.05431252509875269, 0.013424862698693847, 0.05303472289503704, 0.01675407532916221, 0.06846135302291577, 0.06978486760704243, 0.06143356118835645, 0.058242021581963004, 0.04496029244293926, 0.0036109090201014906, 0.016156113978987346]
            , [0.17929035557168618, 0.010278620333230553, 0.04801506768241896, 0.04891056547166316, 0.024536976397550078, 0.16309280238833354, 0.018973466527773878, 0.040635382103492136, 0.04082012038348474, 0.06472409274974494, 0.015685527450289345, 0.036824772292025444, 0.025811742204610678, 0.03138782743210411, 0.04772430195607474, 0.06846124634869707, 0.05164832737785545, 0.05486880297891613, 0.007755241743399907, 0.020554760606649188]
            , [0.06440002433755654, 0.008251341190943258, 0.047413365490216214, 0.04990715056122923, 0.03161234428782893, 0.05568371708256991, 0.018904533708621947, 0.07041800430072079, 0.05080763511041591, 0.06898730974288596, 0.017337185752514715, 0.0371082161434251, 0.023634330633569695, 0.03839354781193384, 0.05040997506245853, 0.052878154884598794, 0.055875161267684784, 0.22240290146138178, 0.008351049699561722, 0.027224051469882417]
            , [0.08656597447883627, 0.00629109269884537, 0.04669807486079859, 0.053127981297903325, 0.017035968820831904, 0.04856017882621328, 0.016925762553101895, 0.03277404768828274, 0.04899849541083509, 0.055590721837015834, 0.012500233765318633, 0.026005000523177182, 0.283041417933691, 0.04242508218268413, 0.044231007778241765, 0.060461603112955585, 0.050875446178261965, 0.04738223804366558, 0.005581679060161553, 0.014927992949178504]
            , [0.06639207602292022, 0.013018257822670649, 0.025577630950014765, 0.03061030605876482, 0.13774160055083004, 0.03404150123138894, 0.054726819454106596, 0.04866893884681424, 0.02887104994251265, 0.07787866082646748, 0.01966224218643248, 0.028598583112142136, 0.018063670766978, 0.027874272137141255, 0.0482846772434853, 0.0597574398418615, 0.050398927859740573, 0.060456318419647645, 0.02456440368297268, 0.14481262304310805]
            , [0.0642707929377252, 0.009584561526879223, 0.03728173738583108, 0.04335640108986354, 0.04890511117379537, 0.04908488208059488, 0.018802323072564155, 0.056610439097166836, 0.03744415243569138, 0.2764531268881787, 0.04646447859978544, 0.025122836480798133, 0.018442512757625037, 0.036655839078328596, 0.04806978872889998, 0.04673770107375614, 0.04403975738249977, 0.0595195988290478, 0.008358455979996971, 0.024795503400971548]
            , [0.06961979504509876, 0.0024817855741286325, 0.06514513899723429, 0.0542377245545604, 0.0302089567524362, 0.14746520087592044, 0.017497724132458002, 0.047959083386347356, 0.05724145548580612, 0.06768846772149323, 0.015268868228407034, 0.05457486769819199, 0.043863570365646094, 0.0451768145552415, 0.051063033050437696, 0.06414326796021969, 0.056662558311466514, 0.05859626309068578, 0.010687860888921801, 0.04041756332529845]
            , [0.05696279213721698, 0.009305435901066233, 0.013046271695880546, 0.019845494278736626, 0.05326637965687596, 0.016927959695804292, 0.012624060989804753, 0.16555059142871292, 0.02344719974614037, 0.2236723134274732, 0.05708515547987084, 0.014912436846063807, 0.01186838338003449, 0.019277848361199085, 0.027574458270360966, 0.03612606072166321, 0.052129834391001904, 0.15821696026883256, 0.00620680416825863, 0.021953559155002567]
            , [0.15597807953104034, 0.008532062259853429, 0.059082700942534136, 0.07040529309978118, 0.01583180877387037, 0.06186465206681185, 0.028844221554099766, 0.020995193275177706, 0.05506112201988113, 0.06879667531634416, 0.011900115670805464, 0.024567999309836157, 0.02362491969029587, 0.0650292181243146, 0.1333843117168353, 0.06383836057608035, 0.05948870545472504, 0.05123235327160588, 0.007503557431452559, 0.014038649914654918]
            , [0.07423783027188939, 0.00871885518137432, 0.04849262209588263, 0.0594723641368928, 0.026907573186220342, 0.05636289848910564, 0.024682400487268396, 0.05512817726017062, 0.05790524957526612, 0.07852530007533845, 0.018245086247902016, 0.031054479559670382, 0.021973118579486122, 0.04691955854536628, 0.17434764960052354, 0.056547784502416126, 0.05852207460543127, 0.06798954585208876, 0.00872965534747535, 0.025237776400231574]
            , [0.06503821308389261, 0.006439300539874932, 0.19526608352165598, 0.056194837059566974, 0.02555596232112336, 0.057258768573596706, 0.020114167652001816, 0.050217867014771336, 0.055575201232698705, 0.06976618853517244, 0.01599806469777342, 0.06518935071671572, 0.025540070977193553, 0.03995793561008644, 0.04814113928218905, 0.058146313512111344, 0.0555758714761981, 0.05786615972506638, 0.008202456262663659, 0.023956048205647486]
            , [0.18165863354366862, 0.009808424600669255, 0.04355103680008482, 0.051174506214372854, 0.02323102185935983, 0.059918051736136534, 0.018673881551438756, 0.0415905967486938, 0.04544534601425163, 0.061681421464452976, 0.016165235650136903, 0.0415834418668019, 0.02022110964808966, 0.0425568241836872, 0.044165236357044994, 0.15764166556801612, 0.05663910984903633, 0.05527990956690738, 0.006806610767221359, 0.022207936009929173]
            , [0.09040611392905684, 0.0077303320704565, 0.09615826357146683, 0.0858428557173042, 0.011800023930964463, 0.12626857969416455, 0.0228703425598241, 0.016267342888336242, 0.06518193502830585, 0.0405527981700041, 0.010124917040137247, 0.06994411417649277, 0.04551249689901944, 0.058386502596815576, 0.061973382418064646, 0.08719047874085399, 0.06071229675713651, 0.0257605511975275, 0.004949917360570263, 0.01236675525349842]
            , [0.06736228857306394, 0.008005694384798517, 0.04839664183561442, 0.0528736547745527, 0.04426841068141086, 0.0575359663301966, 0.01829252669246621, 0.19390987548209, 0.05344425231122147, 0.07687025736558062, 0.021233027524406554, 0.041628442829336997, 0.021951370825787787, 0.029057560219235928, 0.048511019541760216, 0.05037968133498673, 0.04946219590172611, 0.08033728960416356, 0.007781450729275444, 0.028698393058325215]
            , [0.06435108082283253, 0.007111814943722208, 0.05618341067846012, 0.05732896557417409, 0.024084742057749634, 0.053546453709385204, 0.018771790729529378, 0.05083558966992044, 0.051626651637028495, 0.062140541069115623, 0.01591075139248867, 0.05265172289197246, 0.023488148128384977, 0.04478462874099631, 0.050449134622816874, 0.06799245273295257, 0.20631309581811808, 0.06056232059140304, 0.008922327280210697, 0.02294437690873851]
            , [0.06850181053114657, 0.005102559325048372, 0.1494728531909932, 0.23164308679167844, 0.009722394920657679, 0.043431452604600754, 0.020807065589276346, 0.016144942612586224, 0.0645078769233655, 0.04000270936636356, 0.010419021273175868, 0.052216677712316015, 0.020702701340349183, 0.06430664808441147, 0.0439842880305749, 0.0597105932572729, 0.0490637412529752, 0.03570395722351802, 0.0030645820725016203, 0.011491037897188004]
            , [0.07061657181751205, 0.006092438365620099, 0.06324970817768581, 0.12952374811190065, 0.011774342005140175, 0.03716772476161578, 0.04301076317952241, 0.0228194489833567, 0.08459266565508822, 0.05609972341385831, 0.014664962131090328, 0.056856092417187025, 0.014173897970017153, 0.13226690347390593, 0.07147507610421387, 0.06582145510966439, 0.06029217573402362, 0.04243448835552179, 0.0030991243913376138, 0.013968689841737937]
            , [0.07078151333163198, 0.002434222094823816, 0.11329203350203765, 0.1113714332151336, 0.008154933235514686, 0.0588714405318491, 0.03383539414764615, 0.013996223485439422, 0.11662506979445039, 0.03354520042604422, 0.007725017700719379, 0.08055354844547508, 0.02284768368769858, 0.07378606157593734, 0.0691080627492826, 0.08439584598567812, 0.06342909713307657, 0.021478250949826628, 0.0024495037025197776, 0.011319464305214997]
            , [0.15628523619039378, 0.0068090366565966695, 0.05096056722270298, 0.05797412948770125, 0.018610893121035955, 0.05835442818031883, 0.017187806987721356, 0.03786610255127127, 0.045493759148120254, 0.060803131328171584, 0.013797355932089618, 0.02755988032238902, 0.1552479752929305, 0.042354087623333696, 0.0492351856339228, 0.06527548541376366, 0.0543353780719711, 0.05911780428455558, 0.006891300749214969, 0.01584045580179524]
            , [0.061198407304041726, 0.012857784960404952, 0.014844506920636116, 0.02077041013871662, 0.09521677183136162, 0.020926316897631827, 0.018994537160224076, 0.10806476132069964, 0.021502562030608074, 0.21132293959725715, 0.05706044592463161, 0.018056703691961478, 0.01563368102065389, 0.022420746175860998, 0.026465521072204734, 0.04286076311492115, 0.04719814924970388, 0.10567215562729874, 0.016954199804192854, 0.06197863615698903]
            , [0.05963410537895285, 0.008798646351390221, 0.01121133556925185, 0.017886682258129716, 0.0390570012061966, 0.015838441899353534, 0.010389247021465303, 0.20415772160510248, 0.019250438235249953, 0.16045884661537174, 0.046820333240462364, 0.01381046215017837, 0.013617439099868808, 0.017783731707568428, 0.020827287496752393, 0.036686749416028286, 0.054080094015244676, 0.22790349860159506, 0.005074188577275327, 0.016713749554562087]
            , [0.07045375682188323, 0.011108205310710644, 0.06542677434305584, 0.05863527939476043, 0.015632053004843237, 0.06019637502229215, 0.04636779742637058, 0.021188269362363888, 0.06386823908257688, 0.04777482541173873, 0.01353462871838132, 0.1364822194423561, 0.018251002522974794, 0.05761855478790762, 0.0558668250182192, 0.12847789163813975, 0.07417768507090759, 0.03144708062001042, 0.0044369779059175276, 0.01905555909459003]
            , [0.08162274662019323, 0.009768382067841206, 0.04088070125367366, 0.0713490078284852, 0.02138887770284765, 0.02701862589812263, 0.022046110820554292, 0.068826502631657, 0.06992639101000371, 0.11712420363495206, 0.043300768993312644, 0.050649302842910054, 0.010219434106294972, 0.06886990106593663, 0.06042942792047079, 0.06944874083689388, 0.07081164708804458, 0.07533405994047779, 0.0018519768727065045, 0.019133190864621487]
            , [0.2689535508743324, 0.010147891006136837, 0.037880320721226206, 0.04591632846708152, 0.015300496371390887, 0.061522374910392925, 0.014675625147850783, 0.03358774779994152, 0.040661318233281285, 0.049645429630513244, 0.0138701715633908, 0.03776045583105735, 0.018757283463457827, 0.03919719420745011, 0.038827533202634386, 0.13943855029501476, 0.06014617555037596, 0.054729315478272415, 0.0045387507856008555, 0.01444348646059777]
            , [0.05703204347207482, 0.0074102091903378645, 0.020749324073882105, 0.048792630906624605, 0.010733423533728354, 0.02618762679380748, 0.04595085336157789, 0.017384929340018052, 0.16774427028152442, 0.04531483631777725, 0.013610659126315587, 0.04697205371779763, 0.012603307791649091, 0.07117092438313799, 0.2560653515237403, 0.055931528779536076, 0.04759088690146924, 0.030947416260351395, 0.004786756735048637, 0.01302096750960106]
            , [0.0668362874466466, 0.007495481776829279, 0.14099120504686746, 0.15666298883318033, 0.025802431213399916, 0.05065095927997744, 0.016558640744437067, 0.05066159618461888, 0.05384724832585713, 0.07448741045012501, 0.016692224473581707, 0.04128303183711155, 0.02506932260849888, 0.044202814512957704, 0.04249032665483029, 0.05266317300396279, 0.05006556298891289, 0.054897015089247415, 0.006742619443500285, 0.02189966008545737]
            , [0.09362875132785532, 0.014821095535386686, 0.047229193047075554, 0.04840847035476458, 0.014780793001282062, 0.05928170693210663, 0.02447588465258572, 0.020742769924394253, 0.04967797260349542, 0.0451450656566862, 0.013826927054872304, 0.06835698365816043, 0.023779508247075642, 0.04684171823521728, 0.048091163830578966, 0.2191791343878189, 0.10183411587340606, 0.04015707844698843, 0.004439927716704493, 0.015301739513545014]
            , [0.07226326517399233, 0.003224846828632218, 0.05315103558384088, 0.05273869380372171, 0.05945680099462881, 0.060380558231680155, 0.018265637929453227, 0.05154567492943734, 0.05490308905727565, 0.06827620050044673, 0.016548659777098875, 0.05067195978467277, 0.022054691655323127, 0.041171192741924476, 0.04510800208468532, 0.058322184424558735, 0.056450753331283854, 0.06184727546214909, 0.011306748056407492, 0.14231272964878722]
            , [0.07270650285819652, 0.01077146949916983, 0.031543134570413245, 0.05227962374592814, 0.025058228004200142, 0.03734159413568608, 0.020278670746759618, 0.06984791175632458, 0.05188487026097883, 0.07494958889129592, 0.019595370500074257, 0.03330996684803821, 0.018556492962278095, 0.04291626797700452, 0.05333529849043738, 0.06493406979845714, 0.13806503926889083, 0.15361886503033795, 0.006610716047669247, 0.02239631860785959]
            , [0.07201941715064214, 0.005492988392199162, 0.20611342339043903, 0.13607230841120707, 0.011175297510384704, 0.06082476669843522, 0.025653545787990818, 0.014604707211658224, 0.0564720761120285, 0.036062630954476475, 0.009555812899379009, 0.07366070440908064, 0.025973721951004936, 0.05520533266534007, 0.04541275305793261, 0.06920663980629689, 0.054326326714534884, 0.025014121674274227, 0.004192246242158016, 0.01296117896053737]
            , [0.07192096084636374, 0.00990098833165857, 0.04490493241134647, 0.06444347627079039, 0.012588969039281448, 0.04865976058340268, 0.05568019947177992, 0.017814994946248816, 0.09326538242896584, 0.05113823898383735, 0.012870081132570196, 0.053951442129101065, 0.017327168681383114, 0.09331557850349931, 0.16996864660791, 0.07065277798543615, 0.059567167791459576, 0.030404952755103597, 0.0058603002228903595, 0.01576398087697151]
            , [0.04973962795409766, 0.006433900266644186, 0.01953378854569901, 0.05262876071828298, 0.009516116803109764, 0.024877096558250864, 0.032732427043640315, 0.019205478362008553, 0.26022746951009607, 0.04206721481254517, 0.014830636420643698, 0.04790342836397686, 0.011791457785086867, 0.06257665246925782, 0.1926194706663919, 0.05570708561632355, 0.04931674463923552, 0.034245599413782885, 0.0032249945224033004, 0.01082204952852286]
            , [0.05640983906786742, 0.010435597021466864, 0.012322773713731857, 0.01728514563465112, 0.07765543588046082, 0.01763572664822793, 0.01363026596824616, 0.11519843553934557, 0.01718252585369663, 0.29394599613671846, 0.06387979110992788, 0.014281660568036533, 0.0137326573383159, 0.019568095278808765, 0.025147976177282445, 0.037030634765219964, 0.04267408175645637, 0.10348054472031042, 0.009476483896132202, 0.0390263329250968]
            , [0.05139891839757602, 0.0064081578116910514, 0.04668163593044106, 0.04172275243308808, 0.021470010547911644, 0.38070686651210184, 0.01478684511584211, 0.04488849227598653, 0.04308983164877774, 0.056641827180894326, 0.013541585803111421, 0.043187865831427696, 0.01605915340863488, 0.032324450361022494, 0.03960776246132777, 0.041711263628644905, 0.03614133301341158, 0.04706504648141812, 0.006141417107210884, 0.016424784049480192]
            , [0.06500110017383444, 0.008602128573377882, 0.04124134043948514, 0.046851148531086885, 0.01628321854169298, 0.03943361387348423, 0.016981361570941638, 0.04081239083204189, 0.04977855067735591, 0.050907753951572564, 0.015658695493410937, 0.04953829598087731, 0.016373792284308363, 0.039738529553716484, 0.04479713621539405, 0.15993687185184763, 0.22344627016827082, 0.053659478735899886, 0.005109314504287606, 0.015849008047113256]
            , [0.168622460777898, 0.010327487170907639, 0.041180529090121334, 0.04866701595268938, 0.02006282194932678, 0.05431283925393244, 0.015366353301624704, 0.049216608612279174, 0.042728464735288706, 0.06443794668840389, 0.017589719563726076, 0.03949312773228557, 0.02335419448430302, 0.0376863902788816, 0.043079270122733763, 0.07685795141670523, 0.14921064868936354, 0.07497183368085375, 0.00634322788639897, 0.016491108612276578]
            , [0.06072771988303541, 0.006393628616590759, 0.13998500920880974, 0.06725340762614264, 0.01598436249138161, 0.06507766948780097, 0.04130747888832918, 0.020230093035536134, 0.06309839272147914, 0.04196145980913955, 0.011101328673860237, 0.1642535288520543, 0.01762463316192067, 0.04901577610447553, 0.04748632291072327, 0.07479129052424938, 0.05640527062238302, 0.03141531091668575, 0.005437206579855381, 0.020450109885547296]
            , [0.07647357940125751, 0.008296317703991652, 0.05097741184239652, 0.07093265292459432, 0.010336739589826388, 0.045214259577216614, 0.027592068191860237, 0.020604520462859193, 0.12726284388770714, 0.04451449506988856, 0.013441415595801191, 0.07012307308314016, 0.016229542969689984, 0.06995467568649716, 0.08209505317654925, 0.12543742088356857, 0.08487254712213717, 0.04119049229971363, 0.002511891143029568, 0.011938999388275221]
            , [0.15979796449040887, 0.010783016813497767, 0.042287099155420976, 0.04728497892249678, 0.010189719894106688, 0.059519234409910804, 0.016077546601168575, 0.020103123301363504, 0.04335449602359034, 0.03904793411280631, 0.013381457103956064, 0.056553391909981536, 0.03453528842565744, 0.0431707765527535, 0.03712802575221327, 0.17882111647530882, 0.12488559129703551, 0.05024591752782916, 0.002975459162553738, 0.00985786206794047]
            , [0.056890578639064576, 0.008515004172729388, 0.03543482787905703, 0.04505855886220201, 0.028263758537030965, 0.04844556537819352, 0.016464745641121492, 0.2037543753364596, 0.045532621355568056, 0.07854397885847433, 0.017720808566463846, 0.02750845175842196, 0.017194215117691203, 0.02489668051856553, 0.04284475700177971, 0.04568347474118422, 0.052746930778076725, 0.17805636137403047, 0.006072637842750865, 0.020371667641134412]
