# This script is generated automatically.
# Vector of amino acid stationary distributions.
distributions <- [
              [0.05788827473560041, 0.020610674174439524, 0.0635041631321769, 0.08343048598732779, 0.04205228793326012, 0.04863424851691439, 0.030583286477553623, 0.05715170556616555, 0.06535345478771065, 0.09549946173211184, 0.02472253979916045, 0.0451333226310049, 0.04319339813311913, 0.043765997453905, 0.052052764688009776, 0.06513362458976928, 0.04805468979403819, 0.06143733146051492, 0.01511148521519496, 0.036686803192022624]
            , [0.0587067801673072, 0.017920121763694962, 0.05866492884869606, 0.08003806846256735, 0.04246266156518111, 0.04618475776158946, 0.025959650698373596, 0.067771671398985, 0.06836629912708309, 0.10094355984324845, 0.02667398882826912, 0.048176098387361706, 0.031191435046005456, 0.04214879241890361, 0.050603454022598394, 0.07031254941619115, 0.05354696167364104, 0.06669866315261709, 0.005852978234785177, 0.0377765791829009]
            , [0.0581778118045548, 0.0063884211567993105, 0.053026334435196096, 0.06721456090507642, 0.04417871602240136, 0.05490934622377887, 0.029351221025356602, 0.0550616195056863, 0.06261500689867584, 0.09528381047896343, 0.0234547776530699, 0.043340170218791364, 0.045515390885438656, 0.043043035943051734, 0.0583220566047641, 0.06869633309121441, 0.05691032962305303, 0.07662741765427565, 0.015578183578553772, 0.04230545629129845]
            , [0.05694962886906514, 0.01612805186914045, 0.053682373518120136, 0.05913983860099502, 0.04033363027981594, 0.1255921718766341, 0.02681633594496059, 0.05816356390619119, 0.06000270237028028, 0.08571964417073814, 0.023233658555147182, 0.04022931249865252, 0.040568452914816144, 0.03817232682609385, 0.048178726203114884, 0.05534023826443152, 0.05096588588877537, 0.06678833862494676, 0.016653157152445325, 0.0373419616656354]
            , [0.06753037355597184, 0.013909241701588087, 0.0537800602288733, 0.06573934548012986, 0.035577305032384675, 0.05245585638993961, 0.02534896778087151, 0.055365269325652555, 0.06145433574834834, 0.08241757902288738, 0.021027519397914547, 0.039101628062550395, 0.031228960806366585, 0.0377790947288265, 0.047645869059405474, 0.06452233343773253, 0.13719412945053713, 0.06523343247030293, 0.011083292047697122, 0.03160540627201946]
            , [0.07384216463161108, 0.013152339071591853, 0.1489611640906296, 0.04898898804406684, 0.03835066871636369, 0.05553247670178693, 0.02417325751066789, 0.060304311736735866, 0.05222557549178159, 0.0878508878383313, 0.024420569287818456, 0.03535919214859869, 0.03405790805378736, 0.03551037909766587, 0.0485507387174667, 0.05328354940917413, 0.05038912240954849, 0.06989944481835948, 0.012165114820255942, 0.032982147403758155]
            , [0.07204174864317879, 0.01467317808382446, 0.053617696288070366, 0.06083949366593243, 0.11059319376951444, 0.0580491448841627, 0.027484149642602713, 0.054360374206851664, 0.05454231755716382, 0.07966890490161813, 0.021746296095701313, 0.041414436378460005, 0.036369456950953706, 0.03991391261601917, 0.05123963620702029, 0.06207047313105765, 0.05327107619103964, 0.06265706123685665, 0.011395318935753799, 0.034052130614218294]
            , [0.06784419765527291, 0.01406681012791389, 0.049784403663354536, 0.05535865584065365, 0.030350719361909525, 0.05662245017214, 0.023089588494651883, 0.058231500496682055, 0.0521469110718032, 0.20940882995277973, 0.02072520743453237, 0.03765578212892269, 0.02909447343435905, 0.03540955547047295, 0.044927582517869824, 0.053859230160728015, 0.04789981518360647, 0.07464369401528008, 0.00908365450309934, 0.029796938313967913]
            , [0.0743237848570245, 0.015028919208713515, 0.050974484913777984, 0.058706604696217864, 0.036901541436218, 0.05914394417923474, 0.021108176344969816, 0.06094967833927735, 0.052880727907985946, 0.09536593764908846, 0.02363709692127192, 0.036999447635236125, 0.035216180877207674, 0.03628921416908236, 0.0492128226831363, 0.055127900970722066, 0.04996414639467161, 0.06930656958933264, 0.010668648492096573, 0.10819417273473438]
            , [0.09779575410654544, 0.013889308248841277, 0.04936083693174275, 0.07233487408808251, 0.030707027321213803, 0.04121171712175248, 0.031630101613395294, 0.05586456473785819, 0.04817708964776936, 0.12252493555540751, 0.016768510567669804, 0.04028264848351189, 0.026370826795446743, 0.0844855949379571, 0.06712229588814915, 0.05860427935531151, 0.0494445378957923, 0.05619810200746088, 0.010099589181787586, 0.02712740551430436]
            , [0.05765957248914101, 0.014958090457457189, 0.050631287171534645, 0.05518726709007338, 0.034135951589857036, 0.05755671205872984, 0.025827673002853924, 0.12757044442043092, 0.051998775924351134, 0.07442429982380422, 0.01911284201015367, 0.03865609231600595, 0.03561730570501057, 0.03624148474115042, 0.04784797377413416, 0.05294674573470373, 0.04364686675225028, 0.12850017658760296, 0.014767783578650788, 0.03271265477210432]
            , [0.07039376499098032, 0.014760633397779006, 0.05332144472572314, 0.06549507771288605, 0.038572026331180134, 0.05479049522344398, 0.02515376069603146, 0.05594353470966173, 0.0605559805521055, 0.07489575079509171, 0.02170544111588403, 0.03864342126713721, 0.127063327779973, 0.03481330784558874, 0.04453297846678325, 0.05100771457966659, 0.049383759769068905, 0.06661345642617529, 0.016233876109146016, 0.03612024750569394]
            , [0.061455223677395615, 0.014491454638374725, 0.04349674216863556, 0.055040971574823176, 0.032189352519141304, 0.0432556373187317, 0.020948947540018605, 0.12006786196134799, 0.05468251516134589, 0.10308278701621211, 0.024609393827829288, 0.037229136140121126, 0.026894536133176532, 0.03424338238144031, 0.0418857272974111, 0.05494123134554462, 0.05680718462219915, 0.14139757121055996, 0.0056123634235361874, 0.027667980042154944]
            , [0.08073133897116049, 0.02161320174392313, 0.06041084546418105, 0.07261579990876582, 0.028630104419373355, 0.06532641844072044, 0.02901535103247935, 0.05127059903161387, 0.04619364116116901, 0.09672962834116548, 0.024109629750229587, 0.038813610387625534, 0.039831090271161905, 0.04720789686083002, 0.06504699716748145, 0.06907159931549998, 0.05770157832556739, 0.07817519281090758, 0.006138147306023576, 0.021367329290121057]
            , [0.06970154316561988, 0.016362039921660687, 0.050396351074496464, 0.05783601682653072, 0.0405095195112799, 0.05563651725867036, 0.02721803584824189, 0.05852600174354416, 0.05494642766203906, 0.08875531409571176, 0.02349729578691383, 0.041838354377441996, 0.033475421449920606, 0.0346376863951527, 0.12088090869520345, 0.05568015196091818, 0.051222773650605805, 0.06756120456960493, 0.01361852980097495, 0.03769990620546884]
            , [0.06922816087802336, 0.017041994185335016, 0.07649493717971066, 0.09274742766987487, 0.02307442644285774, 0.056167599785058565, 0.030097403589455944, 0.039510199399176923, 0.07980595324719704, 0.06321825077086662, 0.019153224497689816, 0.06505265271857978, 0.031733713842552476, 0.054951652858196746, 0.05450705499436259, 0.08982496606445688, 0.06326654648213129, 0.04859864738018184, 0.004827854236137394, 0.020697333778154386]
            , [0.06058398386934094, 0.013563306875086806, 0.04520979462635522, 0.055172792602665825, 0.038971606222226535, 0.1967893283130894, 0.02212439895374104, 0.06987451129485152, 0.05332413068239738, 0.09052025956029164, 0.02377058546857598, 0.03543711391456428, 0.024801955924550315, 0.031435516924907064, 0.04147033454750241, 0.048393755245849206, 0.04439712563221363, 0.0684598199198738, 0.005937033857863432, 0.029762645564053725]
            , [0.07662917984392693, 0.01532960454430205, 0.054073283678446424, 0.05686001490057663, 0.04064633685044992, 0.06083011617421864, 0.10050999521034717, 0.06249863013120335, 0.050296457683048454, 0.08832467925895564, 0.02384894176954499, 0.032645867346591174, 0.03465614023508774, 0.03158678263568432, 0.046295671615537624, 0.053680515290864414, 0.053028086682628164, 0.07457132958307842, 0.014511236003326178, 0.029177130562181845]
            , [0.11162279792630161, 0.013732500391941635, 0.06095828842835155, 0.06425200786354958, 0.030830618971167185, 0.06754098961789391, 0.028637859064416446, 0.043799621721582985, 0.024237153278202674, 0.11923728629081153, 0.02021161688162572, 0.02332550667384487, 0.04233255186307606, 0.035580370377564556, 0.09533121314035699, 0.04929960140052236, 0.05476461070853613, 0.0779473889253903, 0.012217681628663934, 0.02414033484619997]
            , [0.06257121685329775, 0.0182135618144492, 0.04884163649930155, 0.06290243109776159, 0.030367583809934273, 0.045504310120458615, 0.025101505332018874, 0.06484799155751259, 0.058311845824777116, 0.15257125779306563, 0.06012843186362118, 0.042345111818068264, 0.025796707484816585, 0.04159678764570259, 0.04717046054958248, 0.06340798412497493, 0.051823202385178666, 0.06470271425142103, 0.006935508337498981, 0.02685975083655806]
            , [0.06008049423905213, 0.011967481696020469, 0.047892061396961866, 0.06967310499048503, 0.03252698009564254, 0.04022851509353629, 0.029072965307963026, 0.052839598597534065, 0.12674184244350897, 0.07772813311562542, 0.02045201426694414, 0.05107915298299688, 0.025364435030670655, 0.04799330773881659, 0.10099119551479896, 0.06012312756462496, 0.0521204014920657, 0.056506142607593256, 0.006551514069398682, 0.030067531755760407]
            , [0.07681035877253646, 0.014524434817349057, 0.048315376184713245, 0.0554647181552713, 0.03942468225423338, 0.06025269665600101, 0.024117212913957086, 0.058098122001293474, 0.04871981762046355, 0.08591687732439553, 0.024253968157946747, 0.13333696902314865, 0.03521825083538609, 0.036747674626880285, 0.049788008783064004, 0.047741544502013636, 0.04615543786597036, 0.06850871671258067, 0.013891423909163331, 0.032713708883632384]
            , [0.06651911024035985, 0.030230696551693182, 0.03905024041793551, 0.047175650791735385, 0.038607331961398365, 0.03979743658207784, 0.03742910309102327, 0.05485952946584809, 0.050329756657693916, 0.0919564975153994, 0.02784868844174126, 0.04626438345212908, 0.045610334639781286, 0.04498488754942483, 0.05836131096576346, 0.08862928194224863, 0.07727176028649572, 0.07128830669423228, 0.012729222271877089, 0.03105647048114158]
            , [0.08392658479668569, 0.013789625034879613, 0.053738254005267154, 0.06345968988465488, 0.035939954653636356, 0.054577800191472264, 0.023930272961209705, 0.058312252704327425, 0.13308762874576807, 0.08603753283514003, 0.022343514775801366, 0.037482729410113304, 0.03450535379692876, 0.03884838905299274, 0.04494023659282844, 0.05514962864994034, 0.05058232219994914, 0.06531583053567441, 0.011420906307854936, 0.03261149286487547]
            , [0.08200182087114832, 0.014737570369537144, 0.051414066648650066, 0.0594638875518087, 0.03852716922401628, 0.0579204594797375, 0.025607959896880767, 0.05517345814988702, 0.05226834178066473, 0.08379314804241507, 0.023965233719799858, 0.03678141288362606, 0.029544442265937065, 0.036031910878949455, 0.04466819386579847, 0.14659857438562798, 0.05293204614205156, 0.06429079923340707, 0.010717272326260392, 0.033562232283796276]
            , [0.07324534911785999, 0.012888260140398762, 0.05429911368849959, 0.059542014919109994, 0.04358503252969552, 0.05960337557701848, 0.026298263171447102, 0.04899669423519453, 0.05946384506913439, 0.08546494435615494, 0.08366922526147547, 0.0412243445916297, 0.04069697668921413, 0.039121031710515786, 0.05080374417634322, 0.0552828850203279, 0.04739649656650032, 0.06572823353710858, 0.015380351954567321, 0.03730981768780391]
            , [0.09788675676546825, 0.006487148558255295, 0.05787791500932662, 0.06109090889017211, 0.03456367492593677, 0.06824603751415803, 0.024950503194600272, 0.045284645390901386, 0.03798508842824095, 0.10274307018183762, 0.023998653749598472, 0.03995068853601517, 0.043797730834823544, 0.05457805927976543, 0.07130624253254012, 0.05453579402754275, 0.05958439946372361, 0.06676347940987043, 0.021316759475282103, 0.027052443831941105]
            , [0.1601438162689079, 0.00867285636817639, 0.06561149384234384, 0.089421821639381, 0.030527880339601653, 0.05671383123269623, 0.023459287669892817, 0.036877477039353734, 0.05907081852376127, 0.07858864986531097, 0.015166684383307049, 0.03062657220426442, 0.04068231924485841, 0.049106708555495315, 0.07080550347992765, 0.05323550830651918, 0.04400006016731382, 0.05103007307225272, 0.00987783596784123, 0.026380801828794456]
            , [0.07502583087663194, 0.02819224784269229, 0.048482046475882966, 0.05730165375175276, 0.03627136769075535, 0.07301040099317066, 0.02750575677462971, 0.045273642319709304, 0.049530293595106106, 0.10677959443837796, 0.012618094773193821, 0.030681919658198508, 0.04886361180299468, 0.04349190350334141, 0.06722489760930625, 0.07959566501640289, 0.0556662590121024, 0.06892944521994362, 0.01663801761047007, 0.028917351035337182]
            , [0.0617490809863101, 0.017615356776416045, 0.04402888789980806, 0.053633091186370205, 0.041418143522959305, 0.04657357164588668, 0.02919988617459189, 0.05840859911751608, 0.05281817698268318, 0.10075901394927324, 0.025785541676083476, 0.04108882743653426, 0.10278130377769222, 0.03807468257856064, 0.047914408439961344, 0.07814180537617271, 0.05153431506195967, 0.06579837868595143, 0.007426442215899894, 0.03525048650936952]
            , [0.05087495432332058, 0.011948494209797917, 0.032085715940610764, 0.056604951950585326, 0.013872096535516798, 0.028214521938192804, 0.03199576694993291, 0.02293632539049179, 0.20784960531491578, 0.03785682283462181, 0.015879744445147108, 0.049381169266017176, 0.017347898203912984, 0.06851813999092247, 0.20106434506769252, 0.05908114548066021, 0.04589326473079817, 0.028286365719947873, 0.004200079698215875, 0.016108592008699192]
            , [0.07076502792553989, 0.01729318966541583, 0.08404605040688526, 0.08737253408498127, 0.025926717989482366, 0.07284999976610967, 0.03531702485916835, 0.028522343421692346, 0.07933458783425093, 0.05118462831197096, 0.017127933219321278, 0.06938439000187499, 0.03198102605236677, 0.04939066348732591, 0.06518594454264455, 0.07969115200900313, 0.05418741940847768, 0.03798454881475579, 0.01243790314516836, 0.030016915053564613]
            , [0.05973510614890879, 0.07609529991315077, 0.05764796954627729, 0.06008019536744929, 0.03798491088765205, 0.06506852496661168, 0.025621883717542558, 0.05562432420086213, 0.05951501196555745, 0.08271309738418287, 0.020680002342959927, 0.04508563436586697, 0.04098483456092001, 0.04104298629498843, 0.052310528905829, 0.05892862679240441, 0.048854479273217156, 0.06244014974169679, 0.015167891890147658, 0.034418541733775]
            , [0.08949026123044902, 0.007058017127871589, 0.0637863858166521, 0.0862934222151982, 0.029680473635999904, 0.05994995498169864, 0.020064814927456626, 0.06808027543275173, 0.05732418344510632, 0.09408106729673452, 0.02485524388127778, 0.045406533630889825, 0.031060563013667795, 0.045237649249461415, 0.05120548367585482, 0.06778490052390167, 0.057609769666305516, 0.07220087414249424, 0.00543215088277306, 0.023397975223455075]
            , [0.0679970255973855, 0.013705378676704304, 0.05481107740982401, 0.06250151959201145, 0.034510226315924944, 0.05599341368577931, 0.02521035103490098, 0.06386517637796688, 0.059709281453190675, 0.08805565336479301, 0.022953335723290915, 0.0430329197264844, 0.03607753308478151, 0.0398743237935085, 0.048032248827153706, 0.060503159470727576, 0.054533997219399076, 0.06659857095871045, 0.06988206046563938, 0.03215274722182329]
            , [0.07764234994486448, 0.006376478184685831, 0.06606998602308935, 0.044780938662612166, 0.033573447089395275, 0.08155219900963553, 0.01781421352172113, 0.0430930217070822, 0.05010889045189799, 0.06466663696280002, 0.012651085776032796, 0.06360126005079408, 0.04169164040194244, 0.044033500550897324, 0.051943085419707644, 0.09539672511988376, 0.06841739259493487, 0.06522902747017875, 0.022634352317272344, 0.048723768740571785]
            , [0.09411654170411686, 0.012751303493665841, 0.0395007389620075, 0.045052583643769274, 0.03193243442769406, 0.05058788795098087, 0.015834619587902107, 0.07161989380578261, 0.039801045769626966, 0.09821463012010948, 0.026013414259913305, 0.06818477293173995, 0.04054514402667092, 0.06365017504958546, 0.03130139612555201, 0.08828849072299853, 0.0768047144837189, 0.072983146017608, 0.006682277695930314, 0.02613478922062677]
            , [0.05348016393235241, 0.01986814985826193, 0.028093200253369345, 0.04443308592998401, 0.05445097643274898, 0.02475386628951239, 0.026654343834581755, 0.10322482670134196, 0.054888300193906656, 0.1540717580592855, 0.0371399686011734, 0.029538276332817155, 0.023485001032902245, 0.03913333320663764, 0.04994497770313847, 0.05123120381938215, 0.050631687603508314, 0.10044837753812953, 0.014246189520408972, 0.040282313156557344]
            , [0.07044632631915682, 0.01388638123159075, 0.0539399619336843, 0.062134212814056, 0.03425912767234222, 0.059427965477814496, 0.023840209234297915, 0.13750401549440802, 0.05685727162943752, 0.12221144956639031, 0.016802190275161638, 0.04018818756590657, 0.03206787752615986, 0.03596243415538097, 0.04681667846818065, 0.054516105691758916, 0.04456225028330564, 0.052757911221450134, 0.010172449391786981, 0.03164699404773038]
            , [0.0579779458596803, 0.011463113563832505, 0.03877628696628463, 0.04832397888702831, 0.06781463580395665, 0.040993626621103674, 0.022742378040087163, 0.08233078488784415, 0.04781290001466624, 0.20557338105276682, 0.03967008781804623, 0.033509360136035136, 0.02258985449076699, 0.03204151716566465, 0.03860865146278684, 0.04811279369607487, 0.04337676765300021, 0.07311752462461897, 0.005875846525630153, 0.03928856473012542]
            , [0.21298972425812346, 0.013654783176320158, 0.04755763671547848, 0.06139460598905328, 0.026515283411840312, 0.04852148630122294, 0.022364345200637993, 0.04162484063307627, 0.05586560569224316, 0.06475755251640082, 0.017512589570222375, 0.0389894520364967, 0.022801529757275417, 0.04076395114960106, 0.0435803902419468, 0.11407779871171168, 0.05014553514513256, 0.046888891790211856, 0.0063522207957935695, 0.023641776907210935]
            , [0.058211862034157104, 0.013865048087990328, 0.041945424828831145, 0.054968988789808604, 0.033731126337859386, 0.06324642259509704, 0.028447169749078613, 0.04850537737720249, 0.05365274992776825, 0.11249151140501627, 0.020646378614366363, 0.030490321517897954, 0.08568945390862298, 0.0700306897829966, 0.07060393644147227, 0.057682477614864086, 0.05437295626930479, 0.05891956705220613, 0.016377157027007032, 0.02612138063845274]
            , [0.20226406243571704, 0.016122538780847157, 0.04136800518313265, 0.048540437675696074, 0.03652715852231278, 0.09172431332266043, 0.025100015750573825, 0.04758747427538071, 0.04301467667219809, 0.07821134530050465, 0.022912151751568095, 0.031896769988633125, 0.028437491238961318, 0.03255148095940154, 0.04540234702497031, 0.06166807816746763, 0.04594424852767113, 0.05372663811771484, 0.013256725738469187, 0.03374404056611931]
            , [0.07277244910201017, 0.00613322702534838, 0.07227768522086236, 0.07080549469271201, 0.024314755033380334, 0.07398512328796324, 0.03793062073046121, 0.02699781880696094, 0.06422653596808144, 0.05341486038055288, 0.017293100339720507, 0.06550606960029906, 0.03996535120156009, 0.06834010862934667, 0.06848812215839568, 0.09026660751838883, 0.06661513129337146, 0.0437907256760891, 0.011033518343649214, 0.02584269499084633]
            , [0.08003621207185672, 0.01765240526023399, 0.048782015739014695, 0.05512860089344282, 0.035936877391201175, 0.06593758385262673, 0.010591544030427683, 0.056674624114409156, 0.056656454399837276, 0.08015326895241973, 0.026711447948524234, 0.04352365718977496, 0.05522940427668352, 0.036923023919058294, 0.0566694172030582, 0.07377302265495385, 0.07052643443527297, 0.08754226937266946, 0.012552495927802415, 0.028999240366732123]
            , [0.06982550925575737, 0.007952748184920332, 0.14103041020202525, 0.20951465594237428, 0.010174298562986567, 0.03672338883743381, 0.02560916417637993, 0.018425010779801302, 0.0784825619042983, 0.028405570465443553, 0.012017735516345359, 0.060423569728247015, 0.02573566429503264, 0.06619659959864363, 0.04496322621239568, 0.06974776904460128, 0.051069388854825946, 0.027626794805952582, 0.0029076474320893094, 0.013168286200446]
            , [0.05571814930006375, 0.012301272748509676, 0.06837620811895415, 0.07125293899991944, 0.03330561127964857, 0.13287071419483554, 0.024032998941079, 0.05468386955708378, 0.07374777307050993, 0.07699189571233654, 0.01858329394001143, 0.07599647395557761, 0.022181022524930608, 0.04649437336203902, 0.04179652394163569, 0.059360502230092975, 0.04423920369735869, 0.05400800953269249, 0.006975356957830845, 0.027083807934890267]
            , [0.058750429705290534, 0.017548426373371045, 0.04844884457576067, 0.0628178353026771, 0.042774553939237334, 0.04276992283643813, 0.07588522181306148, 0.05428153143361845, 0.05804659067003242, 0.09078787557855905, 0.024405462684511957, 0.04950122630845532, 0.026999701749588326, 0.05571588250485434, 0.05151236363741297, 0.06830218954692659, 0.05350217050039791, 0.060636326253916295, 0.00632119003763515, 0.050992254548254866]
            , [0.08468144437178848, 0.013978996686747751, 0.07159990244187242, 0.07606215169168334, 0.03202932174919779, 0.06996805151324913, 0.021952149798368153, 0.06904868089743296, 0.06996248985297834, 0.07489852474970204, 0.010128485942209088, 0.056195929294335985, 0.034346694148685596, 0.03921286332914669, 0.055278800302862016, 0.05898813804925756, 0.06228827278927059, 0.05634903743381605, 0.015920055491045294, 0.02711000946635044]
            , [0.07618038156687641, 0.06901845656848236, 0.04942614237776994, 0.062154217834715274, 0.0377551216817014, 0.044103263203641614, 0.024416742136557052, 0.061988303187143406, 0.061100169744287884, 0.0907291656845833, 0.02464582928686098, 0.04239055739451814, 0.02535596054768726, 0.04052128480368383, 0.045542238109242336, 0.07264899358289996, 0.059740814329933785, 0.07226083862281041, 0.005948522323555788, 0.034072997013048736]
            , [0.09192784068055815, 0.0018769301480537806, 0.06550190614180945, 0.08967366805923394, 0.029837831525942993, 0.0564489834173086, 0.022522276968326847, 0.06523931414078063, 0.07210798945698753, 0.09521062746509278, 0.02155688905112823, 0.03786641702918848, 0.034206631631905265, 0.04474868054391805, 0.056099696214479654, 0.05892532542721533, 0.04801990356375926, 0.0702443867797474, 0.0074742450235448015, 0.030510456731018692]
            , [0.10422202054561625, 0.013129288864037053, 0.049501895523087855, 0.05895965153982546, 0.032640217185723325, 0.053681545917259696, 0.02615732562707981, 0.046500199563948, 0.05170976937661297, 0.08257114551612184, 0.018624640484199765, 0.03452119097244479, 0.03507856919548227, 0.03609320383750129, 0.04983189521342805, 0.05035035743183244, 0.047741991716598195, 0.16704988705228177, 0.012349862080572843, 0.029285342356346333]
            , [0.06809661795360047, 0.012868851184023004, 0.06150886241048016, 0.10367119366669529, 0.019756079000522644, 0.0357739158732501, 0.04393909734504785, 0.024379095096436664, 0.09675118692339858, 0.05352306806339502, 0.019550309634000177, 0.051651839589636206, 0.028947507860369308, 0.10896692927867506, 0.07941411366130308, 0.06853391356561495, 0.054381406308186137, 0.036465776794281445, 0.008342869305271337, 0.023477366485812463]
            , [0.090916822409797, 0.012715765935382015, 0.04363099904573115, 0.16276509437221895, 0.03347110960488305, 0.05680552344189878, 0.024158749035541972, 0.054896858998873393, 0.04691786806970776, 0.08615441980027129, 0.021180575913557455, 0.031565679092825344, 0.03197217693720713, 0.03810231907941512, 0.05296218084223523, 0.05148793344157771, 0.05133027113678993, 0.06865124868579145, 0.01209764789298115, 0.028216756263314106]
            , [0.08286807853955279, 0.008786936485534138, 0.05374217517916577, 0.11271457219404396, 0.04567790082126007, 0.04108358734308261, 0.027694511031482745, 0.04685250169946172, 0.0797117664374411, 0.07831125197577918, 0.01825737592973977, 0.04046421257138932, 0.024798462908944514, 0.06473251666270562, 0.051430312879787464, 0.059954087060215426, 0.053272032544283636, 0.04669966843426453, 0.012640766886577124, 0.05030728241528849]
            , [0.04512488501068613, 0.00741423422541596, 0.33179653446002433, 0.13230575872946332, 0.007023148056774608, 0.040281447813903665, 0.024184314654537492, 0.011322672535446941, 0.04013866001336319, 0.016738061236045664, 0.008014661016809343, 0.11994478676711459, 0.014554682820650262, 0.0374407963142175, 0.025922137546984695, 0.07006402707775089, 0.03934574232443687, 0.017234939515328056, 0.0021829692527115547, 0.008965540628334837]
            , [0.0983471977565346, 0.02623570864288129, 0.052060819182660506, 0.05809617206630443, 0.022976181457511565, 0.054167968870506546, 0.034586062491352695, 0.027476819244647843, 0.054607098541698415, 0.05331359490268328, 0.016911454276897872, 0.05596767436919823, 0.04631438641402645, 0.051892519644476075, 0.0523627506795716, 0.12773163610035213, 0.08859001742527119, 0.046126888086689834, 0.008950869167798112, 0.023284180678937328]
            , [0.11044860176544821, 0.018273067232786284, 0.062400715326717336, 0.05535735033524727, 0.020217752796592936, 0.20087369670346125, 0.02558447098241833, 0.022571137145854233, 0.04715227282050749, 0.03759178972396163, 0.014350591428505045, 0.05861847621329952, 0.030868740647373504, 0.03792073163719875, 0.04255889924773546, 0.09643721291311343, 0.05287372683549488, 0.036111267534162765, 0.008563099218874081, 0.021226399491247702]
            , [0.14855908400691378, 0.021581982908757753, 0.03909165332408191, 0.042295757362808, 0.011720018136560125, 0.056121633912501974, 0.020537736911228937, 0.018981894259756216, 0.039643935277212536, 0.027378127200847254, 0.012716989511646947, 0.053681073411101454, 0.02964885806485617, 0.034633157460464865, 0.03386186556654502, 0.24118921201978713, 0.11839007714444934, 0.03459051956403504, 0.0035676240423078644, 0.01180879991413781]
            , [0.15347062396705102, 0.014879065937238641, 0.06318530119388938, 0.06455838708260753, 0.02739467596297576, 0.06686822671914963, 0.029386392905654896, 0.037019912042998905, 0.024446335322712964, 0.10018545383132668, 0.01364528637896283, 0.018662475806854248, 0.03919067596650756, 0.06349202278401524, 0.08556080531912212, 0.051583355831961136, 0.052627128282579864, 0.0605965817520767, 0.01640244412662964, 0.01684484878568514]
            , [0.09104015435723099, 0.012267175734686015, 0.04368840767254983, 0.05592340568184577, 0.017348286498012393, 0.03629736430616141, 0.02123590642136149, 0.046591738795577965, 0.055722350922530944, 0.0516062848534203, 0.019282058698788258, 0.04579148196362462, 0.024347196636831124, 0.04078787666468924, 0.04165443220945711, 0.12761458934186368, 0.1799178567702402, 0.06827612608377946, 0.00490156632339992, 0.01570574006394897]
            , [0.1975773072080341, 0.017855380033005727, 0.03569517887596652, 0.04587085623964851, 0.03316833457049445, 0.047961860737720526, 0.019084564714328237, 0.06757963650016731, 0.046667787310553065, 0.09241545259936455, 0.03029454725842983, 0.029427190683178013, 0.02276381778060272, 0.028575408127404143, 0.04149877426035695, 0.060295700109231784, 0.05298213799334978, 0.09767797689632016, 0.005681267264986436, 0.02692682083685715]
            , [0.06552933525186432, 0.010781671732766264, 0.12165063690692568, 0.08477650153921923, 0.017590745517115716, 0.0682246056457439, 0.049234077936125074, 0.01984330800326192, 0.063728784538296, 0.033249892539729806, 0.011269898892203806, 0.13114088306452806, 0.02356651413477655, 0.05192366341540223, 0.05085242069792806, 0.08673251169293235, 0.05377621118092894, 0.026746960003398105, 0.00599493392285526, 0.023386443383998878]
            , [0.09115684692838287, 0.0017596324128797672, 0.06382726961881445, 0.06378482320497297, 0.037416596447809695, 0.0642456307421886, 0.02071856271767818, 0.042654418833675524, 0.05971007916326347, 0.09212346910396264, 0.021813838557164605, 0.042907012101788336, 0.04831944434239526, 0.05283344427186674, 0.05717313706103341, 0.05276710891366713, 0.06269605876944077, 0.06563256424084005, 0.021634171196737235, 0.03682589137143811]
            , [0.09923068022697984, 0.01193929606134993, 0.05746971231218104, 0.051668593778145026, 0.031101639033673877, 0.20135776862870117, 0.03137780854424266, 0.04312657307471603, 0.028792667168573916, 0.08664649389360078, 0.018041232034808573, 0.02680333166655891, 0.03552610978692612, 0.037468668261097876, 0.06291888115831355, 0.045382954963892636, 0.0425506169676429, 0.0564284960593268, 0.01101487950257081, 0.021153596876697562]
            , [0.06428103025477962, 0.01508590957222904, 0.04913923696170473, 0.08443374906904397, 0.02721159621128723, 0.03221786317529699, 0.025615575360086355, 0.05152808351018272, 0.08702267068472261, 0.09638333664357042, 0.03303362821763103, 0.059102405138639465, 0.013057850083492016, 0.06829058627716235, 0.05970947424127403, 0.07783529890668264, 0.06996860930863949, 0.05713046855486679, 0.003388291537154197, 0.025564336291554395]
            , [0.07449107081772098, 0.016155106001824248, 0.0487142038345195, 0.054604583483472156, 0.0382473929409348, 0.06618659669673269, 0.02180689664861227, 0.06067485918340991, 0.04737923214707959, 0.09250706561798351, 0.02383463531732684, 0.03877290223918596, 0.02942734124764404, 0.11730519333758639, 0.03862565821429536, 0.06007858366335045, 0.054388132907302156, 0.0719469500247418, 0.01119920820000485, 0.03365438747627258]
            , [0.06980114997477432, 0.01116993439311614, 0.04761868262113337, 0.04219056599621664, 0.022741677657728974, 0.06365697945118437, 0.025046895790496466, 0.11323075083795937, 0.025782123034612896, 0.17391090668233095, 0.01408876968466962, 0.023194592905097147, 0.03019896287072125, 0.02907481502103333, 0.052740192891888284, 0.035739684504271604, 0.03090736845265785, 0.15801974194587073, 0.010845106391875647, 0.020041098892360918]
            , [0.07420165758873726, 0.00919386518923789, 0.11235757159933733, 0.12710937510534312, 0.028559734341061488, 0.04190751593421465, 0.01982089487836317, 0.04425085644153522, 0.06025229006744411, 0.06722192788064647, 0.015056018296208689, 0.05298652520291629, 0.06187682599915576, 0.04283855335096537, 0.034033985985658356, 0.07268006983742142, 0.05479949467111128, 0.04974605608045695, 0.007315637656964354, 0.023791143893220863]
            , [0.0802609632041284, 0.006134603393582734, 0.0539738589006327, 0.10453807838028724, 0.014143798614666627, 0.037871302718221554, 0.021959244170630512, 0.028383423838051484, 0.17097391663057304, 0.04744168162800719, 0.020594779329354006, 0.04177533112602732, 0.020441446057793265, 0.06249200294491082, 0.1194349445640699, 0.056704139772228, 0.05277283541643741, 0.040589343105659356, 0.004106079347170191, 0.015408226857568015]
            , [0.08864913247137354, 0.008678164865647108, 0.05923669756970893, 0.1191569369305674, 0.011773578902549249, 0.033052374206289016, 0.03626418366506553, 0.024819652338420543, 0.08265668438873738, 0.05189775396899504, 0.01864394939437201, 0.05236829337866188, 0.017962949800789215, 0.14457614941301053, 0.07119500952689946, 0.07167410539859574, 0.05719589777384541, 0.03539872322970138, 0.0030808755281620734, 0.011718887248608473]
            , [0.06833274499466332, 0.0062256588590664345, 0.048330336897370624, 0.04461708916812688, 0.035218236917904294, 0.08372148431757558, 0.017450314491122804, 0.05491784112902254, 0.028216197301004272, 0.09049674458274956, 0.019300122822924048, 0.05115563624898271, 0.05153154800970176, 0.029811456023244195, 0.05832547413566065, 0.09388835045675745, 0.09632961636548269, 0.08309120917346591, 0.0072151373438837565, 0.03182480076129047]
            , [0.3473223276189196, 0.01909115008195727, 0.027414016279729864, 0.03964185371122297, 0.009378227136454316, 0.07164794828860657, 0.012560815110875947, 0.024287613768731904, 0.02933562565229217, 0.027966025429028478, 0.013347357082027871, 0.024558468244544922, 0.026920630397675404, 0.026104304393019775, 0.023788625213101718, 0.14119661367776737, 0.06585682652819892, 0.059214291866065125, 0.002452011044823448, 0.00791526847495641]
            , [0.0606102178904607, 0.01327563757318461, 0.14227628000757742, 0.16415820486103547, 0.03868745741379893, 0.04490837031640276, 0.017679662073925188, 0.0615414546087278, 0.03725738915550242, 0.09081793980756285, 0.02449423383471674, 0.02799120844789584, 0.027030097147929897, 0.027199693695582908, 0.030951347960556014, 0.044923240893159355, 0.04394991654962196, 0.06420338025067861, 0.00916041365057674, 0.02888385386110383]
            , [0.0602557640642, 0.004623756841865381, 0.06362397947657472, 0.06225772838806116, 0.038811533682531464, 0.15822443968194572, 0.025259891248277315, 0.04732878405092898, 0.05308424433819934, 0.08132690710422112, 0.020924473680721447, 0.036965390589710496, 0.040448408441322546, 0.03576741519702604, 0.05604719987105623, 0.05426852839049787, 0.04973872837432279, 0.05992571443163647, 0.013529356414757807, 0.037587755732143034]
            , [0.06943090335410183, 0.014615176738469496, 0.04847938602538648, 0.05764535991359738, 0.10301856789834014, 0.052845507680197766, 0.023059981852075792, 0.0538785123643381, 0.05231853816142694, 0.07697563950926366, 0.019386859118844312, 0.03876025637681098, 0.028775557978464733, 0.03484520956581669, 0.04370583450669946, 0.05942122619546744, 0.05035632756879313, 0.06162464412841385, 0.004197678646208214, 0.10665883241728362]
            , [0.058633180451618014, 0.01151475358523965, 0.06575173954193925, 0.1131969619563581, 0.03996769367524542, 0.061329930998843846, 0.018520337134242802, 0.07160366727235964, 0.08227511650455173, 0.08193920004789614, 0.02288451011861003, 0.03726735458766265, 0.03993290320976659, 0.01845083246110965, 0.057345293088804886, 0.044955747577216036, 0.040328158785612855, 0.08047351303555243, 0.011278006579262062, 0.04235109938810828]
            , [0.06707175077402176, 0.005331719287572762, 0.05458396687769564, 0.04514947864526032, 0.04536482697184556, 0.06466380300896099, 0.09376897577915319, 0.04554303288349715, 0.05033119290295955, 0.07302089767176323, 0.019789327047282274, 0.05692000639815596, 0.035505890798293575, 0.039862916080741086, 0.05086953236647261, 0.06729828528599971, 0.05761870955803871, 0.06328986509395224, 0.01569203201969291, 0.048323790548640694]
            , [0.09172153848184311, 0.015247727433124152, 0.05244881661378721, 0.0760915558578916, 0.023610788888963848, 0.04231385785395383, 0.022585206297355477, 0.04159406233871848, 0.061943971590686125, 0.06172766906859373, 0.016935672137541085, 0.04066693671608722, 0.1514911550194177, 0.04248032817503287, 0.03993074477077596, 0.08500107557724895, 0.05699124758679512, 0.05181277326615768, 0.004838379378157974, 0.020566492947867863]
            , [0.08629822488366296, 0.0030764304825041605, 0.050792588479090295, 0.04898496679463697, 0.03586844619789348, 0.05695935479486533, 0.018073712417143097, 0.048122376416317086, 0.050573654955639556, 0.07447898321759325, 0.016801948119528017, 0.04336740330769362, 0.15910242915674824, 0.03310772630102195, 0.039697753771902024, 0.06374582044872483, 0.0554136800300063, 0.062375681449101855, 0.016475785096085396, 0.03668303367984164]
            , [0.06847375016127723, 0.01037106855816587, 0.05087776215367865, 0.05069447606017871, 0.12550998779825173, 0.05959138025809617, 0.020030020455052477, 0.0418745324728022, 0.044216456774142064, 0.06481901967384189, 0.01727966940463235, 0.03184397847184154, 0.03287143203377956, 0.03441003508041236, 0.05049543263964742, 0.04752931676428345, 0.04638343305914589, 0.05569704898385468, 0.014562924431867687, 0.13246827476504777]
            , [0.04758240696371017, 0.01198729903111194, 0.027313908933449257, 0.03058294591558675, 0.11890839078056338, 0.03037620803663872, 0.02773486956658224, 0.09936552463425742, 0.03285237013721016, 0.1524424535257727, 0.04232962989335717, 0.030237501719052266, 0.02439859085611044, 0.026407627451893855, 0.027128114571118366, 0.040937165142164146, 0.04358072653663838, 0.08675470709697575, 0.01795969840040675, 0.08111986080740036]
            , [0.0782854714547993, 0.011133766151086895, 0.04546562212867797, 0.06892227956676411, 0.029303860907079128, 0.056493524682647865, 0.024225379406211882, 0.08510917977998757, 0.0719221605550849, 0.11156213275532635, 0.024995598971288887, 0.0404792649943292, 0.02206030635077084, 0.040118603201914134, 0.05051220259594023, 0.06042761001985839, 0.05674229922358904, 0.09445582506059351, 0.0017474371990620532, 0.026037474994987698]
            , [0.0822089685037593, 0.009174771236597417, 0.06419813083909548, 0.10862182904921014, 0.020885945303927306, 0.04215307774385518, 0.027116982603612397, 0.04364472118344005, 0.09842434970208433, 0.06835705561081862, 0.017483669845677466, 0.04922898215030911, 0.03786830524601353, 0.06399066677827266, 0.05933346565308019, 0.07400694123326033, 0.05783973682081197, 0.05353214996941712, 0.0018926934239188189, 0.020037557102838766]
            , [0.06544956546780893, 0.013544578630061359, 0.0441336829365777, 0.04615442898718316, 0.07103465220580918, 0.047809412547082514, 0.04424465646580041, 0.044152473526108016, 0.042987838597976655, 0.07060769131162312, 0.02110650458601084, 0.040120246257828666, 0.03153459639483031, 0.03473123990066365, 0.04508534655640716, 0.055583355350066435, 0.04933064070025311, 0.05632542578068606, 0.07135504474514509, 0.10470861905207786]
            , [0.08193884814018824, 0.018406218149812355, 0.08534046043730327, 0.10459497682292512, 0.013097745353311376, 0.06980617109055656, 0.0338399139489757, 0.019751101667584033, 0.07860619754300065, 0.04049106492073708, 0.01258288200849202, 0.06711265140958263, 0.04362547068613887, 0.059594419286947684, 0.05944171169648249, 0.10512236747389854, 0.06055677094221383, 0.02976097943760892, 0.002317986935925004, 0.014012062048315784]
            , [0.05561978041977932, 0.004415415582427878, 0.0743253537938662, 0.07194744790537544, 0.04224279471766816, 0.04308263143620729, 0.032047386381412565, 0.050466888421733094, 0.08406867740857793, 0.0668731709130571, 0.018079957567904755, 0.08538758851938334, 0.032351229412113054, 0.05306851325434122, 0.04354367269889114, 0.07130983360380438, 0.07265449145698477, 0.04738139914359964, 0.007499070123590714, 0.04363469723928215]
            , [0.050983257660502705, 0.013800177902342897, 0.03832714442710595, 0.05341030384994945, 0.0988978460449403, 0.03137015130924372, 0.03463683696567392, 0.0592970308427497, 0.05871490997694128, 0.10845647425367765, 0.028199752264827755, 0.0376139204430314, 0.017900807049569024, 0.03861043472863997, 0.047879857055617765, 0.05200782182570873, 0.04688892586747222, 0.06026193775763069, 0.014874363733433888, 0.10786804604094112]
            , [0.08621658249073524, 0.007559717977509507, 0.053333611893063626, 0.06674763421635684, 0.032237026969425896, 0.049739147718663654, 0.01807457726663481, 0.06435642996546387, 0.051294483453619144, 0.09371250329318662, 0.024444802566631917, 0.035603765932877965, 0.02248970597759007, 0.03454055620209463, 0.15030440216860036, 0.05297447819197605, 0.053130347721815706, 0.07009116315839603, 0.006410835246324889, 0.0267382275890334]
            , [0.12053227685906755, 0.00873526792713997, 0.05151848667180015, 0.08786426411894363, 0.017263172237510956, 0.047017029891457826, 0.03161630803829842, 0.031950417122167334, 0.055998851504495184, 0.07415554365223231, 0.014680244364316728, 0.02683257290031528, 0.029091382769885852, 0.06780732582091677, 0.129936299479888, 0.058178700965420285, 0.0700576361516589, 0.05568505841545864, 0.0071344229336516955, 0.013944738175374357]
