# This script is generated automatically.
# Vector of amino acid stationary distributions.
distributions <- [
              [0.06749798617278795, 0.015699543808620122, 0.056445496629213485, 0.06599874901331139, 0.042031132913681754, 0.06020831865906866, 0.027837214407076233, 0.06041351887227104, 0.06426302472279743, 0.09372326212400382, 0.022744010362956306, 0.043388101428156994, 0.042522763023259545, 0.041227678049169346, 0.0567262404342002, 0.06314527291994802, 0.055877303804096674, 0.07004429939197271, 0.01431449503147012, 0.03589158823193798]
            , [0.07572723812761215, 0.01412667973815755, 0.058368877100627006, 0.07807744317288387, 0.03420421177410374, 0.04948479157976344, 0.02658630153529118, 0.06301232567905993, 0.07319926187833249, 0.09515556339759047, 0.023570605755625015, 0.050748822358530066, 0.026715242409389092, 0.048568667537758056, 0.05328579458869376, 0.06995949852272597, 0.05838143972060185, 0.06646566618382675, 0.0050399876711051585, 0.02932158126832225]
            , [0.13096522646584838, 0.01204483844626175, 0.060137321086940476, 0.06543282050818686, 0.03059765074719251, 0.06888775732498992, 0.03269506813680024, 0.04174449637699751, 0.02933970523759838, 0.09977608526197115, 0.018236623322621975, 0.02604240971625302, 0.038433530415013475, 0.046398599545633634, 0.08269840397104801, 0.05591436307100996, 0.05661545750915218, 0.0685324582506588, 0.012972714248133031, 0.022534470357688956]
            , [0.09700905853256214, 0.013416011374046176, 0.07748089589572371, 0.0828819384227533, 0.016428845588586614, 0.07202233436006107, 0.03320887192498788, 0.023368050422863423, 0.06360827982928942, 0.045737990651057055, 0.014055305799503988, 0.06274619699826367, 0.04289646100780002, 0.060223973745974074, 0.06104542822552176, 0.10268133453467188, 0.069083235525845, 0.037967053997188985, 0.006328875418851258, 0.01780985774444858]
            , [0.0772105438866042, 0.005579544685307849, 0.08301819528304516, 0.05482676248598907, 0.03523610666754714, 0.06793926276223666, 0.017251977061186308, 0.04866993223269954, 0.05946107985364516, 0.068842138673028, 0.01603009276379549, 0.08032946357258842, 0.03725862090124564, 0.03848373169131841, 0.039188543759887146, 0.08459997532264321, 0.07599581357100078, 0.05822838200449854, 0.014597419897674206, 0.03725241292405913]
            , [0.09497326492622075, 0.008419028086816582, 0.045484788053583185, 0.05598113864100095, 0.028756226292618932, 0.047418512981311896, 0.02088578427280133, 0.04496304111790536, 0.04573040598401715, 0.07360062107495201, 0.018711929446094403, 0.03274703367948248, 0.1921038959595893, 0.03640596433891479, 0.04434521413938982, 0.06346905162513913, 0.05255269983236737, 0.0606272988261563, 0.008560772019024556, 0.024263328702613617]
            , [0.06167263846317384, 0.009607846130759455, 0.04294163640932768, 0.0479458656412115, 0.027971854675682303, 0.04902639163428263, 0.020631582608742437, 0.14863126500258542, 0.0429748511968934, 0.1074283712570173, 0.017767987224717473, 0.03080510314309244, 0.025107638112915418, 0.02999737364447975, 0.04370137833185257, 0.04226785861106974, 0.04588103096387224, 0.1724497628763017, 0.007890833376121021, 0.025298730695901675]
            , [0.08944144289324535, 0.0017904815712203308, 0.0564001035272863, 0.06099734493966314, 0.03514436775169985, 0.06227878188917863, 0.019348659509952116, 0.0597511965852893, 0.06548349797043947, 0.09237364907073761, 0.021392609577060618, 0.046444284567770805, 0.03134458025627833, 0.04887001968486664, 0.049293193641594985, 0.06617870774567776, 0.06569139905341628, 0.07958844318951092, 0.010322022191860103, 0.03786521438325153]
            , [0.07104858849814777, 0.010863747604122832, 0.042458189437582186, 0.04986770323698643, 0.040654585328507006, 0.04691560019289866, 0.022531264247298014, 0.06913861775069875, 0.04531386874858072, 0.1739255798898446, 0.07811808645152835, 0.0352283478292765, 0.0241508764601497, 0.03881736710473526, 0.04567642671793055, 0.05088672212867852, 0.049002344033776964, 0.06897284924025839, 0.008692365151368757, 0.02773686994763001]
            , [0.10959403492757662, 0.0052237145016407445, 0.08978017077002315, 0.1709635512913248, 0.02054819265887513, 0.03753312753070084, 0.020820838883723772, 0.03365085591948892, 0.08171082645380506, 0.05815854711058538, 0.014764157627697371, 0.04000996939343712, 0.017617246651518516, 0.07123184590574451, 0.05359030220216071, 0.05643636356317173, 0.05183761619470992, 0.04201143006854408, 0.005758690236763474, 0.018758518108508104]
            , [0.06863221397351937, 0.011329961179511319, 0.04258039795491223, 0.04920721408206929, 0.10281413791103039, 0.04612779910018005, 0.033795035357170065, 0.05275608621320258, 0.045524883939680946, 0.09365217940601499, 0.022882359394688793, 0.03771191420874668, 0.025726895791663228, 0.03444896662665105, 0.04427540164143185, 0.056446255523880065, 0.04961208938274013, 0.06250775946344093, 0.010029104945407109, 0.1099393439040592]
            , [0.07466624603190926, 0.021780530498234953, 0.018741014198195773, 0.02475276249103918, 0.042061535746483726, 0.028533902461794117, 0.014917782219323236, 0.15195303299891502, 0.02358706543510747, 0.19152266664161896, 0.03969736612476366, 0.018723569227682958, 0.017697002056165208, 0.02090648262973814, 0.02895652485566476, 0.03645794885347058, 0.047323089731464735, 0.16944793115869616, 0.006062940004671095, 0.02221060663506099]
            , [0.0852590160688432, 0.07247442358091778, 0.04261394511561221, 0.04941504063632674, 0.03740724844767398, 0.05128987830772316, 0.02855351010453002, 0.054788282218128856, 0.0481199712385226, 0.0894519323529048, 0.023366889621230943, 0.03949565503810112, 0.030924867359483903, 0.039072614217020754, 0.05358633524499229, 0.07199483030869257, 0.06054013152967383, 0.07758987471875345, 0.011014731254248546, 0.03304082263661911]
            , [0.0674759295039693, 0.008950498231969767, 0.030729871100482142, 0.054615403332059095, 0.01460145459164412, 0.03532218131042489, 0.03246115550632152, 0.025019731045375363, 0.16929204168312859, 0.04841073909525568, 0.017339337089858253, 0.04085682995511654, 0.02369271655111613, 0.0719534003808647, 0.18565073891439124, 0.06290011156066011, 0.053650392136669, 0.0354041892271569, 0.006042914813327334, 0.01563036397020925]
            , [0.07534722821011995, 0.005858958607155095, 0.2048341389024175, 0.18083673932750124, 0.007559157760531549, 0.059524124501018696, 0.02433677464347867, 0.011244750150150229, 0.050934537444705996, 0.020960983313231134, 0.007769883794063544, 0.07612281442914463, 0.027954698399140693, 0.05495961562868952, 0.035526323296979266, 0.07560230987268397, 0.047400608363153414, 0.020512050817476712, 0.003153124772323786, 0.009561177766034582]
            , [0.10043750710983866, 0.005726090474291589, 0.08022798015622677, 0.14100466720035787, 0.00555570115819279, 0.0403465505206786, 0.02777677098801015, 0.014310007887009344, 0.110299868199364, 0.028603620977573813, 0.009754250776092897, 0.056744095712696466, 0.01863113847225776, 0.09684825429423931, 0.08314744656898343, 0.08479413625698849, 0.061877491799681224, 0.025765790975678396, 0.0013538181023223434, 0.006794812369516089]
            , [0.061568760702031274, 0.008722574292697053, 0.052162130235121514, 0.0463621132541242, 0.03184021530378225, 0.2714899032502503, 0.021431002688994904, 0.051179508785664345, 0.04640028899451512, 0.07496134772626005, 0.019411820164807296, 0.0444189191789301, 0.02494796753079684, 0.031814419785159025, 0.04090017424737476, 0.044023289388544495, 0.03919703591215131, 0.055271496160641816, 0.007908885114037568, 0.02598814728411573]
            , [0.10184110377153772, 0.014716212334850343, 0.02951523714302227, 0.03846284081937108, 0.01815512791100918, 0.034390762948914695, 0.022155624491909318, 0.04340040480247884, 0.042042659192407614, 0.05357006245554307, 0.02382598619656859, 0.05161957699745909, 0.019055064993798013, 0.03908825265355092, 0.038052444930294575, 0.15978586960645946, 0.18436038828822848, 0.06524377733624584, 0.004393226445932616, 0.016325376680418217]
            , [0.05555804622627877, 0.016026878569171815, 0.014897876712358624, 0.020210924000177165, 0.11796646232429477, 0.023130356457841804, 0.02239919264444023, 0.10411562838514599, 0.020778597759863994, 0.21123608677110015, 0.04873393576800661, 0.017611059002005214, 0.014923908945791644, 0.021392429834517213, 0.0269303449344128, 0.03414297752706847, 0.03830432863091938, 0.10109413252948703, 0.02373853267082326, 0.06680830030629495]
            , [0.08705249055536633, 0.0011916228106136043, 0.09885337293384655, 0.11279766959442757, 0.010301895180135053, 0.05498821719930997, 0.0224860948244597, 0.017342421060787937, 0.11145808168527266, 0.031154400473641368, 0.00914319733967711, 0.07891777604474497, 0.023629900317812473, 0.07498060894695835, 0.06186093153088153, 0.08830563357642023, 0.06975846171441911, 0.027692028783588025, 0.0038269981592355664, 0.014258197268401872]
            , [0.07693136856186289, 0.012153851850316756, 0.044744633371007675, 0.0464253128458128, 0.0511098359153875, 0.05773726855354548, 0.029598889949947874, 0.049553233359256675, 0.04397746924537196, 0.09025929406358607, 0.024669589553173863, 0.039208859687400864, 0.03196872641769293, 0.04011293481399558, 0.05495000853990944, 0.06344716002760113, 0.056855860826349205, 0.06323079910694569, 0.07610024127037869, 0.04696466204045687]
            , [0.12587828364469159, 0.0033681757106364878, 0.058465813596834657, 0.08246218209315846, 0.007051608960737476, 0.033715531543348665, 0.01571848630040329, 0.014219659537466064, 0.05956294070455065, 0.027033955484288583, 0.0077612842103546974, 0.030313462005060344, 0.27455684916497713, 0.04617848093084749, 0.03918999113618914, 0.08702775572926312, 0.05138145025042987, 0.027416607461140923, 0.0020494638426208985, 0.006648017693000428]
            , [0.03837479565248749, 0.011248104965700872, 0.003517550789005792, 0.006686935144300989, 0.02535682951796909, 0.005479474764924899, 0.005048382743866634, 0.28754330170734926, 0.007689105947062296, 0.1965791180715409, 0.04835766370916996, 0.00583091028432814, 0.004995855234537415, 0.007937634362982069, 0.008078545273743413, 0.014567602325162077, 0.03358225754326854, 0.27868947401051314, 0.0023670824091237184, 0.008069375542963369]
            , [0.017469414355780345, 0.005423324312505026, 0.0007550692042744879, 0.0013237535622237066, 0.013307786164516094, 0.0014371191479081804, 0.0010793177554841603, 0.4166402168293872, 0.0014269868470521098, 0.13032268896828414, 0.027213908335545278, 0.001560886129146175, 0.0010779000866666772, 0.0016283542085198674, 0.0015230012575316032, 0.0039952547194471, 0.01365037026333774, 0.3574327365079305, 0.000412047192287141, 0.002319864152172767]
            , [0.01614873429841569, 0.004469204775152875, 0.0017078994755700973, 0.0030695895506858304, 0.07506749556546195, 0.002852961590690213, 0.0038420247824986946, 0.1507506572272888, 0.003745091567079207, 0.4985461654995573, 0.08930719647845707, 0.0030457800078285027, 0.0031037219845484795, 0.00572815782355778, 0.004919612084031104, 0.007670784160465885, 0.01313380619633256, 0.09461854924835052, 0.005926911280049737, 0.01234565640397747]
            , [0.02963241691384154, 0.0075796338616317994, 0.005912577264896241, 0.010728454158275669, 0.05040020700809261, 0.007213881114031992, 0.009870794426875079, 0.12990496968999787, 0.014585822219737562, 0.4150907669872678, 0.11404849598242214, 0.010142792504570404, 0.0061158746435925546, 0.019608658525286937, 0.015027593186718253, 0.0197189570441964, 0.026543388171931442, 0.08950846147923715, 0.0030928762946782267, 0.01527337852271831]
            , [0.040575291974539206, 0.002256672458668886, 0.25298496316928104, 0.4277973715797982, 0.0029172324384008665, 0.020207221206384143, 0.011661128277759093, 0.006081291228451035, 0.031696534866776906, 0.010348400863089267, 0.005021544424367534, 0.03561859794873469, 0.005705870357444585, 0.06007045809421258, 0.014072261562524061, 0.03365343296623709, 0.021648405316992855, 0.012947912180982096, 0.0007652696031480094, 0.003970139482208155]
            , [0.03422098008751013, 0.0033195978240933726, 0.013730673904211541, 0.0383952235313488, 0.0031290431744483223, 0.015043493056184435, 0.020745491259154366, 0.010022552915196952, 0.3429520816231727, 0.01833597704277402, 0.01013859491245249, 0.03829752668568659, 0.005662657960843746, 0.07598682040785848, 0.27388295338211516, 0.04232863366635429, 0.03533591337450085, 0.013507084718898044, 0.001070363197985671, 0.003894337275210278]
            , [0.013443485785044304, 0.0043580442777373905, 0.0012629932299913008, 0.0021958099085058894, 0.03873956488672505, 0.0019821647778428537, 0.0021784990355660427, 0.18028443766614635, 0.0026450025250617797, 0.5185323280527434, 0.09920479815866819, 0.0024240920655103277, 0.0017468654921722225, 0.004538993513578264, 0.003101512894500927, 0.005875735407491188, 0.011507145978243158, 0.10067965845185099, 0.0005846414799504126, 0.004714226412669874]
            , [0.2804117651863218, 0.025664027410828443, 0.020754863528935213, 0.025707350580652738, 0.008149616727877397, 0.08009403939591025, 0.012688032113377334, 0.015287447925252131, 0.02109279500789648, 0.021917856434001855, 0.010609851587400918, 0.032791876212082696, 0.02326402403060627, 0.022550052404247473, 0.020768356873815008, 0.24071348881625243, 0.08972678885783526, 0.038147316800527076, 0.0022761037027407647, 0.007384346403438472]
            , [0.26332624174302016, 0.021282146884495774, 0.023565559556644047, 0.026845832714355606, 0.032649279637321144, 0.10749045436864349, 0.01802873093875236, 0.04334015363635987, 0.025946493128431274, 0.07146687101555499, 0.023381772248858575, 0.02476794871566368, 0.016915164173466044, 0.023345716546628512, 0.030924621712274017, 0.09886059364782322, 0.05182529385955468, 0.06231512954512237, 0.008185575560201459, 0.02553642036682884]
            , [0.12010381167218348, 0.008016979957873066, 0.047349160170576096, 0.03643808399876206, 0.008600340497769641, 0.4101650530064455, 0.015458408065780818, 0.011147039265600294, 0.030277288652492306, 0.018206918781688675, 0.008051089036642874, 0.04825397372467705, 0.017879669978526618, 0.0255726492851207, 0.02944788398883814, 0.09550823296700638, 0.036641151748793566, 0.020695356721209104, 0.003691504684200569, 0.008495403795813043]
            , [0.10667169171042032, 0.001079712056099054, 0.18852699292853753, 0.2256400085707864, 0.001965879317971367, 0.04120121092237604, 0.013899451451101831, 0.004739316460789571, 0.07237361932359089, 0.009674883292254436, 0.003440303957481967, 0.06248273677308728, 0.025072472215913886, 0.07322573373179354, 0.03164349160349454, 0.07517417446583236, 0.0475006771269189, 0.012414620088461288, 0.00063358235491632, 0.002639441648172692]
            , [0.05117357932373203, 0.011857278984933831, 0.029873736051434927, 0.036525382987138956, 0.043040440376375735, 0.025118390792081197, 0.21497303266691617, 0.02233623069187841, 0.04406371866440334, 0.049654336815067666, 0.016991521291085897, 0.08003088189412673, 0.012699371729033649, 0.07262575410549363, 0.05933842597982187, 0.06207410281118821, 0.04195212158141046, 0.030182700930770887, 0.007654271590415418, 0.08783472073269089]
            , [0.044629719018089466, 0.007386461358157321, 0.018007440839727936, 0.020602030696002503, 0.20304123894610102, 0.0211067483615765, 0.05234058385075685, 0.028516634595006207, 0.021197798225527684, 0.07147891351651428, 0.019442276516530237, 0.024550038211914173, 0.01202589087184815, 0.023470262228746753, 0.02657938126840295, 0.034281566378124406, 0.029857341664314377, 0.03671022609904666, 0.055783702536986425, 0.24899174481662595]
            , [0.010857981445304333, 0.005320601619647731, 0.002749279058434943, 0.003639128791085127, 0.37469556869952386, 0.0035654908492215795, 0.029289532930816792, 0.012596967570849452, 0.004028061136488318, 0.04105439083997998, 0.00945449461388416, 0.006454828765875778, 0.0022382159664599325, 0.0055849274690307985, 0.005399402655064736, 0.010380808321410345, 0.007975170708084461, 0.013949546802336716, 0.02709021614935524, 0.4236753856071458]
            , [0.08388923465565905, 0.005827036696932792, 0.010322080166061285, 0.020368104426682864, 0.013502049987042467, 0.013253649448525725, 0.008216587116030226, 0.19588313444049488, 0.021054752163307013, 0.10817710790543761, 0.038932514228847505, 0.016416278349116933, 0.011535568820630417, 0.020086817897300126, 0.01803202693733554, 0.04267880855534157, 0.09535727081458972, 0.26680994475984443, 0.0019810674702391735, 0.007675965160580646]
            , [0.13418855785557315, 0.007092649758360848, 0.010629283040172636, 0.014970705465039136, 0.007365209414704101, 0.022103838533129343, 0.010811242200494155, 0.015994680169367354, 0.01408001097031744, 0.027599267864525386, 0.008407813025169299, 0.01424290486618981, 0.4983967938885301, 0.018473381314946115, 0.015478376789961924, 0.09039223846110545, 0.04898574158188296, 0.032679606397102656, 0.0020060594086523257, 0.006101638994775656]
            , [0.24994999444327867, 0.040611219997931484, 0.006755269576295189, 0.010388189088025404, 0.01096345270286745, 0.023997473555362605, 0.006991873440791506, 0.0772092218864805, 0.009900970446212232, 0.05355882427351217, 0.023617160572733078, 0.013658552093644425, 0.00880780808348397, 0.011341752647263852, 0.010538817071483146, 0.09944772793075504, 0.1346197430802069, 0.19871787976114083, 0.0019346838999059952, 0.0069893854486256166]
            , [0.022826510325704052, 0.0074845161051189145, 0.006662815567137312, 0.01653130002555021, 0.005565738802844885, 0.012984957568170077, 0.026472858316846863, 0.011092547569823199, 0.27441177043228704, 0.022072562511595898, 0.010604085318236272, 0.024544026998996427, 0.005308858521912094, 0.05252729496065138, 0.42111085036756474, 0.031078196328903743, 0.02403597029191716, 0.01372349021558423, 0.003448751030305824, 0.007512898740849701]
            , [0.05767561335628692, 0.009650488077484603, 0.012894076485164739, 0.04017481858235095, 0.02081703067434677, 0.012948626801535676, 0.026276093031186974, 0.08796409329738113, 0.10400357226122084, 0.14498383611995122, 0.054139816911879336, 0.024014176709809657, 0.006376343883622713, 0.07320750538884138, 0.1079127289746626, 0.04213948679003056, 0.060649677388412655, 0.09194150661321508, 0.00399986067035191, 0.01823064798226435]
            , [0.09779645219646366, 0.0016247365596558667, 0.09094557744645784, 0.17465572869675328, 0.0025897920003587972, 0.028952324633203526, 0.022554224718059953, 0.007271068754461757, 0.14534114880398966, 0.016661092207428212, 0.00607237360314625, 0.0638937443344544, 0.0025517957992327693, 0.10906225329222141, 0.09049321717631562, 0.07106133559664257, 0.049420226818393274, 0.014299997268541993, 0.0006286771964440801, 0.004124232897775202]
            , [0.0525798740376549, 0.007834038227321292, 0.041499573860528424, 0.09046818221494611, 0.010899267935411952, 0.024818528516569235, 0.07872525455771766, 0.015787574105606775, 0.12405011421029084, 0.038304663645775304, 0.014136749644504997, 0.06708707568814004, 0.007481638359920046, 0.15741410555819807, 0.11931011938154246, 0.06091133885411043, 0.044356561307955816, 0.021894934966985045, 0.0031921409568648833, 0.019248263969955808]
            , [0.08928676513576346, 0.0031906924597190803, 0.03739099976885976, 0.1153542761261511, 0.008435386613998964, 0.01772817300907531, 0.01785058866753278, 0.05069343252863363, 0.11914959121012032, 0.06266146150783293, 0.022754996838243897, 0.03499532137784751, 0.006476739450029984, 0.09512532245058206, 0.08214579719133631, 0.06123853990455045, 0.08958411595431194, 0.0758576811553739, 0.0015853465393576734, 0.008494772110678976]
            , [0.021608845208190838, 0.009515372678990965, 0.0029225639153386794, 0.004044181904717861, 0.3530363166454873, 0.005667387908752528, 0.010356603895547035, 0.07070176865685145, 0.005024450754586834, 0.22176716372269903, 0.04755842321387506, 0.00616141194904014, 0.0035295442726898407, 0.006556766190242266, 0.006102294553781714, 0.014977584819970868, 0.015389099238085426, 0.056969169801546704, 0.015938021729890416, 0.12217302893971502]
            , [0.04607958618417487, 0.009786367381824165, 0.11635115985896644, 0.04199596934303761, 0.01336556078397031, 0.04829324190056552, 0.058216941631899194, 0.015909430196754747, 0.046010139346648014, 0.023508828234387723, 0.01029620926966615, 0.27621277390535764, 0.010864861315400612, 0.036171944775317266, 0.034280432206718364, 0.11368723515103504, 0.053088980417367995, 0.02064213257367145, 0.0034466177634810435, 0.021791587759755645]
            , [0.5046768389792707, 0.029649889479933245, 0.0034668458629535763, 0.004655550842907357, 0.0033899066927237684, 0.057646026101760305, 0.0029858927618576767, 0.007621396208101012, 0.004009245821642944, 0.008665306054425222, 0.00486221364016393, 0.007701779210723125, 0.005364278705465542, 0.005013048136244862, 0.004351925897173418, 0.25460776595104895, 0.05882630006914157, 0.02902413568543518, 0.0007925601753750589, 0.0026890937236524024]
            , [0.023554874237755503, 0.000827951339948993, 0.0018325087145007828, 0.0030528382058900598, 0.014279204566944486, 0.002707816570371294, 0.0018743638517707813, 0.37845173764621554, 0.0033583528524426796, 0.14590485622480104, 0.03346970735838265, 0.0028923976491109725, 0.002711212905209816, 0.0034985137113471886, 0.0034490903018443266, 0.006492450848910253, 0.019197650992379914, 0.34878979341305927, 0.0008727144168100975, 0.0027819641923043656]
            , [0.05586577824423807, 0.002111300623726071, 0.013828521968847275, 0.016482587842522385, 0.06558378214202482, 0.023591836844039614, 0.008930352310152833, 0.1673756762386074, 0.017323023041707027, 0.24346636728212664, 0.0494101838804143, 0.01605544490763717, 0.014937460363533142, 0.016835476852062096, 0.01863779180045212, 0.027234058594683926, 0.04129807192254152, 0.16230847155984704, 0.009085212827655856, 0.029638600753180484]
            , [0.057280620048977784, 0.014376840572419775, 0.001718068050653037, 0.0030418601091563415, 0.0072677072784925485, 0.0039952939060010515, 0.0020237429626863744, 0.2802735065157476, 0.0030810873930694213, 0.0782094931855611, 0.02059442540234724, 0.003447750942539837, 0.0030125859426869423, 0.0034271848681599435, 0.0031069589157419523, 0.013168123178553228, 0.038076058308791176, 0.46081651511747396, 0.0005687616859226472, 0.0025134156150181646]
            , [0.08725099209079402, 0.007780850640599533, 0.05355257317829508, 0.0329854347926926, 0.005316842584784135, 0.055967955485535965, 0.01684307727275394, 0.010469146200904536, 0.03526545548160722, 0.014971470680822045, 0.007864005625451163, 0.12503580742575857, 0.011887289827776667, 0.030312789583523774, 0.025106429651432692, 0.28808581227319646, 0.16556669054466497, 0.018322412712203577, 0.0014773830000333506, 0.005937580947169824]
            , [0.027631557003365195, 0.00284741525303208, 0.47883439812426587, 0.09852435599749307, 0.003468699050474944, 0.03264827254751311, 0.018158641091095634, 0.005159668377029282, 0.022398125535603917, 0.007582110137688857, 0.0035431735319198677, 0.1662061514791834, 0.005666072924253273, 0.020776499462968032, 0.012260781225744448, 0.054611673449952255, 0.024737406391283048, 0.008260651859792073, 0.0010552245024955, 0.005629122054846081]
            , [0.02924722624527442, 0.006239515822298644, 0.0006530347612472732, 0.0010198235872447721, 0.070031227869068, 0.004118153452988825, 0.0012046973808790217, 0.24390246871028678, 0.0011686214598555808, 0.35596683306447613, 0.06442147161386108, 0.001571022608756734, 0.0017291189810903853, 0.0020152771119526366, 0.001446955888051914, 0.007129157718778863, 0.01728674027147592, 0.178795037096835, 0.003993553443415072, 0.008060062912163064]
            , [0.043716233971958236, 0.0028879306609593237, 0.00838790169874487, 0.0060650662496682375, 0.0017550769357397443, 0.858798876845881, 0.0028173994508462184, 0.0023324752713622353, 0.005053956246601077, 0.0038043202186062402, 0.0019407497116470554, 0.009978808541063892, 0.0023966161842520397, 0.003979163472391475, 0.005790550410962969, 0.02674535039697708, 0.0067368135726474454, 0.004589743303967558, 0.0006769354741842265, 0.001546031381539113]
            , [0.025157055418836526, 0.0203896756164075, 0.008774138689794937, 0.010079047182845023, 0.2664652173780631, 0.010186327661570602, 0.06346603203798029, 0.022821733175874583, 0.012121601028343306, 0.06397831151654827, 0.013382210129202834, 0.02290812126240092, 0.006438098701788516, 0.016646496504643192, 0.016088574063256467, 0.03410482690458375, 0.02080514434429394, 0.027077195124124476, 0.00556739637640686, 0.333542796883035]
            , [0.07146683782441098, 0.012675736890352087, 0.008580159393291318, 0.007821212849394282, 0.005622803442769288, 0.018765963645853253, 0.006577974279812753, 0.011646805150088757, 0.009589145160754252, 0.012832944325931217, 0.008433460799401202, 0.03210718947450048, 0.007216367171881116, 0.009043815296272515, 0.009216416335746604, 0.371717232665285, 0.37051803980687237, 0.02007336083037775, 0.0013934100548056493, 0.004701124602199262]
            , [0.28183606503282854, 0.002329992989629918, 0.028344060767734453, 0.0348591810267232, 0.00867694002512092, 0.062429256005061017, 0.007383886467803116, 0.0236869974156701, 0.02987923470652843, 0.02581075515379199, 0.011261836947952023, 0.031239667482211797, 0.022686400738896485, 0.023659933973079306, 0.01807202736411419, 0.1843295547880438, 0.13222725724812787, 0.061508318708079386, 0.0025740132811682076, 0.007204619877435356]
            , [0.042502053645573634, 0.0032751885758003736, 0.10640902412141899, 0.05188384143852062, 0.003908795046526262, 0.3957342739270398, 0.02229136742346045, 0.005032173658519305, 0.05521776857058999, 0.009352879583962226, 0.0043826488893514174, 0.13218677076874316, 0.005704474585785434, 0.03538627219112878, 0.034038733609727666, 0.059669797265280156, 0.019012071805865338, 0.007952915321759055, 0.0012838651806856922, 0.004775084390261707]
            , [0.13170230036831831, 0.020407325922972515, 0.002624683177294882, 0.003924415271683257, 0.06177503862180854, 0.030423389255963138, 0.003701904013511355, 0.14614607596155507, 0.004208784196200013, 0.1849779458292425, 0.058257428904856426, 0.006795306379681816, 0.006135293013368296, 0.0058798756994881156, 0.004987023238590476, 0.049108215170535846, 0.06703073473989478, 0.1938364154090672, 0.005862046156837469, 0.012215798669129814]
            , [0.31780894967399753, 0.011314946692333573, 0.003925958367750399, 0.004732498852957843, 0.00460907525317868, 0.4656599564430383, 0.0030682959106363697, 0.006368989252859443, 0.003880219292046464, 0.00868045892016549, 0.005163254140027629, 0.007809777176017937, 0.0043786674022142525, 0.004644027342336743, 0.00480469645394001, 0.10362217762681711, 0.020417710670522258, 0.015075750141080747, 0.0011747984839075793, 0.0028597919041719213]
            , [0.42455619834395725, 0.03416509475812204, 0.0016134813335335046, 0.0023085147881099365, 0.009673252632732563, 0.079949471091044, 0.0016810399277394246, 0.03110626584984855, 0.0019236318643074614, 0.027482389946390122, 0.01558220839225121, 0.005437291955540686, 0.004171393711047068, 0.0030970012830185264, 0.002181263020186384, 0.17106206161656265, 0.09691404008903383, 0.08283452287023144, 0.0011626397209317288, 0.0030982368054117125]
            , [0.10167060279579916, 0.0136136635838851, 0.0004373186803129642, 0.0006166019461960006, 0.05956556961175001, 0.022900389345641124, 0.000563967263153544, 0.2183279724400091, 0.0006020353783070102, 0.22767008662178584, 0.04256714326680004, 0.0011723389767852438, 0.0018522992841956214, 0.001010908325907912, 0.0006935945360724447, 0.023039743643279535, 0.04079480463579648, 0.23808189078876568, 0.0019067137705588472, 0.0029123551049984814]
            , [0.1118409725898334, 0.3243855037623229, 0.014446751604506591, 0.01609118545039466, 0.02221881159725063, 0.034276532884683845, 0.017205586188459635, 0.027202264220832988, 0.017421137106038726, 0.04009953304748188, 0.016764671736225832, 0.030096125084202015, 0.011410119376735325, 0.01801420109292237, 0.021340373175378173, 0.13623161736281342, 0.06573867727923395, 0.0493622336446224, 0.006047290660031264, 0.01980641213602987]
            , [0.02980522963228293, 0.011540939711315939, 0.007832177572466103, 0.009810104891938494, 0.10487714105251535, 0.01827857731739852, 0.014515760766541897, 0.02061924680544117, 0.011602743954518083, 0.05353793471229928, 0.016127559348276692, 0.012114117861320103, 0.007518034254612005, 0.012547799903378525, 0.01801534173792705, 0.02844618957424641, 0.021671039142486408, 0.025594281854658243, 0.49215881982693216, 0.08338696007944461]
            ]
# The number of clusters.
n_clusters <- 64
# The base file name of this file (for reproducibility).
fn_distributions = "udm_0064_clr_rb"
