20 A C D E F G H I K L M N P Q R S T V W Y
32
0.09687325491842833 0.0718985055663158 0.0154371164478706 0.0578524935374402 0.0729647415255392 0.0382945288335908 0.0512393257045141 0.0264945565058562 0.0646584724603064 0.0692824984325595 0.0986697441181377 0.0249504986788050 0.0479340969221365 0.0302901977577230 0.0441754768298198 0.0528414420755351 0.0667350330128422 0.0572242754167108 0.0688264034858367 0.0074479810656863 0.0327826116227742
0.08001196249282118 0.0870515342786454 0.0147392267612185 0.0567548928313394 0.0598568865694729 0.0389854311231843 0.0651639053590003 0.0301577166151926 0.0513864174170148 0.0445072706060758 0.0946710760731012 0.0217900471072962 0.0369192403382899 0.0439564594764516 0.0433490684731479 0.0653234737982932 0.0623841625858284 0.0590544104757840 0.0705908356801408 0.0204435265933978 0.0329144178371252
0.05071708792696881 0.0832841720389865 0.0027692126195995 0.0649057872580519 0.0591061661153603 0.0369892922945230 0.0647511846753069 0.0183061687929439 0.0570554595244301 0.0644961230413375 0.0831382344748773 0.0193057986948550 0.0573377093888004 0.0335428129120006 0.0438950229844322 0.0445558158106708 0.0725604239135029 0.0696685350760257 0.0722950344768708 0.0122640898184219 0.0397729560890027
0.04794877653516452 0.0735672037275051 0.0120442427303834 0.0299040791232330 0.0354127010047894 0.0353741538789271 0.0408887072644367 0.0176649146499385 0.1404169459027029 0.0321716181533720 0.1561081083984513 0.0336377844173880 0.0253230010606536 0.0231295970473670 0.0263032018075946 0.0367667028708804 0.0418511437805758 0.0492427163598110 0.1590813754604183 0.0074081836192218 0.0237036187423502
0.04392952009760547 0.0917063036552965 0.0115426989243329 0.0988774249688457 0.0829413414059169 0.0140590182921580 0.0846083285058653 0.0316146943762402 0.0198340870996290 0.0585377876837290 0.0361075947546017 0.0122888694737548 0.0855319560242421 0.0316469600534428 0.0538864820440478 0.0508232443402761 0.1131146161276141 0.0696469802289353 0.0318298829390198 0.0052780691197023 0.0161236599823498
0.0391074710002179 0.0991546696818839 0.0036089101629464 0.0910100045346583 0.1643119093740394 0.0145765493879796 0.0368386548441962 0.0225292225864893 0.0279618001140444 0.0915924989199184 0.0476007656125883 0.0136480602039031 0.0482643561463045 0.0170811919572677 0.0808318079678392 0.0580070495022265 0.0653288068218897 0.0596777865465446 0.0391408941998328 0.0037693579732939 0.0150657034621538
0.03486413836969572 0.0162366712158245 0.0042109958978154 0.0014209090194517 0.0025167063696637 0.0477633421946367 0.0024560086438238 0.0026608177904785 0.1863934255075572 0.0031068978233553 0.4845943237461166 0.0927137644771563 0.0027071994643884 0.0023095467422903 0.0049057933418163 0.0037719540921927 0.0068229816370682 0.0132804370049777 0.1134682683941546 0.0017591859681019 0.0069007706691302
0.033255024291094386 0.0442316506776970 0.0083300355927555 0.0089905217736168 0.0138596026456569 0.0678557992986657 0.0137198465391030 0.0115494874153045 0.1474969030805471 0.0158891247812741 0.3202759680087953 0.0750590094314916 0.0122647851003546 0.0100885998222004 0.0180850463119865 0.0186321529782214 0.0246382671630372 0.0340031738273663 0.1228094220565129 0.0075538654065023 0.0246667380889112
0.032674543444756836 0.0684049354614127 0.0097936591109577 0.0350109178040362 0.0655327931401163 0.0132005420075289 0.0343610031567086 0.0418691784837848 0.0223426625544062 0.1477237677794365 0.0464986383260369 0.0165385466658866 0.0476912384176150 0.0191378036641237 0.0933890129873933 0.1620442228742850 0.0682468123756637 0.0550833880274280 0.0320843065686593 0.0052602506835062 0.0157863199110143
0.03147741197290266 0.1023997206874332 0.0072132950229376 0.0521614688980428 0.0664045592457519 0.0233598097375392 0.0454517793702123 0.0209995758485191 0.0379769991544035 0.0517271213731002 0.0638225657910815 0.0163211715568784 0.0331388975405407 0.1913237499439827 0.0404219406523702 0.0465664645410441 0.0669622981124147 0.0531413386215963 0.0537003261554747 0.0069357832829107 0.0199711344637662
0.030330565316004775 0.0228633835103025 0.0052173704700920 0.0010168653828815 0.0017793732333886 0.0122246854411161 0.0019451176670221 0.0013730068797475 0.3872438293762984 0.0019232835454295 0.1230271050265892 0.0268125296334750 0.0020133983139499 0.0015756746360260 0.0021896695582435 0.0020653835122877 0.0054286983642958 0.0172642562479489 0.3810666010785981 0.0005275991077785 0.0024421690145293
0.02955688491746674 0.0631700916347998 0.0133869146663778 0.0287193805647356 0.0347058051831948 0.1328742912145076 0.0344398331716844 0.0349124647603450 0.0594277264543839 0.0347936411589108 0.1203259743611807 0.0310972575097045 0.0311137862702283 0.0198680636097697 0.0305611226042831 0.0374088568844928 0.0503115775332580 0.0451316761593699 0.0662899259390785 0.0129928784302276 0.1184687318894672
0.02858735839751999 0.2372334605063022 0.0116908553108238 0.0253611342992283 0.0342285220683483 0.0130918730355366 0.0533509828711994 0.0140445258242119 0.0349676559551656 0.0300503833872469 0.0412340516244909 0.0180879636670799 0.0324434856394209 0.0230524546400506 0.0291995616042451 0.0273268752127045 0.1646106370516838 0.1230983807030444 0.0728516526428032 0.0033559986388730 0.0107195453175406
0.027950417408073625 0.0923100633180427 0.0023166066944898 0.0731892189926998 0.1455739654344725 0.0034066638464700 0.0304537539620335 0.0256521016135423 0.0100942410577430 0.1521453454404814 0.0208420499421195 0.0079792384928770 0.0628911520780463 0.0050586617617011 0.1105527089281512 0.1002581823903171 0.0760790638885187 0.0569612203485081 0.0184285248938058 0.0008317628937870 0.0049754740221936
0.027942477700448946 0.0858417546668476 0.0098523795010833 0.0479967737905122 0.0435033759822586 0.0318132310406589 0.2561356931492840 0.0215872761910156 0.0467943792508656 0.0418698454172807 0.0731018646372325 0.0201255531584602 0.0411595149390514 0.0246498078813422 0.0312471393302867 0.0413943940302511 0.0535196289890921 0.0415985975014815 0.0535149749741118 0.0083878722396423 0.0259059433292418
0.026926195124490206 0.0476030936999748 0.0022354271901292 0.2954372237754953 0.3416228907128050 0.0028766256144549 0.0261982821339505 0.0135237866881318 0.0055767229726708 0.0352631335103549 0.0099641200900014 0.0045011100590521 0.0508593159118533 0.0082656176564954 0.0549642653920482 0.0162916048091208 0.0420441007788607 0.0258853546324986 0.0120521503953439 0.0008462417173491 0.0039889322594091
0.026538913830353148 0.1289456911885710 0.0021894515132527 0.1165298031627152 0.1425746471112856 0.0044427694184097 0.0521033575130653 0.0168925084958094 0.0094611776595798 0.0787187969191615 0.0191748798686820 0.0060135673882634 0.0552054044474189 0.0652517620053994 0.0669986673907904 0.0459180614486211 0.0983262863484055 0.0632225781617526 0.0213719661789532 0.0015465943564138 0.0051120294234496
0.026474513979619654 0.0522878000762455 0.0057932113401849 0.0050911140325380 0.0095522316809912 0.0162834987679970 0.0073555720544405 0.0052345348675118 0.2751832457707492 0.0103284708601144 0.1429194965613526 0.0403412106087463 0.0080539596775134 0.0067810192895317 0.0100740159570580 0.0097339817794538 0.0201650656843055 0.0492318492982047 0.3175681156120808 0.0016834362752246 0.0063381698057563
0.02487863274705944 0.0268550701647844 0.0049814521641049 0.0090906019690545 0.0243210374154797 0.0042643667338233 0.0135029059403970 0.0238042732078241 0.0107819065380701 0.3171064167568137 0.0204998751736130 0.0105891388661142 0.0304182664367528 0.0053721909334488 0.0633498515935926 0.3500704189941308 0.0352089756359714 0.0286070847815384 0.0137141746104883 0.0018948516485775 0.0055671404354205
0.024386370874329426 0.0427152896720809 0.0043005117119543 0.2426475863801943 0.0745469026818713 0.0055655743951086 0.0899776117210477 0.0304885001404366 0.0075906413571136 0.0453347645337135 0.0119816880850289 0.0054212051272691 0.2215276196174017 0.0081809979728716 0.0334793447282525 0.0267660199128945 0.0901110498587077 0.0370384156730870 0.0115972599938796 0.0017611267170667 0.0089678897200199
0.024289330003361143 0.1325684229409198 0.1164808301567800 0.0274308523355350 0.0316259554580934 0.0329020858385258 0.0515855490428765 0.0240053925398001 0.0477856600861250 0.0317434997061224 0.0769725477325596 0.0242722002095172 0.0340383325576320 0.0204889309685354 0.0293865758239364 0.0385862922445480 0.0967097082870379 0.0684715150119133 0.0777527548937798 0.0090104195406773 0.0281824746250849
0.02263522424821996 0.0703183456338236 0.0072135629500950 0.0188000834156270 0.0548883829115534 0.0160544892709363 0.0157000689605061 0.0215271899747358 0.0886227601645277 0.0936373146851752 0.1201007853555656 0.0476217708974673 0.0286163981020937 0.0073862715648392 0.0745991372409056 0.0834915466176985 0.0514049119915129 0.0796671642764796 0.1029519895417274 0.0029780000219426 0.0144198264227874
0.02234674820452334 0.0872221448068121 0.0051027292797402 0.0175557322119603 0.0134893641930029 0.0037009983780177 0.7037968899811132 0.0060925174907639 0.0048908705284911 0.0113823357737641 0.0078389600469177 0.0039298121653305 0.0212513831627370 0.0058624715854938 0.0094545551808189 0.0118047652941852 0.0564974153613236 0.0157403791415920 0.0096528135031599 0.0014057024506706 0.0033281594641051
0.02200710515613435 0.0144570708163643 0.0074741848512485 0.0041747165374862 0.0052462830406961 0.3489014033125034 0.0051063459224866 0.0375316223711079 0.0155463475927381 0.0059666441641570 0.0487182000426331 0.0109622376153319 0.0097411333480242 0.0032652166863983 0.0080208371380662 0.0078808937550671 0.0149160196526939 0.0108798070263788 0.0174559116942922 0.0199983620779810 0.4037567623543453
0.02184213567548827 0.4846159196531162 0.0264229539869123 0.0036209315932686 0.0048124577736677 0.0048081157269260 0.1068717640478235 0.0031247339631498 0.0094824359908769 0.0040475797085610 0.0110697288551693 0.0064077206057152 0.0083509903779606 0.0058906358887205 0.0051589644979210 0.0045619977529909 0.2218040305097038 0.0543494555467296 0.0303361033388605 0.0010668479309620 0.0031966322509647
0.020568253696595543 0.0955391186487092 0.0139094010058089 0.0194452728481554 0.0156828485287280 0.0065221649225523 0.0346860070037188 0.0115119147352871 0.0124058288281572 0.0181494063625254 0.0157662439505981 0.0091881978292144 0.0623091334260773 0.0106544684168300 0.0169940435358884 0.0161275238564834 0.3639571992120949 0.2468508873930348 0.0223219989739583 0.0017422082633852 0.0062361322587930
0.018890328818580326 0.2441369745142967 0.0410947156002388 0.0042657576205391 0.0064499394985329 0.0134064620358145 0.0259272426826617 0.0047962565192832 0.0902209764676612 0.0062332166066201 0.0637742203556657 0.0279823427097282 0.0103187033916351 0.0067031336921183 0.0078439180846188 0.0066841786632639 0.0949633452720329 0.1277146059720630 0.2094427841910065 0.0018107525881757 0.0062304735340440
0.018460702417111657 0.0519043974929148 0.0123077886504912 0.0333003913449378 0.0380629666989559 0.0437114262003017 0.0261498092156521 0.1938385941580638 0.0222931919172118 0.0461246194041703 0.0486346135550499 0.0167383093030682 0.0899202150469222 0.0117714138764945 0.0699608361457877 0.0586264168540117 0.0675847946073536 0.0436765097052165 0.0299303862740105 0.0071580006966767 0.0883053188527093
0.017598803044966093 0.1370561252737905 0.0061363531289219 0.0144461781202413 0.0203607287477200 0.0069282478735269 0.0246951829041361 0.0115251716596108 0.0147594896197585 0.0189209394716131 0.0261150328479959 0.0080733230498336 0.0167084203933740 0.4687221152678700 0.0224224761853145 0.0186430106863785 0.0958942881375503 0.0501578185328845 0.0305738771341876 0.0019406032242170 0.0059206177410753
0.016148483118858307 0.0560449893539741 0.0112589960782069 0.0194667803358825 0.0223466172710905 0.1397986144921083 0.0312190395757664 0.0345576477850763 0.0357216132757737 0.0237882309341083 0.0836532912193667 0.0236563120407305 0.0247998372002227 0.0153718495304444 0.0250962077072248 0.0326312322999238 0.0435222719111044 0.0374978392529953 0.0460881053497395 0.1538865221841673 0.1395940022020936
0.01612907494466465 0.0253457458546476 0.0099321376921654 0.0029841221830950 0.0043320636164629 0.2801994864857068 0.0062531212370561 0.0092719615591790 0.0921061984702750 0.0051751720206571 0.2726153848680350 0.0579936058095437 0.0060905228889156 0.0038472943452039 0.0070336831429046 0.0064498800066061 0.0154640035149449 0.0179293808434234 0.0726500738852565 0.0161477203581640 0.0881784412177571
0.014652289326474601 0.0759753730175708 0.0111802542178910 0.0006436210653872 0.0009491816893969 0.0681335203696449 0.0155437678864790 0.0009421280792709 0.2208387548546116 0.0009913791675422 0.2603111430947052 0.0525582479208606 0.0017033489602134 0.0023203448212755 0.0016528925550130 0.0011549416919373 0.0185216126363367 0.0355284851320638 0.2226831427094148 0.0031678334726056 0.0052000266577794
