# This script is generated automatically.
# Vector of amino acid stationary distributions.
distributions <- [
              [0.06885495717265917, 0.017994280301797328, 0.05685242885903329, 0.06581387174469065, 0.043446128253603236, 0.060002987603933355, 0.02684971871718831, 0.06041424396384633, 0.06156955031017095, 0.08364425480976388, 0.0211388645468545, 0.05191053892136047, 0.0336523400943644, 0.05117282620416579, 0.060528025176857736, 0.06743852722743966, 0.05998480941785059, 0.06653248584623662, 0.010078034388851496, 0.03212112643933218]
            , [0.06858834101868475, 0.004963451662034606, 0.058958846709213704, 0.061047080655668565, 0.04613365633762265, 0.06293743494648914, 0.02199547243689952, 0.05534189120192937, 0.06028705456142878, 0.07525346546087229, 0.018725269411833508, 0.05797240999417899, 0.040634821300838606, 0.05203772856238461, 0.056461227645178365, 0.06619709739443463, 0.06259650739455547, 0.06445178191742114, 0.01575369811009006, 0.049662763278241255]
            , [0.07089345104291783, 0.011035639123722013, 0.045251914880826145, 0.056139735370012586, 0.05004816148859788, 0.052277232996626864, 0.021866639604455496, 0.06703727371233836, 0.0526801158463293, 0.1635707641499565, 0.025495977747437684, 0.03282168275112839, 0.024659883056154037, 0.047988822213694604, 0.05507274286484496, 0.05805245537898878, 0.05474377105349373, 0.07107904497038135, 0.009210895150638032, 0.03007379659745558]
            , [0.14512946658339523, 0.010715069511076255, 0.056284136750211954, 0.06420017392345759, 0.025707391042731134, 0.06329523803153123, 0.022227121006849454, 0.049810732257792874, 0.05168579637052609, 0.07861486868099596, 0.01756195154897987, 0.04156992883365489, 0.03059975569231852, 0.05360193436612081, 0.060752849781109806, 0.07147273145385186, 0.06076109748851188, 0.06481064303847878, 0.008710370357778706, 0.022488743280627038]
            , [0.07640761150221206, 0.007665228523865865, 0.07280705518328905, 0.15598601555580474, 0.020906346011316388, 0.05024414249576459, 0.020838742143790234, 0.04740758178601162, 0.07031706100566225, 0.06910697155272527, 0.01621696808510407, 0.0478245773018811, 0.023637531754716792, 0.060698626693329226, 0.057089798406330994, 0.061687140711967375, 0.05764906249346336, 0.05720533891014337, 0.005873628356793917, 0.020430571525827414]
            , [0.07788254032058811, 0.00865767125903516, 0.06053741182088922, 0.056737110653078814, 0.026384272285035794, 0.1688078517624349, 0.02077841009015013, 0.049623665751419514, 0.054269920743902, 0.07106749852566956, 0.01667204163373263, 0.05406239769658144, 0.02771608746750554, 0.04233244092850868, 0.05366298997144176, 0.06646001108031545, 0.05377318941376121, 0.0581168530123021, 0.008506682515486606, 0.023950953068161415]
            , [0.08523268978769256, 0.011813725679053136, 0.054135856309414546, 0.056989396893845724, 0.021812745857858525, 0.06215637859028953, 0.02270132170348267, 0.038197878248778266, 0.05554572223293295, 0.06338745968109179, 0.016402174513213907, 0.0638550978805633, 0.025902076075678727, 0.05086222141539728, 0.05304723446138919, 0.15667729362508795, 0.078522943369158, 0.05442842703248545, 0.006505359536856169, 0.021823997105730096]
            , [0.081229455909898, 0.01084074502606171, 0.0442272346375549, 0.054660714774741596, 0.03328352641228148, 0.05182978674214637, 0.01990908296705279, 0.07781242728148303, 0.05164122656598352, 0.0865766980940579, 0.020832477673087785, 0.029683470783347352, 0.025112759894251095, 0.038112656182799576, 0.052414586748213796, 0.05801220110687902, 0.06607654071466479, 0.16323593492424648, 0.00860679717312121, 0.025901676388127737]
            , [0.06953417034201663, 0.007258175860195017, 0.054370164243210554, 0.07213400955415981, 0.021265191515941684, 0.0501406316311641, 0.02173334052863598, 0.05006447449381368, 0.14823714273644678, 0.06843280458798588, 0.016995673430047493, 0.05702550622852683, 0.021033157998514445, 0.061701728036956095, 0.07045099854874456, 0.06454457040412162, 0.06099517055880766, 0.056442265765406556, 0.005517939964350116, 0.022122883570954467]
            , [0.08026009043329663, 0.009084534380857368, 0.04557502971352549, 0.06354152022088627, 0.0189416392735472, 0.04960039688890914, 0.03989837510144631, 0.03771166477205435, 0.07890715669714124, 0.07116091222602523, 0.016013137580690614, 0.04370698080773442, 0.019019816444790026, 0.06706804208607826, 0.15516142843970615, 0.06246066382506816, 0.059855272165352705, 0.05544110818187055, 0.007225051745170263, 0.019367179015849854]
            , [0.06759774351416378, 0.010103722793879832, 0.018604297542699943, 0.02777841762620379, 0.05466501914310761, 0.027949446664020584, 0.01508255615492548, 0.14041906364986573, 0.02667427623285313, 0.18520420484047126, 0.04916615280555668, 0.01861438202220795, 0.01608610063476757, 0.02319548437886868, 0.036065972379935224, 0.04469070685256532, 0.054966523575515014, 0.15038126237568453, 0.0071085651210685274, 0.025646101691639445]
            , [0.06287949379440677, 0.00858203072245857, 0.025469744336592083, 0.044176596894068415, 0.049541918437366494, 0.04288805280929063, 0.01742200669854844, 0.07282345111380954, 0.04055074549565609, 0.25593367033336767, 0.04995312325719062, 0.023213395759417308, 0.016689313959286637, 0.042382499695850714, 0.04861455379787788, 0.047181058152174264, 0.047982705703211954, 0.07092692221809474, 0.007459741644066775, 0.025328975177264575]
            , [0.23087911545531997, 0.00981505106539232, 0.04574376240294708, 0.05085814878636932, 0.023454229198134564, 0.06517977465352451, 0.018194815735778632, 0.047538683656156745, 0.048700572838515574, 0.06814440507606785, 0.016666359855575737, 0.02902203106394834, 0.023111341705478117, 0.042739431578668066, 0.05232221875325598, 0.07230343714493756, 0.06100070862605947, 0.06675524679479952, 0.007322123108983935, 0.02024854250008688]
            , [0.08299393500022267, 0.007915573739895595, 0.053074571878962834, 0.06113122485992636, 0.024767321091344864, 0.05576059982769084, 0.01988518439820671, 0.04864776916352167, 0.05402905475954691, 0.07260945461443286, 0.015950261627471395, 0.03824973535016317, 0.1534801239499978, 0.04490484396074769, 0.052775265975911145, 0.0660682328550215, 0.05657840479584614, 0.061754705958176705, 0.007901729481779009, 0.021522006711134176]
            , [0.07359538963898474, 0.007399916463972864, 0.1542924262579977, 0.07187182343264217, 0.02455662893890252, 0.06233126525378259, 0.021413620864837477, 0.04656828790169619, 0.05770226040504202, 0.06732159021733848, 0.015686116800500756, 0.06428359819250347, 0.028175839586429777, 0.04615134910345563, 0.05033752607569394, 0.06428774170729273, 0.056290443034996154, 0.05582880682936716, 0.008311294675141032, 0.023594074619422725]
            , [0.07449643823637289, 0.007599504705688455, 0.05002436948895459, 0.05804705400792132, 0.02228173172587538, 0.051057399535229656, 0.018521989695510985, 0.05454723528290788, 0.05821417221446263, 0.06747068349086763, 0.017282368757735735, 0.05153795124181076, 0.021051856776456098, 0.04851358707472685, 0.053368749723334885, 0.08043666248588346, 0.16970865173772606, 0.06813803748682219, 0.0071239696400353285, 0.02057758669167729]
            , [0.0639628247809843, 0.009071223465509528, 0.045344795648130785, 0.053434212104088184, 0.04362942857056186, 0.05249291054937574, 0.018410175380377654, 0.16268784611395207, 0.05491792351813073, 0.09141433035798081, 0.02246291481950211, 0.04102469084182383, 0.02139030840598381, 0.0300833844983532, 0.048968122334762214, 0.05244634437528912, 0.055042626521841095, 0.0961956261726129, 0.007752854072036653, 0.02926745746870341]
            , [0.081002738909704, 0.005026539824466909, 0.1046299284602452, 0.11144893554613058, 0.009344898976428036, 0.06427075450849362, 0.02624724424298792, 0.015787092518992935, 0.08323322344654578, 0.03733404872665875, 0.009454377235407836, 0.081494898973476, 0.028867375546988896, 0.07316004576200169, 0.061251542932032645, 0.09970705170415839, 0.06919147748396846, 0.024193094860708624, 0.0026862674397093523, 0.011668462900894455]
            , [0.07185096938355436, 0.010984599874692523, 0.02804212473571759, 0.03925815808284382, 0.16681096869265866, 0.051424008051769714, 0.02568987561042871, 0.06151158367755674, 0.030959951299024936, 0.0948757588974515, 0.024233692377521047, 0.029036366681068394, 0.020046455484062174, 0.027491623439703555, 0.04273537269958786, 0.05880500627936668, 0.052903056556150595, 0.0675553671947066, 0.015565734233616449, 0.08021932674851838]
            , [0.06568671563337085, 0.008766622661236213, 0.026656099224654183, 0.04023441754459392, 0.09266800569791758, 0.042101885537004474, 0.05408013744520019, 0.04816815867402599, 0.04277788109898349, 0.07566228767621476, 0.017413400526410595, 0.04180603694229692, 0.015138643499662383, 0.028669164825054695, 0.044960915557933995, 0.055903707247581556, 0.049471219658483036, 0.05760189633131116, 0.01465356891297025, 0.17757923530509365]
            , [0.10188603325463061, 0.0051647196250961805, 0.05384817502912911, 0.06542959980701193, 0.012263963457969032, 0.047997971604814005, 0.01617609120735339, 0.02311245894392877, 0.05796738492262289, 0.05157913296757675, 0.01075012766018853, 0.03737192480552738, 0.21917193229263213, 0.04881595787011341, 0.05081486657403699, 0.07827532072634034, 0.057213853101375944, 0.04719941467469091, 0.0039031634672806255, 0.011057908007681095]
            , [0.059173002773980285, 0.005886396407502289, 0.034616402301132165, 0.06253148421973284, 0.010039361455548792, 0.03582740644802691, 0.03667053988099435, 0.024743240280083, 0.21207842706254307, 0.048132530739861186, 0.014795157205017472, 0.053038701822065625, 0.01364549455669687, 0.07275987171510905, 0.1434849234419073, 0.05935462294304872, 0.05617325033321534, 0.0421069468510406, 0.003330541273554977, 0.011611698288939248]
            , [0.07408267422850912, 0.004543286313718498, 0.16519594234543303, 0.19813576801970081, 0.008268796566870353, 0.050235179718301784, 0.02090031308257207, 0.013377076417388108, 0.06310793856382461, 0.03494953950590176, 0.008826151495787277, 0.06179214561758296, 0.03198651018555232, 0.06358646134716481, 0.04469669009104896, 0.06765344370728489, 0.051144857843965594, 0.025053800417574056, 0.0026210611980797753, 0.009842363333739224]
            , [0.07566697680487032, 0.003223561596355773, 0.0713876529720377, 0.1537498714769788, 0.007829214050978138, 0.037177953520292635, 0.021628780533970215, 0.018315957359088014, 0.1466179514878395, 0.04305903793879559, 0.010250149815733332, 0.0567693315601363, 0.012018550285503655, 0.08773704857939825, 0.08166489526615739, 0.06296862630999071, 0.06019740137031854, 0.037563773446629825, 0.002079859252164741, 0.010093406372760476]
            , [0.17372812525277054, 0.0037241952311669116, 0.08729655604411048, 0.12700600349299163, 0.009526922915674963, 0.05408949850824214, 0.01723612957602473, 0.015926647818005252, 0.06427626405317488, 0.048147737130824826, 0.00869622638366423, 0.04120081032717133, 0.031028655907245576, 0.07081483128533439, 0.06951864660419878, 0.06778528132663102, 0.05696015312360134, 0.040767163605053364, 0.0035991950874574956, 0.008670956326655889]
            , [0.18778091805150532, 0.010379100406637531, 0.04264958591307384, 0.048441842119964294, 0.011719818827711325, 0.06740992846610666, 0.016158712971713014, 0.020176168642060274, 0.04235632676202006, 0.04415339587720038, 0.013050858488928386, 0.05092045955605882, 0.036935201921753445, 0.04543886280143334, 0.038974106717679424, 0.1768464500140487, 0.08235087411967303, 0.0494714476330102, 0.003323950957150834, 0.011461989752270987]
            , [0.062176682472913976, 0.006724676145761014, 0.07712123890974774, 0.05499851209302137, 0.018387541149707858, 0.05984724849859576, 0.04454110618526111, 0.02913666047559253, 0.0637955781394392, 0.05117115137889729, 0.01299709376054703, 0.1944583000126677, 0.01538480021767338, 0.05130922263395602, 0.05021900684629172, 0.0767716224804559, 0.05893956854099154, 0.04262451156363654, 0.005571890716140676, 0.023823587778701655]
            , [0.06530260949425641, 0.007015989292850785, 0.051866746338109664, 0.04601850017912492, 0.020371913692132055, 0.29185521160483957, 0.01727511267185112, 0.04332616194343167, 0.04903389508789559, 0.06048721729617896, 0.01362917085333438, 0.052310438500017806, 0.019459415909407328, 0.03697357211753421, 0.047760770224555237, 0.05889425898087875, 0.0446065868515537, 0.05060969837958495, 0.006196593771695521, 0.01700613681076714]
            , [0.05249058037458633, 0.008071379004246574, 0.010841955140700629, 0.015967860739958144, 0.06253144917817678, 0.01565887422234929, 0.010677758535764028, 0.16889548494654028, 0.017495250550655858, 0.28699082798545916, 0.06406413110789748, 0.012803805316084542, 0.010072307159173418, 0.017075476529566546, 0.020504612290487712, 0.03186683806556621, 0.043408435681296924, 0.11848141850207579, 0.005811400908157376, 0.026290153761256888]
            , [0.08951334560970434, 0.00812402806304883, 0.0456155538968089, 0.047254483917714876, 0.011118761048991848, 0.048016023231270015, 0.016876539382119995, 0.025044047328745843, 0.0490062484878218, 0.041745552468402315, 0.013141961262487636, 0.0658416728676782, 0.021107130557935623, 0.04407202862964482, 0.04143107020302311, 0.1934076561231395, 0.17661065515042973, 0.04747497775704751, 0.0032378903399128377, 0.011360373674072307]
            , [0.06523483785718316, 0.008512991740365836, 0.025584918022979658, 0.04824015590312858, 0.026531928767269508, 0.04148376433303665, 0.01482782295581937, 0.11639580838124242, 0.046306302410072796, 0.07978061426208001, 0.01689599573191654, 0.021911197495800724, 0.017117285350599004, 0.03163586484435288, 0.044127680901881815, 0.04440180804310978, 0.05557932245480527, 0.26909913655779377, 0.005735861016985849, 0.020596702969576382]
            , [0.045660453426541035, 0.005934553548940062, 0.014136278747643855, 0.04270024804594848, 0.006407890885367758, 0.023647256789090305, 0.037886946182015116, 0.014187144197633188, 0.23714604368373027, 0.0364116963182118, 0.01211186173845511, 0.04482508608868747, 0.008801721684394845, 0.06932795887174582, 0.2651675884867533, 0.05287722333890417, 0.04586190190636545, 0.025874251865253384, 0.0027301780103829326, 0.008303716183935607]
            , [0.05115848002858804, 0.009974709277292182, 0.013051000591299574, 0.015076216879816104, 0.2279158593542573, 0.018559912983131647, 0.05075352640871776, 0.04300114088552497, 0.016268346543673116, 0.08183874833851591, 0.018237376257061195, 0.019852437357925926, 0.010380371244210549, 0.0183273429886708, 0.020458379009173806, 0.04540474398520735, 0.03708150985323715, 0.049887863335365455, 0.044224268235474644, 0.2085477664428565]
            , [0.06782036009573765, 0.00812224619888576, 0.00930990993960319, 0.014742710280659176, 0.045388773364335944, 0.0181068445936946, 0.009400551454862894, 0.16456287345383114, 0.014225337426573085, 0.2110799161922023, 0.05093013800079148, 0.01148686350344509, 0.011064261334166322, 0.015437575011557951, 0.018696545020622415, 0.03541771971577262, 0.05302686114021473, 0.22183322626322083, 0.00470193698980598, 0.014645350020017081]
            , [0.07248776685250248, 0.006036592022860565, 0.04276457569588798, 0.08500480375434055, 0.011574558876841196, 0.03194082341252765, 0.047799671478472555, 0.025137267693137396, 0.0720936923811807, 0.06675466396346275, 0.019849109701159325, 0.05146555059499594, 0.012544464086915091, 0.20447923670676815, 0.0685327850478841, 0.06178878562454521, 0.058123709409135325, 0.045426351885640585, 0.003343554188199751, 0.01285203662354285]
            , [0.04375629449214823, 0.006401448035486475, 0.00478935816109833, 0.008168194703492193, 0.05813914741909232, 0.008072499243133689, 0.0064795010859094275, 0.18001808081836954, 0.009112360564989638, 0.3605056485815573, 0.07132779568732638, 0.0070909550182622835, 0.006366483374099301, 0.010476863505362592, 0.010800770450519711, 0.017578561584271957, 0.03347770711262204, 0.139055574042092, 0.004054375539139408, 0.014328380581026956]
            , [0.06141322336007681, 0.004604033939141985, 0.24878251330387938, 0.08581948308961604, 0.010491562998992371, 0.05765596497675517, 0.03457719094216789, 0.014543126938763168, 0.05299759843686525, 0.034857073406712125, 0.008375418952630243, 0.10682424798830807, 0.018347425815682127, 0.04456182374269622, 0.03979880949613946, 0.07671105941728323, 0.05552822526182648, 0.027423807168993165, 0.0036426307994523338, 0.01304477996401849]
            , [0.05910327554756662, 0.002842280325717414, 0.18980219966955292, 0.3284700308552587, 0.003934473693081392, 0.03463805431986103, 0.01782540756771779, 0.007763323871707163, 0.057319184066855884, 0.014178261680864454, 0.006162624453942844, 0.047868078090308484, 0.010293494446006999, 0.07531130478720802, 0.03365678200163104, 0.04933697028678172, 0.037162885867299225, 0.01765358187248368, 0.0011718864185833778, 0.005505900177571478]
            , [0.056124067393501, 0.010227451230809917, 0.011191735694050296, 0.014584604874963669, 0.1692988246618964, 0.01886720024408355, 0.01886952323460241, 0.08823126990144231, 0.015180559332559464, 0.21111991338323335, 0.05541631377474315, 0.015224229283366078, 0.010890926266935925, 0.016880160393451322, 0.019494273464227177, 0.040976358575520185, 0.040698886925667394, 0.08386299057028501, 0.014716319459437873, 0.08814439133522352]
            , [0.08392262438986942, 0.0019000450116364931, 0.12582287738944287, 0.17024964336687726, 0.003293257426350218, 0.04520499705228078, 0.028298195343511575, 0.0075787967266694985, 0.11430804538571053, 0.015377052806585956, 0.005620575095088263, 0.07837563634321809, 0.010812736788233348, 0.09146056558560596, 0.06076110395321291, 0.07933172895112515, 0.057883048080438065, 0.013773075095665022, 0.0007816284411184791, 0.005244366767360038]
            , [0.03582013161402313, 0.0038870736634894383, 0.009331622722184634, 0.03526209199870515, 0.003697939343888369, 0.018121823899536715, 0.029960795834001724, 0.009444803977110248, 0.31188988577640975, 0.026887978437507103, 0.008833732236924612, 0.03801778945105121, 0.00515132298863957, 0.06927981212873828, 0.29769177367511607, 0.04176877793218632, 0.03497741917923315, 0.013564143618189825, 0.001602257125659069, 0.004808824397405596]
            , [0.04715655927291654, 0.006393124190591669, 0.0055973900069902684, 0.009270876742524648, 0.039287413334433634, 0.008238439333917283, 0.006402051892657643, 0.25752524085094464, 0.010967299990687625, 0.20397729359087907, 0.05586690903213187, 0.008241622750133832, 0.006660677282743804, 0.010319425051343298, 0.010948397172281828, 0.023961166555950496, 0.04531045427284331, 0.23026187076327484, 0.0029046757549883633, 0.010709112157765157]
            , [0.05867057437092386, 0.00928293863102206, 0.043684818019680764, 0.04580152220206592, 0.03862691771080921, 0.025502323334482834, 0.19325419058186113, 0.019560348924575376, 0.05232551637851662, 0.05416500881367033, 0.013384768055135537, 0.07610039059516535, 0.012419343280725586, 0.06977499930312271, 0.06498896231389865, 0.06312547103505936, 0.04901452125310464, 0.03900652075323969, 0.006451295156898856, 0.06485956928604172]
            , [0.059866908259233076, 0.008533433483290599, 0.01904527576811009, 0.04625618306380202, 0.01200843198601119, 0.03722116820170897, 0.05774112560820794, 0.01947550195947265, 0.10808569208613733, 0.05273957483740173, 0.0128937871241513, 0.044282590291924655, 0.012346522040884713, 0.07219721599941624, 0.27170195784479034, 0.05689065003602691, 0.04911872946931015, 0.0391268440530134, 0.005314253954000356, 0.01515415393310615]
            , [0.08410001468049359, 0.004945832588970468, 0.03615999312497801, 0.04510738917106506, 0.010260776643274199, 0.03660093294114137, 0.01328696510357559, 0.030732601069939285, 0.04575683862578543, 0.050020239758417545, 0.009764381676135992, 0.02147183912361789, 0.3584928500549449, 0.04001637283503137, 0.0427648554742655, 0.06418721255641907, 0.048219237583279013, 0.04571823219533753, 0.003329482195015695, 0.009063952598312523]
            , [0.05656112138490001, 0.0033794295646489766, 0.280208104651889, 0.19982680768621977, 0.0048186322099075226, 0.05068296581995383, 0.0262244732358119, 0.007478944239593263, 0.048135456278975385, 0.01290889592956396, 0.005603211642191287, 0.08531917545132717, 0.013556433407775513, 0.050093494929679884, 0.030153628612220342, 0.06311870921473031, 0.04081956847143062, 0.013096455532378835, 0.0015144014998290743, 0.0065000902369734895]
            , [0.3695286606638895, 0.013690405943018446, 0.02797014816969491, 0.03717491157212118, 0.017054888722219504, 0.07039775860066612, 0.013547890562778954, 0.04086984386158133, 0.03157926938168449, 0.05851533555267791, 0.014892123044463955, 0.01922148402875026, 0.011997269729384662, 0.023922170534962692, 0.036007221916605714, 0.07888791613324493, 0.05358135913318781, 0.06243961902548662, 0.004440830325568334, 0.014280893098012712]
            , [0.20723406518490908, 0.009508479967899238, 0.04127070095367902, 0.041008191174009306, 0.014816098591459874, 0.22543840911973909, 0.014084667861278011, 0.02045248163452847, 0.03620331935781947, 0.04813390737831261, 0.011919164437671435, 0.039290584628625995, 0.021918366013301216, 0.03164443865835502, 0.03932473149424229, 0.0841771469456198, 0.050727104766539195, 0.04577089310473853, 0.004867842474152089, 0.012209406253120227]
            , [0.21379075544836812, 0.016124513248273967, 0.01472165669049552, 0.0263729931520271, 0.019461518114089926, 0.043137577296363805, 0.011809611357668661, 0.08517762271477514, 0.02000861981985947, 0.07724221053136643, 0.023445192701353146, 0.016456977441230574, 0.017408621534438735, 0.018710880705437197, 0.023956900375464208, 0.06501030844691066, 0.07685111899539303, 0.2132123028347482, 0.004199690632325436, 0.012900927959410433]
            , [0.06344024269841769, 0.008086812276479024, 0.010052751305272774, 0.025113116116560138, 0.020199121778364797, 0.01353866356348858, 0.008432576888571275, 0.21589436312282248, 0.027686148412936012, 0.09160643827456369, 0.036734327020759266, 0.013127005216268127, 0.010915273252381173, 0.014826580921270333, 0.023047085153121902, 0.0377833840845234, 0.06438348395816627, 0.30186221339478003, 0.0027489678864998763, 0.010521444674753135]
            , [0.07694650854495932, 0.0038545664891626477, 0.08290038017832485, 0.2896672502042681, 0.008050231574612076, 0.03409358562534858, 0.01580719397998947, 0.026727051253235008, 0.06835711954490133, 0.04280217667006706, 0.010087216947432165, 0.03743173212950711, 0.011551135433382919, 0.08115862024163854, 0.04774663168646941, 0.05183690559552189, 0.051371333016276825, 0.04809392525426567, 0.00249271881398651, 0.00902371681665066]
            , [0.06064534728835494, 0.005972104049201686, 0.05188217901409646, 0.041132627015164146, 0.010873113836771744, 0.4541954197247244, 0.012796764376671564, 0.016565247854389918, 0.03957185926813104, 0.037638864984621045, 0.009232877520279589, 0.049367417989802924, 0.013130899569022502, 0.030096552733577336, 0.038299198438833455, 0.05214297206251866, 0.03128778468512244, 0.03139227439439528, 0.0036981455969121828, 0.010078349597408495]
            , [0.08584470304270506, 0.004346767852321588, 0.0489100951123376, 0.06461428142513752, 0.006068758027016056, 0.05151469777328349, 0.03477510202940106, 0.012654734645358842, 0.12344482794636791, 0.03021800763844103, 0.009470696571625746, 0.08091377481654574, 0.010608625080217204, 0.0783960075495045, 0.0981119209873647, 0.14090927086255975, 0.08569888820981493, 0.02422192851376822, 0.0016074200842526648, 0.00766949183197654]
            , [0.050786922663366915, 0.006989138801379286, 0.012047927153170393, 0.0174039369805747, 0.05315847096155792, 0.016797436779042173, 0.012686526362392725, 0.07499371155756498, 0.019095298354664735, 0.41548631585610096, 0.05901670980662114, 0.014922140022685972, 0.010672602354260175, 0.03068324648715823, 0.03360121322844388, 0.03582183552212402, 0.03757554985255528, 0.06995160180428049, 0.005895024365775111, 0.022414391086280877]
            , [0.042994151831794156, 0.0018021028382992211, 0.29993538983008133, 0.3502505668067932, 0.0023643326450445198, 0.029948076477220326, 0.012435262719700298, 0.004597682257472316, 0.03548892185717259, 0.008430128818212703, 0.003781123984587009, 0.047361328803406585, 0.00811342970208541, 0.052004146260179976, 0.018062144530805256, 0.040465470234546025, 0.0276635258509442, 0.009997110946052061, 0.0007242375331683974, 0.0035808660724344107]
            , [0.3316024019751892, 0.016558167079707444, 0.017445372597799085, 0.03186651245418196, 0.008578640964547126, 0.06970236491033814, 0.00979849177906322, 0.016214054367012818, 0.025280789013639924, 0.031926827187436196, 0.009995462632679034, 0.03267060377297385, 0.016214779275866075, 0.027490710266434182, 0.01867724929281018, 0.20380942176043912, 0.07258838319308362, 0.049764007687592066, 0.002314589890868328, 0.007501169898338522]
            , [0.051272572776963565, 0.006897802646176331, 0.01858341631552593, 0.03333288145611984, 0.04203424033284684, 0.040058953904491774, 0.012376386694287303, 0.2841599400920825, 0.03766364940832093, 0.10191931537499165, 0.03561162898760003, 0.020776224917856766, 0.011881220669111514, 0.0170960894904012, 0.03422446302257935, 0.03749245437740143, 0.04857431418206134, 0.13909802856211573, 0.004520750702907827, 0.022425666086158057]
            , [0.07999115850349155, 0.008955947691959622, 0.032224610648449455, 0.026687459105960574, 0.006722815852093893, 0.03952445063807064, 0.010821816621651121, 0.01412863037619848, 0.03272788442289574, 0.023841525552680674, 0.009297935215336676, 0.06282676497577233, 0.012219743412645308, 0.027467859179381354, 0.027993281962863437, 0.28723607815203767, 0.25619536571132556, 0.03282223757492136, 0.001930714316360311, 0.006383720085904116]
            , [0.056189006365233024, 0.003535479259182924, 0.03536664250879187, 0.08221724527624637, 0.004211646278972429, 0.01795757176475006, 0.045703316944027864, 0.010715156499555907, 0.18340194023489453, 0.03738818336392318, 0.009697534742656758, 0.04966631381089351, 0.005930242978239379, 0.1576853050392271, 0.17523235615380253, 0.0526243176915053, 0.046495560435081754, 0.017912923380837983, 0.0016761781667312533, 0.006393079105446221]
            , [0.07275670460187668, 0.007018559466052107, 0.014260586629125972, 0.04790782343704737, 0.013362229433455539, 0.014484335632578034, 0.01221974983918422, 0.11007722320106035, 0.05106569201247342, 0.07793821214147253, 0.03792290450512457, 0.034044070810033, 0.009439586336022716, 0.04391014124092142, 0.04797875131951816, 0.06642684251963478, 0.16276200954240488, 0.1627248670245958, 0.0027982305896657217, 0.01090147971775268]
            , [0.09972783779035066, 0.0038062884690520413, 0.025944499023488922, 0.03440335743436862, 0.005803162616634511, 0.027515498673514098, 0.009695032619386422, 0.012309258232522153, 0.032687032352378353, 0.03412341566153851, 0.006029777606599367, 0.015267366148049664, 0.47881857420150836, 0.031427875731392, 0.02863475283040736, 0.07151082826149226, 0.04230796464574574, 0.0332230453859148, 0.001780625584247715, 0.004983806731408384]
            , [0.03505399895468467, 0.0046712080968804885, 0.002479043753209202, 0.0045658297352703945, 0.04741740936601943, 0.004501721116791096, 0.003758869154767951, 0.250047581438447, 0.005621547295232583, 0.3035617023479948, 0.06342113760895876, 0.004224880185035082, 0.003812839077884462, 0.006410442469428716, 0.006231351837532361, 0.010242516325637906, 0.029606982910834058, 0.20282835702914986, 0.002477939234075585, 0.009064642062165488]
            , [0.026173524108099623, 0.00498897923104168, 0.0019997152864103937, 0.003723925249889757, 0.05533550721486777, 0.0035495120397846577, 0.003610974839832522, 0.17863398295347313, 0.004440636156277868, 0.4489064695915597, 0.08884414675852213, 0.003716568975291569, 0.0034406036794435635, 0.0062526400943741164, 0.005162936447269204, 0.00880138534234504, 0.021695585826227274, 0.11945447314537719, 0.002631371336461402, 0.00863706172345132]
            , [0.06624185830118137, 0.007518493473317408, 0.06639885416312324, 0.040353103601432024, 0.007700547375816899, 0.05587095484122724, 0.044231281977765706, 0.012821110673284694, 0.04965964114806096, 0.019172470979173316, 0.00866046736111323, 0.22563811951092652, 0.01010187353937551, 0.04754982625744625, 0.0393903556982817, 0.175178976846097, 0.09013226767210061, 0.0201487856759701, 0.0021207807153922754, 0.011110230188913852]
            , [0.03255708687695132, 0.004562080504002349, 0.0014713954151577124, 0.0026643414250154263, 0.0313411311141542, 0.0031176793968859346, 0.0022913324878700994, 0.30542605492311226, 0.0029764423993060194, 0.22763950495254556, 0.05651228058186579, 0.0029140776384042055, 0.0027009178156310867, 0.003728022724578891, 0.0032750397261909745, 0.007768376778799316, 0.026861208887499755, 0.27633287654686206, 0.0013735424023695584, 0.004486607402797421]
            , [0.03091662297029492, 0.007716261974990305, 0.007030560943863172, 0.008537700492451443, 0.2934433232980603, 0.008224552758623018, 0.05104558943242547, 0.02923581142935912, 0.009321058688990838, 0.06413752770444885, 0.0128267009139128, 0.013280098356366244, 0.0056955655150573905, 0.011719860887995797, 0.011900541629104828, 0.029811881343355207, 0.01763263470715513, 0.03358655511032381, 0.04535689633857447, 0.30858025550464707]
            , [0.18894265504796343, 0.011510645742182324, 0.01502032174392607, 0.024326771636901157, 0.0381095969549185, 0.052574342995193, 0.011437983760551886, 0.06809797261756508, 0.019663114989851054, 0.20049024357891188, 0.048716753100666796, 0.01583307520695248, 0.011440422164364594, 0.030893603325616612, 0.040710136534299356, 0.053810448542067325, 0.057478650672092034, 0.09082758620443034, 0.0054164577534470525, 0.01469921742809875]
            , [0.07892758765431092, 0.004428559421627023, 0.13695669826261786, 0.08910696404049462, 0.00735977951766026, 0.1897574258561506, 0.021643767182194944, 0.01052959888499745, 0.05930219981453641, 0.018899385320192093, 0.006960621942450293, 0.09027039226151821, 0.021235268822737127, 0.05054044923525777, 0.0463147751240725, 0.08963041413044623, 0.05028309125938585, 0.016309865767223288, 0.0028786228150677116, 0.008664532687058848]
            , [0.22197431452711877, 0.018036023150803226, 0.011038542354966882, 0.018431355274079398, 0.011377443554352128, 0.04409566998200547, 0.008427808797711605, 0.0543543904679631, 0.015089703901003105, 0.052172626554448875, 0.03031076890763508, 0.0315603685959096, 0.014399648308410513, 0.017290402031228096, 0.014288251633011506, 0.1409461261789235, 0.18211962533319762, 0.10382676102884258, 0.0024131243607797693, 0.00784704505760955]
            , [0.024282515127729252, 0.004294501702790842, 0.0013306838512209442, 0.0024900948914770285, 0.04099607559160084, 0.0026128263947848836, 0.002331510655123481, 0.243786892476718, 0.0028001646343098433, 0.3949245358070154, 0.07303727007814717, 0.0025168328485810467, 0.002358948050250474, 0.004090356795068139, 0.003505624384584427, 0.0061710900007043105, 0.018996031032865065, 0.16267029916926373, 0.0015621685636215696, 0.0052415779441435766]
            , [0.05409817909042141, 0.0067130196086272525, 0.0025201876927830732, 0.004683703054465453, 0.031274671158971507, 0.005680676705322721, 0.003569263858970746, 0.24790785807085533, 0.0047538486302512485, 0.1867835010567515, 0.04786245036015087, 0.0042534079614079965, 0.0046608895553595375, 0.005655976403871879, 0.00555490145835598, 0.01836536254620422, 0.03967664168850897, 0.318541147222923, 0.001944656391776356, 0.005499657484020947]
            , [0.056422333548487545, 0.007977305826451647, 0.00488322015135451, 0.00891754066884684, 0.022687947804988475, 0.007615911006886351, 0.004902200622252188, 0.27474096239893336, 0.009640728130760674, 0.08854289840064235, 0.033162211628248436, 0.007560309441717658, 0.006384834991649377, 0.008135313081862862, 0.008749837627097402, 0.026107299966653775, 0.05025501729926708, 0.36438066140031866, 0.0018183197949123773, 0.0071151462086684845]
            , [0.22120443821670413, 0.001915915090364576, 0.09651463400162556, 0.1829371463014844, 0.004232687802596889, 0.043916093428046504, 0.01226697975200693, 0.009598348210781352, 0.06391101559857981, 0.030459908265583337, 0.004954804733658213, 0.03542059967780846, 0.011055939419230797, 0.07604172656044735, 0.06041296091676139, 0.06251607619176543, 0.047623399975664255, 0.029521145205475222, 0.0015078929318395689, 0.003988287719575715]
            , [0.037877736840443196, 0.005655705626003099, 0.002376974556173116, 0.004234581173721807, 0.01881434950372448, 0.003720689725180673, 0.0027610368056902555, 0.33503749427495316, 0.004410830242062665, 0.09642548576514345, 0.029434771041679613, 0.00397525667600588, 0.0033089044999902806, 0.004382689298930981, 0.004185322283523336, 0.014502643751235118, 0.034593733897020605, 0.38860949213359886, 0.0012385886941732435, 0.004453713210746217]
            , [0.025271240404527114, 0.0036832730591412795, 0.0014354393134745657, 0.0023723779512728484, 0.01983949732917984, 0.0024835607096049613, 0.0018977323610401941, 0.39505263978806127, 0.002897203281645014, 0.13934501504336616, 0.03293658642514126, 0.0026293973076553304, 0.002248678159232671, 0.0028038154840157098, 0.0027544053146725915, 0.005937389574073945, 0.022915380252124893, 0.3293309129512365, 0.0008420914769840055, 0.0033233638135498605]
            , [0.06322533904222971, 0.006843056226177702, 0.040667613459833385, 0.044605512244003526, 0.012241580783666807, 0.035494861082187565, 0.013836699206366538, 0.043248635283888955, 0.044809087505830986, 0.050398633547036324, 0.015833334683321307, 0.050862470755096534, 0.011548842227692192, 0.03806357051245539, 0.04458874902065114, 0.10966727934860593, 0.30448675799626973, 0.05434105431911895, 0.0038047668240012867, 0.011432155931566157]
            , [0.1920297230781945, 0.014313875845291542, 0.02282155074758876, 0.027619813123731598, 0.006494432739169668, 0.06362221758946893, 0.009741409795671415, 0.011351651316335238, 0.027088776002689163, 0.020636414245031254, 0.008832363095704298, 0.05515472854224216, 0.014544141402591977, 0.032631421965879356, 0.022308510117494944, 0.31213451573925827, 0.11628666634032422, 0.035131108863497365, 0.0015203607464223839, 0.005736318703412694]
            , [0.09166695943511825, 0.027355435754566632, 0.03729392732233559, 0.029243334103668982, 0.0164168308182342, 0.05715777526447887, 0.01711349109808645, 0.01948386058264619, 0.03551431543181029, 0.047889268742243106, 0.012113681500978914, 0.06186011708128813, 0.017608081252348567, 0.030226555756725764, 0.036339492391686865, 0.31864753587798667, 0.08685644089914031, 0.038600831445973996, 0.0040622178805402535, 0.01454984736014207]
            , [0.04683224511891998, 0.003080157838344392, 0.21606974275251653, 0.0731511445723914, 0.005090116650529845, 0.06344012686974859, 0.037748135345858455, 0.007276522751111017, 0.05515107029326908, 0.010709396714225081, 0.0046033976985209385, 0.23553375738738053, 0.008177981294456751, 0.039835705487091304, 0.03119524525490689, 0.09221651308086026, 0.04913566659027956, 0.010233465252098924, 0.0017888336749508544, 0.00873077537253975]
            , [0.07066408701213524, 0.0017565416870108604, 0.06219090368117887, 0.18973306729979586, 0.002993224217451754, 0.026414288394913096, 0.020900078398587582, 0.008759710860211104, 0.1997764204852336, 0.02339238814628427, 0.006381471369712099, 0.04929750181886333, 0.005206874176253489, 0.1052683538080584, 0.09930713180958502, 0.0514829743293827, 0.04814958004901119, 0.022977372859822678, 0.0008616365193341126, 0.004486393077174797]
            , [0.380136412943435, 0.027096782783610836, 0.008751808606742418, 0.011757618529804725, 0.005251793127225847, 0.06466237351662348, 0.0053359397423959455, 0.009048311038851878, 0.009303563094103063, 0.01752838730783419, 0.006586011145007547, 0.02452841376911461, 0.01134616487233495, 0.011917407321923364, 0.00838400960117191, 0.29088551576983657, 0.06728834426322734, 0.03456989815337849, 0.0012830519810215798, 0.0043381924323562015]
            , [0.01707768038544352, 0.003267947787311866, 0.001059096301897855, 0.001883016931390824, 0.047376507663752974, 0.0019701226952525703, 0.0019853034894200105, 0.15671275738516266, 0.0021885362282900783, 0.5359301409765934, 0.10026013922589684, 0.0021394884443368062, 0.0017686232153727953, 0.00373842080641274, 0.0027354228254262104, 0.005304086813132552, 0.014914177858240299, 0.09351541928348464, 0.0013106253688068437, 0.004862486314374345]
            , [0.018777824990979086, 0.006010176269939171, 0.004077624572053778, 0.005064012833374263, 0.26745183766809544, 0.004903177703838395, 0.050442208181121995, 0.01803998822049983, 0.0057994374328229304, 0.040855604962058895, 0.008065741077677603, 0.010048634727759865, 0.0031574033607277897, 0.0072634374837846636, 0.007815740841096227, 0.01983450166056262, 0.009993596652800503, 0.02114453985724454, 0.03226786438329458, 0.45898664712026793]
            , [0.027427057778767125, 0.00586029463881173, 0.004093960619475186, 0.006606747795884052, 0.049802718268010214, 0.00575911285808449, 0.006499373104628146, 0.09701446287250975, 0.00853407166284036, 0.5522631145656143, 0.0743309751612132, 0.006604527601267422, 0.005604740383605177, 0.014216603729272343, 0.010150501739839207, 0.018965208293958546, 0.023446341037868527, 0.0696102605091506, 0.0031430368430949464, 0.010066890536104713]
            , [0.019375038990338673, 0.006269605986107202, 0.003402334617568776, 0.004310469223138013, 0.4048368431823242, 0.004443176040418337, 0.028186527080285545, 0.03223828632779544, 0.0047661340620462275, 0.08393233149680802, 0.02342781907741006, 0.00705313500970285, 0.003172000825965999, 0.006177021611867044, 0.006044625674907878, 0.018177906070958136, 0.010006512230363496, 0.031222814012654962, 0.029083774166689984, 0.2738736443126493]
            , [0.04479502153187584, 0.003209123488081894, 0.021335066838254847, 0.05185410962262912, 0.004477789468517259, 0.021214919587006165, 0.016328737420723414, 0.014729946366217021, 0.38417047619579964, 0.03208269960763446, 0.01148438977930916, 0.049370680022504436, 0.007545958761468771, 0.0668905814502336, 0.14312398010591504, 0.04735400901844157, 0.044864872537631266, 0.02840593691043465, 0.0016501619899103694, 0.005111539297411212]
            , [0.0612734334420854, 0.004701613624660877, 0.0380953176306259, 0.029135056081903303, 0.004544872358445525, 0.6341302893464652, 0.008065094885889142, 0.006216213480266438, 0.023596335529948605, 0.01098111409431635, 0.004536851881779594, 0.03691932041188714, 0.007068977317758003, 0.016545949372828165, 0.02454918327605082, 0.04931564767836451, 0.020990734092380475, 0.012987535987652036, 0.0019255159626627542, 0.004420943544030111]
            , [0.02938527535096006, 0.004491270045699981, 0.0014393654331406706, 0.002488212916133828, 0.012655452117317056, 0.0024354543206605256, 0.0016612085150440408, 0.3515554986095982, 0.002823102437487857, 0.061602949128823276, 0.019926131506853552, 0.0025851583675850676, 0.0021051045232131855, 0.002674418930824817, 0.002528937952562014, 0.008979856781611497, 0.0258662614533231, 0.46165168395343403, 0.00067212446721447, 0.0024725331885127205]
            , [0.14514420510157988, 0.007044447042017097, 0.03418890321265647, 0.029194340088293025, 0.006294871756006238, 0.4648159446840502, 0.009178278487798267, 0.00844987699387011, 0.025352378329063913, 0.015271629258776015, 0.006274246518783112, 0.03818882129826559, 0.01217615563650923, 0.019408617732157622, 0.02472504547464061, 0.08968386124672467, 0.03320759138161516, 0.023269703295733683, 0.002377920800692144, 0.005753161660766898]
