# This script is generated automatically.
# Vector of amino acid stationary distributions.
distributions <- [
              [0.07455983259121596, 0.009693660160235243, 0.05982992648060305, 0.0664798055189381, 0.04071485366961321, 0.06185178607120169, 0.02697836276090555, 0.056341982209511234, 0.06350473133652411, 0.08121230267537238, 0.018178622318503097, 0.055327730186143995, 0.030181243636306445, 0.05440831725488741, 0.06071336318404703, 0.06932442246874565, 0.0634731647167699, 0.0656302964495912, 0.008492364730594318, 0.03310323158029029]
            , [0.08860096660486927, 0.002926862522552279, 0.14568381978449024, 0.20026865416659814, 0.005273829022994913, 0.04736049034333957, 0.020735399404802003, 0.01020975437697167, 0.0806056289303016, 0.02646480973191061, 0.006822221771694184, 0.06422768587682007, 0.01474248970127035, 0.08012038678300835, 0.0519204966078154, 0.0687358363036149, 0.05219111238848527, 0.02484636313597341, 0.001614800721087416, 0.006648391821400524]
            , [0.2235287675529258, 0.009362962772857156, 0.04666106621699237, 0.05785837730726036, 0.014560881409594014, 0.06916504111768705, 0.0157278416807194, 0.038005262680754714, 0.04891583844103305, 0.059121924482811436, 0.013906674535227337, 0.039283943583631444, 0.020739138075295063, 0.04831309044436167, 0.050876316616408575, 0.09433659668701902, 0.06764488094819388, 0.06476532597403907, 0.004467197036285095, 0.012758872436903409]
            , [0.0615935974892677, 0.008578840854876799, 0.012325602608730453, 0.018101405014045432, 0.07026746534851158, 0.020080508122199796, 0.012971055198007628, 0.11063756610555117, 0.020563163886381686, 0.27688690414757666, 0.07022358584732673, 0.014934020971618132, 0.010948023191086573, 0.02939074249003489, 0.03469178723630989, 0.039307080783083974, 0.045957044323142515, 0.09804938848026956, 0.006835204038786253, 0.037657013863192534]
            , [0.06126114924624705, 0.004388147532303817, 0.03385347817130599, 0.06938818682145828, 0.006267673545146406, 0.030076119428163798, 0.04363071204432309, 0.014634839121970424, 0.1957366010768909, 0.04157925862347114, 0.011131932645419167, 0.05230922335820554, 0.008398783159378547, 0.0981609404236126, 0.17593811855850164, 0.057978033751708326, 0.053167657129176205, 0.031662649556898764, 0.0023051850509681194, 0.008131310754850197]
            , [0.07751298037488677, 0.009262655450209954, 0.013271622671517687, 0.031794324139727125, 0.035851892566641334, 0.022104829170264066, 0.010990819850782662, 0.16684531290832502, 0.033077550494657916, 0.11035632961992431, 0.041547351323302756, 0.016496491343318414, 0.012317191096235495, 0.019862442785589855, 0.03241751540284129, 0.046631591782174575, 0.07449054666927508, 0.22595396148058058, 0.004141746744017211, 0.015072844125727927]
            , [0.10518452743431553, 0.01077282224498755, 0.03804001583625823, 0.037412920940492644, 0.008562530601761322, 0.05012158370771227, 0.012682469345333352, 0.027914786744370697, 0.04182678349682104, 0.03497240826735247, 0.011321164984948348, 0.06554347887088474, 0.015003933788493889, 0.03667999034117355, 0.03394460256330238, 0.2298950160186022, 0.18301240323961365, 0.0466562407277499, 0.0023552676236463462, 0.008097053222179991]
            , [0.0500230737109454, 0.00650299551070154, 0.002895884278043891, 0.004949197529917627, 0.03918228244830505, 0.006240671991551522, 0.003775894138678915, 0.27135578469727384, 0.005612653447762647, 0.18889166823915185, 0.055323177129648404, 0.005002598378757261, 0.004438313180016748, 0.006087402268788136, 0.005909703435435251, 0.02096322330145008, 0.04225770369242876, 0.2710367850815037, 0.0021561805023990856, 0.007394807037240281]
            , [0.09249234487859917, 0.006377693040761536, 0.05967279081493705, 0.045345026854847384, 0.0098113740439772, 0.3603810984616362, 0.014368843967999553, 0.013917310599394751, 0.04414592099088496, 0.03488206654309236, 0.008585717803080652, 0.06225141287937559, 0.013464295780467024, 0.034368414339242336, 0.0396554440889577, 0.07773082060512496, 0.03873489585305357, 0.031181806144831112, 0.0034179121015907713, 0.009214810208146079]
            , [0.0293773985428773, 0.00529386540395905, 0.0022054410665412467, 0.0038270883266821832, 0.06657335674340545, 0.004396779340014846, 0.0038779414540665138, 0.14385522404047213, 0.004612847024390318, 0.4562827700644179, 0.10436231060719771, 0.004055724752600351, 0.003355231933406733, 0.0070220882343769555, 0.005441222150573259, 0.014491514573047877, 0.02347171629036726, 0.09899305609008785, 0.0029011178899282504, 0.015603305471586879]
            , [0.038896075623036944, 0.00868653612752273, 0.009016718691408099, 0.010630265798563559, 0.2310395247683255, 0.011388477150078978, 0.07239933745847073, 0.03850772354901822, 0.012025454636121894, 0.07895286357765545, 0.016015199005946376, 0.019939717360782636, 0.006783681374833745, 0.015901646175896168, 0.016196434045079214, 0.036670844281059614, 0.027378440104632203, 0.04195538457665275, 0.04206732697266658, 0.2655483487222487]
            , [0.1120654680091853, 0.004542402451331541, 0.04495365612156482, 0.05543516276287456, 0.00866569509911518, 0.04068197204238712, 0.012728167781530979, 0.01780480697858446, 0.04730710177644876, 0.043283645328311464, 0.00840417151609724, 0.03046651101185622, 0.30226300714646587, 0.041574423185909995, 0.04020172434431513, 0.08244017352567748, 0.053779683499070544, 0.042952316386960676, 0.0027408572961171718, 0.007709053736195312]
            , [0.3928994526783388, 0.03621117967901682, 0.007709454790662388, 0.011543016331833486, 0.005968080701895069, 0.07762162840388731, 0.0051206925493851195, 0.020354172108380853, 0.008765052022843608, 0.024491601904670656, 0.007841934972061634, 0.02245981749606918, 0.011327387768859321, 0.00997055212340424, 0.008333194848585634, 0.21229177993823029, 0.08046781450920698, 0.05078701215436106, 0.001430014613083915, 0.0044061604052233775]
            , [0.03812159277615627, 0.006235608996917266, 0.001323364823293946, 0.002227494349237202, 0.016634717201991403, 0.0028834722767378, 0.0016274360595562734, 0.33561886369532085, 0.002416412998860339, 0.09639201704070115, 0.027703693417846217, 0.002459703615858024, 0.0021059901653322976, 0.002517013327613908, 0.002417638750746968, 0.010985048217826617, 0.02865292290242073, 0.4162350682700093, 0.0007555504677578554, 0.002686390645815575]
            , [0.051785596738356386, 0.0013538149930188291, 0.24447179039257774, 0.4146636767503487, 0.001878674228733319, 0.026430882650512334, 0.008512955309133432, 0.00382687550750456, 0.04029465867925946, 0.006835777055452886, 0.0031035794527432678, 0.03861197594554726, 0.005815262028081522, 0.059205056949484976, 0.01945862212386653, 0.03616110725149368, 0.025379775609459348, 0.009090992801263482, 0.0005737288808410385, 0.0025451966523214594]
            , [0.02623841856728699, 0.0035789163859535193, 0.00068558617950036, 0.0011236866419585573, 0.03730672310159611, 0.0026673382530486133, 0.001046165103985855, 0.3123689328165968, 0.0012104276894355569, 0.3195462336369636, 0.055665326189807025, 0.0013781732551182708, 0.0013225715538019507, 0.0017471638842604421, 0.0014048203807257794, 0.007005347326211625, 0.01690735245031719, 0.20476000514508697, 0.0009580998489058292, 0.003078711589439148]
            , [0.0476009501051254, 0.004191624462378069, 0.13132586835691049, 0.04963631868098304, 0.00596325640260618, 0.060683742278067894, 0.05649243064449512, 0.008106927218825357, 0.0526661465566824, 0.012112887681886354, 0.005650738558948378, 0.2970041146404897, 0.006999977449306199, 0.04093413524618418, 0.034579158743532935, 0.10789276208046006, 0.0547914856597953, 0.011630242375926459, 0.0018037108264019029, 0.009933522030994651]
            , [0.027539867976109484, 0.002886537246646876, 0.0060205686048959775, 0.026297546837250246, 0.002742881818416137, 0.010529364003631223, 0.02340503065684309, 0.006852545348326594, 0.33513807928194206, 0.02010165559445925, 0.0064215131320607445, 0.029027114758091437, 0.003577080852051873, 0.05311198836275712, 0.3758690406328113, 0.030115961743573637, 0.0262527841773078, 0.009457720511472744, 0.0012310951323592203, 0.0034216233289930333]
            , [0.011567074054603601, 0.003979074408354688, 0.002127030094491386, 0.0026909991037614377, 0.37139838850367246, 0.002752397107213121, 0.030929384448242194, 0.014859583326258507, 0.0029639813048634336, 0.03918265095406609, 0.0074184452044090635, 0.004906557153649026, 0.001698791595519279, 0.00386054888291662, 0.003699662856112784, 0.011701068587671379, 0.005841983589615027, 0.015878183021331784, 0.023876875085402285, 0.4386673207178458]
            , [0.012673658138314095, 0.0023806992663676745, 0.0008169191501785758, 0.0012952703005389952, 0.04743363404522285, 0.0015070195147826625, 0.0013726148850960768, 0.11455548191349664, 0.0015330868657262254, 0.6357168877838435, 0.09227939995893575, 0.0014780359102585649, 0.0012589441013693935, 0.0027071019814119347, 0.0018119284492536993, 0.004088781109338221, 0.01028239398215471, 0.06193579029958674, 0.001000821815790149, 0.0038715305283338088]
            , [0.23725310510943193, 0.03684362753708265, 0.002439085234286418, 0.0038066968162005846, 0.021365983682813748, 0.03322632514726613, 0.002560962328426883, 0.10144601272579384, 0.0035573345936385455, 0.06926835989539332, 0.031008651571351985, 0.004801283789643331, 0.004420353174482952, 0.004228784091583558, 0.0037002233905119816, 0.06087087717342977, 0.10288627062240395, 0.2714282446044965, 0.001289074201762172, 0.0035987443099997837]
            , [0.014868028290777723, 0.0021250344629210197, 0.0005915471316144116, 0.0009209403895872086, 0.009572481068580274, 0.0009944033579419365, 0.0006879662430368251, 0.446292638654436, 0.0009723049203028722, 0.0797452453052755, 0.017116507579811882, 0.0010191110532636691, 0.0007656893357690335, 0.0010700094850849037, 0.001032022974276424, 0.002515308385200893, 0.011431433275338656, 0.4068277975655694, 0.0002933002600253833, 0.0011582302611857667]
            , [0.059835388358512744, 0.003115305810328179, 0.028162875745554174, 0.01826933812682486, 0.0026234385588554676, 0.7256046988874449, 0.00496651608528127, 0.0035708648229851657, 0.016812935788946742, 0.005590891867393236, 0.002854463533722837, 0.030862891567714122, 0.003883436392542611, 0.01150799638992874, 0.014947011701219547, 0.042578700448238964, 0.014444581590771808, 0.006867218198207389, 0.0010468542678381007, 0.0024545918576890017]
            , [0.026675120953963346, 0.0018345320076214582, 0.5463472521368391, 0.09077843420174228, 0.0023225013987540405, 0.032901022417846246, 0.018956133427615242, 0.0035233806127519802, 0.02291189133163924, 0.005262023081572094, 0.0025313200774534565, 0.1358099999234347, 0.004095393044693377, 0.02119534250142535, 0.009613477679108548, 0.04283128920902928, 0.02268604967189555, 0.0056370751154837554, 0.0007455895151899459, 0.0033421716919410115]
            , [0.06395455459681432, 0.014595402942510008, 0.014857372200790865, 0.006294969926706269, 0.0033921399734122937, 0.023771486137525298, 0.0038865466982956876, 0.012318816444717967, 0.011156063051603524, 0.013156775048095802, 0.005252306252672528, 0.03387137198782412, 0.005068197146477605, 0.006245641326502599, 0.006350730399976784, 0.3533990024380494, 0.39599035135742616, 0.02268671051915759, 0.0009233804072524916, 0.002828181144188672]
            , [0.02395965570973865, 0.006335005876770304, 0.0020422383859427062, 0.0027095878980292554, 0.4047029939303015, 0.004363505842744678, 0.005300754927762292, 0.06599128790578511, 0.0032837469664123097, 0.23385702538822478, 0.049022543094071676, 0.003949819214014716, 0.0026328085837043114, 0.004169547089618143, 0.0038624711395910086, 0.015839967262374164, 0.016462347181913643, 0.05251293301230179, 0.017205461298132548, 0.08179629929256639]
            , [0.5868396418185406, 0.020902454845122022, 0.0016150332594727938, 0.0021562665058843266, 0.002017054257132455, 0.05675952547729467, 0.0013546698600650428, 0.007914424692911098, 0.0018071247944087278, 0.007803523734609112, 0.0032257514942128, 0.0036551525527734547, 0.00292391713242612, 0.002391409520236463, 0.0019285717480295836, 0.22548149656985833, 0.042831950302603415, 0.026471595987223477, 0.0004900829532851242, 0.0014303524939104763]
            , [0.09184483951884359, 0.002534013869289226, 0.00910436290902656, 0.01750498311820614, 0.0032221923810364346, 0.017890709893733862, 0.004984390514640517, 0.007604122804801708, 0.015404057912006377, 0.019301192137472382, 0.0036298436578094287, 0.006904583349070552, 0.6632232131190683, 0.015488761347450138, 0.012570463526575705, 0.05474496182272831, 0.028476226206962177, 0.02187504625272246, 0.0009526487487729566, 0.0027393869097830452]
            , [0.384187004764648, 0.016068479010140448, 0.0028024867251565744, 0.003443057681524975, 0.0035188164908724015, 0.39866469895233564, 0.0020904261466895752, 0.006925866618946932, 0.0027101224367281984, 0.012352242708904488, 0.004446564118170134, 0.005291074529358586, 0.0037799851882534432, 0.0033254249990717437, 0.0031837703477037727, 0.0995965305528436, 0.024331436870036426, 0.02042221623582215, 0.0008221699189775237, 0.0020376257038152803]
            , [0.02437242414234098, 0.0010728431163914078, 0.0037715424544620254, 0.0017197302666912859, 0.0007643856010952481, 0.9323488272746372, 0.0009467194376169187, 0.0009838523246112514, 0.001339830745201771, 0.0015091788805948268, 0.0007859297494872072, 0.004870487935579498, 0.0007779521056525884, 0.001202043996099383, 0.002687987617063696, 0.014395767485395058, 0.003562653727205654, 0.002031263593383988, 0.00027303784353748455, 0.000583541702952382]
            , [0.019446575188609427, 0.005413491971742416, 0.004112181345980801, 0.00529662265747682, 0.07547214740508557, 0.009434277464519848, 0.008358911105819617, 0.012517219361552135, 0.00603769252904484, 0.03547196944966163, 0.007372337963195061, 0.006489930365931852, 0.003946625275955697, 0.006473151498859724, 0.012133018170788936, 0.019956297386667675, 0.01340274483534066, 0.017518825677835047, 0.6656629955768874, 0.06548298476904489]
            , [0.018505235909168076, 0.8370658297376551, 0.003969614995530509, 0.008586716108698234, 0.004824831111537632, 0.01097249413717021, 0.0038936493576989693, 0.009372667485523881, 0.005479273090045264, 0.01193353402560629, 0.003332724349932947, 0.005246024834055141, 0.003746787381164656, 0.004336013971688553, 0.00756551729141568, 0.027677216870745404, 0.014309878990127643, 0.013311726869609028, 0.0015710730484009368, 0.004299190434225881]
            ]
# The number of clusters.
n_clusters <- 32
# The base file name of this file (for reproducibility).
fn_distributions = "udm_0032_lclr_rb"
