# This script is generated automatically.
# Vector of amino acid stationary distributions.
distributions <- [
              [0.07460951188758948, 0.006995852326125373, 0.07925087364672817, 0.11032761938836227, 0.008473374455995598, 0.042103951252254135, 0.03599538315321057, 0.0176014071151722, 0.11403330909068986, 0.030659622405980372, 0.01438969097827053, 0.08059557095083718, 0.013655036059389303, 0.0854818788579831, 0.09078020907972921, 0.09558269782697365, 0.05851903557656019, 0.02763635623517922, 0.002401825106485162, 0.01090679460648446]
            , [0.037986037937402344, 0.00859172250334879, 0.001697585270480578, 0.0029775552095283125, 0.036917548516288985, 0.005176579353055614, 0.0027494861910205555, 0.2650188482101531, 0.0035108254882378234, 0.27056894252262365, 0.06348663079648678, 0.003650807688414674, 0.0030664135148657876, 0.004693739125310493, 0.003969355658675577, 0.01370864605619923, 0.028611539090080258, 0.23511450459676264, 0.0018123970098057258, 0.0066908352612590205]
            , [0.26992688641323814, 0.02626733953957399, 0.011902836483788036, 0.014370043328471794, 0.011333321127539717, 0.10282153688222977, 0.009736984326997707, 0.02507067223274317, 0.01371934816659046, 0.030282388573347096, 0.01517130949546698, 0.0255016330984919, 0.01942642351814732, 0.015506277291377378, 0.014661139485285071, 0.22618780344824213, 0.10410002965419238, 0.053425463149547, 0.002489980409430207, 0.008098583375299725]
            , [0.03254529366095725, 0.015320031297538474, 0.007237379424094711, 0.010164235274681048, 0.26801367578433505, 0.010737552382602806, 0.04213781307843708, 0.04148562477593568, 0.013215378732711591, 0.11521397580075489, 0.030016221635101238, 0.017399477240522425, 0.0062481949786242965, 0.017335582722956187, 0.01820330814352237, 0.032910602910048645, 0.025060970788609253, 0.04374030437144141, 0.025808534254938644, 0.22720584274218716]
            ]
# The number of clusters.
n_clusters <- 4
# The base file name of this file (for reproducibility).
fn_distributions = "udm_0004_clr_rb"
