20 A C D E F G H I K L M N P Q R S T V W Y
128
0.018237038726971997 0.0437799269873238 0.0090204521317337 0.0240684855185613 0.0475072072985350 0.0094625573665563 0.0234226740048953 0.0326206611919299 0.0192236965057139 0.2243194413093629 0.0333622296649710 0.0164322735638798 0.0430046599174777 0.0133041090172001 0.0731578909421662 0.2496520286098743 0.0557445319665306 0.0419181018548778 0.0244381783019773 0.0041230819939675 0.0114378118524651
0.01452118861575315 0.0439232302576123 0.0058716691138534 0.3352582268253378 0.2105298636034357 0.0061839536849955 0.0349970772165974 0.0219897179504544 0.0098705078588949 0.0340404751490535 0.0156795923724813 0.0073270437600214 0.0762262434811527 0.0131936879325468 0.0428746096998977 0.0227193876309135 0.0593088019262037 0.0318306440497574 0.0171724321017738 0.0019563631524425 0.0090464722325742
0.013289226030913134 0.0704301849198731 0.0064825665318325 0.1071327309340771 0.2419232081643631 0.0068725212361537 0.0330029965440218 0.0256269326560109 0.0149610261999665 0.0864563311200777 0.0268398981168024 0.0123495669627918 0.0451458365053124 0.0155998067945614 0.0992241821009244 0.0587815517374954 0.0642713057565806 0.0457828365351411 0.0277825093093357 0.0029369306377620 0.0083970772369161
0.012887127131694518 0.0265245901346707 0.0094470746310290 0.0043110847105975 0.0082867901181155 0.0532719109062774 0.0064175306306306 0.0098060638516962 0.1283903564142456 0.0125291015915074 0.4415083772083836 0.0951852229362024 0.0086813041443329 0.0073075544541939 0.0157441318259057 0.0138570056266066 0.0207755290012743 0.0256607243538948 0.0941364267823619 0.0034264556545245 0.0147327650235495
0.011911823418696173 0.0281215367924481 0.0057591658195249 0.0027475891714475 0.0055001149395164 0.0256461324005073 0.0043633524365371 0.0042250550529089 0.3034430346232347 0.0075317394139882 0.2331562178947353 0.0659826638674599 0.0053007628600509 0.0045547009687403 0.0072874295391960 0.0081065637028938 0.0132003756051317 0.0292441665321361 0.2378909479457863 0.0018052882955100 0.0061331621382465
0.011723606912678949 0.0765729863907840 0.0155431628655002 0.0693790501101832 0.0612935177624407 0.0135342081391687 0.0589763485685653 0.0409065083218869 0.0195862513973709 0.0661546516150736 0.0317334367550787 0.0145777320364349 0.1250947332479527 0.0199894849834324 0.0541940746290644 0.0593866549991449 0.1494155540418534 0.0741342478186460 0.0280842006926627 0.0042862156762261 0.0171569799485302
0.011498317458506815 0.3984535288679807 0.0213963110407450 0.0123901997557852 0.0191265684143290 0.0083318104139835 0.0555143071493805 0.0081192993808931 0.0200019684611412 0.0152101531329749 0.0227240516908919 0.0114459637419362 0.0183209933250663 0.0133491978513733 0.0153965812860852 0.0147637442848236 0.2019516845768672 0.0801181576381218 0.0552257128570882 0.0017013687887658 0.0064583973417677
0.011387098614042091 0.0100922028947254 0.0048906189747187 0.0011300336425884 0.0017142045628000 0.0576972411076593 0.0020989071048529 0.0028341431984060 0.1047995948707963 0.0022483723198312 0.6328472400158232 0.0774550392317153 0.0019521421019786 0.0045282040109648 0.0039584742789468 0.0034381572165926 0.0069217653055969 0.0081235209869414 0.0651366683255891 0.0030656670309425 0.0050678028185306
0.011156105629384589 0.0976081869302855 0.0034415529112294 0.0139931786716768 0.0212421389525686 0.0041663979284301 0.0172857895568398 0.0114890837911096 0.0090664998865001 0.0194294034236268 0.0190699983045069 0.0048962538337213 0.0128337599285343 0.5937101600418992 0.0213842985113286 0.0176273200404134 0.0774417716902173 0.0322148953929902 0.0182593140135774 0.0010110689736060 0.0038289272169385
0.010947926766668567 0.0576439054638706 0.0031800109413732 0.1850169500415845 0.2939140738647083 0.0038168391733112 0.0255963532446359 0.0211567694019107 0.0105914852874318 0.0639482527599647 0.0178552365870690 0.0085607932464518 0.0584612525089471 0.0072355400562182 0.0841335788707107 0.0337574405912438 0.0596233491570710 0.0388128710108196 0.0199391361298146 0.0004165490826396 0.0063396125802235
0.010808190269776991 0.1172556412130153 0.0253225050893506 0.0223611758952863 0.0187129342324424 0.0086195024209159 0.0490346952161555 0.0144406458259214 0.0144161857910335 0.0239677550589970 0.0200215670056940 0.0102993809268925 0.0655629101047679 0.0189672638720825 0.0207463552530073 0.0219790644091232 0.3650716704886351 0.1486721304529778 0.0242028686096694 0.0019248460276044 0.0084209021064281
0.010548679632692636 0.0279782344825340 0.0028309903367479 0.0151868829069735 0.0358902298105431 0.0026093721413350 0.0139787163380579 0.0194700028570804 0.0083812524744347 0.3691068589580791 0.0140188711652201 0.0097010467486854 0.0396233204072238 0.0101975384731754 0.0669819490351036 0.2734755662384142 0.0422229274925483 0.0321831404451254 0.0118997007030954 0.0007677970554830 0.0034956019301398
0.010514458449780413 0.1167939821323582 0.0122433309481840 0.0218595594668963 0.0279699439540142 0.0151896553138090 0.0303426884237173 0.0163102168989634 0.0438141807376705 0.0339726739243129 0.0445707552211590 0.0244305542285702 0.0470241945165546 0.0217027137015682 0.0277999869508017 0.0291400971924798 0.1901318284879307 0.2177234030986102 0.0637917706692415 0.0031048232921059 0.0120836408410525
0.010343352535219301 0.0159396496857766 0.0007113994406817 0.0010355117188932 0.0015947853606303 0.0098235550945289 0.0016567269932923 0.0010738328649154 0.4329860415132164 0.0017248136524367 0.0900123227308478 0.0225535514775623 0.0018096867627525 0.0011958203949839 0.0017635274878612 0.0021048858979949 0.0040736924115207 0.0128205858928597 0.3952626405154521 0.0003961542911933 0.0014608158126001
0.010309131352307078 0.0535617240716071 0.0133360201290700 0.0016296010843122 0.0028799430100152 0.0722235404937986 0.0109312981499088 0.0034609245046727 0.1890255268037054 0.0036873137066026 0.3010066086734856 0.0752249817606480 0.0039857656251237 0.0053011497637097 0.0050229813401707 0.0045780642802259 0.0201878884777244 0.0339580742278051 0.1848742083906199 0.0044320294538194 0.0106923560529750
0.010220726629783836 0.0086225152701569 0.0134133993863166 0.0017892808950343 0.0024443013617109 0.3969663112304034 0.0025711215127914 0.0279303000751106 0.0140372668529490 0.0028741722158773 0.0440929667705003 0.0089472498999073 0.0054145559225174 0.0017937992746066 0.0042674597930750 0.0040752457633069 0.0111338909421071 0.0065972688671280 0.0150552275407180 0.0166642379305137 0.4113094284952692
0.01013517367250328 0.0311857399356917 0.0115736766145428 0.0011194542526183 0.0023962169041218 0.0196206908410567 0.0024850024511173 0.0022785813200016 0.3441957632084593 0.0031556708564224 0.1470873524307234 0.0377833447786990 0.0029481100105599 0.0026953211480882 0.0036918184927503 0.0028668000290615 0.0100747084173375 0.0264401056844686 0.3417893734865228 0.0003392915405251 0.0062729775972316
0.010100952489591057 0.0745040958678378 0.0056380783041397 0.0490366295532771 0.0885312259198440 0.0074001905813896 0.0294193682498806 0.0343691974378467 0.0215622587636405 0.1360745820501990 0.0344779720088931 0.0174261680092204 0.0731689157406685 0.0114754184121517 0.0973750101082981 0.0988067616867315 0.1029252830460318 0.0751819858600142 0.0309767689368943 0.0007788876043554 0.0108712018586860
0.009892773626875035 0.1407979524768462 0.0154227631976751 0.0289976475611224 0.0301935764548494 0.0126640318265668 0.3450303235941579 0.0164281859257654 0.0172146939464212 0.0273519212862011 0.0273697178686503 0.0134126967492233 0.0391912995612483 0.0163367063577999 0.0244747415687894 0.0296480034838310 0.1244548197883918 0.0464983917368712 0.0299056943017045 0.0040671653835248 0.0105396669303602
0.00981862773056522 0.0149919301621716 0.0068158321037625 0.0010983607596844 0.0022184544299609 0.0392249435304731 0.0016267216175234 0.0021869080059873 0.2320365707299175 0.0030264536481284 0.4388426716840861 0.0810313273123125 0.0021100414765642 0.0011826316069428 0.0037702537106095 0.0035065891675218 0.0054878804391809 0.0132412624426908 0.1372263159979073 0.0032729929623717 0.0071018582122030
0.009715964181828551 0.0969645643246267 0.0123492245527044 0.0218364779320126 0.0298356113834885 0.0171297845981957 0.0258281056855228 0.0289059809150873 0.0225925279278158 0.0321145850674075 0.0502117206393696 0.0138861638823727 0.0282276361545332 0.3198778331423906 0.0385140258002090 0.0362540139732882 0.1094701664990143 0.0577023022435110 0.0360326764313333 0.0050559815480519 0.0172106172990648
0.00970455712085781 0.0173862935326608 0.0039869385228558 0.0063255643464050 0.0209314031467982 0.0024705144422774 0.0141546708652223 0.0161392752616845 0.0086563677194469 0.3753469268978071 0.0146625385425555 0.0108669376914591 0.0290215761779546 0.0039762763312831 0.0523346934907393 0.3531801652649648 0.0311702979884926 0.0232119359779220 0.0088120729661281 0.0043365032681680 0.0030290475651748
0.009619004163577255 0.0281982056701602 0.0141291686896461 0.0073753209541060 0.0099896600502694 0.2834181367203655 0.0095957443619268 0.0396539048177795 0.0390501454244844 0.0132800029334264 0.0924675677511656 0.0242120501783952 0.0150538531831348 0.0066488492176242 0.0152415227333548 0.0174527163368092 0.0278578308803296 0.0217383649313459 0.0400667176830802 0.0299911715975373 0.2645790658850589
0.009445046483773456 0.0119482366910191 0.0043169182517769 0.0006387893483040 0.0010906206819299 0.0186397518337408 0.0009950213440115 0.0008408309004578 0.4379705729126792 0.0011267820651289 0.1774507993596783 0.0308601881227480 0.0012001531575815 0.0006781922388763 0.0012568289712750 0.0011797920392084 0.0026667759999298 0.0086577448222277 0.2944332394675773 0.0002563721731608 0.0037923896186885
0.009296754691153824 0.0689072470505665 0.0053685310801952 0.0097951726470166 0.0186051889866861 0.0211476157122585 0.0112706250594397 0.0074750892196913 0.2184281380406856 0.0167027561634744 0.1221675027227635 0.0499299678109208 0.0137704993098875 0.0112554481289407 0.0152156714558517 0.0148398004510932 0.0392968098581927 0.0783535178147741 0.2670217855938162 0.0018719813863661 0.0085766515073796
0.009288199395425769 0.0513272852107013 0.0104457690162919 0.0049056082671486 0.0050514120319493 0.0040573400890504 0.0121172492419616 0.0042757595945046 0.0093921298927612 0.0063568100829110 0.0094847490828825 0.0066676457869873 0.0190013749830069 0.0048995724876050 0.0058106219373414 0.0062170180163368 0.3465525403675142 0.4733654258139666 0.0156306473032337 0.0010080611964276 0.0034329795974181
0.009273940569212342 0.0603839792414413 0.0063297495190689 0.0676967637360076 0.0441046680270142 0.0054546376466083 0.5106185706259694 0.0133923351187111 0.0067545369050455 0.0292890065428204 0.0111184559327746 0.0058658772098602 0.0684561477211835 0.0083336848041214 0.0224316900362803 0.0228921694093521 0.0751546814238717 0.0232852707590577 0.0113745381141932 0.0016099865170124 0.0054532507096063
0.009271088803969657 0.1525992776879260 0.0058907254712849 0.0554858861075007 0.0573552859530288 0.0062454966625926 0.0766266440088202 0.0149904866723499 0.0134575083967379 0.0406158928005692 0.0204950836466429 0.0100344840349084 0.0655691365216226 0.0515020301856119 0.0405058291656408 0.0285981673534668 0.2227178653410954 0.1027002467658992 0.0277491080169696 0.0010754203952582 0.0057854248120742
0.009199794672902526 0.0588061623710271 0.0008448038871688 0.2571536915750106 0.3911158732247932 0.0016525273929167 0.0220621493296674 0.0085471366254388 0.0043262628513671 0.0387536641628097 0.0078274594817658 0.0034909970692633 0.0367397804945980 0.0133872895618067 0.0586613807980645 0.0158703509136507 0.0421144592677298 0.0253850132478082 0.0108381247669512 0.0004058301924846 0.0020170427856780
0.009182684081446416 0.0431304404118052 0.0020348672626778 0.3499319498885400 0.1801597686147347 0.0026794794998924 0.0468033565174099 0.0229112207720440 0.0036195807932826 0.0371855304390617 0.0069890530319326 0.0030182405095116 0.1129617585158062 0.0130623940543255 0.0402433965805066 0.0200975706747587 0.0720507727144389 0.0304239628275990 0.0074411548849078 0.0006375804288608 0.0046179215779038
0.009134204072320767 0.0687422119402879 0.0130701539244682 0.0007437110169453 0.0010059575391606 0.0585794497807675 0.0133833019781687 0.0011532605161395 0.2496136823462887 0.0012184994668356 0.2156050324526315 0.0439033452075788 0.0016993036639776 0.0029012031645164 0.0015965764008241 0.0014969842337724 0.0167746870404148 0.0328718228009982 0.2692594711897164 0.0024429718977342 0.0039383734387733
0.009088575828437803 0.0196103782733361 0.0047114153912613 0.0007555528838781 0.0012259174215835 0.0214622876114584 0.0018834121702055 0.0011554768946774 0.3771858872792136 0.0015537200904043 0.2032061126345749 0.0378589377818166 0.0015859001725577 0.0048839512655785 0.0017609422595442 0.0020250274310631 0.0044677263180776 0.0133759476842635 0.2967768038674429 0.0016443910548045 0.0028702115142584
0.009065761706496322 0.0139913067618066 0.0020674733180535 0.6797766942694579 0.0732495369679836 0.0022679731167145 0.0150436352700653 0.0118870075674160 0.0034277805524716 0.0100975511600469 0.0047434044401145 0.0022339305999360 0.1096978225213945 0.0027356465413600 0.0110941653824923 0.0067925417254418 0.0289767001902884 0.0120973320028860 0.0054957771131121 0.0006030957375183 0.0037206247614403
0.009051502880282895 0.4746798164981351 0.0256684284604963 0.0031321478765448 0.0038678946592707 0.0037027840493100 0.0507995031194716 0.0026854997566097 0.0075024782573413 0.0034941946530046 0.0081997206478432 0.0046118747873315 0.0072604465869876 0.0145151700909684 0.0044049878462867 0.0036903389993935 0.2863939360958011 0.0650572533647191 0.0270638969026588 0.0007732789168541 0.0024963484309718
0.009000171105914561 0.0217458137535975 0.0064791134949412 0.0005167638657486 0.0008993968733348 0.0581644645048438 0.0024978367239544 0.0010329655975283 0.2446133311571853 0.0008560006644999 0.4011157268406768 0.0693377950526024 0.0012610352200082 0.0009657837631205 0.0019857271116860 0.0012335224647357 0.0052272228273856 0.0133772907995631 0.1585933474933324 0.0028194341948570 0.0072774275963986
0.008997319340671876 0.0356924276520951 0.0023700731878920 0.1387204142561449 0.5722047440286165 0.0036447870154071 0.0123631844524073 0.0098714834289290 0.0069481071116856 0.0252068716468774 0.0124495476402145 0.0064536756572682 0.0179016893686058 0.0043002594117301 0.0740013798110215 0.0155274371271675 0.0253653943226014 0.0178338973155636 0.0132645807970581 0.0014794143477670 0.0044006314209472
0.008937432270575486 0.0115894367880693 0.0077453669150629 0.0010546159579662 0.0020395961606068 0.0626598677240111 0.0019874541383927 0.0027207958377554 0.1228305012416302 0.0027046705338334 0.5800778677011790 0.0989944708940688 0.0024586399739314 0.0014291434601458 0.0043666147096100 0.0025861020295684 0.0063012486819435 0.0105837719795041 0.0662266508410272 0.0004639596281113 0.0111792248035823
0.008900359322420578 0.0256249101689593 0.0037140655517417 0.0075217772127800 0.0260205320377776 0.0032548807236681 0.0089595035646861 0.0213052734594972 0.0090746426299356 0.3614635991615862 0.0173240666236938 0.0095305660048599 0.0293201731962634 0.0012881186531996 0.0664671461340809 0.3318723006518634 0.0334201767419324 0.0273885595078338 0.0114791210792250 0.0006992476926096 0.0042713392038064
0.008829065191353448 0.0168541483354448 0.0069599940816332 0.0007060260685434 0.0011314517475191 0.0062362192642287 0.0011836268004887 0.0007952426832184 0.3955795296070210 0.0012923255585410 0.0686805595824334 0.0152014671444153 0.0012551728699676 0.0005675748986109 0.0011947085782971 0.0012552335539066 0.0037873909251137 0.0138730317634653 0.4623312943230160 0.0002057417666930 0.0009092604474430
0.008817658130382707 0.0565605249190347 0.0045442382036295 0.0538760687557046 0.1068548817101287 0.0033237261169196 0.0278407318143973 0.0386820029948902 0.0060292768912776 0.2007120995545751 0.0166508577118524 0.0079723624400463 0.0771226667506038 0.0021787446000046 0.1107301706600602 0.1592306984323514 0.0681393503867703 0.0408883343235883 0.0110095941832407 0.0012157684597390 0.0064379010911857
0.008789140477955855 0.0744600427824258 0.0147388154365089 0.0212100976545343 0.0428116383310341 0.0241956634651401 0.0249113378850063 0.0302583916039173 0.0684116070172121 0.0853424442795541 0.1047504591329454 0.0450963567663761 0.0376547858367313 0.0156431017209649 0.0635456887187121 0.0973833736017291 0.0720946659398598 0.0701484583912201 0.0813972936913435 0.0072040666668995 0.0187417110778852
0.008777733416985114 0.1186695150391291 0.0118305858725911 0.0101952029565342 0.0089662699718207 0.0033961164664314 0.6906759808970031 0.0042423317508573 0.0044385350324969 0.0068541679267241 0.0071060000140346 0.0036747122316964 0.0134255976639126 0.0044388003791272 0.0059833910177160 0.0082852200660510 0.0701003672906378 0.0147430189069194 0.0092293797750757 0.0008911107375443 0.0028536960036968
0.008709291051160669 0.1084485107242106 0.0199438098265150 0.0090438545555929 0.0150758938897485 0.0113574800206334 0.0158807530229232 0.0108324645842548 0.1028244377882917 0.0206782615331025 0.0588458720600513 0.0366140424060613 0.0350468864451161 0.0069658517022322 0.0217689432974387 0.0182840821421456 0.1222425879715549 0.2290712804681621 0.1467571193716224 0.0018384151105852 0.0084794530797576
0.008692180459704556 0.0262164737560539 0.0018112076595275 0.3501331379246486 0.4337609772228860 0.0018520684961315 0.0196292579641763 0.0074766971874015 0.0036710626342786 0.0197446474118518 0.0055739550882131 0.0029861987377977 0.0328621373515222 0.0023166262703507 0.0364973640301840 0.0062123218759087 0.0244993522484134 0.0126317328296885 0.0091861283705288 0.0003875597730414 0.0025510931673959
0.008635145154850853 0.0248505923760131 0.0077849140094931 0.0009771649390343 0.0020324768186928 0.0135658673606929 0.0022149750015616 0.0015869396787764 0.3713728259561879 0.0019618679579487 0.1051501681332213 0.0244058778805995 0.0019338184997177 0.0010037634847170 0.0021123844198833 0.0021373868108248 0.0054367942576545 0.0184600627275665 0.4077470106798970 0.0022286021895931 0.0030365068179243
0.00861803456339474 0.0665862726518992 0.0187516211706355 0.0035008468847668 0.0071455798376403 0.0088718818029929 0.0052903418794246 0.0042147788901442 0.2442385226146010 0.0072294347153377 0.0698753030309171 0.0232147323594537 0.0071241539360068 0.0033835037767004 0.0075311663052239 0.0068193869376740 0.0244451151574248 0.0669219993796574 0.4186761685924368 0.0010183077250771 0.0051608823519857
0.008506815718930017 0.4734330234602358 0.0579348602904114 0.0024204965212952 0.0040332170650330 0.0056509566816120 0.0507859106793914 0.0028639602494145 0.0272955031568026 0.0034952704387761 0.0216005585770874 0.0098960388563646 0.0058096038731536 0.0031841362277187 0.0041778647442222 0.0038906697722668 0.1446388345306523 0.0809047132683700 0.0936925305326004 0.0008684863647902 0.0034233647098016
0.008292933325728625 0.1990776528795373 0.0638587876766164 0.0067394863965380 0.0105052681589165 0.0290536852372347 0.0311323922347773 0.0087442865575236 0.0929103872934507 0.0112850320982071 0.0991895706098151 0.0394769754301991 0.0137424524574521 0.0082551314368421 0.0126656755588113 0.0117852430189531 0.0867050466904266 0.0825282170153519 0.1752717328128418 0.0035082725540520 0.0135647038824534
0.008255860377573717 0.0867074636361048 0.0090411757049560 0.0881750551722743 0.0574682977352486 0.0047174190311771 0.0864524167596637 0.0241712370868193 0.0075858448611197 0.0449643774707376 0.0113816338812131 0.0057294669927055 0.1460696297289960 0.0069254076172137 0.0391522716489233 0.0328888768467726 0.2363104762425485 0.0925241753724194 0.0131434000596374 0.0009150497419557 0.0056763244095140
0.008253008612331032 0.0152769722496841 0.0070845037409799 0.0010326057832862 0.0018280704353781 0.0208233800025199 0.0017902038278821 0.0017976964115525 0.2561113054439533 0.0021181718437544 0.4203766201458941 0.0946784609169993 0.0023624350679252 0.0011224842457883 0.0038180165128560 0.0026291625859657 0.0057165051288546 0.0137830482044310 0.1452873374352611 0.0004420171975768 0.0019210028194572
0.008253008612331032 0.0171026821293566 0.0074848195895278 0.0044482638417767 0.0100408699115413 0.0040017188183454 0.0091219455088238 0.0186315734687947 0.0090252985238857 0.2759384616072646 0.0169627522263642 0.0073117485195043 0.0159067346631588 0.0065675801507379 0.0362696828759700 0.5028811921819167 0.0232345135390868 0.0176712643286135 0.0111933406766907 0.0008904427200039 0.0053151147186365
0.008235898020874922 0.0570220264101796 0.0145754430110923 0.0520364043458305 0.0539463247595365 0.0407367984120804 0.0313591777487491 0.1452771291178344 0.0234646359507866 0.0517976963842585 0.0472632844767999 0.0185296352751569 0.0781284853750086 0.0162408055279098 0.0661811216623280 0.0628106690005378 0.0786190484412402 0.0466513356438518 0.0323320996491780 0.0085774410792584 0.0744504377283828
0.008113272115439458 0.0155000814339058 0.0091644488784940 0.0012764315145553 0.0019941266088474 0.2062296340247375 0.0026315348921785 0.0035545105822203 0.1094793652141251 0.0023147210849317 0.4233882773747855 0.0826675340145826 0.0027430867973141 0.0017895810126795 0.0038957551829314 0.0030490983339939 0.0079114192602973 0.0120092598431106 0.0679741944463252 0.0095139777170845 0.0329129617829001
0.00801631209718816 0.0214248254862829 0.0053383401924624 0.0011554540576756 0.0018413396557012 0.0045914290753873 0.0017044934538543 0.0012578083338301 0.3675010735760822 0.0019362495334954 0.0539089102161707 0.0101096234658859 0.0020132045122301 0.0036940157381093 0.0022100575781966 0.0019911034365449 0.0050670456052679 0.0134358407678310 0.4987791574206721 0.0003971145126497 0.0016429133816704
0.007945017966121029 0.0097193288652627 0.0010739269192413 0.0010697244158480 0.0015125425129544 0.0352064122425308 0.0015592528286837 0.0015729743825896 0.1979707495975019 0.0019108827616216 0.5484031149171406 0.0746190258010467 0.0016043703356218 0.0020423903472497 0.0029404208591118 0.0028480592384660 0.0043426159524101 0.0075092974293685 0.1004308412958873 0.0003937313189020 0.0032703379785617
0.007919352078936862 0.0182769280583978 0.0075291382678120 0.0018127308049009 0.0026286780909177 0.4113489956142558 0.0046187512638236 0.0094882172146157 0.0562890570950023 0.0032541287022848 0.1544136347916289 0.0350862552036673 0.0045048160635964 0.0022686422143392 0.0044911896775683 0.0044334826804503 0.0107529190410573 0.0115917809106626 0.0465594914171958 0.0361457921614841 0.1745053707263391
0.007805281469229453 0.0853473408402630 0.0057777989693854 0.0261345677399365 0.0523320242426350 0.0070511580944364 0.0277965619665618 0.0276349686904359 0.0147658074414930 0.1350061829658066 0.0291480260464606 0.0109714298162111 0.0360195673103148 0.1572812851376326 0.0728307905020828 0.1251698069714585 0.0932671141700005 0.0568997268831867 0.0263501859820329 0.0024387896779084 0.0077768665517577
0.0076997661552500995 0.0186843841495019 0.0062948933452414 0.0037308448179850 0.0059227541266344 0.1991429560802231 0.0052719098545229 0.0112312091829925 0.0743323118510126 0.0070357524928264 0.4061829436384390 0.0908023840020368 0.0073604930462760 0.0049010240094790 0.0110255804879435 0.0085009418907521 0.0145344887197883 0.0154536764382969 0.0503265505527510 0.0079934193637474 0.0512714819495497
0.007685507329036674 0.6096973829093756 0.0238919843921121 0.0016677460797650 0.0026517781467530 0.0018700027888657 0.0643568868477386 0.0015652036636463 0.0043021233409652 0.0022411645150688 0.0049624479368448 0.0031622065931768 0.0040731695272978 0.0015083192952211 0.0030511750544236 0.0024501308793152 0.2173165424362837 0.0316852666689327 0.0175630272181092 0.0004169926966111 0.0015664490094936
0.0076598414418525065 0.2301798468217669 0.0119514216199259 0.0117480043923065 0.0140460646588205 0.0074614238515457 0.0539564590501982 0.0102673184644001 0.0143491542930095 0.0137008343467468 0.0214678082880661 0.0100437755862745 0.0235116712068464 0.1979809383629355 0.0186469318397661 0.0139364687620782 0.2206184375936237 0.0863435939882784 0.0321404104424575 0.0017756204264504 0.0058738160045029
0.007631323789425655 0.1202995234904869 0.0360830219637172 0.0012307073691814 0.0018914205357431 0.0112666844930571 0.0079965820843303 0.0016379773101906 0.2019430725756127 0.0020946280785802 0.0914341164821826 0.0306252018349326 0.0032897669621576 0.0023773991039247 0.0025163285457639 0.0022149280241448 0.0246085549128637 0.0561303813147505 0.3985558626898524 0.0005921897021920 0.0032116525263358
0.007554326127873153 0.1080415412325186 0.0024548118840060 0.1026202758448475 0.1358143855137576 0.0035215966791991 0.0287983221476514 0.0130257186047700 0.0071363694439995 0.0648926687279291 0.0144855133374499 0.0046993616070873 0.0371402232759576 0.2465297677655579 0.0456039318239463 0.0287730906663421 0.0931010308626405 0.0424881775055665 0.0159914382718393 0.0009050191426048 0.0039767556623290
0.007551474362630468 0.0817146034364881 0.0018641179674047 0.0483881466619225 0.1720178009746413 0.0029053969002627 0.0132838188449341 0.0166015653449485 0.0161912363348821 0.1873491652541888 0.0308385361320625 0.0142376774689052 0.0363305665067418 0.0019436450278769 0.1255277974158986 0.1190108631079873 0.0507218831242349 0.0508239601761795 0.0260191825171992 0.0007204073862687 0.0035096294169724
0.007540067301659728 0.2773407553107753 0.0168396590739163 0.0098893662079695 0.0095456926334445 0.0045039997590878 0.0997701515829087 0.0061291534798669 0.0057230355647529 0.0075367833921452 0.0080220687495826 0.0050622806855360 0.0280251039474003 0.0043853866506566 0.0101314549363518 0.0076996248847967 0.4188682286805059 0.0626454420917850 0.0129592597255061 0.0010139505388668 0.0039086021041453
0.007477328466320652 0.0981450996354652 0.0012835443308932 0.1636171294803002 0.2680190972464527 0.0017050106702753 0.0273090446881668 0.0146600617233406 0.0043681163663364 0.0900918827524368 0.0095212426828122 0.0035632726599272 0.0606358200640829 0.0011950344909233 0.0885661498012272 0.0495999939584631 0.0688921433655829 0.0365063674707741 0.0095477806618208 0.0004128956812192 0.0023603122695001
0.007406034335253522 0.0448815817223370 0.0078239182495798 0.0047041688413882 0.0179365575589025 0.0133896619286855 0.0063190734129689 0.0086217443419470 0.2023357223494173 0.0478661139768622 0.2025109976411227 0.0685278906055756 0.0104820921558689 0.0032240434447461 0.0313309688078130 0.0456650403840062 0.0261800185209146 0.0597005682903501 0.1888363894686237 0.0014959448809031 0.0081675034179880
0.007366109621855929 0.1011524228844088 0.0017263325505495 0.0827939448343591 0.1520931901904426 0.0016243013660143 0.0345604042249806 0.0202065958180060 0.0062815340986737 0.1552387052410747 0.0125792428185110 0.0054901681181865 0.0615329941700159 0.0150666659931516 0.0960659505933871 0.0995341388934309 0.0874431280584271 0.0510296481252125 0.0128815505543610 0.0005978470481686 0.0021012344186386
0.0073518507956425025 0.0284760785116861 0.0065570909912263 0.1381303673785870 0.0478676546911787 0.0097423159718772 0.0342439004265972 0.0782119554845952 0.0105613231952198 0.0584105349285650 0.0151979433061619 0.0069297845712008 0.3000556058492111 0.0060200851341565 0.0412353642454167 0.0412807470357417 0.1003088103440361 0.0386663507208676 0.0130377568931307 0.0017986997159352 0.0232676306046095
0.007331888438943706 0.1931493990705493 0.0070135786150154 0.0272003444676625 0.0543278103155044 0.0055431931236023 0.0575129757318188 0.0140651952160367 0.0207181199502926 0.0382454441201385 0.0318333799885693 0.0205284969683021 0.0603381648763807 0.0042338218811025 0.0622040218896613 0.0277975502917090 0.2083478703338381 0.1190052790601278 0.0421867743071850 0.0010317826762902 0.0047167971162134
0.007323333143215651 0.2153841200631550 0.1479847032769240 0.0068273645523005 0.0073018977132533 0.0092168911598065 0.0322062949239409 0.0073343465894817 0.0150835554348779 0.0080481381295891 0.0198037712922930 0.0100514586882035 0.0202240533615976 0.0065252762303533 0.0093591784537894 0.0088908493727826 0.3173742088295473 0.1102386292405325 0.0385299061864779 0.0022305112803864 0.0073848452207079
0.007240631951177779 0.0462034155348621 0.0051196974741104 0.0071421798471736 0.0309594538575668 0.0076423955228269 0.0094653516127417 0.0155362507353580 0.0501809644078707 0.2462276258834054 0.0857822504216969 0.0400661716776309 0.0187953662316160 0.0042577393890509 0.0800647555840074 0.2090948984261930 0.0338396724562321 0.0458212503327412 0.0549790842850250 0.0019269738760394 0.0068945024438517
0.007177893115838704 0.0145032404423516 0.0041038659598228 0.0020999235357653 0.0038789849116069 0.0267008795713770 0.0030971047800781 0.0028198790052112 0.0863399546477565 0.0048240819703984 0.5387065133888116 0.2217729689175222 0.0034750712999112 0.0018085467256659 0.0091717802813012 0.0049073960348757 0.0084916248973109 0.0134199784931518 0.0439529861055775 0.0012015976883643 0.0047236213431401
0.007129413106713055 0.0637517656756375 0.0125222307928838 0.0122509921329419 0.0242787148807752 0.0268044545335336 0.0191917238200003 0.0202856582754341 0.0633801810270672 0.0260699544060988 0.2466568764631856 0.1686145610202512 0.0264444348853647 0.0082979294078572 0.0691919623995177 0.0261932855775819 0.0561887000507366 0.0532071395404335 0.0578604878564680 0.0042305181408932 0.0145784291133378
0.007083784862830092 0.0922835129177804 0.0047667813635899 0.0034859261579768 0.0046538825702920 0.0049008060973229 0.0115981438661808 0.0047915059132694 0.0102733354170768 0.0050038384857675 0.0154899507049381 0.0051906288492957 0.0060743164477367 0.7199422279263985 0.0070555339170309 0.0056209315792512 0.0486211179204419 0.0250673094967112 0.0201908118931229 0.0012003824692424 0.0037890560065741
0.00706097074088861 0.4997993806988952 0.0094710855393321 0.0041576813248157 0.0056771156784826 0.0032185985746774 0.2751415711790840 0.0029832932966010 0.0061510707369162 0.0040493420667108 0.0076573494131139 0.0044972258112005 0.0057853853308214 0.0053357740574774 0.0045197148231579 0.0049338355924756 0.1129057023956352 0.0221100646956259 0.0184976227939286 0.0008682799040844 0.0022399060869641
0.007003935436034905 0.0262185779086229 0.0087757064898265 0.0058690332614906 0.0134993341213000 0.0101139144018254 0.0138579983256122 0.0308877021371603 0.0155711885299432 0.1838348391705480 0.0317506812604688 0.0134625544436281 0.0189084043179006 0.0053727328657701 0.0499192715261594 0.4693044745121529 0.0338563326451499 0.0252811164736285 0.0187466422685382 0.0125856752776567 0.0121838200626178
0.006926937774482405 0.1054654174368786 0.0031019466444316 0.0302524900220497 0.0560793634709518 0.0146269083084065 0.0185781748908670 0.0153808252298887 0.0541744630878610 0.0477609724591304 0.0734577857859085 0.0247476385303037 0.0268572907751238 0.1932485150757179 0.0585029436187119 0.0459994006544898 0.0818487263686080 0.0665907940294105 0.0714439967809662 0.0019133693688237 0.0099689774614708
0.006918382478754349 0.0246386127512405 0.0014671672640129 0.0073413866210702 0.0036885738666446 0.0009473819531089 0.9127708324519648 0.0020926798445683 0.0012939192223689 0.0035283605073653 0.0020016462323240 0.0011981881044343 0.0083347222727857 0.0007915186195867 0.0025300469489975 0.0034910039619052 0.0170751058233152 0.0035392815691042 0.0021386738062892 0.0002703740436386 0.0008605241352747
0.006858495408657959 0.0566822265287735 0.0231906667933974 0.0134504014072850 0.0183810585573428 0.1374249795019558 0.0159981579071082 0.0534527717665495 0.0664392372061963 0.0210056168014051 0.1342755169883472 0.0422002496413771 0.0345244164520721 0.0103690354237496 0.0339853944990972 0.0255066340690511 0.0658853049984695 0.0531231635246333 0.0752331133708743 0.0060092246550344 0.1128628299072807
0.006838533051959163 0.0286337410639763 0.0170108874519198 0.0186778273484874 0.0331274884109558 0.0098286772365849 0.0254660682683408 0.1331936458901958 0.0094940570237665 0.1372697204783560 0.0273997570409839 0.0097993471866852 0.0788852512776734 0.0062946612713712 0.1056747900964414 0.2321056740534256 0.0578530096707929 0.0268911266179567 0.0134358346544217 0.0040915967647656 0.0248668381928988
0.006778645981862773 0.0406561718359080 0.0077047238703630 0.0232914437837563 0.1002101386542311 0.0098635098959296 0.0181861653240100 0.0761726643090241 0.0160527712170129 0.0515599888696104 0.0466524337664605 0.0214204899318982 0.0318224283094161 0.0110788843908795 0.3807335678623675 0.0495592203934876 0.0439925090286928 0.0321744555557716 0.0229834081253793 0.0031180738915461 0.0127669509842551
0.006770090686134717 0.1025686475894092 0.1538337972278298 0.0190565207569536 0.0212570959476245 0.0356132910410677 0.0394045227968049 0.0301657281463246 0.0334183311879690 0.0262225674970019 0.0525038761892611 0.0211461224079653 0.0524653345462300 0.0127777703397619 0.0266649490954737 0.0344242068448088 0.1718944710488219 0.0740214068953168 0.0504397478604839 0.0067303025595344 0.0353913100213573
0.00674442479895055 0.0287868561280245 0.0027233829615462 0.0003977081980500 0.0005529626151954 0.0256540990159554 0.0033916893564372 0.0004599018738190 0.3694630054836331 0.0005025396836685 0.2062710024951384 0.0482083028036128 0.0011078540666462 0.0010791551652149 0.0010735292371024 0.0005863958705145 0.0056318333944693 0.0199780972341897 0.2820621023362615 0.0004534553433277 0.0016161267371934
0.00667313066788342 0.0394893175717299 0.0125014006839624 0.0032604681233669 0.0058063107510592 0.0971551225399579 0.0053092279396775 0.0116388883154745 0.2280102158155779 0.0072359012940122 0.1924147857167921 0.0505179282471892 0.0069296153338193 0.0033769040986935 0.0078796585736326 0.0086239883922079 0.0178840431219235 0.0328164427712964 0.2127749802527820 0.0059025868893956 0.0504722135674493
0.006630354189243142 0.0093225797172018 0.0037911944790262 0.0026328076281058 0.0036089749328481 0.2671464106291345 0.0032100467880186 0.0429450724284817 0.0061947164438813 0.0036049282095158 0.0172447914531438 0.0042218384479057 0.0066277603743833 0.0019264263713052 0.0049682426557250 0.0056552510513274 0.0081106203782831 0.0061008559226759 0.0077027173702551 0.0331844914102528 0.5618002733085289
0.006610391832544345 0.1381078384136594 0.0153252659911889 0.0003070788639377 0.0004319268342188 0.0598139797717028 0.0387293365721688 0.0003706531500738 0.1873971560492704 0.0004002443091285 0.2280179835288373 0.0339836057839536 0.0007746454250447 0.0013394097143150 0.0006366326783582 0.0004455098318389 0.0293816915732762 0.0440684449629819 0.2172407212832745 0.0013805810076126 0.0018472942551578
0.006593281241088234 0.0100671078033186 0.0017787159841997 0.0021619670981670 0.0028657789365354 0.4461201575514600 0.0032073888428563 0.0143230240405435 0.0143758825866889 0.0033489499729614 0.0483538560153246 0.0127667162122822 0.0045244626872767 0.0018035143850769 0.0042025826745985 0.0041702620969232 0.0086192597582267 0.0076727374599090 0.0149585824610663 0.0272059964712260 0.3674730569613590
0.006556208292933326 0.2384967415612263 0.0699291118880763 0.0029722906117646 0.0046491311790584 0.0054198290336239 0.0118083241625207 0.0033290756747473 0.0780563679932789 0.0046063538559776 0.0331961430347425 0.0136820175951911 0.0070735536175815 0.0039102414153444 0.0053917969643895 0.0045384539437301 0.0779519188572520 0.1495418716742393 0.2809748600085439 0.0010397537834990 0.0034321631452130
0.006524838875263788 0.0705520332199424 0.0193784810800021 0.0027140037598033 0.0053269028692996 0.0281235360744580 0.0097230035011902 0.0060203225728484 0.1618846100681267 0.0061779861151819 0.2357135581702604 0.1152673703590806 0.0128483597209519 0.0023756966045715 0.0149418817651534 0.0068104384004852 0.0411473022398763 0.0750021592614033 0.1737328543502856 0.0020102593236167 0.0102492405434623
0.006504876518564992 0.0277002307711435 0.0028180096588611 0.1097850321335255 0.0527003080926408 0.0026714731603375 0.4095897919578223 0.0243605781056339 0.0030505186625479 0.0648567903212535 0.0057033747837112 0.0031883172841989 0.1539224896806382 0.0028568648603369 0.0332605717908227 0.0341325594372353 0.0496675132234119 0.0110142800299417 0.0045114198160327 0.0007771844451330 0.0034326917847714
0.006464951805167399 0.1289496664172623 0.0059808758740464 0.0025416419753486 0.0038890431944485 0.0210692176355982 0.0146498454120979 0.0025039878137628 0.1964181645581178 0.0033504795099055 0.1056629519409217 0.0474562831827883 0.0063554452612546 0.0065465759717421 0.0041045554484258 0.0035905242764808 0.0433157685467933 0.0907320113587522 0.3071690408115765 0.0016309704870584 0.0040829503236183
0.006450692978953973 0.2014218964556341 0.0299098776352314 0.0015883115013857 0.0024358589938993 0.0645352712153703 0.0617514013783987 0.0019983718339744 0.1047575710183490 0.0022964716700817 0.1495991391025401 0.0438858576075783 0.0041523725245313 0.0038125484150681 0.0032425496086218 0.0027920880387462 0.0768279949292412 0.0757948649740352 0.1570313144832000 0.0053999524697623 0.0067662861443507
0.006425027091769805 0.0451150601628808 0.0065659441644068 0.0002696166669704 0.0003978888049323 0.0902154851873666 0.0083214800316113 0.0004618333726886 0.2226920022059843 0.0004174755289313 0.3507020042166443 0.0600212917610439 0.0008159899000414 0.0016342548047056 0.0009595129402187 0.0004113166304489 0.0092816725832619 0.0209569116936175 0.1702460054552126 0.0044185360151280 0.0060957178739051
0.006413620030799065 0.0771334662519952 0.0042539134008572 0.0310638317373789 0.1110526121109975 0.0073515630136730 0.0119849051436802 0.0130509647404233 0.0952903599139798 0.0805570665135896 0.0753928940027987 0.0298974591388662 0.0269738912323199 0.0057678952774409 0.0763930000000093 0.0542440519111208 0.0559198015754527 0.1017061876624036 0.1345229136424533 0.0013744706623667 0.0060687520681936
0.006387954143614897 0.0847797074271838 0.0103304542011237 0.1183672621100916 0.1836640160753640 0.0189740145979218 0.0271388665726895 0.0216058135354594 0.0480659024595558 0.0346698107320451 0.0610310861034864 0.0259902541885680 0.0427027614753756 0.0111965334443410 0.0543452420893313 0.0252667052732345 0.0710778675679458 0.0628354866293864 0.0763939898149255 0.0037779992362089 0.0177862264657618
0.0063166600125477675 0.3588329263190337 0.0339974128932467 0.0056018484744312 0.0073331653260539 0.0181792170456068 0.2206162358922061 0.0053356355281471 0.0232931473912855 0.0067033878727334 0.0338993268858396 0.0151637000536294 0.0103536859973609 0.0074828916469580 0.0074544322046493 0.0087032304173054 0.1267936651497344 0.0460177355011825 0.0518480062038858 0.0043518519948582 0.0080384972018519
0.006305252951577026 0.0167087334904895 0.0354437105003768 0.0069816956908960 0.0064626648988750 0.2098599314518600 0.0079168952523425 0.1002080934827917 0.0127530748339842 0.0080044738993834 0.0385151884578746 0.0076161304051401 0.0254449150856078 0.0040737148856473 0.0129858408433673 0.0151936788794880 0.0324965552386029 0.0128706329306630 0.0151311588969731 0.0086509829088360 0.4226819279668008
0.006276735299150174 0.0803237282497178 0.0011124855488205 0.1158185778580080 0.1104945046917008 0.0072238644838810 0.0701856287012326 0.0347441606104773 0.0085778719032308 0.0829765682726441 0.0183165648337632 0.0085042868712245 0.1017492972925791 0.0110185714861424 0.0706101316700787 0.0730828510493737 0.1185675686808360 0.0539580858824125 0.0172827493150255 0.0035948730340464 0.0118576295648052
0.006265328238179433 0.0466440076865276 0.0148783484467586 0.0305138507087199 0.0140251902410288 0.0088304692662296 0.0299860855224159 0.0421018337775945 0.0146575118690693 0.0180739760609811 0.0183362382968703 0.0104401815662372 0.4333310229500674 0.0066866235490339 0.0230631523416464 0.0165805131004121 0.1677126001002320 0.0703272862189347 0.0192624745258664 0.0024441395862231 0.0121044941851514
