# This script is generated automatically.
# Vector of amino acid stationary distributions.
distributions <- [
              [0.058056489895548076, 0.00932442608760338, 0.029008473923973536, 0.06189840838343991, 0.01090600707470299, 0.024870126648576813, 0.045803080357431684, 0.021813272542592608, 0.1768701092772197, 0.04796475424669217, 0.017969454107834164, 0.056253673152425986, 0.013937507662690547, 0.07961073527241987, 0.17305121059466586, 0.07047394586838353, 0.05397080270558607, 0.029998067186171127, 0.0045963520482429215, 0.013623102963799158]
            , [0.06499151851738993, 0.011153965815598885, 0.04700038875757687, 0.08510892712657671, 0.016871078563410434, 0.026628292282775835, 0.06347314097047631, 0.024924375626427433, 0.078016525975505, 0.05915538460051621, 0.022786579783016372, 0.0568251759007599, 0.019847394343542154, 0.1507890501872342, 0.07635387830837662, 0.07258339695389303, 0.05546550074401762, 0.04359826321298739, 0.004526117172603007, 0.019901045157316125]
            , [0.06038737353385205, 0.013888112263025686, 0.03503361302433785, 0.04975286427303844, 0.04567809753026717, 0.02745874891690389, 0.14310176215417642, 0.023692235031083878, 0.05562423544061738, 0.0607997377616444, 0.019587024190362543, 0.06472150868340078, 0.018564903674015483, 0.0698546994388477, 0.0669048409051349, 0.07426153982015017, 0.05316778436700643, 0.040760445024930654, 0.007979034168830133, 0.06878143979837399]
            , [0.051662467845011856, 0.010531837735222828, 0.019923527400051377, 0.04544189070264203, 0.013327632002327568, 0.02211008152552744, 0.04646128121773659, 0.02232550148388981, 0.1594631510629041, 0.04815845374442831, 0.018626907152604084, 0.04534051021319252, 0.012187731464559504, 0.06741945624893089, 0.2631520159244703, 0.059994438182178325, 0.04553825006621227, 0.02843101388978893, 0.005278729208280702, 0.014625122930040412]
            , [0.06438006378183712, 0.016852152893055587, 0.026786899068483142, 0.05453840360650249, 0.06030012266124777, 0.023337191252203484, 0.05912470622792315, 0.048701426846647265, 0.06694462626048285, 0.08135061009992475, 0.027321632361684955, 0.05679214492234446, 0.011882743344279863, 0.06379750476296686, 0.07390563355979617, 0.07092549380083574, 0.0596334409817059, 0.05462623706801137, 0.017619111079011346, 0.06117985542105566]
            , [0.09357115848768778, 0.011957856485979758, 0.054847578888490685, 0.06829609040460934, 0.013595606062173622, 0.05803540144364254, 0.042346426540569, 0.02057736617146487, 0.0665140056841142, 0.04684497462013212, 0.013748955004939147, 0.06543681448036198, 0.05063470897787372, 0.06525732652810914, 0.06577267765235505, 0.1300648091001667, 0.0733773877803304, 0.039947952624695214, 0.004530702722166847, 0.014642200340137723]
            , [0.08467557517312822, 0.015248033075635466, 0.025529433847922122, 0.043783404342005526, 0.019608633550190203, 0.03892968538960859, 0.028487505137223836, 0.053610539322757854, 0.05216243672721278, 0.05799884384122551, 0.023434252721501004, 0.06262594858310713, 0.01690074197402261, 0.050623710151616326, 0.05186549694995369, 0.13671344669931834, 0.14890012195759147, 0.06560821905875497, 0.003940756787541462, 0.01935321470968283]
            , [0.04519090064967575, 0.009540571376514349, 0.020185448025627883, 0.04723320907758148, 0.008191976664640624, 0.02227066044405447, 0.03851307106017761, 0.01593226279812475, 0.2320227108781597, 0.03688259683073385, 0.013920259504548132, 0.04657144852674044, 0.009345214563137624, 0.07273134817099496, 0.2490345061392623, 0.057674603889388075, 0.0417273087293903, 0.020154403079656637, 0.003844661177777561, 0.00903283841381313]
            , [0.06027441679743377, 0.011163410268514834, 0.022829870810977922, 0.05013581813682023, 0.015891573312794862, 0.0386633091323018, 0.055246391612616456, 0.022076540863195458, 0.10906341789890883, 0.05411030743938951, 0.017899606559625157, 0.05475799951372923, 0.017082648747041625, 0.07278951504746645, 0.2089069512610429, 0.07090219297125723, 0.05457086807794263, 0.03580872483434446, 0.008648691204641873, 0.019177745509954908]
            , [0.03429735120565699, 0.007770947038750646, 0.012309395848632864, 0.03433964402363142, 0.008546341130083663, 0.01408328482191464, 0.03509527133990436, 0.016381420577037165, 0.2862496340054656, 0.0376274199871511, 0.013588300394579938, 0.036063073631913876, 0.009191232766643511, 0.05880874616680913, 0.28223021339832943, 0.04295468821568554, 0.0361453081310837, 0.021406888213509022, 0.0033153574120221058, 0.009595481691195368]
            , [0.06377281766818632, 0.014731343524015688, 0.06585841530891023, 0.052972993672375616, 0.017410848832723775, 0.0584791550844999, 0.0508336865330249, 0.027713198850246028, 0.06348027510349254, 0.046930967192234344, 0.017317723123779397, 0.16966633053891306, 0.014483796162454583, 0.05450497536778062, 0.05844153054052671, 0.09359704218008637, 0.06175052999001406, 0.04290172681368632, 0.00485629122527854, 0.020296352287771078]
            , [0.08190391053249838, 0.014361559334598302, 0.02525987064749833, 0.054707020575768026, 0.021360246008007084, 0.02188222241496427, 0.02643183245655734, 0.07661598333652506, 0.06099385157649005, 0.08288219043683377, 0.05090525691736658, 0.048945061700288235, 0.02221036110602449, 0.06412296105102151, 0.05764254562039566, 0.08339908943630069, 0.08356139011314644, 0.1010201624272308, 0.0042959198421363394, 0.017498564466348603]
            , [0.18422102139835492, 0.020508303265526818, 0.020871501404570933, 0.02687830202732564, 0.013073454705445397, 0.06404136634154828, 0.01881909612052251, 0.018562804033869708, 0.025929893409684858, 0.04125680997880699, 0.013835443666735947, 0.052374566223684894, 0.023900464966340143, 0.03278565633855101, 0.03359791451609357, 0.2562282249361645, 0.09406499580049024, 0.04311639166188094, 0.0030556960016682264, 0.012878093202734574]
            , [0.04248382008319906, 0.006581581941461833, 0.015253382781467841, 0.04451738311175894, 0.0089595443058026, 0.0166073610021227, 0.03097993523409491, 0.02016517236099442, 0.29431098912380255, 0.03896814063563099, 0.015595931010215764, 0.04309153693203844, 0.009972256140242372, 0.060747369653286164, 0.21108684790480087, 0.04917486986662379, 0.04638057507902782, 0.03182147807455028, 0.002456156092634982, 0.010845668666243674]
            , [0.07128602901551762, 0.010884975056132985, 0.0398206656197369, 0.05911358267679216, 0.013052320078143912, 0.04749006404391631, 0.04836085476483846, 0.023046500914979822, 0.10727779150457462, 0.05120299425941719, 0.01683128936446797, 0.06098989111423819, 0.032151304424683, 0.07401549586052604, 0.12017072340806895, 0.09366891845271348, 0.06938134022191803, 0.041728429169911506, 0.004266231937911133, 0.015260598111511833]
            , [0.030395279397686104, 0.005395996133454615, 0.00992975842036031, 0.029847227088937348, 0.0050670803775782905, 0.013091931910830842, 0.024827492665017544, 0.011275166126197193, 0.34760915204003595, 0.026610909912755883, 0.01049912443274465, 0.033490648223723815, 0.0060092151377533, 0.04725884685454217, 0.30761791095598034, 0.03933808114544503, 0.03138310278752202, 0.013500243805682786, 0.0018677816176240496, 0.004985050966127551]
            , [0.0424704824297693, 0.0068896464422685865, 0.011978114330339152, 0.029803317298354323, 0.010098603920206917, 0.017098439670488044, 0.03884220667666987, 0.01847004176574466, 0.2076042852913399, 0.043140561050415145, 0.01708513576592767, 0.039975354512641816, 0.00924375083718285, 0.055756487041853924, 0.30640004534765236, 0.05417769965789133, 0.041299142771200004, 0.032085010760621036, 0.005256875683514604, 0.012324798745918623]
            , [0.07656619697383305, 0.007898517344999747, 0.019344465977214537, 0.03755270225499837, 0.010587503823630568, 0.020865800968529462, 0.017008338815305685, 0.017692019095890615, 0.03414648880484744, 0.04229834400156618, 0.011030595919126834, 0.022264985172427896, 0.44294062356501906, 0.03609344557562285, 0.03353429920708131, 0.07421370238088922, 0.04735854364603055, 0.035769361674230636, 0.003263458643295165, 0.009570606155460936]
            , [0.07129110841432545, 0.021324618867387988, 0.05628295341551772, 0.04534988934425388, 0.015612824878903317, 0.05789995711724662, 0.04742554893334358, 0.019710802175759528, 0.052360466877078064, 0.03794040337254193, 0.013153122022614998, 0.13904462496744435, 0.014802546008721171, 0.04678785882227443, 0.04834868578181385, 0.18270075948364145, 0.0798376100671635, 0.02784510050142866, 0.0034502164125589877, 0.01883090253598063]
            , [0.05352553209517723, 0.004678181041629563, 0.19484826415941078, 0.27727929165599885, 0.007136288636254888, 0.03969508793807453, 0.021052257136116942, 0.013225340977513513, 0.05396324559154805, 0.01964989734028778, 0.009439057294688556, 0.05481833063428333, 0.01183615879028522, 0.0630421741360203, 0.034539106927039126, 0.05703077514155043, 0.04028752894529018, 0.03195456826738103, 0.0018595714070907589, 0.010139341884358943]
            , [0.04242790736264436, 0.0027213562663142487, 0.2947814089958302, 0.29654919697130516, 0.003975138050632266, 0.03147477516989303, 0.026614242951445263, 0.007531293021185672, 0.03637292916218457, 0.012786428283393598, 0.005666498548648674, 0.053529341586206855, 0.009094852730923374, 0.053654264980944555, 0.024877958489962524, 0.04506193336797018, 0.02996046917256762, 0.015133114075161035, 0.0012615494304137698, 0.006525341382372913]
            , [0.05137709294559545, 0.008006300403018758, 0.02862299163786775, 0.05338550464677064, 0.008180690754586101, 0.03442857441944745, 0.0337855066398154, 0.017906040469901997, 0.2431474789289178, 0.03540349109879711, 0.01527204583452396, 0.05620221562448178, 0.01388117373507898, 0.06527658522046785, 0.17719710977953307, 0.06754724500613746, 0.05325911542395344, 0.02495552564635129, 0.002781494447963808, 0.009383817336790013]
            , [0.07223475214535875, 0.030342654941684366, 0.023045451716365024, 0.044169772959717114, 0.033867354255450316, 0.029776958371157743, 0.05258303454677474, 0.04763171653235835, 0.0539861039057167, 0.061600008958726936, 0.02123066359394351, 0.06591264172753641, 0.011496607433396755, 0.05467418353004275, 0.06286859127946741, 0.14238637963936956, 0.07708216977008187, 0.057357187406639934, 0.008842313235385027, 0.04891145405082675]
            , [0.05418217719467621, 0.013710852323085814, 0.02824502823330499, 0.04063409945739584, 0.04321725555303126, 0.024730747156914083, 0.23045474778673705, 0.021347154524069403, 0.04613362956035748, 0.050574652670142516, 0.01586844875543107, 0.06674307001043812, 0.014050327346424333, 0.059928259192111595, 0.061626774171643084, 0.06232449879532814, 0.04424574493268491, 0.039255877409158174, 0.0070775092425814, 0.07564914568448441]
            , [0.15131183039114676, 0.025288050841288323, 0.022804121916386637, 0.04211789658845826, 0.021778552278603234, 0.05975837777069422, 0.026609014653068124, 0.029247787641950046, 0.0375264970847986, 0.059474341783847674, 0.021024086135716002, 0.05996362529397471, 0.013735014361815248, 0.04385359431376242, 0.041553431224792804, 0.1774299342531062, 0.08390419534564701, 0.05796192141362214, 0.004811966987895112, 0.01984575971942678]
            , [0.13463768235442877, 0.013066211745042118, 0.020584918984906945, 0.03505362596699222, 0.013862068081599049, 0.04370467431583866, 0.015769977622891264, 0.04721070738843039, 0.03698107196599424, 0.04833508737751224, 0.021745223183304338, 0.05047713495356046, 0.03796383710087604, 0.03877025918142887, 0.027080313031917387, 0.16617977025686068, 0.1697565650825568, 0.06563347677222388, 0.002725421216997336, 0.010461973416638182]
            , [0.05550057615343052, 0.007478195358577939, 0.15301915996086304, 0.21569446737430725, 0.010148081141067595, 0.035050900061554084, 0.036597384267542526, 0.017683427354573508, 0.058034137234880004, 0.042228962639430934, 0.01393409263976399, 0.055442036886045896, 0.01245350110146199, 0.07586493005709453, 0.04645830962293335, 0.06207997936919788, 0.0461533544187697, 0.0405843932174666, 0.0022664478805263163, 0.013327663260512296]
            , [0.06971309536126517, 0.005665902996594187, 0.11172288818711978, 0.1425680698846073, 0.010809044378194447, 0.044368254892490466, 0.041213478628971845, 0.017906212718778524, 0.08079689691929791, 0.0382164124626783, 0.012392403972455236, 0.06875289482624858, 0.017647533815759456, 0.07089924713173308, 0.0646344865502347, 0.08732121418704866, 0.05974587342133818, 0.04154520290074162, 0.0024172340782685135, 0.011663652686174013]
            , [0.14221411680598783, 0.022215214875938444, 0.017953924735016506, 0.02366043598039246, 0.011581682917397562, 0.046823497596606915, 0.014507802501094189, 0.030811418312745253, 0.024803216510414835, 0.03707141673272446, 0.015331734720437815, 0.05491857275223773, 0.018017958329681883, 0.028309123691226793, 0.020453800042512845, 0.25549405621431326, 0.17407606115767785, 0.04889136304598685, 0.0023357941270189956, 0.010528808950587578]
            , [0.0724481809800602, 0.013856373251746669, 0.019452540837816133, 0.03951747901832211, 0.04734764079334299, 0.02156021903912242, 0.028711980774535472, 0.06643436912931837, 0.042023988333267516, 0.16741752181840128, 0.0640621314910529, 0.04862033711819191, 0.0177093843618492, 0.05107427086519353, 0.046813635010355265, 0.08067464919671627, 0.06888701632640763, 0.07147599154971103, 0.006417495093315714, 0.025494795011273528]
            , [0.07516842934315332, 0.011567388870080889, 0.02565631297413733, 0.04739561215756217, 0.023902130152063317, 0.02491216293588377, 0.060412077508752604, 0.030404286903778888, 0.05872607457498575, 0.06274865080163387, 0.018220605931460094, 0.05127599830336881, 0.15192981542701925, 0.05425010526596295, 0.06339868794192226, 0.09195173266920005, 0.06452815235619293, 0.050086817485894664, 0.0061254730564017775, 0.02733948534054533]
            , [0.0401779889843648, 0.008212680534057349, 0.011141834682955196, 0.03228016793963842, 0.006025659715770129, 0.02793241160578425, 0.03673388936271811, 0.012022096917482966, 0.2089192199430877, 0.026887839126019216, 0.01110842535694358, 0.040562962741111895, 0.009627556201747448, 0.06195678840581972, 0.3486220672828932, 0.05370574173875063, 0.03716116195689382, 0.014482164025637852, 0.003754377140552047, 0.008684966337771698]
            , [0.03414198486788815, 0.0052280951322915825, 0.011937550773579785, 0.031870065427823585, 0.005019575472427378, 0.015946866876128042, 0.015804219494833065, 0.012684269193721669, 0.38716689954853484, 0.025994964119977888, 0.011942604953695108, 0.039036011635434506, 0.008670492933858619, 0.0501348693790381, 0.2357686134231867, 0.04537810458319121, 0.03627066704535482, 0.01730416370673895, 0.0031620942898234828, 0.006537887142472636]
            , [0.07574883870260021, 0.008114859727936779, 0.05011379756762305, 0.08415445568949022, 0.0104626518693807, 0.030254700324259757, 0.04700305251381166, 0.02497628206116969, 0.08790304555630388, 0.050600819259076904, 0.022109315729534867, 0.07130113447765682, 0.008080159605289896, 0.10922116639524869, 0.0703690442614519, 0.10690016220064767, 0.08175680376563764, 0.04629410556367932, 0.0008650400468635626, 0.013770564682336705]
            , [0.05093745566634344, 0.008612061447578409, 0.02077636343591058, 0.05997025194973007, 0.006084891091139285, 0.01815710217638653, 0.04510805527793871, 0.01855885779220197, 0.18970467290181633, 0.0457162562735682, 0.01817101403758298, 0.04988015605040443, 0.007192342953339643, 0.1204950674288856, 0.18681559010171958, 0.05843087820060315, 0.0493203615313995, 0.034886829939125535, 0.0013206025982523887, 0.009861189146073486]
            , [0.08464528057071315, 0.021979884189213508, 0.029617213344170414, 0.03990657172742673, 0.01879598108186496, 0.05183358301232247, 0.04085649858239053, 0.020497557351090805, 0.049518788677583137, 0.05134172686153858, 0.015091128522254934, 0.06256021712830916, 0.022219338576123678, 0.05192914516053078, 0.057391397583714476, 0.22998182088643868, 0.08745993998924256, 0.03960302093110022, 0.005348124928374439, 0.01942278089559673]
            , [0.04399098799253318, 0.005627513443194018, 0.015147377007821174, 0.047415963756953006, 0.0051479570306126, 0.014809128217252936, 0.026437818410241096, 0.014894638868764026, 0.32532365743298414, 0.030863608781867117, 0.014150962467991557, 0.04630147984508811, 0.005798448150726243, 0.0777218358579473, 0.21161852020820357, 0.04719309118148081, 0.040090288388542235, 0.01979246570326096, 0.002511148181972347, 0.005163109072563417]
            , [0.04212041213364512, 0.009067456700105394, 0.015185769368261532, 0.047362636213580576, 0.0051527917264906865, 0.01600643426905866, 0.03971579188760517, 0.012113588243402239, 0.22481874900857104, 0.030456317089243207, 0.01201440287278696, 0.04144063780343044, 0.010040051022874955, 0.10459940225138634, 0.26955569219233827, 0.05207855045371352, 0.043154624499684546, 0.016647003081286454, 0.0014957808353813747, 0.006973908347153488]
            , [0.09331884334333262, 0.012572164508343945, 0.04779099219273638, 0.04660472916544039, 0.009103044029269251, 0.05474137357813365, 0.02351892693665811, 0.018952135985094595, 0.05236863433388741, 0.0316907563550406, 0.013971281169461407, 0.09582033477322685, 0.020783752566207243, 0.049095730862104246, 0.04153923863998063, 0.2211330495228566, 0.1190441701155174, 0.0368619312044947, 0.0014673382098046106, 0.009621572508409495]
            , [0.055501250565114534, 0.011844361681419724, 0.08756192369367446, 0.049761867993174475, 0.014214737516188581, 0.052234299259446115, 0.0510918863282108, 0.02057478722275008, 0.054862895227747906, 0.035230749292548935, 0.014847980538616636, 0.2738075327186757, 0.010934878611297577, 0.044053473695114316, 0.04580972673826791, 0.07856468478906745, 0.051816696599246925, 0.025244157437373838, 0.004085788697683977, 0.01795632139438019]
            , [0.23890183044790989, 0.040257255626373424, 0.016214465365093342, 0.027792247206998515, 0.015132679991571437, 0.059882211157083934, 0.014488172014238751, 0.03887047799532002, 0.024170982088230656, 0.05270804524443223, 0.020393676533420495, 0.03840233086909238, 0.01922160443029501, 0.027745011355956962, 0.025637431607137884, 0.1698096612110447, 0.08377394909888174, 0.07094956244599958, 0.00299433357259496, 0.012654071738323936]
            , [0.06779814166487158, 0.021289376366730815, 0.012824406989878454, 0.020238556975585038, 0.07434506492460462, 0.01414221566211832, 0.02895139516501615, 0.11371580609216846, 0.029120494836271694, 0.12446981599945288, 0.05807258842479004, 0.03920989371738657, 0.009304353084159795, 0.033704832808908576, 0.03627501129768612, 0.06609848689142177, 0.0693938123455446, 0.11447326092479379, 0.010436850037060663, 0.05613563579154999]
            , [0.023443869847597668, 0.004047459304046261, 0.0075315358273381275, 0.019119927908107584, 0.0037189675034663312, 0.009932390121258875, 0.023633611786787797, 0.007862167740039446, 0.3535977099964104, 0.01947707537236555, 0.0069941347260624965, 0.030470960710323597, 0.006929921796971665, 0.043768619075214926, 0.3589611789171602, 0.03583017213046121, 0.02649894172600327, 0.011881696406222808, 0.0018299009541139614, 0.004469758150047755]
            , [0.04661351224571765, 0.006475903958205236, 0.03267959733303576, 0.07249949635496485, 0.003806540356558378, 0.01890794144618769, 0.03648511738999424, 0.012826250056158945, 0.2558957387256186, 0.03246003374617483, 0.012207989405978911, 0.05156810831730645, 0.007518037188259361, 0.1113779896025285, 0.17045391046878502, 0.06166491218225443, 0.04207036607730664, 0.015136619706230143, 0.0022281018614933035, 0.007123833577241015]
            , [0.07572178956886427, 0.008592136055036684, 0.02154020045293747, 0.038330026734851114, 0.012699999837335371, 0.02499188215790916, 0.026106746204775554, 0.022430023946343903, 0.04557454171208394, 0.04972072153485571, 0.012985540463170398, 0.03547130571207542, 0.3397667045217403, 0.044476188863525924, 0.04643863330509904, 0.08330418807825199, 0.052490612939488104, 0.043684500148668155, 0.0037868700064293747, 0.01188738775655789]
            , [0.07064519391017524, 0.01489557986252222, 0.02892265510098182, 0.046171288175378314, 0.011261178351632047, 0.05091348362118432, 0.05470361676410128, 0.01546531692575473, 0.10537581120453006, 0.02703763042401195, 0.014017817146582522, 0.0886564592653498, 0.010247534338779084, 0.0681496552274441, 0.13320721485824885, 0.15327118618175986, 0.06711231129050638, 0.022369638390363274, 0.0034445331941662257, 0.014131895766527867]
            , [0.08532769763357428, 0.012957730107013054, 0.03609335535278931, 0.04468953840361004, 0.011720802762711924, 0.04372327845992784, 0.03409267891459898, 0.01898540348405385, 0.045310454744250155, 0.04943072059198756, 0.011544236713414723, 0.04744087514154194, 0.2217973872015723, 0.050449689157671486, 0.0452497695408137, 0.12709359425284827, 0.060641745881978334, 0.03786429008099075, 0.0029937675091108017, 0.012592984065540675]
            , [0.03076682651424215, 0.005585749379674859, 0.008034390553853587, 0.02436454424555939, 0.007079301018805125, 0.014034173268398231, 0.028736810240092697, 0.014599027579369662, 0.2652583304111916, 0.03343921177916453, 0.013739855473071157, 0.028693314052069985, 0.008770118663591741, 0.04966761946491687, 0.359788098920181, 0.03914028714878622, 0.03293794772177262, 0.02343473981911174, 0.004128630255588877, 0.00780102349055775]
            , [0.07198049581364349, 0.01185271755478067, 0.07226121716564134, 0.13882045460079914, 0.017747296967134805, 0.025864688702340863, 0.027577092746813348, 0.06124756690686693, 0.058802401949525115, 0.06899680598796033, 0.02617529323079968, 0.05319574777943454, 0.010976222906363162, 0.06734992643594573, 0.05103782563008943, 0.0736046504565934, 0.066160236722617, 0.07438187554876613, 0.0038870906918181576, 0.01808039220206691]
            , [0.026824637422232317, 0.006101086116054842, 0.007692410692492174, 0.02536425540769073, 0.004894860646026816, 0.012283834429183868, 0.028197204379078217, 0.010565815665630657, 0.28597045086125844, 0.02522785340609208, 0.00957260898854096, 0.03114983300941616, 0.005116640965875399, 0.0530538080894924, 0.3849223889645156, 0.035896936302876575, 0.02758606811137723, 0.01179104099834878, 0.0017160623553397838, 0.006072203188476874]
            , [0.02426924736601366, 0.003921155040630436, 0.007347692601788431, 0.024889391297978236, 0.003564157411926923, 0.008563760157070313, 0.0208284217266518, 0.010196097360843363, 0.41196271419472685, 0.02109426798066048, 0.009207549875283988, 0.029166451955361154, 0.004984160565264372, 0.05316858035263907, 0.2914154607259737, 0.031287053885375345, 0.026006353278469486, 0.01123449043743463, 0.0014300052978333299, 0.005462988488074578]
            , [0.10077446020745545, 0.046836814808357226, 0.023638165111186583, 0.022864250162878914, 0.01631517921271934, 0.0515341323992525, 0.020642533319928977, 0.01867678567772304, 0.039404147369337304, 0.04305780181332159, 0.01441392747243661, 0.06438394535661403, 0.014675148785471033, 0.0253744909473236, 0.04016213392310475, 0.3105135037740291, 0.08984330872657655, 0.03694645951615953, 0.00347372233206291, 0.016469089084060983]
            , [0.0785181765275429, 0.008593972855662319, 0.0828021329224603, 0.10600058033292821, 0.008580574011594363, 0.05534641808240148, 0.038590062301253246, 0.016276290629853692, 0.07037175163114359, 0.028942194078506588, 0.012587047395245993, 0.08393707657385853, 0.01549979027976584, 0.0691828696562041, 0.052238793006614964, 0.15168976374328763, 0.08300623008306943, 0.024741696514761866, 0.0022162642510065223, 0.010878315122838492]
            , [0.03146082927231055, 0.005955432743719068, 0.010174254510057832, 0.036146836203634444, 0.004296690713583306, 0.014266582632350104, 0.03257155444913807, 0.011907981043746093, 0.2974198459190625, 0.028483109574228165, 0.011798138617017, 0.03586936560407876, 0.005868717501259605, 0.08397529385110604, 0.29231192404539136, 0.04196335869557462, 0.031538962963250455, 0.014058122155908256, 0.003833075864533984, 0.0060999236400499784]
            , [0.07416071760242449, 0.014353859447663682, 0.055956974199664784, 0.052346682380783445, 0.012498550085323447, 0.25637048229607995, 0.02566341901935339, 0.016472803672181267, 0.055934410343096194, 0.03454551518821864, 0.013183241840221955, 0.0662649666699501, 0.016151804092007747, 0.0422374821818101, 0.06404292578330326, 0.10386565674398311, 0.051180857293380205, 0.02758332076483232, 0.00524618731636605, 0.011940143079356046]
            , [0.07235941396937647, 0.0044328058940471225, 0.07445513983936183, 0.09604991137465638, 0.006110700717297155, 0.04862914789203233, 0.040242553176384296, 0.01286502387743559, 0.12029405808839956, 0.020575240596431343, 0.009911687656918583, 0.09366991834078563, 0.01332671152221313, 0.08613823080703073, 0.09698804153039861, 0.11088744039074135, 0.06283374702346592, 0.01961924649263963, 0.001060544822206975, 0.009550435988177309]
            , [0.06297927036075815, 0.006904719339569756, 0.0732083306147784, 0.1832367076760154, 0.009762886628582785, 0.03609644063070811, 0.04837549414236516, 0.017168088315763497, 0.06895801775460805, 0.04592633065719287, 0.016651308529504832, 0.0563623423421625, 0.010444317186429566, 0.13514404394260637, 0.05568599222458621, 0.0703034980472221, 0.05089264081084444, 0.03635961350470307, 0.0023515417573251765, 0.01318841553427341]
            , [0.05760271102414881, 0.01651619164717089, 0.05891037182510091, 0.04134356834794823, 0.012742661130776217, 0.05506477613509255, 0.05288226238660742, 0.016616869521953816, 0.05423177692449937, 0.027146373616839678, 0.013008105862775144, 0.23245964880809594, 0.01167098167847213, 0.04674530923744435, 0.04536105632706097, 0.15336599041174725, 0.0626671332642123, 0.02043921989187299, 0.003486855225455067, 0.017738136732726117]
            , [0.06362456775073026, 0.01747451219348678, 0.016180454392611437, 0.024254371067255653, 0.08170122834272693, 0.02580774519290239, 0.031043874860543153, 0.051569175444127494, 0.032071157021791655, 0.08869559259206275, 0.032178970040913704, 0.029304526482130694, 0.016944778501294267, 0.029547301477345324, 0.05736347215213874, 0.07106723357161047, 0.05632716313793953, 0.06053694262549445, 0.14080652093418847, 0.07350041221870579]
            , [0.07684547657295918, 0.012705177883530545, 0.016169278964391718, 0.0442199829732531, 0.016984525556481434, 0.015852612801810696, 0.017460675621241366, 0.1111869892947307, 0.04854457864459702, 0.08120415553022937, 0.0487837649589844, 0.04511723838406962, 0.010435811968248988, 0.04283512547898833, 0.04038216397654813, 0.09120516888820557, 0.138431661937227, 0.12408348675348604, 0.002961274353645139, 0.014590849457371938]
            , [0.04474264921213307, 0.005160283293019739, 0.3273911637069582, 0.21517862472656063, 0.006111124105978499, 0.03991897263965224, 0.025820618981009798, 0.009933233477173654, 0.037957942011992936, 0.016540639370130124, 0.007444259823302981, 0.0675861714815496, 0.009145148228729688, 0.04469823536057716, 0.027851539345659412, 0.054000221588672036, 0.03483016582268156, 0.01621726018961773, 0.001984951119879931, 0.00748679551472115]
            , [0.059088977966742125, 0.006696478637176274, 0.05808428624110953, 0.11296517422964963, 0.011052642165940756, 0.022338357303828202, 0.03790809446164192, 0.036190073694332435, 0.14305112513652743, 0.05257845258063689, 0.01931785474934094, 0.05850342556439043, 0.014399521059612974, 0.0783978731501967, 0.08865802536633413, 0.06886022998666375, 0.06521607828876352, 0.048898997066922696, 0.004174998661017734, 0.013619333689171988]
            , [0.07556111678553584, 0.004572579273960034, 0.10517223151262094, 0.21693556099697134, 0.005497972098341159, 0.036942387900210545, 0.021703296330132404, 0.012916273315364477, 0.09298924308346797, 0.03150621368665006, 0.009791605480191428, 0.05791738558766748, 0.00974147031322348, 0.10256699139806846, 0.05591589998903453, 0.0703846147298473, 0.05183571961714635, 0.02961485004855286, 0.0013479279365539445, 0.007086659916459489]
            , [0.04073921904331046, 0.0032376680027805848, 0.22228865877327444, 0.38700015671978616, 0.004389725576728415, 0.028613045630125487, 0.012551973471143563, 0.00968834285463841, 0.03750730981470374, 0.013868605415956551, 0.006267615104321512, 0.03872456520074945, 0.009629281372353768, 0.056130788150745424, 0.024329917283783618, 0.04259807351699997, 0.029978729435550067, 0.02527082492766892, 0.001075112512920018, 0.006110387192459381]
            , [0.2905990220933811, 0.019987243058585496, 0.018638432348536963, 0.033126678330058196, 0.010226048292624622, 0.0513436042019047, 0.012640866285071838, 0.01736341715372458, 0.03080053596384879, 0.03103026640826766, 0.012866567101596447, 0.04097270341229085, 0.013348344763865358, 0.03286196117885216, 0.01793783509858192, 0.23326181344968663, 0.07413750179747408, 0.04746788202469426, 0.002447707455262254, 0.008941569581692108]
            , [0.23393897746377385, 0.011752964207548263, 0.01617463307757765, 0.03545378052812649, 0.010662267875846572, 0.04592443064453185, 0.010893533249008653, 0.04216367812196385, 0.019143124517111688, 0.0448921164844903, 0.0234135207861535, 0.037285705010745365, 0.011405546452646805, 0.03485659516878405, 0.02004722874341779, 0.15558212956275705, 0.1601619406297624, 0.07596229123914788, 0.002372835858184881, 0.007912700378421025]
            , [0.09681095314246298, 0.007316496315976281, 0.1305780202627512, 0.16742232404347662, 0.006296118509974147, 0.05534550057404225, 0.021470240684492395, 0.013796224566340843, 0.05269871750155963, 0.024137461235341953, 0.011511676882369117, 0.06899030997285496, 0.014230355365126887, 0.064654852256597, 0.04068255979501795, 0.11145205887206454, 0.06643175578007629, 0.035643054745261034, 0.001486111283490008, 0.009045208210724019]
            , [0.0333207159694173, 0.0047089101084128405, 0.012971765178520715, 0.04227639688827846, 0.004269290438028919, 0.012860000813790509, 0.028007807384338935, 0.009410481001083973, 0.3722653268207379, 0.02539980462756442, 0.011001067285549481, 0.03963262495120523, 0.004177310738032694, 0.08124434057448487, 0.22826542737051475, 0.04009232590061124, 0.032263441868440296, 0.011145139481709823, 0.0009834502424248606, 0.005704372356852842]
            , [0.059708789102389095, 0.007246277507850574, 0.04347663865652299, 0.08204917727077135, 0.00735409703789398, 0.03218533171581983, 0.05142786374738112, 0.014936537979294007, 0.14294060326042882, 0.04389835216839725, 0.015561582933046079, 0.055429506201197416, 0.015438149553847279, 0.13472979817167874, 0.12777941748453295, 0.07427529135259925, 0.05411893780964874, 0.025290599637337725, 0.001405622793049886, 0.010747425616313016]
            , [0.08151365182484545, 0.019405294790951096, 0.01930252911718324, 0.03644214781455596, 0.01564032721392972, 0.026185149134735245, 0.017625698814644864, 0.052742332795402, 0.04245581986323813, 0.05019938759787995, 0.027127695124458753, 0.050519602039874704, 0.014778439966696397, 0.03654455089257935, 0.035785979542846826, 0.13099667111636998, 0.25872133183327073, 0.06662868763029448, 0.003769280397755063, 0.013615422488488136]
            , [0.06603429724476476, 0.008287648639207092, 0.014629489016021669, 0.03913129078132991, 0.027506840369497534, 0.013550662376293487, 0.01639407066907984, 0.1485858292263936, 0.04101529858032667, 0.1534991106277332, 0.05600983417572401, 0.020205056411411952, 0.01988213467338405, 0.04205452955466067, 0.04057237161972302, 0.05886735250207483, 0.06853427148189695, 0.1454103058506444, 0.0044216855282992575, 0.015407920671533034]
            , [0.15401774292432527, 0.006858961599626236, 0.06365345602466674, 0.13995792152639075, 0.009472266500810834, 0.05274362476377058, 0.022519752697634742, 0.020900904633454332, 0.0659495958711367, 0.050473677993901865, 0.016709071378235983, 0.039101515142938345, 0.012006456557790162, 0.07661524240925692, 0.0592034645352138, 0.07871152174368218, 0.06097695178400748, 0.05647069937215889, 0.0033250126090419085, 0.010332159931956304]
            , [0.047157047180174695, 0.004566901364887232, 0.23135311008810475, 0.3114649352397188, 0.005684902784508311, 0.033771685349908084, 0.030039230144740577, 0.009496924426703619, 0.040108814930350754, 0.015639575893482627, 0.006369928309503405, 0.04912947956370577, 0.009888139304096606, 0.06345630864444493, 0.029706431738793178, 0.05086350997046573, 0.0325427365053542, 0.0184640278204329, 0.0017619596262025289, 0.008534351114421319]
            , [0.056721602532595755, 0.0014865172302295274, 0.2564187626689927, 0.3387939019486891, 0.0025717380967547956, 0.030390894180631, 0.013499519950159298, 0.007783201166360962, 0.03474106157098764, 0.011387201872326369, 0.005095755295631918, 0.047041483680425523, 0.008160227379417233, 0.05436957783220584, 0.022129091578755918, 0.05300191515764252, 0.03357887932789936, 0.01826718670587301, 0.0004133458161895217, 0.004148136008232155]
            , [0.06781441921619291, 0.011480775430671605, 0.05140901537960147, 0.04861299556478399, 0.010338581298736377, 0.3888686443534361, 0.019719153621354294, 0.013398548772328437, 0.04250476143290179, 0.021707137072592902, 0.010193496600706974, 0.057315108187059385, 0.012961772472994237, 0.035989407685342735, 0.04623950845679141, 0.08718406906310493, 0.040668277686728815, 0.020449675903787688, 0.003307954838372479, 0.009836696962511252]
            , [0.05487330209047287, 0.0046807621655925395, 0.1465765469744291, 0.37665848981075284, 0.006627810253882688, 0.032065923676230054, 0.01837236644573449, 0.012561375971243445, 0.04673925658718661, 0.02000126968411047, 0.00994010554139035, 0.03770427101584358, 0.00986512620725666, 0.06242478817224037, 0.03350377691725264, 0.04916370568086695, 0.037538753994402804, 0.030187856791929743, 0.0022581237671717752, 0.00825638825201024]
            , [0.06859211880969095, 0.009590761614318651, 0.021677741193734324, 0.06768560154399601, 0.01651294930730041, 0.03801694077368354, 0.05235591715820037, 0.024805631545512862, 0.05498519057479472, 0.05539052870714673, 0.041478130347068494, 0.049937180854201665, 0.013463201253811063, 0.2421185990452386, 0.053359213131710735, 0.06529064656177579, 0.05883816554280261, 0.044862795317988625, 0.004585336242996282, 0.01645335047402742]
            , [0.06048035545529019, 0.006061965435721487, 0.01899956224862597, 0.03945830675840343, 0.06064037039661063, 0.013673386769484056, 0.01907585831588511, 0.06984451537244524, 0.022456258788364655, 0.1759560730548103, 0.03836652491941109, 0.02144614241822234, 0.15212919861588606, 0.05124005690105923, 0.04614116772247638, 0.06522298371527148, 0.05008239913916625, 0.06087744037883738, 0.003860626027401314, 0.02398680756662742]
            , [0.03371492365945457, 0.0029624997154102124, 0.3327570251718638, 0.3352905987387181, 0.002934246847730071, 0.03044450392120137, 0.019305538153480514, 0.005600296004666872, 0.029256535501680777, 0.009384215724156755, 0.004371587463581876, 0.04460844510954207, 0.008328900893954263, 0.038638642988740896, 0.018705593256966375, 0.03943747464158548, 0.026047165526652608, 0.011956001122267346, 0.0011385414375310288, 0.005117264120815061]
            , [0.06644174225181765, 0.016472223444774083, 0.02943892872324969, 0.050006380279535384, 0.07498627411447686, 0.02476356276105531, 0.07876359849611143, 0.027887231853421998, 0.0402085946551444, 0.05908416526527966, 0.018949080217167492, 0.0548468105105967, 0.012344095659741185, 0.05572077476155305, 0.05029576017067493, 0.07723771762771006, 0.05926805139620745, 0.04794506245447258, 0.008084508626354377, 0.1472554367306558]
            , [0.0564979224313366, 0.009750427984293875, 0.010787426830883547, 0.04169365368923097, 0.03889985088657997, 0.009543448422478885, 0.02609487660029298, 0.09673529916468976, 0.059528727136942426, 0.18625138972039562, 0.06914054269101777, 0.033705448252729406, 0.0035527785645456697, 0.06653929304991965, 0.0615297853248622, 0.05272509230331665, 0.05907998811141691, 0.0856453864626748, 0.005078595595367222, 0.02722006677702549]
            , [0.06635610287563472, 0.014877526635435968, 0.14429204294437492, 0.08521071953485841, 0.022436518820922607, 0.052114298934836295, 0.05211000816805138, 0.025802255281888644, 0.04883845901978769, 0.057667972397299115, 0.016512150149627234, 0.0681830070921161, 0.014614026525352005, 0.053930794991531146, 0.047120494899006604, 0.07684393335662712, 0.05421440802294082, 0.05073452226774015, 0.006011151464763241, 0.04212960661720614]
            , [0.05199893163897534, 0.011040712850472461, 0.015497821248907494, 0.038583435888679476, 0.012412256095990429, 0.02324771049747928, 0.038880857137765415, 0.01922902000838324, 0.1217022889364889, 0.044914209387511464, 0.016010529751054787, 0.035670892081437915, 0.010474297558842747, 0.05068252285608598, 0.3550250196589483, 0.05376731793308065, 0.0457783148129122, 0.03333435377052101, 0.006547592402215098, 0.015201915484247795]
            , [0.17878505278334758, 0.018956180468131207, 0.017705302430315057, 0.042321056207716014, 0.042179621490457404, 0.0563508266705541, 0.043616563953283144, 0.051930338962100954, 0.03275902954193697, 0.06236378091094708, 0.02522126556344072, 0.031872995827823526, 0.016576936320495457, 0.05465366271002121, 0.05529629502555942, 0.08803600289950671, 0.06863440873665225, 0.07947865458379123, 0.006651917046465692, 0.02661010786745417]
            , [0.0535318229004793, 0.006958701650103914, 0.052807226425970306, 0.10924342244260805, 0.005361715684334919, 0.032665420164773334, 0.032821322219721165, 0.015358271515145122, 0.2133238220472507, 0.031971837473487294, 0.01546054527161684, 0.06477737243217702, 0.010164121049046085, 0.08649920806357418, 0.12289060542811907, 0.06357643495147924, 0.05255318544450917, 0.020961681618396556, 0.0024251950194635933, 0.006648088197743854]
            , [0.1291798218292203, 0.004304138990087344, 0.015383504815176455, 0.03353242114019349, 0.0070116019630352515, 0.03481249882808883, 0.011562715316134472, 0.015429194953973803, 0.029118228390663546, 0.038991790136776436, 0.008948200700874437, 0.015456506027242585, 0.42265618667540983, 0.03313606600029225, 0.032646756512743534, 0.07464480309872282, 0.0461665352051202, 0.039075530864651584, 0.0019787571944453355, 0.005964741357147503]
            , [0.03274602146201496, 0.01555283718535499, 0.008296578594201043, 0.009097199150196543, 0.22007326994586363, 0.009487165353208081, 0.05233684098310821, 0.03790182073544107, 0.012308111698707838, 0.06836256000672972, 0.018290475078413755, 0.01665068282478146, 0.005523741845078688, 0.015721938584725675, 0.014621310484305802, 0.03683361204238784, 0.019514354491157317, 0.040540631137437694, 0.03335236522864742, 0.3327884831682383]
            , [0.17760536998178697, 0.0051758186300035315, 0.054475683921746745, 0.07481598256458982, 0.006716930520145711, 0.055571666992899185, 0.0155188478050847, 0.019985232186672152, 0.05388954288680574, 0.04051113706223751, 0.01514490679215025, 0.05758221501843294, 0.016348200631087235, 0.053626496242422717, 0.03828766335593209, 0.1538793007192303, 0.09705607600331842, 0.05647442751386088, 0.0010633729499488834, 0.0062711282216441604]
            , [0.07086473881187273, 0.008346300559792387, 0.08697116027776194, 0.28052491735398266, 0.010588396382540208, 0.03958752787064483, 0.020968530948418416, 0.02265964104666084, 0.05561765540453289, 0.045577781695068015, 0.014775824934990297, 0.03911015431969395, 0.014158389840344317, 0.07395246096070036, 0.042614374320654944, 0.06091434098273321, 0.048352255592369796, 0.04853681899644727, 0.003323953603729066, 0.012554776097062023]
            , [0.14837678062588552, 0.00897659489460408, 0.0171496273818895, 0.040442101486943945, 0.0115613458964412, 0.03913607448081995, 0.013708146268063196, 0.03057652989668756, 0.03220639378202182, 0.04257787360941056, 0.011548321293311403, 0.0196251521754802, 0.3190931784055879, 0.03451211549608877, 0.033726828010281255, 0.08129702014164208, 0.05330787915207984, 0.04928857932922223, 0.0034131378159437276, 0.00947631985759541]
