20 A C D E F G H I K L M N P Q R S T V W Y
512
0.010055324245708094 0.0775849226853009 0.0141970777496615 0.0477441030674507 0.0617250865266234 0.0253014390896739 0.0430872067874399 0.0581000280008322 0.0449574406353631 0.0650699649627069 0.0665198268614895 0.0233687138759994 0.0611841867531856 0.0184140849180740 0.0698038600236203 0.0663267326459393 0.0922409934103208 0.0711219055301442 0.0589481387075254 0.0068764069517876 0.0274278808168613
0.007651286146124451 0.0431121362215885 0.0076597692865472 0.0132646284801414 0.0389761684288762 0.0077011643103664 0.0185017869420816 0.0403579335256060 0.0152877676250914 0.2238384200541920 0.0379318848842533 0.0139246118641487 0.0442548494149416 0.0082484097889010 0.0692560875294023 0.2828870809452985 0.0546892512495619 0.0449837778577506 0.0222628127265655 0.0033861354908202 0.0094753233738656
0.007545770832145098 0.0728041995735291 0.0067537901899235 0.0914871927288692 0.1599473592628692 0.0112812025083881 0.0400305167189604 0.0398092880379533 0.0227075283213323 0.0756391608535529 0.0501547124900940 0.0154833785513068 0.0581752839938389 0.0143383885775304 0.0805523263047281 0.0606885431063563 0.0751798322636733 0.0592215151052347 0.0495508527376378 0.0029257682447276 0.0132691604294944
0.007540067301659728 0.0602016519173035 0.0077545189883378 0.0264989921592324 0.0627471956838923 0.0092176104973219 0.0282351112592777 0.0401596382635288 0.0223701200227516 0.1972950929171401 0.0448006092113355 0.0181257518778255 0.0574893687425797 0.0127359310756672 0.0757315632867503 0.1518590323729844 0.0710373402915444 0.0601370112690955 0.0391690439986361 0.0034272188184237 0.0110071973463715
0.006998231905549535 0.0928365922323021 0.0204418728600739 0.0372099561118379 0.0411264854675630 0.0188741404509099 0.0581728743957132 0.0422141309689211 0.0220371555735264 0.0461736486266812 0.0508538640153994 0.0158310426796498 0.0713063015457131 0.0192553527914968 0.0482085733563953 0.0516152921594847 0.2083101920579411 0.0879766970047009 0.0440273443857931 0.0041343313208912 0.0193941519950060
0.006559060058176011 0.0352849363859805 0.0050066809742933 0.0111095864872957 0.0362448775648299 0.0047745204031991 0.0152993932008514 0.0299196154092747 0.0117114693152673 0.3333895498956854 0.0279288054359921 0.0115947490549383 0.0411157667100287 0.0060475416664682 0.0664692796140745 0.2572023813054695 0.0466189392058292 0.0370417055077716 0.0155340003169612 0.0019176720858350 0.0057885294599545
0.006556208292933326 0.0803629441843077 0.0066344691069062 0.0521064366197904 0.0694973042054133 0.0069588867795080 0.0513336183721151 0.0415119044478083 0.0150739101702643 0.1132166769439753 0.0328908233455098 0.0127927277776827 0.0828468619414455 0.0123324523111619 0.0801123574718624 0.0992590037416784 0.1274012012729244 0.0780092960905362 0.0269977838792919 0.0015261795200141 0.0091351618178038
0.006493469457594251 0.0649429172450378 0.0118580562884336 0.0195146417954294 0.0551545559057848 0.0192638959504063 0.0252179656019519 0.0638138278381675 0.0284126101478450 0.1040047542377736 0.0667716027927755 0.0203134605204462 0.0516233495271114 0.0106780126852254 0.0788694696633302 0.1678491269649916 0.0708745266553500 0.0597936854809370 0.0482101302233453 0.0079903630255730 0.0248430474500845
0.006379398847886842 0.0865921438831772 0.0068516337175849 0.0402445692198168 0.0584873294143497 0.0138454553107843 0.0254427821234200 0.0259686755122470 0.0404559209640957 0.0587468067931140 0.0641959375692929 0.0153067378116136 0.0417147104975734 0.1875766294680678 0.0613601495754411 0.0598841764776338 0.0855926017157986 0.0597761364677384 0.0520793158012789 0.0032236353756167 0.0126546523013552
0.0063109564820623965 0.0678572388992777 0.0136413464714809 0.0137621014803419 0.0236723052035389 0.0647658359838130 0.0171902300436061 0.0297680892420735 0.0809359617484157 0.0422180622183287 0.1608475823506021 0.0640638678677383 0.0367975742862386 0.0139725739548892 0.0503661508633758 0.0527686757555130 0.0700836355133548 0.0630356563505641 0.0808688697067405 0.0084529411836112 0.0449313008764960
0.005891746991387669 0.0677347547528413 0.0039097067445682 0.0676432359190032 0.1434998674140113 0.0046238964080314 0.0289799917465920 0.0326024945664486 0.0136342675536820 0.1560017910565198 0.0345756400159219 0.0119940721858270 0.0602280313934425 0.0067717171320518 0.1023687923573252 0.1019593489290492 0.0685036325865068 0.0559184895761253 0.0310607742426391 0.0013452893828744 0.0066442060365392
0.005843266982262021 0.1780586187477134 0.0153883063160324 0.0244011019489607 0.0395204622971939 0.0102105872164721 0.0746115040332836 0.0161140467897973 0.0187257026805130 0.0372396803081685 0.0391777466645467 0.0143373376477960 0.0577949808326211 0.0180696440751678 0.0435939083266951 0.0367162169174662 0.2220884484806610 0.0947876289415218 0.0471847357397772 0.0020949102884530 0.0098844317471592
0.0057063822506131295 0.1624493462242340 0.0063712093128703 0.0467449942299739 0.0796887248902659 0.0090667328353122 0.0502196779484551 0.0210318758445491 0.0240140478254879 0.0653291314021594 0.0520316151571319 0.0188223308715900 0.0517647241092212 0.0128113526798939 0.0744270897068782 0.0554314234297153 0.1170374313960344 0.0827512183754557 0.0595316253257214 0.0017900867645575 0.0086853616704926
0.005703530485370444 0.0930718842742874 0.0060361652212679 0.0192940838902694 0.0395707308462422 0.0100382727664655 0.0283329306701876 0.0175891191155113 0.0283543392459213 0.0428178984154574 0.0478328658850901 0.0117928933471390 0.0297333715024304 0.3442912231454279 0.0490599480276048 0.0447380351214186 0.0792058336758845 0.0531929750962339 0.0438956839627414 0.0025431628949323 0.0086085828954872
0.005649346945759425 0.0468994530340080 0.0024012022592222 0.2647310431729272 0.3302382190521415 0.0031877367445672 0.0330731162325782 0.0188315064420510 0.0061560604604455 0.0394751686897735 0.0107434729567433 0.0049187496732310 0.0493457563502904 0.0075361974575862 0.0564609974311084 0.0254121700906687 0.0486100071867657 0.0318815001150207 0.0144805124921894 0.0008313290041046 0.0047858011545779
0.0055324245708093306 0.0592711380100803 0.0045040424282539 0.1760170067318234 0.2364257409882274 0.0071274452552325 0.0399790808153003 0.0302115235207959 0.0131149181935747 0.0582260116068961 0.0294223696906422 0.0098076362789841 0.0591255810979455 0.0129647720985339 0.0695659023052953 0.0401915395125136 0.0646736381795142 0.0449577503679216 0.0332415585064206 0.0016710743882437 0.0095012700238005
0.005498203387897109 0.0837929217082843 0.0111274935110940 0.0203099441815533 0.0454989889029367 0.0154803622106710 0.0232341775989258 0.0190359138545381 0.0562656370906899 0.0546084546961801 0.0564425419095002 0.0368167691370508 0.0578135518169932 0.0127610691344166 0.0479870466335345 0.0491766648697760 0.1272522436761967 0.1961712060806604 0.0699368550538349 0.0030268729829419 0.0132612849502213
0.005483944561683682 0.0601069520548225 0.0125835545302502 0.0739370096691275 0.0522487143166604 0.0151676776163046 0.0555005756849759 0.0614794204812959 0.0192008852218123 0.0623995629940245 0.0426145842895492 0.0143207031613454 0.1843367046825658 0.0111269965418504 0.0571694532627388 0.0549916122843867 0.1067311428642428 0.0627697822776610 0.0258033055389217 0.0038840442424514 0.0236273182850127
0.005438316317800718 0.0665139875129475 0.0089958478572769 0.0102926224650144 0.0242353748830238 0.0352406126954336 0.0112379237760520 0.0133809247404896 0.1734056186425999 0.0374835298692497 0.1378247131392351 0.0646647476242154 0.0220710147806057 0.0085557326759400 0.0400166339281262 0.0350924627619819 0.0544423332774448 0.0761911063558854 0.1627633793899240 0.0029468282547066 0.0146446053698475
0.005432612787315348 0.0777867077900945 0.0096627956518437 0.0175291681872729 0.0583206912277604 0.0166735120387014 0.0140861929322815 0.0190615822670295 0.1040795688866703 0.0646597402497442 0.0817080095877447 0.0461449981173478 0.0394000420079045 0.0086542990826143 0.0568768415486015 0.0586258900432600 0.0684426556964796 0.0908303218678654 0.1505344541207558 0.0027713046781295 0.0141512240178980
0.005290024525181087 0.0934019225162340 0.0125592290894347 0.0596892446438834 0.0592670155724351 0.0126162124336305 0.2256335195342672 0.0239314036833348 0.0158506804886042 0.0521996760071502 0.0376918306132622 0.0126478469765510 0.0645848920917843 0.0165311004838831 0.0449775329449725 0.0548286626865871 0.1066290038872850 0.0532213163183675 0.0371112130165947 0.0045877194755511 0.0120399775361874
0.00519876803741516 0.0593598350558749 0.0111727213660459 0.0092115683036601 0.0172626978773034 0.0551223149124721 0.0133925829751838 0.0211162084796803 0.0811021017393578 0.0327936642321326 0.2725159047295551 0.0878073982984363 0.0192961274957983 0.0087578771680067 0.0474297830889956 0.0454117826736814 0.0544023006317406 0.0541795257943017 0.0784538095067987 0.0059476595021813 0.0252641361687931
0.00519876803741516 0.0667596734638983 0.0048771101001649 0.0887368720462793 0.2744376791036262 0.0066955262468411 0.0304843037545606 0.0290652895453002 0.0160196849456664 0.0764576485803441 0.0406521573472889 0.0121194762583023 0.0429106573816941 0.0083274274258125 0.0969577687782125 0.0537197680110731 0.0549676665774694 0.0479888581737494 0.0381693974963910 0.0020120679259576 0.0086409668373680
0.005195916272172475 0.0685975818529584 0.0026288226271469 0.1877599106958734 0.2949154837596393 0.0034494422765618 0.0347091294831195 0.0229912938655728 0.0076727065529721 0.0567594322066983 0.0136179861304092 0.0061737594442115 0.0501109366437417 0.0085626775191846 0.0835621915389915 0.0365678998761237 0.0602333391664887 0.0395225462399905 0.0166340069959336 0.0007108735145706 0.0048199796098119
0.005178805680716363 0.0568502692322533 0.0114507609703309 0.0148927112810207 0.0394466259621741 0.0127499171743142 0.0316511178764009 0.0539164907943736 0.0199524747863889 0.1163048563857711 0.0501039306618607 0.0153779875433459 0.0437205209533384 0.0107743771071214 0.0644200237713764 0.2868509506169935 0.0632120410481024 0.0488003455814700 0.0374779772345551 0.0057063948637310 0.0163402261550773
0.00506188330576627 0.0529851989672807 0.0121149628658393 0.0283541113482816 0.0426442084612648 0.0449945903739649 0.0198296121647642 0.2056989756393336 0.0192736997066880 0.0515429340369797 0.0556054005375736 0.0149056838451155 0.0691931099534736 0.0111521581622457 0.0765301797203453 0.0702471375520008 0.0676303727968997 0.0455929963386624 0.0296050811549336 0.0062312649250177 0.0758683214493351
0.00494781269605886 0.0626727362151575 0.0152177222377322 0.0164928563685116 0.0235098706675719 0.1090477723822179 0.0179468781343502 0.0785395820788441 0.0424903216807458 0.0288358360974737 0.0715978812368631 0.0215416342238945 0.0527302352773132 0.0090388842430426 0.0487540804076496 0.0505511946650320 0.0711630887966833 0.0552540218100964 0.0537448835022027 0.0148915427735136 0.1559789772011043
0.004930702104602749 0.0271875580645967 0.0038671540248173 0.0079195233008754 0.0265884258026032 0.0035875285180307 0.0121563126618150 0.0241635706782226 0.0085331735918037 0.3535092684608171 0.0226233665173526 0.0083053875140403 0.0348469898895078 0.0045654681586850 0.0525097706058851 0.3247003617039912 0.0369804777510604 0.0300724375395459 0.0118191503771738 0.0015225326508537 0.0045415421883224
0.004916443278389323 0.0988877683731758 0.0097981474776232 0.0335712343146835 0.0385711303251955 0.0093437317422951 0.0451657060726537 0.0160617024938411 0.0218072407713977 0.0431619528964507 0.0346989309983814 0.0138121401627742 0.0683632369622684 0.0149787596785399 0.0416121367803641 0.0371132807093976 0.2392664791318396 0.1799652179839798 0.0429196853445717 0.0019808449998552 0.0089206727807120
0.004867963269263674 0.0330424746446397 0.0055608337285786 0.0076845831966566 0.0293142475062476 0.0049128720718908 0.0130665955283151 0.0368607255857094 0.0107527948832793 0.2219197675748611 0.0317083139486572 0.0101898902056442 0.0324571728586390 0.0048906773975505 0.0662091635269110 0.3930228786953741 0.0405487060714066 0.0326774935619818 0.0156401211108440 0.0026897920327340 0.0068508958700796
0.0046198596931500595 0.0646506112549735 0.0084097471653087 0.0264829997843538 0.0782773010173521 0.0127896652928506 0.0248262155197667 0.0642692935389539 0.0222255732697098 0.0688400215129300 0.0600892133292952 0.0345823858863067 0.0561198526223544 0.0115408147853362 0.2109906705612316 0.0679517151922805 0.0679511155353247 0.0583290318871342 0.0429367320458683 0.0034442261358144 0.0152928136628541
0.004514344379170707 0.1181209103487734 0.0043900854345558 0.1161031881939894 0.1713212402244513 0.0038230176734391 0.0536461650133106 0.0205884902443871 0.0105166476491952 0.0678704912207683 0.0197647939491602 0.0089613042345687 0.0587107776256196 0.0117504637700486 0.0788746417253251 0.0546852977957024 0.1039008187213566 0.0609278633491227 0.0297070583916534 0.0011014498110100 0.0052352946235629
0.004502937318199966 0.0204016568637196 0.0026725107342394 0.0044296568412375 0.0187821343669103 0.0022017386934273 0.0082503814969898 0.0192905022975515 0.0065719749866084 0.4056198793394453 0.0174286341723536 0.0066212850241782 0.0279290009352475 0.0033351694072410 0.0432180445738238 0.3498303323068082 0.0275025891582359 0.0237707012055024 0.0082240695678644 0.0009529270608010 0.0029668109678149
0.004485826726743854 0.1163797851862032 0.0062484228532811 0.0357316370103020 0.0420550582562528 0.0076586031525889 0.0499479224980911 0.0168023685998500 0.0144578312024493 0.0440290123160866 0.0402894380193234 0.0087511362525446 0.0461830926113096 0.1841856286486504 0.0467974371148096 0.0401752372449268 0.1690254813099466 0.0844955851594609 0.0382255345450227 0.0015824654479215 0.0069783225709784
0.004460160839559688 0.0458298523352944 0.0086515014451543 0.0057421032150185 0.0131266734167487 0.0469468552051926 0.0075512011459976 0.0121444485157755 0.1596882216110806 0.0281369665976780 0.2755953611713720 0.0883721724906115 0.0127055335190385 0.0057602512657631 0.0336244997938639 0.0305823839376823 0.0364572660732818 0.0500863949461234 0.1197707779324930 0.0039553866916300 0.0152721486902003
0.004380311412764501 0.0603908433026422 0.0078266961819863 0.2266592729836876 0.1093332362515435 0.0101770152721330 0.0570614998325038 0.0476770692324348 0.0133175235734451 0.0511310574973762 0.0238486943453317 0.0102373953731952 0.0996936957371996 0.0142393637012327 0.0506798212565224 0.0409163489511257 0.0838124344193310 0.0514296900064725 0.0240109863221295 0.0029909842094490 0.0145663715502582
0.004348941995094964 0.0510535599194744 0.0059200283636513 0.0175627167277706 0.0523330159114085 0.0068530891166165 0.0177394637643447 0.0293108056071935 0.0204344199872971 0.3068457135484720 0.0369918942981517 0.0158469746574708 0.0508988504142167 0.0092797479370605 0.0644986830442615 0.1597914175941247 0.0584943412387540 0.0536430101084976 0.0319716070592783 0.0022372402238372 0.0082934204781186
0.00429761022072663 0.1630716684616934 0.0361643151958757 0.0093768027889881 0.0146777902558686 0.0477539320961577 0.0488914923734189 0.0127173360390828 0.0764395530518049 0.0152849745654720 0.1042480058260153 0.0556804121240573 0.0215044682123740 0.0117785843003663 0.0199806864943059 0.0172777928633230 0.1149756998049471 0.0961968156825960 0.1118373067279858 0.0044539047087942 0.0176884584268731
0.004274796098785148 0.2827989935946131 0.0256328683258146 0.0131307507833720 0.0266451770050141 0.0093381968984179 0.0597761047037168 0.0109734163358505 0.0159198486431231 0.0261531156521080 0.0330077387293424 0.0119335130492378 0.0389718782717937 0.0147652078782234 0.0288146971882907 0.0187716328948860 0.2417263130748904 0.0857445833921235 0.0463189805028110 0.0019230602854143 0.0076539227909567
0.0042719443335424625 0.0522990533804699 0.0038304467102122 0.0309490228428698 0.0713479091342167 0.0031229248394695 0.0224700661242463 0.0336769418628831 0.0101648024246370 0.2405909258532043 0.0304134841851783 0.0108660169477575 0.0522899913124966 0.0036641853116377 0.1115226449643900 0.2001383322219181 0.0577321433754110 0.0446743718817592 0.0144865227765160 0.0011513684004386 0.0046088454502880
0.004180687845776535 0.1214721654377076 0.0341688957847923 0.0203364825310958 0.0181967322127289 0.0104497062029079 0.0553905720627226 0.0142724811039515 0.0134287627597921 0.0247193632355024 0.0317882761128787 0.0102056585150061 0.0598261878525764 0.0158979340726161 0.0269911175644624 0.0309898820470881 0.3710854380377091 0.0968642785551774 0.0314315943138402 0.0025550362508106 0.0099294353466336
0.004163577254320424 0.3193273944434704 0.0203846094384933 0.0146097010899503 0.0373373059132429 0.0148813648291884 0.0617364496060707 0.0156628199805529 0.0403993778228163 0.0234396706314242 0.0531749789125991 0.0236641527227989 0.0263975492636539 0.0139000033705922 0.0344031923724870 0.0241780895551283 0.1145168715711017 0.0699496085216685 0.0754542758243152 0.0035426304679501 0.0130399536624957
0.004112245479952091 0.1910893606849804 0.0165458916069374 0.0096357220769303 0.0146826975321038 0.0116190522674831 0.0377002895522026 0.0085909841272524 0.0554576724976483 0.0146801741220502 0.0510737969875787 0.0353108658036148 0.0389273349740138 0.0131831359514768 0.0175163901034316 0.0134948835561622 0.1659206110286218 0.2030167506728303 0.0923917007901870 0.0018905711585530 0.0072721145059415
0.004089431358010608 0.0509368048893965 0.0040693547468503 0.2900280249519659 0.2183080726416881 0.0055091452505465 0.0404329292752976 0.0297447891083140 0.0089911052923328 0.0422951157599125 0.0154018909002230 0.0067817728583216 0.0711112197048704 0.0113045076680402 0.0504595940975136 0.0292006707012218 0.0614466160242780 0.0384713679374018 0.0168120747578475 0.0013252530555807 0.0073696903783974
0.004043803114127645 0.0505150944639720 0.0065410191744763 0.0227296733445225 0.0783863057813722 0.0060472965409003 0.0171103053348355 0.0594873251074580 0.0123742125439230 0.1604166360289701 0.0448994065123749 0.0151113799897899 0.0484790983915681 0.0067194550099270 0.1632132546935133 0.1738567512054495 0.0554172392411032 0.0437958157922965 0.0221678688820119 0.0023732269062252 0.0103586350553104
0.004038099583642275 0.0419869727265860 0.0084666118773370 0.0033318463738045 0.0074677965274823 0.0443219958752975 0.0059157271423999 0.0064930021706763 0.2231678359385063 0.0100345308041990 0.2884228961800763 0.0742586705658639 0.0072288179768921 0.0051013306350005 0.0109262606095204 0.0110463943054349 0.0249329682574858 0.0422692443857624 0.1706269474227586 0.0027752563638580 0.0112248938610585
0.004035247818399589 0.0793547659171994 0.0104582971783986 0.0472566912029072 0.0452784716694563 0.0093012694081604 0.4076252081519731 0.0153582016321626 0.0116919252037606 0.0381416364433821 0.0261323214381296 0.0094656531665846 0.0523498356979740 0.0123350679845465 0.0321939485287159 0.0419597798947939 0.0837493902462543 0.0386554280217804 0.0266776332842457 0.0032652182655017 0.0087492566640729
0.003998174870244681 0.0715756169739180 0.0116702177860197 0.0489141997529578 0.0364931134018876 0.0077801720524316 0.0549664596368719 0.0411300620900889 0.0142222306107193 0.0472401074469645 0.0198887186234272 0.0101695655597773 0.1790278208982113 0.0099276692703286 0.0491085150292887 0.0405792588471833 0.2132206391576521 0.1037172589504030 0.0285023415100830 0.0017355498575309 0.0101304825442554
0.0039753607483032 0.0882829028238590 0.0045703108454932 0.1076381838749512 0.0900521608174971 0.0054394009114590 0.0717244254148615 0.0353722779934229 0.0092475529500058 0.0626443407488953 0.0144415792000729 0.0074046040082871 0.1118258601227387 0.0113641275585618 0.0609276296255236 0.0482769483280491 0.1703960176056182 0.0767270757083284 0.0152201167827294 0.0011235201747502 0.0073209645048958
0.0039725089830605145 0.0526186299483543 0.0087316058366917 0.0052155873030771 0.0115868252012171 0.0359232932351978 0.0078146901215413 0.0083921148200573 0.2429352524435054 0.0150732293757309 0.1604306153933837 0.0588158504343411 0.0110711972187908 0.0062847895873617 0.0158377612520039 0.0164157752497051 0.0347400688839476 0.0617543685623774 0.2311764669000420 0.0024490569508914 0.0127328212817822
0.003946843095876348 0.0408876577929456 0.0018980192548103 0.2142268815743799 0.4375131419584172 0.0024269342951841 0.0254751574720363 0.0127170735003252 0.0053433717117242 0.0389833458214221 0.0101534931127955 0.0046481303239255 0.0350685341648917 0.0049497214829187 0.0662679023151114 0.0203923250249788 0.0346213302664478 0.0240872051548419 0.0161437919520484 0.0006256722305385 0.0035703105902567
0.0039240289739348655 0.0349783061283372 0.0085257101422595 0.0013530300996605 0.0023162867332328 0.0286883857001395 0.0035703606450052 0.0022079483457128 0.3466626365595967 0.0028301097366877 0.1531315511917869 0.0435633748580709 0.0029626239880993 0.0026672585414314 0.0033039084309305 0.0029766216455192 0.0119434553187867 0.0294966540235429 0.3127548171442691 0.0011935621215362 0.0048733986453951
0.003875548964809217 0.0728793403243998 0.0051027313464526 0.0142385458886836 0.0316542561220104 0.0070397209848436 0.0211396596775503 0.0121311520840359 0.0152902166501278 0.0330345435596689 0.0416703018711503 0.0077644572532831 0.0143546151824447 0.5160650313820649 0.0333281506142651 0.0311029817222052 0.0614327312413815 0.0404674038226191 0.0329879281739003 0.0022001225189996 0.0061161095799135
0.0038527348428677353 0.0238253651828872 0.0107665287742006 0.0041471835106444 0.0053833059281982 0.2880305911097188 0.0059000536601968 0.0486362811015862 0.0259267623447010 0.0065657570889783 0.0525469438128178 0.0111665323776557 0.0103110189492839 0.0036249217748922 0.0088372414260797 0.0090459908308594 0.0253698063977805 0.0139520086781063 0.0276242393483396 0.0277265539126150 0.3906129137904581
0.003841327781896994 0.0331722917973965 0.0018703152629057 0.3799227759188707 0.3054664645828171 0.0024736651541457 0.0293510872060568 0.0163141622424261 0.0042654062017654 0.0286137462636816 0.0075308768144005 0.0034889038292434 0.0507162168192319 0.0062603417323999 0.0401995115412029 0.0155711362259129 0.0386909778345210 0.0230558697060041 0.0086462865351066 0.0006546707321845 0.0037352935997267
0.003827068955683568 0.0365556264080074 0.0068981065314110 0.0017284925616376 0.0038016640026692 0.0401502850195139 0.0041391641949521 0.0036721509481076 0.2234294990379228 0.0051438755436377 0.3362490775813574 0.0718170018643813 0.0042494877955924 0.0033603970478238 0.0064779400631019 0.0061315046955834 0.0167125299489242 0.0309201221417707 0.1890522733352896 0.0021505785231158 0.0073602227551998
0.0038185136599555125 0.0937527219074595 0.0164441110504449 0.0081325505673116 0.0157636699216651 0.0199733581114513 0.0123127242551316 0.0091118736104428 0.1676397899750913 0.0166514628413239 0.0822977281586453 0.0468586501324374 0.0157765220694370 0.0095943007129574 0.0157364771455872 0.0156046173812618 0.0560090629560362 0.0881327857820224 0.2967225450687638 0.0024609060050866 0.0110241423474429
0.0037814407118006046 0.0343309103062538 0.0167139540605840 0.0066752114208598 0.0082251850348967 0.2869635184177045 0.0087319414144492 0.0507911726242465 0.0389580935874795 0.0103415246177192 0.0741909871778173 0.0211774385633877 0.0157877378346819 0.0053994077005158 0.0130527006848247 0.0133516962003516 0.0378697808204948 0.0254588234195630 0.0409315967681631 0.0300079175387635 0.2610404018072433
0.0037301089374322705 0.0352295335405759 0.0085754754617046 0.0036844049188473 0.0067922570287880 0.0627451554384534 0.0062253045529785 0.0078892897168756 0.1353715768313644 0.0091754750286683 0.4244398030762049 0.0821429676072147 0.0071333488996165 0.0062385475190650 0.0127481767324804 0.0116453125107542 0.0243948926697766 0.0303610446998429 0.0992950488589250 0.0044056490151668 0.0215067358926970
0.003673073632578566 0.0206468622662225 0.0053306158501779 0.0014226731178505 0.0026336266576726 0.0455186742472231 0.0027850930327592 0.0031788885470351 0.1692025680038806 0.0034037150632089 0.5063808004943610 0.0782442895407866 0.0028494050173822 0.0027708172697919 0.0051925102160725 0.0041787976954912 0.0083578715125854 0.0183706277595599 0.1107619159262184 0.0019156647362451 0.0068545830454754
0.0036645183368505104 0.0258945021008671 0.0067484804546474 0.0022267326675633 0.0042369007572651 0.0511163738596501 0.0040349264148205 0.0046306167677116 0.1594038786876215 0.0056143966163684 0.4700682291674738 0.0851109190480505 0.0045502975843816 0.0040822471101037 0.0080681842384408 0.0064989853503733 0.0132076806779900 0.0240326997270762 0.1077469307915984 0.0027688370242981 0.0099581809536985
0.003633148919180973 0.0968509720414856 0.0153858698762719 0.0113043132787876 0.0129080505617646 0.0089078319868203 0.0393577961725292 0.0096737453377669 0.0278597035792229 0.0187352297525991 0.0318715740803689 0.0136032752123612 0.0460950167613624 0.0109297092077169 0.0229327904914612 0.0164552679062039 0.3165099193096937 0.2505983842094901 0.0404021259186026 0.0019069980567692 0.0077114262587220
0.0036274453886956026 0.0401975649864854 0.0030583362370766 0.3804134967987363 0.1951455020160878 0.0031001050267588 0.0385114866131469 0.0233444377652013 0.0049948695660856 0.0350170813018674 0.0079675359727563 0.0040955927604730 0.0928706887467096 0.0075412392729282 0.0383058754921638 0.0211349540496568 0.0583727839909976 0.0307897857024342 0.0091469968817673 0.0007661278997514 0.0052255389189160
0.003530485370444305 0.0518933582553157 0.0037077928602644 0.1140032897564396 0.4303350948643428 0.0049132352161560 0.0268150479436823 0.0163405144545613 0.0105404958702456 0.0473000225709016 0.0249213325083788 0.0083523670668484 0.0316239260282708 0.0076073761936849 0.0759877705987111 0.0321884000233142 0.0407295058736947 0.0349207780599408 0.0296927926517019 0.0015729755819339 0.0065539236216116
0.0035105230137455084 0.0806972977053220 0.0116083316622312 0.0081533913139915 0.0159811986169408 0.0131957935806179 0.0118846223648737 0.0100003868025045 0.1289746053287908 0.0333893837731844 0.0737255413783188 0.0504258644908628 0.0406069067444712 0.0076733928672858 0.0297712917773448 0.0211445904894129 0.0912103708018700 0.2120503446257791 0.1488297962045230 0.0019641506590258 0.0087127388126490
0.0034363771174356927 0.0457979504437828 0.0089392261828397 0.0026457250026731 0.0060010645939853 0.0283058582227454 0.0052383519174643 0.0042795657583250 0.2731639367238378 0.0070965032913177 0.1729865298582938 0.0544428862550547 0.0060699920015611 0.0040683178512677 0.0076467775587156 0.0074528708064523 0.0226374165695498 0.0471559753751583 0.2875575566174236 0.0015368332287913 0.0069766617407607
0.0034335253521930076 0.0653335560786213 0.0060537298920295 0.0150769376744997 0.0677049299104291 0.0170152584479644 0.0117475941205368 0.0406879592460909 0.0604457900561670 0.0719659970445824 0.1679343026371543 0.0683082856816464 0.0374565995762327 0.0047444678793271 0.1057037902366983 0.0766621558512368 0.0531629342219992 0.0529129030097040 0.0610995547674390 0.0027186598990728 0.0132645937685687
0.0034221182912222664 0.0463189969165205 0.0178119949548653 0.0110325135517827 0.0132449308551562 0.1520295593433765 0.0131888379110890 0.0730905637165498 0.0352052400852368 0.0169961850426972 0.0599575467969621 0.0157257094833612 0.0376413160062981 0.0071174658683769 0.0225782171265212 0.0325405204055360 0.0529948864220460 0.0408310165951222 0.0442824361349622 0.0158975227723173 0.2915145400112228
0.003365082986368562 0.0250973996417971 0.0054009047689717 0.0011128687231388 0.0022569355874811 0.0510265433590429 0.0027675997395429 0.0023554947685159 0.2389062670158697 0.0027799315423315 0.3727847690706820 0.0854902793402704 0.0025409859911111 0.0022439217326382 0.0041161897365863 0.0035203434036385 0.0077525649653274 0.0209174842443712 0.1583553073839528 0.0020502065806427 0.0085240024040880
0.003350824160155136 0.0137000170527381 0.0080418731300343 0.0025727158296517 0.0034369820166472 0.3263025164804751 0.0036668345728290 0.0401359040340804 0.0188108003250395 0.0040621997574473 0.0418944679758773 0.0076733914692913 0.0068142209485544 0.0022394102407571 0.0054283198541821 0.0057329879224312 0.0172250771871312 0.0080418409054849 0.0203240424086507 0.0239364751862839 0.4399599227024135
0.0033051959162721726 0.0684436924205738 0.0101957843807087 0.0143355919701181 0.0334871645950577 0.0095919630148550 0.0182169776295461 0.0134399793821999 0.0437252581988200 0.0413465793033876 0.0396823604386436 0.0281716716765448 0.0490700908766180 0.0098625793096386 0.0370401881105783 0.0382650907187574 0.1443259576059056 0.3357396400318058 0.0541678876443959 0.0021825595456840 0.0087089831461609
0.003296640620544117 0.0501195483179787 0.0091306026040294 0.0678096684406025 0.0370652808618312 0.0099064154018207 0.0449018983372974 0.0501195812106763 0.0169357539377836 0.0515938602644848 0.0337100204822594 0.0111454368613917 0.3205652692290578 0.0088462755914582 0.0444302809532504 0.0423433332449465 0.0992857766357423 0.0554541842072920 0.0285835106160335 0.0026311667983817 0.0154221360036820
0.0032880853248160613 0.0295119863450317 0.0056435523339330 0.0011284735543925 0.0018007208681399 0.0173580304154126 0.0024701034745702 0.0015443190085337 0.3458124940536556 0.0022198930654598 0.1107319825063203 0.0270943330286367 0.0021875590687296 0.0020875880133710 0.0023883901791902 0.0023989560649693 0.0066706893500299 0.0217066501864911 0.4139403799200363 0.0006572602316716 0.0026466383314252
0.003262419437631894 0.0574345123973145 0.0101638919972408 0.0050171436733166 0.0111594962095151 0.0273293752526367 0.0075380813174370 0.0065226700639839 0.2622712244303134 0.0127460049464217 0.0832207755576298 0.0398682636287819 0.0097696190326422 0.0055418512460188 0.0103448850241102 0.0114645611626815 0.0341470802987718 0.0617284702003059 0.3327931617906524 0.0018931444093177 0.0090457873609081
0.003245308846175783 0.0240667726369624 0.0055342659283504 0.0010930740015783 0.0020710482566817 0.0332758071712478 0.0023263404554483 0.0019976938447198 0.3090430448343771 0.0025513951698092 0.2885389895265401 0.0582590997843524 0.0024903512746079 0.0020210359585709 0.0033423199879242 0.0028215184086790 0.0065429000972061 0.0216230170970321 0.2260314804865475 0.0012596238001167 0.0051102212792481
0.003245308846175783 0.0310972464940248 0.0063992225563915 0.0015402161224417 0.0032467043413779 0.0341299180354516 0.0034596928005745 0.0030009321704965 0.3133791180472588 0.0045271212527456 0.2409684108746862 0.0613843887227435 0.0038861721074170 0.0026738978968111 0.0049993417742544 0.0047682761459205 0.0132601022501833 0.0314442627411880 0.2269404772573109 0.0018891366569994 0.0070053617517227
0.003233901785205042 0.0460696822970110 0.0056691096944928 0.3926902985889568 0.1012195284036765 0.0068457826653273 0.0427019371053799 0.0342511032471398 0.0093969384124957 0.0340732581324893 0.0142049894744015 0.0069995436042920 0.1036088876842184 0.0097100457089340 0.0358569366859290 0.0268596830118718 0.0638422818276977 0.0392242645977676 0.0159722498749925 0.0019899867853759 0.0088134921975501
0.0032025323675355043 0.0240771220690389 0.0070964117128983 0.0028454167356228 0.0054056193964125 0.0489694610194289 0.0045944129555936 0.0073404401552974 0.0811478401102191 0.0081689087938598 0.5787464040467238 0.0754160758473048 0.0057543629196929 0.0050640758215554 0.0185705370657631 0.0094280903077466 0.0181730719548100 0.0219962221419665 0.0590948213243368 0.0026191427600663 0.0154915628616625
0.0031996806022928192 0.0151938802920207 0.0037452746075666 0.0010226371284329 0.0018952718535969 0.0376590734854461 0.0020136780338858 0.0023051851770273 0.1392759356843655 0.0023166875938741 0.5996489946173850 0.0739579193014507 0.0020364240898713 0.0020126289666704 0.0039202900674380 0.0031936180727241 0.0056888370080722 0.0131940937703042 0.0849140272189866 0.0013201863292159 0.0046853567016661
0.0031768664803513377 0.0245190920046660 0.0040304360316029 0.0044923961416128 0.0189865916236674 0.0028685221690635 0.0094622872384482 0.0306494005511249 0.0072398679314938 0.2581245092870054 0.0234349287664017 0.0074002493526916 0.0267625795560914 0.0034367137873368 0.0560986497707969 0.4529348073833200 0.0310348654448717 0.0235627615805719 0.0090276580864676 0.0018579816743183 0.0040757016184472
0.003148348827924485 0.0614571157923228 0.0031315251725885 0.0068204394063647 0.0151954951871201 0.0042002403265032 0.0145541662119947 0.0073046573200332 0.0142110035835980 0.0175313786535365 0.0263259139777917 0.0047931283855571 0.0074386857073291 0.6782591188833225 0.0196762522039925 0.0165452726715771 0.0473000245177907 0.0273762708462899 0.0234328186556444 0.0010670947641838 0.0033793977324598
0.0031369417669537443 0.0421600844410455 0.0088911745459194 0.0098034261274676 0.0283907503471454 0.0075185893902251 0.0167956786992217 0.0429042817840495 0.0151704158147137 0.1094795644174246 0.0402216617886508 0.0120774941982799 0.0313409046639198 0.0070602052027523 0.0580530957741268 0.4477341412839659 0.0439861892848559 0.0372385408391778 0.0274307893000737 0.0041681750703885 0.0095748370265963
0.0031283864712256886 0.2179314688425295 0.0253675365123245 0.0087041043896975 0.0098138372788521 0.0069952300949942 0.0482043114763698 0.0063798888648072 0.0235639183131325 0.0096030551475736 0.0257503710205298 0.0112806025264810 0.0381411064638498 0.0112706752481274 0.0203468349444856 0.0095336584828565 0.3043274865255840 0.1715544379384435 0.0452147237962638 0.0011782457131226 0.0048385064199750
0.003116979410254948 0.0278438990017194 0.0033159801331880 0.0066411698516399 0.0270338245418342 0.0029848922333766 0.0096809134851717 0.0189252783069781 0.0086272833664443 0.4830142811300566 0.0196944159710701 0.0092369965627535 0.0337707416623029 0.0047693187050039 0.0491548262202986 0.2174892653987890 0.0319904462357437 0.0295190465181788 0.0115765971550024 0.0013241002286219 0.0034067232918266
0.0030998688187988364 0.0457197133753462 0.0036945194349057 0.0176380455568072 0.0133643490826811 0.0024378465097690 0.7936161102852051 0.0037617605898553 0.0032120804280947 0.0114960814046220 0.0048230251856485 0.0024803384513933 0.0178456078834242 0.0029789074074933 0.0054335088909928 0.0137354252086164 0.0374700423519113 0.0110907436199509 0.0062120093914727 0.0010375349721583 0.0019523499696517
0.0030713511663719843 0.0566744429360025 0.0224723910519498 0.0092216036283688 0.0119783986007037 0.2556916621396000 0.0151078278634867 0.0417101842683372 0.0558928597456009 0.0144866752846969 0.1102450488010702 0.0459925022474369 0.0202142658325267 0.0095062483064864 0.0177849884950728 0.0198384753062311 0.0599642481034857 0.0466335077098408 0.0613773516076634 0.0171000256943947 0.1081072923770448
0.0030029088005475387 0.0091996277568028 0.0049045120360707 0.0016283612540544 0.0020298972396134 0.3785999548752625 0.0023562870702368 0.0281174789939799 0.0141113818263814 0.0024151719401672 0.0374829364603223 0.0070604155770623 0.0044928306378929 0.0014083298260638 0.0033647869616386 0.0030457241897331 0.0115102900761455 0.0055863982777023 0.0158750082558095 0.0156236123479705 0.4511869943970900
0.0029972052700621686 0.1411805040935681 0.0134597549714893 0.0254782081599543 0.0224021594632204 0.0070889162398254 0.5065725516726536 0.0082136367620519 0.0092407886513881 0.0136041348297594 0.0188578390081264 0.0067308672796491 0.0304347605708938 0.0101429386742238 0.0125518832305513 0.0206993322311875 0.0888585832859886 0.0314376520459501 0.0253537923750049 0.0022821180870589 0.0054095783674551
0.002991501739576798 0.0881852263708723 0.0039010033001830 0.0098732970904373 0.0181952044647887 0.0041987122170303 0.0222292401092983 0.0091331041716841 0.0082446038793618 0.0201409016022194 0.0268736038199799 0.0045955384634527 0.0129827301745744 0.5572834496697044 0.0263354779457213 0.0205916725825944 0.0976065709883917 0.0420762061922479 0.0229033539523461 0.0010316081790994 0.0036184948260122
0.002991501739576798 0.2184794658015533 0.0319398503070985 0.0085145004323679 0.0158595518679651 0.0209945595867635 0.0392483652444810 0.0083295654076476 0.0851693726715147 0.0152285819107824 0.0681974311507841 0.0374553493696108 0.0143906350834338 0.0127058371726226 0.0139059981408151 0.0138672643266236 0.0825497655767177 0.0868685575797484 0.2135376792585207 0.0027137394508974 0.0100439296600521
0.002977242913363372 0.0318875787376966 0.0013196771227898 0.2904641600110107 0.4596462960498638 0.0016816410886279 0.0207047879976416 0.0069707592227423 0.0036817925489141 0.0251049442575702 0.0062817244231358 0.0028134311436244 0.0311303358073327 0.0047047625982082 0.0445836073661279 0.0086056247007894 0.0288540670785317 0.0190199783212011 0.0095505177325233 0.0004107510141279 0.0025835627775406
0.0029686876176353164 0.0917135649232315 0.0047347970949072 0.0289060767158600 0.0332499613148242 0.0056675699532837 0.0334878861032253 0.0172437692456228 0.0096766279524404 0.0304853775960575 0.0360739658931509 0.0059460050184917 0.0313439675634189 0.3646507732960983 0.0412424867085517 0.0315874956917951 0.1438651141701766 0.0578558230046888 0.0262548954629879 0.0012478891943355 0.0047659530968518
0.002962984087149946 0.4685034425028139 0.0205961858967719 0.0123081567215874 0.0291224811196755 0.0075556648756330 0.0610869703891214 0.0081963943992064 0.0162247961848664 0.0212068739221089 0.0306429225784668 0.0106797291332279 0.0236955982637373 0.0111673378369080 0.0223598199694353 0.0151885459645550 0.1292389913868215 0.0546061669096707 0.0491686706180131 0.0017889377305402 0.0066623135968392
0.00295442879142189 0.1036762036505513 0.0242881395185494 0.0037476661610085 0.0073128074346407 0.0573158688903756 0.0197307320851164 0.0069833434675847 0.1307248665616129 0.0077886635252854 0.2131180670577725 0.0667566929081278 0.0084847944496893 0.0074777733631803 0.0103099888148928 0.0098575301758219 0.0538920428466863 0.0662301599792337 0.1855088639947005 0.0039936551834313 0.0128021399317386
0.00294872526093652 0.2326490950664133 0.0178451469417259 0.0175551287166428 0.0338827512179295 0.0125141165396906 0.2494268901091129 0.0110078079363035 0.0191795952466326 0.0177807180182113 0.0396052307345435 0.0131544046695788 0.0371867102810488 0.0155667998732417 0.0184549687672475 0.0270062720884335 0.1213962858788458 0.0548504037817935 0.0484197092443431 0.0035505304804370 0.0089674344078244
0.0029458734956938344 0.0579439721046992 0.0019166819624458 0.1136728358722540 0.2915085026539007 0.0024994057370748 0.0261458568845333 0.0204498008441915 0.0070440213768233 0.1283801082526475 0.0130812511516496 0.0060252927672799 0.0525075394006629 0.0038185855625255 0.1005725925232864 0.0607441263529569 0.0474840786274103 0.0398860652786107 0.0215416316711711 0.0006149482424335 0.0041627027334431
0.0029401699652084642 0.0552460208066931 0.0070153555265000 0.0416297353546661 0.0341653934743693 0.0048353470329573 0.5899160666673727 0.0107000950582072 0.0065884271861714 0.0290285866531568 0.0107950836046783 0.0053748092999398 0.0440996818154350 0.0065529772600602 0.0203185908389221 0.0349994180389539 0.0582500645577675 0.0223002880020551 0.0109578618238716 0.0021898045807454 0.0050363924174774
0.002928762904237723 0.3556756710197713 0.0318588760614498 0.0111087361796535 0.0179946236481615 0.0063183225892195 0.0499881409119139 0.0067521245771117 0.0099152379876245 0.0126621276948968 0.0217533637632377 0.0079000190129822 0.0257996195490134 0.0088858701275271 0.0213011676456214 0.0115273318741327 0.3001731088033635 0.0599880358937474 0.0336301165201968 0.0014487775126379 0.0053187286277375
0.0029173558432669822 0.1117366965912333 0.0112429197196671 0.0464292446359945 0.0395310901663216 0.0066249550620505 0.2405742256141298 0.0124852375046591 0.0090732838649937 0.0343015052842091 0.0143464146556177 0.0077019249634465 0.0687200586249672 0.0102231571117587 0.0310967481082883 0.0339006397114891 0.2318826994961457 0.0655674257784261 0.0166350232327905 0.0018663442340777 0.0060604056397336
