# This script is generated automatically.
# Vector of amino acid stationary distributions.
distributions <- [
              [0.0731333704915614, 0.012531042472736178, 0.03525629517768763, 0.059766237995914524, 0.02753141109365593, 0.038102411421917684, 0.06537953521735232, 0.05085453944762535, 0.06337451434128649, 0.0752563966522029, 0.02734630744413677, 0.06110726099641273, 0.014186512219297894, 0.07400162876018113, 0.06911863259870213, 0.07835417217606837, 0.06565207338026786, 0.06250091615996761, 0.00626303521552232, 0.040283706737502666]
            , [0.05793309501972015, 0.006248450484982379, 0.029350353004900662, 0.062015748944768766, 0.007043529295290517, 0.031009837583832002, 0.045661207287089174, 0.017298932182100116, 0.18203913260128785, 0.04518445558125123, 0.014708967805635286, 0.05535084324190713, 0.008051490338657602, 0.08585842063353265, 0.18709687976490022, 0.06543783515070169, 0.053842460212083644, 0.034148619158366034, 0.0025493436310652356, 0.009170398077927357]
            , [0.11986749338316995, 0.010791922499578315, 0.04599174900520188, 0.052845135947652985, 0.009687418612003056, 0.06539300312336703, 0.020383549660491454, 0.01939892074122968, 0.05506773978485294, 0.04046596939875429, 0.01377841456747254, 0.07271168312347516, 0.01677146357992028, 0.052974343116637165, 0.04937245027313756, 0.18857474423654877, 0.1073390471763036, 0.04682056180705963, 0.0021194969711139135, 0.009644892992030012]
            , [0.07124343362778827, 0.004405011502881207, 0.15035790643867206, 0.20527906105967783, 0.005795253914170166, 0.045018015103082176, 0.0329401056839265, 0.011741570858300967, 0.06738353260824219, 0.028901113327647367, 0.009209895629944991, 0.0657766749261506, 0.011460271540502316, 0.0778232683990958, 0.04774374479066516, 0.07404010922299366, 0.05021933664947628, 0.031353620473806694, 0.0015282686962222543, 0.007779805546753453]
            , [0.059561234527232824, 0.01078120183185706, 0.006266836763868007, 0.012615690687038515, 0.06677107550144393, 0.010876878561895864, 0.013671639328214056, 0.10179820178589177, 0.02727703691959481, 0.26330504882859357, 0.10107152818460191, 0.013202838096504134, 0.0070305454814112755, 0.039839728120766325, 0.03606724929296521, 0.046610846343683315, 0.05238393730150936, 0.09172520852216735, 0.005643250606464367, 0.03350002331429648]
            , [0.08648037507460653, 0.013267971122798832, 0.0066160324845430975, 0.015921183877323667, 0.032432072574919577, 0.011302592016859637, 0.00823861646477785, 0.17818104924482098, 0.026117279007992756, 0.10268123005420686, 0.05276655985716113, 0.014236960181315773, 0.00800335785748091, 0.01734248994799371, 0.018172942021330775, 0.055046126849736164, 0.09565238985301355, 0.24441164793624484, 0.0024197573842905423, 0.0107093661885826]
            , [0.04020328677931486, 0.0035305715676787067, 0.011914821496276698, 0.04368291799950947, 0.003337698494738568, 0.015919172408904857, 0.026052258627191162, 0.009887448444435412, 0.3507760239318412, 0.02628797770579256, 0.009467280539097235, 0.04251139667718085, 0.004611475056434889, 0.07113514456391237, 0.2338031855688358, 0.04502047023573054, 0.03789245156550487, 0.018519991035819625, 0.0013190905764199365, 0.0041273367253804975]
            , [0.0529975992628028, 0.001980984217402188, 0.2392227117639769, 0.3571399005397798, 0.002654897056100406, 0.03086506983619641, 0.01580731595454118, 0.005347203150196684, 0.043755132259299175, 0.009750544117891441, 0.004448942667253507, 0.04632430180434728, 0.007374090149337193, 0.06419445091351951, 0.02534915627637451, 0.046022975675462666, 0.03020696723057525, 0.012069082009792714, 0.0006980194650081744, 0.003790655650142307]
            , [0.31711732743871246, 0.03677645114019659, 0.009264430320788644, 0.01895147143395489, 0.012655019467640895, 0.06779823837608524, 0.008129403531106144, 0.04479249195768568, 0.01475541082908591, 0.0516906432861408, 0.028417982225142746, 0.02021806222752044, 0.01343824365031374, 0.017274850893760803, 0.014024752030672525, 0.139978253389852, 0.08726089898349677, 0.08726582567508948, 0.002285445909710486, 0.007904797233043737]
            , [0.04654556542295836, 0.010823309677742164, 0.001967514504390505, 0.0037077592503823036, 0.026943095256859364, 0.0045038320010861825, 0.0027942257227168976, 0.31159419555152307, 0.004287653147192501, 0.12144751028904371, 0.04213301995978722, 0.004121559652904328, 0.003289745867936291, 0.004371419645749715, 0.004279176254296407, 0.019280333290218162, 0.04354715074940305, 0.33777414431700664, 0.0012772058784601727, 0.0053115835603431555]
            , [0.05281104774161015, 0.009449735512914203, 0.0023814100051963304, 0.004773391085504229, 0.05003676252443271, 0.006592574203920901, 0.004506637078215862, 0.21898194736516968, 0.0062300048215725825, 0.2527902989760122, 0.08507020051565707, 0.005497010907640733, 0.004243334502826551, 0.007685037995184557, 0.006914305325698308, 0.026502941556584544, 0.04588426638047234, 0.19615447908370262, 0.002805976731349096, 0.01068863768633533]
            , [0.10852779768753565, 0.005361042703498407, 0.03460576652937749, 0.047566101500304554, 0.007787421782982772, 0.03541141850180506, 0.014673084742324014, 0.02129322692454911, 0.04595387750553913, 0.044519363682500306, 0.009236562994399036, 0.03259569603132794, 0.29433622865633674, 0.04509598637609802, 0.041398494930368505, 0.10005266408565276, 0.05897284280560111, 0.0438305074375931, 0.0019158650171614666, 0.0068660501050448915]
            , [0.029031167457679877, 0.0071160281259282625, 0.002437244510360882, 0.004454108407229611, 0.06939507588557844, 0.004684299943961099, 0.00541890869038512, 0.10413110954001357, 0.005975024367588839, 0.48128999706105396, 0.11720100240209089, 0.00500583752471595, 0.0039005173142080073, 0.010069015447672216, 0.007338698465316966, 0.0194967911309161, 0.02531807027920106, 0.07413947450566499, 0.0032635507730567307, 0.020334078167377197]
            , [0.11911122704403522, 0.025772488192093164, 0.02924196397696654, 0.021298339182145788, 0.0063988699602042535, 0.061173588206751964, 0.009753191078611594, 0.010316812436059314, 0.024373159701861834, 0.020121015774164145, 0.007732513277138643, 0.06761244787564774, 0.012251862804285994, 0.02540127604018324, 0.021737481319942607, 0.373887058764912, 0.12921493409621043, 0.027642141218924547, 0.0014168153436426628, 0.005542813706218363]
            , [0.022696548944459514, 0.004424765299717231, 0.000852751805653846, 0.0014627828670088197, 0.015577950359304786, 0.00191395592970741, 0.0011645991642223119, 0.41637944379512876, 0.0016919432349653141, 0.09286213412188477, 0.02617791039698454, 0.0018024563011259653, 0.0015070863820601953, 0.0018065453249172748, 0.0017754621055047757, 0.005785376116446062, 0.019153045827879675, 0.3801915343231869, 0.0005546489527028662, 0.0022190587471390124]
            , [0.026104491007279577, 0.004973226923223987, 0.0008272425881661517, 0.001409218096164235, 0.03217689200864969, 0.002219981291219224, 0.001403220385063278, 0.34377878302070125, 0.0015830816325653162, 0.2419911633050767, 0.05564596169788231, 0.0017755134888794181, 0.001605190420414098, 0.0021636092693842974, 0.0018716596754257005, 0.006069152127720247, 0.020495331239433354, 0.24931806517089933, 0.0010157630868854264, 0.0035724535649664766]
            , [0.023808095962242575, 0.005053658966158858, 0.0011670249217260583, 0.0022139014613874386, 0.04145947962930733, 0.0026421548138402234, 0.0023006252897427924, 0.22450765904224199, 0.002729627169086419, 0.41057260548699115, 0.09229824526128494, 0.002517368038774811, 0.0022181104649841824, 0.004020345031719466, 0.003409081625083349, 0.00757861381723387, 0.020298538861881127, 0.14386324224515287, 0.0015813472722016894, 0.005760274638958789]
            , [0.04551127565435594, 0.01583696478455306, 0.008160209295291336, 0.010401476442454415, 0.18953483927810824, 0.010979511552636666, 0.07689380300849806, 0.041440765487997334, 0.013348300957346362, 0.07716732141187317, 0.01931422903993904, 0.03131922897029778, 0.006044852203420184, 0.018227495174074227, 0.02238323101173748, 0.04905043082158583, 0.034544921529491304, 0.04670926128359925, 0.04330764212591196, 0.23982423996682836]
            , [0.08278780412759322, 0.007708932958036869, 0.06115243626388651, 0.04747292964397731, 0.006320866654424816, 0.39390590008766674, 0.018371428102068654, 0.007907987719848983, 0.04606353981457568, 0.013594774816827892, 0.006845129121071287, 0.07344769188900414, 0.008557741363860383, 0.03385107257063449, 0.04157302963943762, 0.09350950851840997, 0.034959262193604956, 0.013597773404913596, 0.0021658561213335824, 0.006206334988823535]
            , [0.050398428670650315, 0.0067245911699467436, 0.09509280636696694, 0.04633123614025666, 0.0066106834332845706, 0.05877611672211031, 0.05555873451193036, 0.00945251538264576, 0.05715336675449125, 0.014049745077806857, 0.007036892446941324, 0.2786193294440501, 0.006819735186154754, 0.04428385016512314, 0.0435340724345099, 0.1318382472338861, 0.06278460208812575, 0.01305076294262379, 0.0016581447382970503, 0.010226139090198386]
            , [0.01714574697142992, 0.008647128695600113, 0.0030961983021815602, 0.003901657959659762, 0.30883942483928484, 0.004174361518627609, 0.04799537223190222, 0.022401049533427857, 0.004585821293992979, 0.05102523547426986, 0.009764038399985351, 0.008449501337896653, 0.002708949115756775, 0.0062501477652741, 0.006626651537692075, 0.01950398858455046, 0.00890303373782345, 0.023354657455481913, 0.028291105158299048, 0.41433593008686326]
            , [0.015062048641406974, 0.003763335391314891, 0.0010625711541654627, 0.0017822955211987388, 0.050727634718868535, 0.002077628328712115, 0.002136120899024126, 0.09558106642550956, 0.0022892848952855323, 0.6122127695617877, 0.12074758517385885, 0.002033039868167107, 0.001840916206756033, 0.004071815023551392, 0.0026863811291746383, 0.0061541398129183154, 0.012736507964163453, 0.056046526220748086, 0.001418971858093992, 0.005569361205294537]
            , [0.40841194155459204, 0.03671086824882038, 0.005451444684634776, 0.007761290640524194, 0.005816647797946739, 0.06379987146419051, 0.00434182494326504, 0.017081936495935198, 0.0067583203269316215, 0.021126505282222693, 0.007633161581315311, 0.019323087142026033, 0.010848328020680694, 0.00815020281995773, 0.006585391659437404, 0.2454830506244244, 0.07719023965533599, 0.04227765684319058, 0.001164197973911875, 0.004084032240656885]
            , [0.034226652421977095, 0.003165151462397544, 0.4357354857950774, 0.10493346126192725, 0.003366921985336425, 0.043691676754279006, 0.026718352140844972, 0.005036284364391409, 0.03164862535108327, 0.007197746656644918, 0.003689834774406982, 0.14134940439026966, 0.005494972851140198, 0.02888627449603335, 0.020047732933296623, 0.0607395954619109, 0.030558989136345575, 0.007769519653492074, 0.0009199471201853842, 0.004823370988960087]
            , [0.09327499123611492, 0.016080143797942485, 0.008704335422422868, 0.01395770598087881, 0.008947763553106244, 0.022147163633443493, 0.008296482357391196, 0.05430253058950112, 0.028856268665824174, 0.04441504013664157, 0.03374664721530332, 0.04355079640100968, 0.007706494276813796, 0.02335511372388403, 0.023085786133512417, 0.14842325714071575, 0.3346384827305396, 0.07825024927938033, 0.0017831492265148212, 0.006477598499059516]
            , [0.19486097290343565, 0.03643017660374383, 0.0019922389121525483, 0.0031168520384557805, 0.026974332447078905, 0.030936890961371595, 0.002292855558567014, 0.12692811599097611, 0.0029361241030119276, 0.08435823600278049, 0.03618220363351449, 0.00441450177297591, 0.004145211367764753, 0.0036844135487296725, 0.003196316127141822, 0.05550277762761621, 0.08974870930768195, 0.2869179983353357, 0.0014299746863401085, 0.0039510980713256035]
            , [0.030460144221111894, 0.01064647536885984, 0.00264750270685911, 0.0035215315529373743, 0.35886876425021896, 0.005859263792336758, 0.009088289820999355, 0.06918499423297317, 0.004552056218393651, 0.18740507425209568, 0.04661570604521401, 0.005597495686452193, 0.0032501778173668052, 0.0055717584009129266, 0.005659708354520868, 0.022552274808153114, 0.021968245307922515, 0.06078728957761432, 0.027341795748508844, 0.11842145183654842]
            , [0.10547414654300395, 0.0015887841278538813, 0.07988176424843288, 0.23593234452551962, 0.001971057408150968, 0.026368920978305916, 0.017795313655226006, 0.006013030221744664, 0.14215026316772317, 0.013585204441785386, 0.004824444252716453, 0.04699762039447481, 0.003455385538391682, 0.1085149413030289, 0.07772280048672181, 0.0592045702243676, 0.0451838796471138, 0.020019065161433244, 0.0005741752279242831, 0.00274228844608099]
            , [0.03178196572501136, 0.0055187897941358045, 0.006480238915169721, 0.023929722211564922, 0.00453916948413843, 0.013227358312086823, 0.037396073001163085, 0.009780040573561157, 0.18045532011318813, 0.02912691476502004, 0.008624145399735163, 0.029376633425294705, 0.00464120464806867, 0.058438272858251664, 0.46840753346584135, 0.03669584705421087, 0.0290407325016063, 0.013690530367177847, 0.0025809926350108753, 0.006268514749762999]
            , [0.10778335923280669, 0.0037816248539021217, 0.01073449324564311, 0.023789492072828284, 0.004209888960858424, 0.023495348688955482, 0.007090209901276452, 0.01105023971161569, 0.021964431784975896, 0.02685006733749267, 0.004823014617272773, 0.009995602027299141, 0.5588372150028378, 0.02199291337385351, 0.017906111687576845, 0.07500193728029109, 0.03687161567302711, 0.029051262067626718, 0.0011300094350435725, 0.0036411630448165183]
            , [0.05946749055157539, 0.004178551226379112, 0.029646440219699227, 0.019605493641496254, 0.002873750137932275, 0.7100331140496646, 0.0053935103331921265, 0.003631246115055889, 0.018548775711618018, 0.005713194277526812, 0.0030344027214462047, 0.033092812370591716, 0.00352156590235536, 0.011827442079506183, 0.01685456038966789, 0.04782114071347631, 0.01474250320850862, 0.006535399036965421, 0.0010405648241692792, 0.0024380424891733907]
            , [0.015006933919499142, 0.0024278174283088026, 0.000569141407015015, 0.0008990825064148311, 0.03942493700608701, 0.0014467072677170998, 0.0008713528535123161, 0.22813297074167885, 0.00097117627960801, 0.5032430286145579, 0.06531807510485088, 0.0010965516398831158, 0.0009807947182972614, 0.001665732995097763, 0.0011643362034868784, 0.003180061676365832, 0.011058280462030123, 0.11872595360329144, 0.0008206199781241118, 0.002996445594173685]
            , [0.6050126108608777, 0.025371764503578396, 0.001919942927979491, 0.0028016927720566124, 0.002818304813840683, 0.07006196945643761, 0.0016262097356788841, 0.01158855234330061, 0.0022527155445821404, 0.011220610387733419, 0.004384801276134422, 0.003942806991068614, 0.003842476943430638, 0.0029173635111801382, 0.002455907763778208, 0.16608851437327926, 0.044582364026955514, 0.034711728396995996, 0.0006108163526694689, 0.0017888470184423669]
            , [0.05225886583541827, 0.014812649211809041, 0.0008061249897394973, 0.001136049473571307, 0.1326113738200385, 0.014342321961035884, 0.0015394571932587104, 0.19051779822695727, 0.001432957084696, 0.2899565238879316, 0.05445378385640317, 0.0017970181516690402, 0.002338995584346585, 0.001993152332907823, 0.0017662078702066924, 0.01890589402277881, 0.027598001998069856, 0.16673965420385625, 0.00473490838696569, 0.02025826190833999]
            , [0.017869271253857868, 0.001918826313207571, 0.003415896112593506, 0.01707258439245508, 0.0017321577178027782, 0.006015364597406992, 0.015150872251682901, 0.0049098590129683164, 0.4629938442360413, 0.013837691003763137, 0.00548034788529683, 0.022551283881870814, 0.0022186291831377022, 0.03751707263791284, 0.3370317355208996, 0.022181630225244765, 0.019039164596371505, 0.006136908505542039, 0.0007312573018883041, 0.0021956033700561302]
            , [0.06721813482016038, 0.016506368219144977, 0.01625946406699716, 0.006671071060637861, 0.0040495011247948355, 0.026410591284859827, 0.004595819155904454, 0.014147421159942086, 0.008804521464912235, 0.015338075299766742, 0.006392720258953827, 0.04014695216986248, 0.006092872699898013, 0.007173139969195679, 0.00746209760069142, 0.35404321470182953, 0.36997551798270917, 0.024366005424691896, 0.0010048055834450391, 0.003341705951602329]
            , [0.017260215306563704, 0.0022012130044292678, 0.00040068177386100615, 0.0006003279293602578, 0.02369917760967344, 0.0012506774632344679, 0.0005438012467666152, 0.39996027637477205, 0.0006218653342792568, 0.25553444940521336, 0.038503526373250226, 0.0008011220242207009, 0.0007903804134887233, 0.000874988611419265, 0.0007254829889100328, 0.002674224065800495, 0.011442683067993068, 0.24000226136648242, 0.0004579717384536168, 0.0016546739018281945]
            , [0.3244885654223738, 0.02687796897069493, 0.005263306517086114, 0.00652479048542871, 0.006918105224047179, 0.32226630657765937, 0.0036945229450890613, 0.016940437495032063, 0.005102731155827612, 0.023561004225015884, 0.007449329794859522, 0.015365377973541535, 0.006589680930160025, 0.006284118669712356, 0.005778473408243347, 0.13628167261376048, 0.04070454288196405, 0.034788081517328026, 0.0014527144869221989, 0.003668268705253547]
            , [0.0757875371794235, 0.018060013591139446, 0.001175960942949217, 0.0018545696513611871, 0.012894414588427062, 0.003655733401451674, 0.0013428877197376244, 0.2068985316746818, 0.0018879826826744784, 0.06254491878825055, 0.02195341768321687, 0.002252128619803091, 0.0019672739537205555, 0.002069442281380799, 0.0019414362983375074, 0.016324138683112416, 0.042360644837105645, 0.5222523179593499, 0.0006170798852714331, 0.0021595695786054015]
            , [0.01988545578820122, 0.005135994553837708, 0.0005925405893673414, 0.0009282018641020652, 0.007129468412724501, 0.0009772973925394174, 0.0006983745541684408, 0.3187278634621624, 0.001000239247640762, 0.04705304360341555, 0.011962280458972843, 0.001018045374115354, 0.0007843389195233211, 0.0009868609407701397, 0.0010204441521506754, 0.002936279942134913, 0.012429423975457623, 0.565433964958605, 0.000294166060901616, 0.0010057157492089957]
            , [0.040426781722272605, 0.002252218367228782, 0.0074219300239561775, 0.004723833304916265, 0.0012809490912152435, 0.8772808879259434, 0.0015813840843812365, 0.0016833053202727388, 0.0029698913504541138, 0.002505257691945044, 0.0014564605393860557, 0.009744195125819874, 0.0012493029371521535, 0.0022622686632102536, 0.005495819481595961, 0.025528845386333206, 0.0062473766327515645, 0.0043679145890787715, 0.0004741731383796878, 0.0010472046237069558]
            , [0.40536803559435314, 0.04314113837033052, 0.0017312867688167705, 0.0026999720239099085, 0.006257328961727479, 0.0386894589962568, 0.0019435151774424995, 0.045195019189244894, 0.0024392494338101637, 0.0340165804437897, 0.01984472414534444, 0.003940111730619875, 0.0035517918443291143, 0.003073601228351219, 0.00259057459147509, 0.10067313766174533, 0.12663992713816316, 0.15479305828029102, 0.000868713884882204, 0.002542774535116702]
            , [0.00760546392800839, 0.0032719483518747084, 0.0013187429563616439, 0.0016828853911524068, 0.2950960451118715, 0.0017688927169531223, 0.026386608211028662, 0.008377355870795099, 0.0018319776701693545, 0.021971053405248908, 0.0037265728011356314, 0.003286963340868139, 0.0010419159643107812, 0.002432010812702459, 0.0023042610111735904, 0.007628245624777994, 0.0038217898663045124, 0.009823419281265405, 0.017920462193100544, 0.5787033854908974]
            , [0.008717704285124693, 0.001501410491285892, 0.0004573326181810971, 0.0006640756021081022, 0.008306394031540166, 0.0007285412206447175, 0.0005066540199290582, 0.5587120819918705, 0.0007024167241518687, 0.07128319475383665, 0.014601296100471724, 0.0007704081613494105, 0.0005093799868204347, 0.000837745095573926, 0.000758298190337496, 0.0018063670577816559, 0.00795356498356822, 0.3199758190784696, 0.00023267579886153967, 0.0009746398080931231]
            , [0.028377373093903913, 0.0010486249879536145, 0.38015778574359343, 0.409785409305299, 0.0012773358392371235, 0.019698711047491418, 0.005346611578925497, 0.0025079077201666635, 0.020955475988671386, 0.003862015639385514, 0.0020806389099224045, 0.03304557310138495, 0.0028097231139667745, 0.034568996352488335, 0.005663126425170134, 0.026014159670261446, 0.015131224713150093, 0.005558459255694626, 0.00031418902632366166, 0.0017966584870100397]
            , [0.008041802699566163, 0.0016990435406030384, 0.0005448700608629086, 0.0008266354542694101, 0.03601925231355354, 0.000914356254704427, 0.0008965146374641917, 0.0785735559460224, 0.0010080830935735058, 0.7374753052277238, 0.07710871429457793, 0.0009175332662066771, 0.0007563340454415529, 0.0017166363091145034, 0.0011710027486132812, 0.0028756644075367526, 0.006290090700475777, 0.04050133459068314, 0.000607606655814168, 0.002055663753192919]
            , [0.01976085370738962, 0.005058772048710208, 0.0011445833606328806, 0.0015743784074923068, 0.3073039770316843, 0.0030380036367743547, 0.0024985865361550163, 0.0727312891331923, 0.00176110267891983, 0.40225793536886506, 0.06651887215212049, 0.002306603409860856, 0.0018233676690971078, 0.002693406828829241, 0.002211861845586703, 0.007950964010827552, 0.013812553777167757, 0.04906701174887381, 0.00472688149982513, 0.03175899514799524]
            , [0.009822223294577824, 0.003411717497278457, 0.0012621215387924193, 0.0016237752898543704, 0.635566327242536, 0.001981032564969141, 0.010204329650093017, 0.020120769384897257, 0.00182759140131274, 0.06359168385908924, 0.015618511461646832, 0.002526810610073464, 0.0012391409026050583, 0.0021872884888387016, 0.0022060456698035783, 0.008329757268787298, 0.004365974266728137, 0.018048968135867434, 0.015184478643129218, 0.18088145282911958]
            , [0.2310206910466813, 0.027285946265800685, 0.002965562614737518, 0.0029565795691819446, 0.002826166751152601, 0.04601568585453076, 0.0023803275989835986, 0.004596605374401637, 0.002740310126352598, 0.0063100663833102295, 0.003630155373838818, 0.01555771536926936, 0.004063877153472134, 0.0038811309568740045, 0.002934509982126015, 0.5476918991501499, 0.0730608650659099, 0.01730494030989435, 0.0006804932858910135, 0.0020964717674416987]
            , [0.0393891212019192, 0.004573773862309911, 0.015625553076560553, 0.08580903369334196, 0.005583769291883062, 0.013048004676232171, 0.07383218956348721, 0.010251277146914954, 0.054714334513893646, 0.04553189753327937, 0.027955007992798125, 0.03326135625087444, 0.005717763420014748, 0.42675482028362627, 0.054852254327487165, 0.03968993829178275, 0.032035879136312735, 0.022234719689200332, 0.001944750498659868, 0.007194555549421414]
            , [0.39311757439203054, 0.012666365335921883, 0.0014418617694571642, 0.0019210319351877611, 0.0027034275925248512, 0.4337023530406885, 0.0012948349157084105, 0.005862123509066385, 0.0014728664317364337, 0.008076810512122957, 0.0034286202726763184, 0.003177824864651846, 0.0022379309217202357, 0.0019458156395278598, 0.0018668120306588314, 0.09048948223620448, 0.018160669607102522, 0.014442929974613758, 0.0005735678640722275, 0.0014170971543264821]
            , [0.028017968423665773, 0.00570347290509824, 0.020599500324255574, 0.01246149740774059, 0.03163250231358408, 0.008291015783054377, 0.5023851219972018, 0.007962149515763269, 0.022643864199187992, 0.027455966968803643, 0.006190567798183458, 0.07637473292723124, 0.00436732839928588, 0.05918186512099884, 0.038956758159413823, 0.03621527879822824, 0.022493583971974065, 0.010166085990573712, 0.00260678530226603, 0.0762939536934894]
            , [0.1282436851671588, 0.014604717665332936, 0.0002793556246062742, 0.0004029592976166073, 0.06193131863803178, 0.036567080317020044, 0.00034663501730426455, 0.190136340514675, 0.0003744626877392219, 0.24526542308502347, 0.03336486939627389, 0.0006953077890856292, 0.0012004987424370347, 0.0005856823519798454, 0.0004139057654146565, 0.025158571763543087, 0.03756904933286266, 0.2198212449378475, 0.001265609932000846, 0.0017732819740463467]
            , [0.6735178693023849, 0.013668070979831623, 0.0007991139777866358, 0.0010770307991798825, 0.0011508065134064336, 0.0511995821576687, 0.0007064649347093932, 0.0031262586195674523, 0.0009309573070255711, 0.0031996045304842056, 0.0020645464843496576, 0.0018788188934701039, 0.001507462156781844, 0.0012304876339259434, 0.0009745981871597591, 0.20093437129353778, 0.02558757327800117, 0.015277175710286287, 0.00031377191277472046, 0.0008554353276677741]
            , [0.013909662778353657, 0.0005790941715402748, 0.0023484000194119296, 0.0009581127218569399, 0.0005016757791736713, 0.9610351217035131, 0.0006372584430266566, 0.0005686984443771889, 0.0006881768265547588, 0.000994357088649248, 0.0004395813840344996, 0.0026250645505602856, 0.0005170499954126503, 0.000674971223469684, 0.001410063108325163, 0.008536753626275649, 0.0020459066001750985, 0.001014313452557946, 0.00016778227700484883, 0.00034795580572691867]
            , [0.030301946600585154, 0.0010938971815762212, 0.09969005808272961, 0.679716685699051, 0.0014928027657253717, 0.013229699402210082, 0.0045725783025784205, 0.0031866276605656187, 0.02548375585319262, 0.005102554850038501, 0.0028151815700166696, 0.014821404060639068, 0.0021107186926533406, 0.05953211149875168, 0.012854087087824076, 0.01762685920876965, 0.014258014410879895, 0.009948774370863478, 0.00048746978763646053, 0.0016747729137130192]
            , [0.011917034273074159, 0.0011173302187773944, 0.7618041666537476, 0.05037605537496358, 0.0012408664201156946, 0.012957575434439397, 0.01034561029549665, 0.0018675808476037172, 0.008069589117096154, 0.0026022234206639085, 0.0013483063842775014, 0.08440537607614397, 0.0018242301119727829, 0.009244098892278268, 0.0036935152268251312, 0.021478499925967735, 0.010624686357989414, 0.0029159133111917148, 0.000382013762195013, 0.001785327895179855]
            , [0.1153452533964032, 0.40808735218975256, 0.0065032404508107424, 0.006739464874222141, 0.021283611716221645, 0.0345812442228891, 0.006954565167609133, 0.028900488843090214, 0.0072357432981005314, 0.03593698985119116, 0.011555882657969032, 0.023971467611826967, 0.005412391887628906, 0.007683629946995005, 0.009140859561347615, 0.13671576572223687, 0.06477989884488035, 0.05737869496173338, 0.0026488198697038018, 0.009144634925388051]
            , [0.05491686022259653, 0.0017801777511884304, 0.0027035593639134687, 0.0037105853263521248, 0.0020384277922272163, 0.009932113840202084, 0.002787048980652289, 0.004779506960237007, 0.004028397250446844, 0.011217204065619909, 0.0021788896490536275, 0.003329815880946447, 0.8234920366262445, 0.0052763269117145255, 0.0037793528905611575, 0.03230911000189829, 0.016310328768901556, 0.013208955535330878, 0.0005264754436697767, 0.0016948267382430723]
            , [0.017408184806172147, 0.007386876109793043, 0.0030883577875233078, 0.00411877909982399, 0.07269801306884516, 0.007138076496944265, 0.007359954210453547, 0.01438117831312408, 0.0050205337644473255, 0.03382715626687316, 0.006779147987687011, 0.00521371464092867, 0.0031742141452239993, 0.005413534277771881, 0.010430867565915816, 0.01923418992471631, 0.009767658721550772, 0.015470852425902567, 0.6923769152474806, 0.059711795138822535]
            , [0.029977174271184567, 0.007872469281390708, 0.0044035525552735145, 0.002684077981035937, 0.0019309255445632534, 0.010127206996008642, 0.002023099468507586, 0.007845586160686303, 0.0031668237386625157, 0.00729651988939021, 0.003433728271284685, 0.016713241470508913, 0.002219782604761538, 0.0027106792067969564, 0.0029911439815876704, 0.2751172534866115, 0.605077988527453, 0.012317326554756742, 0.0005365294412813239, 0.0015548905682546098]
            , [0.020613808849644692, 0.0035644318871612757, 0.07664978189650172, 0.016193975341364013, 0.0031987943810213183, 0.026418755891911602, 0.03133894575372823, 0.004628992643260554, 0.020925949020422566, 0.0058077372874075816, 0.0033851884563964162, 0.6314245519386309, 0.00243908378092527, 0.015799133463832438, 0.014805428230666879, 0.07871083667014206, 0.03262875702424483, 0.005925280298500586, 0.0008396295241773546, 0.00470093766005961]
            , [0.008616546614543107, 0.0020138009518211163, 0.0016495167341953711, 0.0030535355229894534, 0.0017047793340635984, 0.00352931191931054, 0.011209955443582368, 0.00270347682785455, 0.056465582144128446, 0.00809850788254151, 0.002220388332580327, 0.006849036901396022, 0.0011764280813114636, 0.013597039104705569, 0.8537256060778468, 0.00952345967757394, 0.008127716823752712, 0.0032469683963714333, 0.0007243960590387818, 0.001763947170393053]
            , [0.006711304462813944, 0.9394386767854825, 0.0014553730320537059, 0.0017186792551696934, 0.002041240493372441, 0.0036184932847761, 0.0017423486611549863, 0.004123144875337934, 0.0019038520018176042, 0.0052111826196631315, 0.0014728938554664243, 0.0021284668317761266, 0.0013662500647714754, 0.0017412649246223851, 0.0022480125358319723, 0.009290623062316488, 0.005400022432578538, 0.005346895223402578, 0.0007907671564719062, 0.0022505084411200676]
            ]
# The number of clusters.
n_clusters <- 64
# The base file name of this file (for reproducibility).
fn_distributions = "udm_0064_lclr_rb"
