# This script is generated automatically.
# Vector of amino acid stationary distributions.
distributions <- [
              [0.06364220036856046, 0.010840471580662614, 0.0366686104378268, 0.0774202931592076, 0.017000573153937944, 0.0259580938435223, 0.06022925884003268, 0.026054384203309064, 0.0771030077927015, 0.06063207429744847, 0.027640108849003683, 0.0539905591464092, 0.017197252647971062, 0.17377293984418607, 0.07428771339151757, 0.07095873412189517, 0.05745760795531444, 0.04572069853674855, 0.004481308368557191, 0.018944109461187575]
            , [0.059499807291745206, 0.008031130461152364, 0.03683852285256061, 0.06597102124783474, 0.010360904631880012, 0.02675766315233559, 0.04562716126025531, 0.020811936382217074, 0.16695202347864732, 0.049099999134904024, 0.018465014029308703, 0.05844514819046529, 0.011225673372126318, 0.0863010099391453, 0.15810181651828437, 0.07010138788414284, 0.05466501319150315, 0.0349863357617488, 0.004659617158423173, 0.01309881406131965]
            , [0.05234238396876453, 0.01078680625549911, 0.017593347510011695, 0.04352452455808814, 0.012870689570850753, 0.021557824073168363, 0.04654066510026911, 0.022262335134546063, 0.17407842168256601, 0.05029748199803299, 0.018515614712094706, 0.0488786995826418, 0.01150986093819732, 0.06830910229752139, 0.23085092906711113, 0.06609088267144181, 0.049581969541236316, 0.03496892044308997, 0.0052892717861991335, 0.014150269108669511]
            , [0.06496964651249951, 0.01949280159781401, 0.031199435403661727, 0.0577719609318618, 0.0518207258148275, 0.027084713436451576, 0.05710868277197084, 0.04611121840464453, 0.06731624452872276, 0.07522391428082358, 0.024701582764586606, 0.057087439557654454, 0.012883630329672147, 0.06412121054722242, 0.07723147192922086, 0.07643803207613596, 0.06134804901127122, 0.05561876343003511, 0.017420246077321073, 0.05505023059360231]
            , [0.09283852243551037, 0.01150090272099565, 0.06154398637388396, 0.07566560240106701, 0.012639950976161548, 0.056942161586290965, 0.041787745447519224, 0.020281402742712683, 0.06910701373950041, 0.045847809556781534, 0.014033158665098114, 0.06649412480383889, 0.02959545805001123, 0.06798537867519959, 0.06785719398215721, 0.1298176889274149, 0.07555132661839176, 0.041632368657378495, 0.004348236248609037, 0.014529967391477312]
            , [0.05550500660333664, 0.003953315514395669, 0.18501346269616628, 0.28897458290473155, 0.006324931053402828, 0.037320454718934616, 0.022301833531693727, 0.01221532014117172, 0.05707810462422759, 0.019441979299489365, 0.009113984338535481, 0.051612752652702064, 0.01108649768296075, 0.07012123253157593, 0.03534304364423125, 0.055586119306820114, 0.03913083852122862, 0.02975876887791214, 0.0014728755711945498, 0.0086448957852893]
            , [0.07064044003225614, 0.012948836142424975, 0.023696111987049254, 0.054917695230013726, 0.016748177967480835, 0.045187997105195644, 0.05548850552403481, 0.022808640532995677, 0.09070890234128283, 0.060228181073372015, 0.01758539846605869, 0.05117029914700379, 0.017826534275662612, 0.06932181874805708, 0.1883831307114661, 0.07114384672161311, 0.059074688815494825, 0.045965729970218916, 0.007724908503787605, 0.01843015670453143]
            , [0.0472777823457362, 0.006543874355178201, 0.019879548018386314, 0.05333213017137957, 0.008218307805816708, 0.022336651884868646, 0.03527427846968867, 0.018342394082741822, 0.25791423254090934, 0.037811865150057654, 0.01529839761238776, 0.053122126371043854, 0.010643428634898224, 0.06766641140921069, 0.1981564450623604, 0.059363705170004666, 0.05071513358669627, 0.024882034996028236, 0.003241734582744187, 0.009979517749862497]
            , [0.05909672432703678, 0.013344111437469955, 0.04186962451632222, 0.04990795012056136, 0.0328561898002783, 0.02606715052113066, 0.14479179706292247, 0.021174369330021623, 0.057773240640526836, 0.05683024706142355, 0.017726418739273806, 0.0722581116900887, 0.016466736597112917, 0.07804047278427992, 0.07198455994140583, 0.0801457431363514, 0.053284896212802406, 0.03137600687186909, 0.006829441156118504, 0.06817620805300367]
            , [0.045693328056069356, 0.008140666300558137, 0.01356222542871194, 0.037950472443997775, 0.008874786717557598, 0.01961866625194655, 0.0383761356312272, 0.01738902940498584, 0.22194018368479573, 0.03904653563021533, 0.01583254006263004, 0.04128506255282693, 0.008565413595971494, 0.06161103537917759, 0.279929257977537, 0.05495893706902639, 0.04352802342141333, 0.02863741823382411, 0.004730225974069788, 0.010330056183457588]
            , [0.08344197040726203, 0.017280648672414536, 0.021216748210568178, 0.050931397794334525, 0.027163416882764257, 0.020675721101816872, 0.028141706495724495, 0.08412429253276868, 0.053921058517627615, 0.09428559160387434, 0.05285818718421678, 0.045749851193384254, 0.013726209038441075, 0.05914802084229467, 0.053424222168221736, 0.08127222219236548, 0.0798038258164898, 0.10734440505700735, 0.004362833742843539, 0.02112767054557959]
            , [0.06683756806065622, 0.00945144670397758, 0.04252744332443757, 0.07065720749700172, 0.012068420372866718, 0.027606653535590785, 0.0412335830016575, 0.035253917896418255, 0.1410739327109927, 0.05528151065653973, 0.01988028446871442, 0.06226397348365931, 0.019742759992933734, 0.07198158761198772, 0.09911675864842667, 0.084981800322446, 0.07349767932844724, 0.049045257512421954, 0.003729814490323587, 0.013768400380500818]
            , [0.03804902453475231, 0.007174458406436493, 0.012822824224069326, 0.03739674098368226, 0.00790239383814212, 0.01520190491419788, 0.032399048593243336, 0.016312090733996504, 0.2997172899029101, 0.03580394301017884, 0.013540210267563059, 0.03970332665337864, 0.00799908238498945, 0.06130465824974422, 0.24948322931769462, 0.04496726081637032, 0.04036351570441719, 0.027571547009599733, 0.00308412826898676, 0.009203322185647046]
            , [0.06809410654734506, 0.010054442725392288, 0.08110856458575003, 0.17640539286359277, 0.01714241704598633, 0.02455112859111829, 0.04439183165053519, 0.043029883170973705, 0.06203962037350994, 0.058727925261587516, 0.019592087563660248, 0.05132534998796711, 0.012445625986390277, 0.07474736437832158, 0.05163738728447926, 0.06654069464845971, 0.0545779892618394, 0.05881037002307466, 0.004893158479323538, 0.019884659570693075]
            , [0.1559785136415679, 0.014856822263149001, 0.023006977506653377, 0.03494325743319095, 0.011885323850501372, 0.05976302683284142, 0.017025624575753764, 0.021187980631962842, 0.03316998693650261, 0.042041949467809155, 0.014685561130309955, 0.05814721715797265, 0.02339269093568048, 0.03637077667186208, 0.02685612725574959, 0.25034130064009064, 0.11722743362492948, 0.04580609125811876, 0.0023729341730704175, 0.010940404012283583]
            , [0.06220078462798912, 0.0055399582084432394, 0.16189804789191284, 0.21225193346290183, 0.009464119468924396, 0.03792881788647284, 0.03394967890737731, 0.01567427621340658, 0.05902582110879094, 0.03687677271204147, 0.01221086907511936, 0.0567405931755709, 0.014434373610397974, 0.07048067782180156, 0.04354881939356655, 0.06709119915697369, 0.04854611921032872, 0.037156639154926126, 0.0023657260846445204, 0.012614772828410007]
            , [0.16033115772833761, 0.006787282441813828, 0.052587375044954726, 0.07114625249622912, 0.009014748193120977, 0.06151456762802054, 0.019750205147342097, 0.018774594568953525, 0.05910224035483077, 0.040581088706744324, 0.014936933552760295, 0.055394536509871375, 0.018144323739120276, 0.05692627554254254, 0.052187633156376124, 0.16136149997354715, 0.08148175452550177, 0.048963535318563976, 0.0019330788911099234, 0.009080916480259164]
            , [0.0862820221997393, 0.04352248283220278, 0.01949371870887295, 0.024681826885749155, 0.05266877382186378, 0.043141347654425975, 0.04656656542914783, 0.04657520809694236, 0.029926793283942467, 0.06736887071871335, 0.021699263721051514, 0.06234082316797578, 0.013669519625426105, 0.04319392294185217, 0.04842168022839281, 0.1634890531214814, 0.0791938949096116, 0.0564311643882247, 0.006371778157907425, 0.04496129010647626]
            , [0.08422436050272858, 0.007762696974897738, 0.036249430506079344, 0.045622748606816275, 0.013570641846169566, 0.0440887266614387, 0.023465131743755845, 0.03416907590209128, 0.057680028431416064, 0.042731030458435404, 0.018591614511468568, 0.06686141781085038, 0.013890885076722207, 0.050173391816860674, 0.051001341831075415, 0.18776181175669948, 0.15699726313066437, 0.04866025662279413, 0.002933156977361308, 0.013564988831674698]
            , [0.03551967769273929, 0.006937193175136417, 0.00953177613066188, 0.02988019317645233, 0.005814482173559655, 0.024486070132057194, 0.035975635549279544, 0.012264369638018415, 0.22915589081421267, 0.028969504269085802, 0.01142516734487045, 0.03799407162621028, 0.007950069460474966, 0.0614359650904414, 0.35083191333308583, 0.04858327938568152, 0.03673635287529196, 0.014656484097581017, 0.0038678076953868002, 0.007984096339772529]
            , [0.06573424495787245, 0.018338200391910517, 0.0113397071429212, 0.017916908409188963, 0.075111221880128, 0.01710134803615074, 0.044518745230331266, 0.0787713928942816, 0.030987776237765403, 0.15938388535689482, 0.06346613603186947, 0.030466353759901386, 0.010650466132835957, 0.043098852105524325, 0.048093028573145354, 0.06915136003290474, 0.06034376968396184, 0.07889128132111693, 0.014544730102009502, 0.06209059171928559]
            , [0.08190666048599834, 0.012150035094414782, 0.05500779202021223, 0.05256860821277469, 0.010890266456395585, 0.05914623648780884, 0.04271501463531975, 0.01776678195859233, 0.05829641210996949, 0.029384920319712956, 0.013963080018815311, 0.12253724212777146, 0.016510595506423226, 0.0607493546320782, 0.053412413546894466, 0.1808805284556546, 0.08876288986703722, 0.028490277925772533, 0.0017066768741545414, 0.013154213264199388]
            , [0.09125718600316494, 0.007580173433077107, 0.12141108015785525, 0.14211302794896097, 0.0077907342065339875, 0.05801080742402753, 0.022996918666350508, 0.014181031419995162, 0.05895850495568232, 0.02502966571875906, 0.01108637564220157, 0.07346491004017883, 0.018561087071182942, 0.06198157581328891, 0.045503343636734396, 0.12172453506651143, 0.07224932685533164, 0.034931130889853446, 0.0017410698546131637, 0.00942751519569682]
            , [0.03313046960566814, 0.0054254054311498, 0.007884404419049569, 0.026519162775022528, 0.005712844111674406, 0.013946137760384055, 0.027041682414097545, 0.013537113269047486, 0.3070006340791426, 0.029876607829585355, 0.011647259894203336, 0.03017371261654379, 0.0069164900963059744, 0.04920357304795137, 0.3289589998897938, 0.04112209200220156, 0.032402384267646224, 0.020328557213360417, 0.0026198214265698533, 0.00655264785060212]
            , [0.03832316538538513, 0.0052525351657676375, 0.011789648027118498, 0.03465654102128831, 0.004953656392595203, 0.015054931648678445, 0.02190674856019422, 0.01179838279636415, 0.3878015848795307, 0.027144837400179905, 0.011685464672492178, 0.03822996272161438, 0.006877958914576043, 0.05483271767185103, 0.21640335076257325, 0.04482552043104443, 0.03733256309225815, 0.023015442366486342, 0.002108433866663072, 0.006006554223338814]
            , [0.06064232182201338, 0.013617592321025595, 0.0781479503722826, 0.06167384478315543, 0.015995724858290986, 0.05918922386066506, 0.06205028767003953, 0.018992902113000507, 0.07031952537754334, 0.029464299436440126, 0.013665775867464468, 0.16613240151708086, 0.014140802682998336, 0.05643483151298866, 0.06242790670728259, 0.10470840415730079, 0.05973612652211971, 0.025408512574922437, 0.004662252081795581, 0.02258931376158986]
            , [0.06080804511912733, 0.014908502707823236, 0.02102100988087649, 0.02992231787605648, 0.09447070552446807, 0.019469262800775024, 0.07637955630721012, 0.039841165479430264, 0.04077104016182422, 0.07075715241640677, 0.022033815328246015, 0.05365394456396834, 0.00991599961224983, 0.05360417821091474, 0.05312539413191099, 0.07251751777738542, 0.05887128207415684, 0.05151596509730918, 0.011038750928410121, 0.14537439400145036]
            , [0.1005673212633143, 0.037102750019903576, 0.03482849669806348, 0.03841888444643395, 0.018353356912020283, 0.058648232674310234, 0.028828681827368304, 0.01872641512168123, 0.04274945819783815, 0.04432446356258499, 0.014426163798872406, 0.06060378210307972, 0.017119118127388033, 0.04224923003085036, 0.04976627972538698, 0.2507879646983686, 0.08194958673419789, 0.03738094594015445, 0.004868888487838842, 0.018299979630344115]
            , [0.024485566872110766, 0.0032213314559526914, 0.006921858120525851, 0.025311178317528864, 0.0032680348636783562, 0.008771613285895062, 0.02113756139293859, 0.008651917703398772, 0.3912987167761718, 0.02086972203618589, 0.00925728039560367, 0.03231922629434939, 0.0035709875276109383, 0.05383494694802627, 0.3102062818698756, 0.032419978048795414, 0.027125200849280506, 0.011182142060562412, 0.0016990987447169333, 0.004447356436792305]
            , [0.06219497104621902, 0.005399478931066058, 0.08687981474228419, 0.13710147119167157, 0.008569298403801833, 0.040093834878235236, 0.04240900197249852, 0.016449780141537643, 0.12288589608531765, 0.038203244039761886, 0.013446975344843536, 0.06596841923347006, 0.010730023632297499, 0.08622224090852329, 0.09674941766351365, 0.07267135574073523, 0.055024056920620755, 0.024920991561706567, 0.0031424147278130594, 0.010937312834082644]
            , [0.05978361056821243, 0.0046897031618491365, 0.05623629507050968, 0.11823169545120872, 0.004560280657107581, 0.032425641099934635, 0.032889991116649545, 0.014037427395034075, 0.1954584672857766, 0.031237564133080372, 0.01320836499451842, 0.06257918526212412, 0.008837060174988703, 0.08946784699010929, 0.12938504166194975, 0.06722059875698891, 0.05195776212076467, 0.019120470926002737, 0.0018369799423234396, 0.006836013230867122]
            , [0.037492490785045234, 0.0046364902307718964, 0.013001858204575495, 0.04237572301205603, 0.004124818048828612, 0.015162297998320584, 0.031699517410120004, 0.011332799693641704, 0.3008968545162118, 0.026845635017240205, 0.011624444388905471, 0.04141027694191298, 0.004625956468232043, 0.08829070009130484, 0.26324406981936704, 0.0475788022620851, 0.03504965274291239, 0.01326408547660822, 0.0018255332524474053, 0.005517993639412896]
            , [0.07479941200265312, 0.013193434496312629, 0.029105989157031217, 0.051479985809681855, 0.01972432337503533, 0.02469793278749292, 0.03622220879305425, 0.05456604054970918, 0.057079470450807926, 0.060936235013394284, 0.026532845198421313, 0.06290844335836361, 0.015272468956083746, 0.055578862187940156, 0.0531277736668894, 0.10811023608649313, 0.16822388641621472, 0.06508507181954017, 0.004397365594701465, 0.018958014280179545]
            , [0.058354109095197206, 0.009089571772963503, 0.017540047411445263, 0.042677848969878814, 0.010750189470966042, 0.031967385433192816, 0.040670622403494575, 0.017170241102118927, 0.13633811462834758, 0.04218012491527452, 0.0149348592969381, 0.04135479473931343, 0.01153480396144202, 0.06199204293624539, 0.3156890036834778, 0.059296059043871543, 0.04562233713860499, 0.025080741999089, 0.00501945830516008, 0.012737643692978171]
            , [0.028847396811717666, 0.004458697519286094, 0.010025235916922276, 0.03243647038342483, 0.003712835709640375, 0.012160616539324123, 0.026366884855292927, 0.00931065480033008, 0.36690904834080285, 0.023698396523996287, 0.009556313338083593, 0.0365920981602674, 0.004620372420771471, 0.06205784767002706, 0.2772169634669342, 0.04117334340540918, 0.03261510173789973, 0.012101494692703656, 0.001164972600870706, 0.004975255106295499]
            , [0.049565425642305566, 0.003410420443493915, 0.217471723884517, 0.3476999429240879, 0.004787207286573532, 0.033721182658747594, 0.01571030434405346, 0.009684782353525245, 0.04085006864709411, 0.014585004883248742, 0.006408879505999895, 0.041369783357255586, 0.009953299025256717, 0.061011497548418524, 0.02703584057944586, 0.04982835021655061, 0.03401796612463955, 0.025049059577041722, 0.0012843630287911027, 0.006554897968953185]
            , [0.06919216192154064, 0.00703602632155043, 0.09507022062095541, 0.2758922123276172, 0.009408123234585107, 0.037822632744916033, 0.022984166726293873, 0.019638502143991734, 0.05939944366504455, 0.04099283853623925, 0.013157018374197853, 0.04068280008495056, 0.013557259208020471, 0.07791833407729958, 0.045921901357933226, 0.06026944086838186, 0.05091404899300881, 0.045588693908533186, 0.003071520756941378, 0.011482654127999087]
            , [0.08275959211992147, 0.0097152293084944, 0.0318646265823069, 0.05764683036905768, 0.01852432185934242, 0.025746676685192274, 0.04811647590646964, 0.03753613150287239, 0.0599465863958352, 0.06312726170905296, 0.017677877120564435, 0.047101182920346464, 0.14271492511318562, 0.061238090763065696, 0.06368101533309563, 0.09168277463345435, 0.06441365193486256, 0.05326914566570393, 0.005088683625830365, 0.018148920451345484]
            , [0.14772042172710595, 0.0143977692670246, 0.018979489742676516, 0.04186939886739486, 0.017065356610259187, 0.04558335703284295, 0.01593016607868521, 0.05731972632340046, 0.04085222928978573, 0.06781311602649714, 0.03125414884247558, 0.04461125324238388, 0.035552093906932127, 0.042759585973420465, 0.0301506636334606, 0.12550725912498134, 0.12338149912369051, 0.08506748942740433, 0.0027469946775510266, 0.011437981082027726]
            , [0.07770858054341467, 0.014946674477630616, 0.019060287615860864, 0.04156785841975293, 0.013443221918340189, 0.033146468268677586, 0.017212354301139734, 0.04528255691727583, 0.046929129330152614, 0.04609403639387065, 0.03199837153560333, 0.05003413014697007, 0.011777442536829899, 0.04205042298549654, 0.042029891799038314, 0.1385095164480434, 0.25494277080291367, 0.05829868072755202, 0.003213458267329167, 0.011754146564108024]
            , [0.066591152470897, 0.007846409851048584, 0.019351128068959278, 0.0635787190004883, 0.02557194704273068, 0.013980524191673678, 0.04116358346538055, 0.06280640308381336, 0.06193358680015437, 0.15721594097650463, 0.06819756777839447, 0.04509235514097343, 0.004729306655470867, 0.08964076019120046, 0.06178007246726945, 0.0629143020974929, 0.058327586566980116, 0.06321073263433102, 0.004082383894490729, 0.021985537621746123]
            , [0.08517342381086503, 0.007803204034149998, 0.04368919430461829, 0.07341819601910864, 0.012391375056065237, 0.024026064606876864, 0.04381283644958664, 0.04857009292981182, 0.07622209388135996, 0.06012143655999674, 0.03500629026482061, 0.06496902627661766, 0.007277409898318608, 0.09205530079405969, 0.06188131966839233, 0.09976352002474193, 0.08650056621068847, 0.062092820514952525, 0.0007348528308411551, 0.014490975864127682]
            , [0.09657376353282779, 0.0161183084271452, 0.04755928154652141, 0.053065529004247804, 0.020101519863398785, 0.17051707815902023, 0.025495616594892932, 0.023639955597746405, 0.05439593712026093, 0.05649006060161911, 0.018972308113843383, 0.05806813682838434, 0.01598902040892112, 0.05042513518016973, 0.05907775862366976, 0.10091979748893211, 0.0587757620178962, 0.04974466015917951, 0.006668930176753276, 0.017401440554570043]
            , [0.07504674712236542, 0.004512674863676825, 0.0750327963647785, 0.172234374161156, 0.0073926014253737045, 0.02363723344167551, 0.03868285355611287, 0.018061654482811093, 0.09039005710006205, 0.04470890268378117, 0.01570089163703957, 0.058163014937395834, 0.0069176741572793445, 0.1177947620053463, 0.06484869667056212, 0.079192997338843, 0.060139891806798, 0.037685455719910804, 0.001236080829232671, 0.008620639695799003]
            , [0.07509464184894091, 0.0038100144977520926, 0.06173605821043668, 0.07972329845351207, 0.005797104755627844, 0.04777701998025707, 0.0415772303272795, 0.01278229868626936, 0.12066067071170476, 0.02065971946782076, 0.010369579564521399, 0.09374879766517479, 0.01035453805714005, 0.08870722565079407, 0.10195873348762176, 0.1244429732864663, 0.07131414677511891, 0.019172137784205373, 0.0011350259409746465, 0.009178784848381876]
            , [0.045853849470645906, 0.001882752631984477, 0.2363615170175615, 0.35679429960239983, 0.0030925915851435647, 0.028781606869461265, 0.0195528349270621, 0.006738765013022909, 0.04204420035680714, 0.011172116714815241, 0.005186988592820267, 0.0436552993962262, 0.006809840448161859, 0.07538501036234335, 0.026664326725708717, 0.04235144589699922, 0.029653276583015795, 0.012923584530401723, 0.0007330560268049013, 0.004362637248614203]
            , [0.07673004530583784, 0.013562877958314769, 0.04975604016543756, 0.049162942627312974, 0.013182305297042132, 0.2770099946470297, 0.024498732381447647, 0.016686685007868983, 0.052304340495554436, 0.0350626322962886, 0.012504584630878281, 0.06376236906349732, 0.01658048098125793, 0.03983764334896488, 0.05749406842343022, 0.10057739097027049, 0.050170605369328686, 0.033688929719126175, 0.00547845521121757, 0.01194887609989373]
            , [0.045449109916763035, 0.009926345889180677, 0.006735265955059407, 0.014049626740553921, 0.05030555954171312, 0.00874046875124152, 0.013546254256941209, 0.14574529716341703, 0.02058697150011784, 0.31186184967844677, 0.07765818752598008, 0.014160002107846521, 0.008712102352751749, 0.03146292815624779, 0.02411237700401433, 0.03721920218346921, 0.04871415536647554, 0.10883773734718598, 0.004442959427363583, 0.017733599135230885]
            , [0.04099059065873601, 0.0028099939255809385, 0.3061179716314604, 0.3068623614139855, 0.0034495465631452665, 0.0320003089371534, 0.021820536786307115, 0.0070543020079457015, 0.035471687924902386, 0.01184552942744091, 0.005540796247973326, 0.050522689696537455, 0.009027403266513427, 0.04742100841493617, 0.022669163483774485, 0.04493651893786632, 0.029617225644569634, 0.01469945519761663, 0.001100986126874069, 0.0060419237066807255]
            , [0.04574104285433531, 0.00433697994126356, 0.28527644919247636, 0.2386719446947716, 0.006542236542796341, 0.03579656460622565, 0.029156301213642894, 0.01036524027645805, 0.04135723618134121, 0.01917715967587166, 0.0076453633776315585, 0.06404789470038905, 0.011552890032314479, 0.05123479438852596, 0.030538456262794746, 0.054691851606541844, 0.036611212576678286, 0.01768792266650051, 0.0013282166881827984, 0.008240242521258344]
            , [0.0562701168444837, 0.013450235209994289, 0.007197928588977516, 0.015028204471850812, 0.06993898576297637, 0.010384871684964384, 0.019652395563138494, 0.11869890120319362, 0.020282775266349425, 0.2311466100303029, 0.08416517724031011, 0.016299873105028454, 0.007920172934188317, 0.03552841845597279, 0.029406154195176545, 0.048667839577513104, 0.051746971567121755, 0.10992403247366646, 0.009008924765295797, 0.04528141105949536]
            , [0.11563582659263597, 0.003747895449147534, 0.04097279296718095, 0.05830730162984725, 0.007689932484146163, 0.03547881207523639, 0.016740624982678056, 0.01936648736749245, 0.05128494791080831, 0.04008273130929807, 0.010976071757160106, 0.04168640486733157, 0.22531403754798696, 0.06010279849159343, 0.047650867183747135, 0.10988264066755069, 0.06553740778268166, 0.04185426602733115, 0.0012837346613457149, 0.0064044182448004085]
            , [0.06609338620062266, 0.010941265708109615, 0.17286604940474048, 0.0926758480160916, 0.017086888660372113, 0.050392486780068614, 0.04960013217974291, 0.021919179664461663, 0.05097084756900934, 0.04999927452731523, 0.014544849508694987, 0.07633520298145717, 0.014674218560601256, 0.05177984255058957, 0.04669463560386048, 0.07948344734597686, 0.05627377279418645, 0.048603584669119265, 0.004528626800413152, 0.02453646047456647]
            , [0.06024765056252153, 0.01005898671751943, 0.01587242317974811, 0.04345167522640733, 0.04207969494542425, 0.011476340386740554, 0.020889195856543568, 0.1583782526328618, 0.05093144553596244, 0.11566392496507269, 0.05722577916689417, 0.033994218509710517, 0.00949357238398833, 0.05162117286033501, 0.052140578404779835, 0.05531217095325644, 0.06374692538897833, 0.1246825138309682, 0.003532658203495614, 0.019200820288791786]
            , [0.14619757138036565, 0.011950340037545666, 0.014921154099175419, 0.021477755839368763, 0.011677986540594642, 0.039675746123285005, 0.012597544339127362, 0.05179567293524161, 0.031077507776844315, 0.04532055460751047, 0.03376656371184953, 0.05045426213299409, 0.016842059225316508, 0.02340675332016177, 0.021591772911054834, 0.18301130626390505, 0.1946427480475721, 0.07886051082080102, 0.0020063425650572214, 0.008725847322229186]
            , [0.08289558256908161, 0.011907555533441761, 0.023004780247252693, 0.04074244106907972, 0.01843127237222695, 0.034723172501937, 0.039249923895808544, 0.03719349261089513, 0.04272846455517094, 0.06171666565369832, 0.016051486064091944, 0.04321108722092754, 0.23346225533374307, 0.048916306279543305, 0.04321374270899006, 0.0925908918784883, 0.057801990431717444, 0.04933966231382587, 0.004683917174146638, 0.01813530958593317]
            , [0.1747808545025238, 0.010154320782867097, 0.01493428235305549, 0.03131662340358786, 0.007005370458400359, 0.04956374763328003, 0.010984369841040087, 0.019264954132996292, 0.031347062613175464, 0.0293116697024704, 0.012492744735465675, 0.05083683974647063, 0.027886442742923505, 0.03538708134587193, 0.027755174671663763, 0.25453271656943516, 0.16150199079412442, 0.04367369784576671, 0.001268528253809312, 0.006001527871072023]
            , [0.018092500978439823, 0.013047486439705358, 0.004237268206211391, 0.005438426886625669, 0.30611153264521024, 0.005459713408960422, 0.04393836530361554, 0.02501910947637697, 0.005808099978737149, 0.05284956646433529, 0.010730456642797393, 0.009538691090707159, 0.003417414512318299, 0.008578237888465838, 0.008856958184201753, 0.022854964013451974, 0.011989999461938723, 0.024920396428806706, 0.02094275278603649, 0.39816805920305776]
            , [0.05904118705903314, 0.009947919153423364, 0.019417386181526084, 0.05748817082739177, 0.01298189524100082, 0.02372089715232286, 0.02644012199953596, 0.03641834966017901, 0.2531555768323873, 0.05168282150715531, 0.022521462199722123, 0.05399674860738074, 0.012405470442259064, 0.06455316569320832, 0.11586609296177912, 0.060102888151456334, 0.05710080493217607, 0.04544034506659539, 0.0042843829396481525, 0.013434313391818907]
            , [0.0623912751254938, 0.01692100156548691, 0.053428291165675545, 0.037958502313360044, 0.012575255415989771, 0.055055555477417265, 0.049768924304285825, 0.017058995235786505, 0.04931939230055241, 0.026744482274631207, 0.012593184874416616, 0.20346884368908807, 0.011259422079433984, 0.04856666736999432, 0.04404938896173611, 0.18099987075438642, 0.07468729167658181, 0.021953584835376416, 0.003133083394532649, 0.018066987185774225]
            , [0.0245550211247377, 0.004846676040576368, 0.007247766437959889, 0.022953460401704553, 0.003993719143238471, 0.011428086127881362, 0.02510032196576, 0.00905126675348008, 0.3198928461776846, 0.023322678041486175, 0.007253989214740616, 0.02977944751183215, 0.004968787112016344, 0.05240315216161655, 0.37286083495542327, 0.03537091590984361, 0.026630325611587125, 0.011409509421829087, 0.0016591528030603438, 0.005272043083541792]
            , [0.09017902861726136, 0.013097421022653375, 0.01980053498096578, 0.022663616168504343, 0.011163655854002507, 0.04182689366508329, 0.015492668498123363, 0.03170209451232282, 0.0393353763510226, 0.0358527919218393, 0.01436074426410194, 0.05861287122979353, 0.01574590583288814, 0.03186841880157297, 0.035736889809693605, 0.2731495216344928, 0.19213832408843606, 0.0439958872092648, 0.002856236939532556, 0.010421118598444763]
            , [0.08466639048271728, 0.006827919386871524, 0.0196443022764416, 0.03593458661619199, 0.00966423280109503, 0.029624091632147038, 0.016572815437454962, 0.016447703315325947, 0.035714814538514605, 0.03864032324612187, 0.010236781482665646, 0.02074281116479624, 0.4373422858197808, 0.03515506323633843, 0.033202708848992034, 0.07723712782093198, 0.04572036711418954, 0.03503372076856354, 0.0028928001987651502, 0.008699153812094707]
            , [0.24264207498521184, 0.03519300982966753, 0.015961225059874, 0.02755283969268067, 0.01578073511805574, 0.06264683397069085, 0.015194391653817049, 0.04197173810240009, 0.023548141693865605, 0.05468227480579279, 0.022605996606472948, 0.0370978710058086, 0.016877183815088067, 0.03300699278821566, 0.024908366688319382, 0.1600290603688994, 0.08254155332559304, 0.07180444364843742, 0.003314169996789164, 0.01264109684432014]
            , [0.08931866021467535, 0.009899825334860671, 0.018431500254320932, 0.03498418380659506, 0.01459797206056475, 0.03404438884476203, 0.02350850096505762, 0.023564139347831616, 0.03670849690216087, 0.05399594399707411, 0.013315572018694955, 0.027861380901497333, 0.33545131644908166, 0.04002971873746725, 0.04224663636056637, 0.08353122142412629, 0.053598278419224515, 0.046950107729421695, 0.004691651299274806, 0.01327050493274243]
            , [0.06453271592407711, 0.007186806669027795, 0.010939327523788615, 0.03676568833530336, 0.021027364528607366, 0.011660750279288855, 0.014364820889056053, 0.12303086817864649, 0.03989018205543535, 0.192497332945758, 0.07679392003655695, 0.020564121873979265, 0.00811192010114411, 0.04829733604975077, 0.038938722967410445, 0.054204706463091605, 0.07439964840999569, 0.14383532757017697, 0.0021810826185553233, 0.010777356580349767]
            , [0.04218829178579626, 0.007972577960918823, 0.015323155829135467, 0.05019914397898298, 0.004633557825145206, 0.015961383630782155, 0.03845340818304316, 0.01228372521200209, 0.22118223277722482, 0.033039447193583475, 0.012152840170263982, 0.041212921527064066, 0.0075837640851368305, 0.10566081401428477, 0.2733445863023676, 0.05094562655641601, 0.04232996898813093, 0.016856929242323182, 0.0018990797033773823, 0.006776545034021128]
            , [0.031128050610268434, 0.003598131399334413, 0.007595300155544387, 0.03219205682070072, 0.0035306025305618456, 0.010213183619886297, 0.01424619379675704, 0.011868102519348207, 0.46046583920875855, 0.02307431511275528, 0.011475066456205362, 0.033032503508665205, 0.004516348562520659, 0.05593079661306301, 0.21041960051935063, 0.03425855435532377, 0.03339850375716377, 0.013904045472468832, 0.0016634733478882015, 0.003489331633435569]
            , [0.029364443495567258, 0.014810135848398576, 0.008227501441969877, 0.009000074962490565, 0.24519380345435793, 0.008576728820634046, 0.06033194334669785, 0.03301925993732965, 0.011150546471748955, 0.06208445063909224, 0.014873562910877273, 0.017549092024077784, 0.005343896362272967, 0.015218197129372652, 0.014391284391647831, 0.03758106467032796, 0.017547409230966565, 0.03595895239105096, 0.024891052269867226, 0.3348866002012517]
            , [0.07718105271867143, 0.015614836786897797, 0.021868204274054552, 0.04342642784166346, 0.010738037259442198, 0.05268588675288934, 0.04999419886155561, 0.015999877698884522, 0.09957263373496651, 0.03525280315199626, 0.013375516669084393, 0.07222648924545982, 0.010958843680412594, 0.06406363950131946, 0.1501199452588705, 0.15531399481825786, 0.07053144227718601, 0.024473014704716148, 0.0036607209571762295, 0.012942433806495268]
            , [0.07689155630772561, 0.011180974215776006, 0.014251488587468029, 0.0187056684806819, 0.008969854923203582, 0.03064548434099716, 0.012391509878221655, 0.035077418170510646, 0.03885164600712339, 0.03457888979104674, 0.016335387974410785, 0.049936530278629786, 0.010845314476605271, 0.031745095673321115, 0.033421988221151964, 0.22925060722874296, 0.2932959977081356, 0.042852549788969053, 0.0021253373328228744, 0.008646700614455806]
            , [0.08621668436289147, 0.015137541386375046, 0.014588464394239425, 0.04037124616589041, 0.021992153137676308, 0.018293253534706823, 0.0174754355167195, 0.10302186109682965, 0.047604566885357316, 0.07786179260484975, 0.04848559597326906, 0.038036138986169074, 0.011815567830940702, 0.04586018712695384, 0.047479103571744306, 0.06600606608245714, 0.07769021200767509, 0.20278723780383096, 0.0038040904532989023, 0.015472801078125547]
            , [0.07399544470197707, 0.012172219178120605, 0.04589108676343538, 0.04140773698001778, 0.009891777211015817, 0.4167703949572713, 0.016016632765517735, 0.01311027459171128, 0.03878225174585979, 0.021891113793330724, 0.009793440895461776, 0.05270850073148598, 0.011660623807027988, 0.03065328796414322, 0.03970349152560919, 0.08526554036186589, 0.040652098008906914, 0.02687248656104882, 0.003460580013016205, 0.00930101744317658]
            , [0.05464984414544722, 0.011146278917450646, 0.01013932499926738, 0.01921129631029355, 0.047353012754906845, 0.013025352046140703, 0.021089656531156645, 0.07257624305257283, 0.024884196841378475, 0.34122142898577584, 0.07170682125634179, 0.01893938750761709, 0.011271764090607655, 0.048741698011590895, 0.04098522286079327, 0.04723158680365114, 0.046421765363065505, 0.07432526456287458, 0.0053122324909945905, 0.01976762246807342]
            , [0.047247580931478454, 0.0016920541429203755, 0.2869502098566849, 0.34704649387219394, 0.002348972795304342, 0.031217488246876837, 0.016969230062262617, 0.005130772592078916, 0.034823235236101466, 0.009220927950012624, 0.003976235851663254, 0.044054112620234384, 0.006653856460006687, 0.0494441426325964, 0.019978862756754766, 0.046330562206107255, 0.028899752515909708, 0.013634779968265086, 0.0005318409215855714, 0.0038488883809623914]
            , [0.05338910697815681, 0.013009682392505982, 0.02884588276012236, 0.04430247993577117, 0.040230869089325313, 0.02428327622013462, 0.229200806210229, 0.021699235982367275, 0.047185111533968704, 0.05145047957999903, 0.01590806063298793, 0.06446980556181481, 0.014089655944478585, 0.0636071266139506, 0.06356920112991324, 0.062392756359872764, 0.04547847848082948, 0.03901653044570532, 0.006584932948664242, 0.0712865211992029]
            , [0.0576933208907268, 0.006644808366068354, 0.03924724411283413, 0.0929322849209142, 0.007092372326795744, 0.017870882567864226, 0.054598143173278144, 0.014806357752307507, 0.15356520306319665, 0.04699852965953373, 0.01484634842284245, 0.052122393108272685, 0.010205408581604299, 0.15873620877825875, 0.11603958600725306, 0.06336269547276993, 0.049967544640244936, 0.031968020902613865, 0.0016540067075850437, 0.00964864054503558]
            , [0.04679150063976684, 0.004471167488651872, 0.032969186538914085, 0.08055431512081537, 0.004118190806475269, 0.015181272882478936, 0.033042621398667905, 0.014414141613826816, 0.26094442406350415, 0.03635691130292565, 0.013483291712613865, 0.05124958410542775, 0.005447704164296231, 0.11863046695571888, 0.15801813913577442, 0.0539488152778495, 0.044297263337507484, 0.018584292197780645, 0.00152573530543388, 0.005970975951570222]
            , [0.05407496454067358, 0.0038044277950147116, 0.13146388872069406, 0.42331730441726606, 0.0048940305625382475, 0.026627256369941357, 0.013851506792587764, 0.010492338726922047, 0.04704531498250094, 0.01827574973045237, 0.00836625818572363, 0.034217153080619164, 0.008115381466032525, 0.07290146221401748, 0.030287482332871554, 0.04339098275033936, 0.03289947741681234, 0.028184120171255815, 0.0016000298275538395, 0.0061908699161828664]
            , [0.03563549354219379, 0.01840735928043695, 0.007317144293075714, 0.009198338273839313, 0.3046542450125985, 0.009262716737839358, 0.040751001237532086, 0.046528788158085005, 0.011559807297591644, 0.09772942231480737, 0.034004298964655934, 0.01651947980384656, 0.006683744883489163, 0.013212631979939223, 0.014616289581774935, 0.039244121975086595, 0.021376687888709348, 0.04459725098257094, 0.018324282726639003, 0.2103768950652885]
            , [0.1122814681413687, 0.005397259834368759, 0.05571869948700089, 0.1009751161589615, 0.005290020820412664, 0.045458383280246074, 0.03102902628006142, 0.014496868902062879, 0.08273086742956762, 0.03279275622289753, 0.01412711209159907, 0.07111016763591484, 0.0062518405725961335, 0.09680876506484479, 0.05683928005569385, 0.1373079247910649, 0.08715879570825538, 0.03678264226254523, 0.000963859377027794, 0.006479145883509952]
            , [0.05438431770455461, 0.012203790700323396, 0.07365951517114425, 0.04430263310767628, 0.013569762457721405, 0.05138225766454729, 0.04991589734839216, 0.019096763827513435, 0.05131303525334801, 0.03633003441667828, 0.014509191886726556, 0.29207006240938294, 0.01137357067176599, 0.043764058526561726, 0.04433221581765297, 0.08182567387613865, 0.05375672192998302, 0.030328963718482718, 0.004122812306934095, 0.01775872120447226]
            , [0.057103213571549835, 0.01076140885075265, 0.011031176480364804, 0.04828807439520039, 0.01883874153289988, 0.01191102427729559, 0.02410913698737456, 0.08090721784067399, 0.12421390582110485, 0.09664935356435277, 0.05687053557717144, 0.0361223547782986, 0.006138702976941753, 0.06888156627292245, 0.11677093217776718, 0.05494422415332072, 0.07142474061585756, 0.0860050993752466, 0.004128889210416885, 0.014899701540487378]
            , [0.028088081213998497, 0.008082143674558237, 0.003838497519009885, 0.007115368140054126, 0.052901153419004386, 0.00541575517099397, 0.006986251895149982, 0.130724430133728, 0.00929152928949495, 0.4844290304075519, 0.08233184268064482, 0.006945873729851761, 0.005730670853858467, 0.011883166854794066, 0.011463900272253903, 0.020215995412561333, 0.02491672261200303, 0.08509375273273202, 0.0032817323042477757, 0.011264101683508766]
            , [0.06724886129708531, 0.01079253072127401, 0.015693291388263187, 0.04488301370808556, 0.01819229659477946, 0.013713070970104322, 0.01827461910278067, 0.10352387501167165, 0.05029754905653867, 0.07907625174946958, 0.05043353324159199, 0.04776902570135141, 0.007631127319683161, 0.04710101478903991, 0.04649009475233179, 0.08811702131114148, 0.14985806555395684, 0.12283763878636096, 0.0027336087235897855, 0.015333510220900296]
            , [0.05584356762180535, 0.003006003557935253, 0.2393024542727208, 0.26886554516750755, 0.0035484190455804775, 0.03707832562059869, 0.02235896831943672, 0.00553278140757365, 0.051306710543269754, 0.011815677589774877, 0.0050915505170728, 0.0706479618648588, 0.006748272708839415, 0.06504529022070848, 0.03134366929564268, 0.06728559162775637, 0.0372869611089292, 0.012459102465144369, 0.0006171371460728103, 0.0048160098987720616]
            , [0.07351849195255881, 0.012837853566086835, 0.014398450145898216, 0.027547940885785282, 0.04701600583404341, 0.02136390882564551, 0.02139830589406926, 0.0757987117111081, 0.040036076994743985, 0.22953948104913155, 0.062231750996293085, 0.027897268719780776, 0.019127221929699872, 0.05355777225271798, 0.044765036304693515, 0.06648589736133706, 0.06045350589598037, 0.07906020034747092, 0.005572854781211561, 0.017393264551744014]
            , [0.046247102605897025, 0.005239180198033929, 0.026132697488299838, 0.047992577726096365, 0.0029565049417941327, 0.028260940361314775, 0.03033057462930541, 0.0108422940594312, 0.27153474708391284, 0.016685034450198408, 0.010838674151819579, 0.06513708914799038, 0.007263739548714972, 0.07416649603369449, 0.20517135659202412, 0.07511146454658639, 0.05566945524946019, 0.014714996689385978, 0.0010041234782002216, 0.004700951017839661]
            , [0.060407391397932365, 0.003801942648265917, 0.13662120481126516, 0.21491963486250032, 0.005304542003174259, 0.034784036009113714, 0.04527712731096959, 0.009279880344628436, 0.07330325964540667, 0.027928483862058304, 0.009372157074252948, 0.06632996505493101, 0.007281704813492163, 0.12157000840978034, 0.05494629091804702, 0.05891217477316251, 0.04476398387327329, 0.016305167356877117, 0.0012684642880689046, 0.007622580542799973]
