# This script is generated automatically.
# Vector of amino acid stationary distributions.
distributions <- [
              [0.07758492268530089, 0.014197077749661528, 0.04774410306745073, 0.0617250865266234, 0.02530143908967392, 0.04308720678743995, 0.05810002800083216, 0.044957440635363145, 0.06506996496270691, 0.06651982686148945, 0.023368713875999425, 0.061184186753185626, 0.018414084918074038, 0.06980386002362027, 0.0663267326459393, 0.09224099341032077, 0.07112190553014425, 0.058948138707525397, 0.006876406951787562, 0.027427880816861316]
            , [0.04311213622158847, 0.007659769286547153, 0.013264628480141392, 0.03897616842887619, 0.007701164310366382, 0.018501786942081634, 0.04035793352560598, 0.01528776762509141, 0.22383842005419202, 0.03793188488425326, 0.013924611864148735, 0.04425484941494163, 0.008248409788901002, 0.06925608752940227, 0.2828870809452985, 0.054689251249561886, 0.0449837778577506, 0.022262812726565533, 0.0033861354908202, 0.0094753233738656]
            , [0.07280419957352913, 0.006753790189923541, 0.0914871927288692, 0.15994735926286915, 0.011281202508388107, 0.04003051671896041, 0.03980928803795334, 0.02270752832133231, 0.07563916085355285, 0.05015471249009396, 0.015483378551306829, 0.05817528399383887, 0.014338388577530378, 0.08055232630472811, 0.060688543106356255, 0.07517983226367335, 0.05922151510523472, 0.04955085273763776, 0.002925768244727552, 0.013269160429494428]
            , [0.0602016519173035, 0.007754518988337843, 0.026498992159232383, 0.06274719568389232, 0.009217610497321893, 0.028235111259277745, 0.040159638263528766, 0.02237012002275161, 0.19729509291714006, 0.04480060921133548, 0.01812575187782553, 0.0574893687425797, 0.012735931075667235, 0.07573156328675026, 0.15185903237298443, 0.07103734029154442, 0.060137011269095514, 0.03916904399863606, 0.0034272188184237334, 0.011007197346371548]
            , [0.09283659223230212, 0.020441872860073894, 0.03720995611183792, 0.04112648546756299, 0.01887414045090991, 0.058172874395713246, 0.04221413096892105, 0.022037155573526382, 0.04617364862668116, 0.05085386401539943, 0.015831042679649757, 0.07130630154571313, 0.019255352791496837, 0.04820857335639528, 0.05161529215948467, 0.2083101920579411, 0.08797669700470093, 0.044027344385793074, 0.004134331320891189, 0.019394151995005993]
            , [0.0352849363859805, 0.005006680974293337, 0.01110958648729569, 0.03624487756482987, 0.004774520403199138, 0.015299393200851356, 0.029919615409274663, 0.011711469315267268, 0.3333895498956854, 0.0279288054359921, 0.0115947490549383, 0.04111576671002866, 0.006047541666468214, 0.06646927961407446, 0.2572023813054695, 0.04661893920582921, 0.03704170550777164, 0.015534000316961219, 0.0019176720858350262, 0.0057885294599544605]
            , [0.08036294418430766, 0.006634469106906185, 0.052106436619790385, 0.06949730420541331, 0.006958886779508041, 0.05133361837211513, 0.04151190444780833, 0.015073910170264345, 0.11321667694397534, 0.03289082334550981, 0.01279272777768273, 0.0828468619414455, 0.012332452311161863, 0.08011235747186236, 0.0992590037416784, 0.12740120127292437, 0.07800929609053618, 0.026997783879291866, 0.0015261795200141061, 0.009135161817803827]
            , [0.0649429172450378, 0.011858056288433607, 0.01951464179542937, 0.05515455590578477, 0.019263895950406288, 0.025217965601951938, 0.06381382783816751, 0.028412610147845, 0.10400475423777357, 0.06677160279277554, 0.02031346052044622, 0.051623349527111353, 0.010678012685225434, 0.07886946966333015, 0.16784912696499157, 0.07087452665535003, 0.05979368548093701, 0.0482101302233453, 0.007990363025572957, 0.024843047450084543]
            , [0.08659214388317718, 0.006851633717584921, 0.04024456921981682, 0.05848732941434969, 0.013845455310784335, 0.025442782123420035, 0.025968675512247002, 0.0404559209640957, 0.05874680679311396, 0.06419593756929291, 0.015306737811613558, 0.04171471049757342, 0.18757662946806777, 0.06136014957544106, 0.05988417647763378, 0.08559260171579856, 0.05977613646773842, 0.05207931580127892, 0.0032236353756166752, 0.012654652301355193]
            , [0.06785723889927774, 0.013641346471480891, 0.013762101480341918, 0.023672305203538913, 0.06476583598381304, 0.01719023004360605, 0.029768089242073477, 0.0809359617484157, 0.04221806221832869, 0.16084758235060206, 0.06406386786773827, 0.036797574286238595, 0.013972573954889194, 0.05036615086337579, 0.052768675755513, 0.07008363551335477, 0.06303565635056411, 0.08086886970674045, 0.008452941183611205, 0.04493130087649598]
            , [0.0677347547528413, 0.003909706744568235, 0.06764323591900319, 0.14349986741401127, 0.004623896408031353, 0.028979991746591965, 0.032602494566448606, 0.01363426755368199, 0.15600179105651985, 0.03457564001592186, 0.011994072185826972, 0.0602280313934425, 0.006771717132051768, 0.10236879235732516, 0.10195934892904916, 0.06850363258650681, 0.05591848957612531, 0.031060774242639068, 0.0013452893828744118, 0.006644206036539223]
            , [0.17805861874771337, 0.015388306316032368, 0.024401101948960734, 0.0395204622971939, 0.0102105872164721, 0.07461150403328355, 0.016114046789797346, 0.018725702680512983, 0.03723968030816846, 0.03917774666454669, 0.014337337647795961, 0.05779498083262114, 0.01806964407516784, 0.04359390832669511, 0.036716216917466245, 0.22208844848066098, 0.09478762894152185, 0.047184735739777245, 0.0020949102884529687, 0.009884431747159203]
            , [0.16244934622423396, 0.006371209312870301, 0.04674499422997393, 0.07968872489026595, 0.009066732835312175, 0.050219677948455145, 0.021031875844549134, 0.02401404782548793, 0.06532913140215937, 0.05203161515713195, 0.018822330871590014, 0.051764724109221186, 0.012811352679893943, 0.07442708970687821, 0.05543142342971532, 0.11703743139603437, 0.08275121837545568, 0.059531625325721385, 0.0017900867645575008, 0.008685361670492624]
            , [0.0930718842742874, 0.0060361652212679254, 0.01929408389026939, 0.039570730846242234, 0.010038272766465494, 0.028332930670187557, 0.01758911911551126, 0.02835433924592129, 0.04281789841545743, 0.047832865885090094, 0.011792893347139032, 0.029733371502430415, 0.34429122314542787, 0.049059948027604806, 0.04473803512141858, 0.0792058336758845, 0.05319297509623388, 0.043895683962741426, 0.0025431628949323403, 0.008608582895487214]
            , [0.04689945303400796, 0.0024012022592222325, 0.26473104317292717, 0.33023821905214146, 0.0031877367445672096, 0.033073116232578234, 0.01883150644205096, 0.006156060460445538, 0.03947516868977347, 0.010743472956743284, 0.004918749673230961, 0.04934575635029036, 0.007536197457586177, 0.056460997431108426, 0.02541217009066866, 0.04861000718676567, 0.03188150011502068, 0.014480512492189351, 0.0008313290041045734, 0.004785801154577867]
            , [0.05927113801008035, 0.00450404242825392, 0.17601700673182344, 0.23642574098822738, 0.007127445255232548, 0.03997908081530035, 0.030211523520795872, 0.013114918193574661, 0.05822601160689611, 0.02942236969064218, 0.009807636278984094, 0.05912558109794548, 0.012964772098533875, 0.06956590230529532, 0.040191539512513565, 0.06467363817951424, 0.044957750367921566, 0.03324155850642061, 0.001671074388243728, 0.009501270023800485]
            , [0.08379292170828428, 0.011127493511094025, 0.020309944181553338, 0.04549898890293672, 0.01548036221067105, 0.023234177598925827, 0.019035913854538095, 0.056265637090689886, 0.05460845469618008, 0.05644254190950021, 0.0368167691370508, 0.05781355181699319, 0.012761069134416554, 0.04798704663353449, 0.04917666486977598, 0.12725224367619672, 0.19617120608066038, 0.06993685505383493, 0.0030268729829418897, 0.013261284950221294]
            , [0.060106952054822534, 0.012583554530250151, 0.0739370096691275, 0.05224871431666041, 0.015167677616304557, 0.05550057568497593, 0.06147942048129592, 0.01920088522181234, 0.06239956299402454, 0.042614584289549215, 0.014320703161345372, 0.18433670468256583, 0.011126996541850375, 0.057169453262738756, 0.054991612284386746, 0.10673114286424279, 0.06276978227766104, 0.025803305538921732, 0.0038840442424513664, 0.02362731828501273]
            , [0.06651398751294751, 0.008995847857276864, 0.010292622465014412, 0.024235374883023842, 0.035240612695433646, 0.01123792377605201, 0.01338092474048959, 0.1734056186425999, 0.037483529869249695, 0.1378247131392351, 0.06466474762421537, 0.022071014780605743, 0.008555732675939952, 0.040016633928126245, 0.03509246276198193, 0.05444233327744475, 0.07619110635588544, 0.16276337938992402, 0.002946828254706596, 0.01464460536984752]
            , [0.07778670779009449, 0.00966279565184372, 0.017529168187272886, 0.05832069122776044, 0.0166735120387014, 0.014086192932281468, 0.01906158226702952, 0.10407956888667033, 0.0646597402497442, 0.08170800958774473, 0.04614499811734779, 0.03940004200790454, 0.008654299082614336, 0.05687684154860145, 0.05862589004325998, 0.06844265569647956, 0.09083032186786544, 0.15053445412075583, 0.0027713046781295356, 0.014151224017897982]
            , [0.09340192251623396, 0.012559229089434718, 0.05968924464388342, 0.05926701557243508, 0.012616212433630529, 0.22563351953426716, 0.023931403683334827, 0.015850680488604246, 0.05219967600715016, 0.03769183061326215, 0.012647846976551042, 0.06458489209178427, 0.016531100483883086, 0.044977532944972524, 0.05482866268658715, 0.10662900388728502, 0.05322131631836752, 0.03711121301659472, 0.004587719475551064, 0.012039977536187402]
            , [0.05935983505587493, 0.011172721366045912, 0.009211568303660125, 0.01726269787730342, 0.05512231491247214, 0.013392582975183755, 0.021116208479680276, 0.08110210173935782, 0.03279366423213256, 0.27251590472955506, 0.08780739829843633, 0.01929612749579831, 0.008757877168006653, 0.047429783088995627, 0.045411782673681365, 0.05440230063174063, 0.054179525794301714, 0.0784538095067987, 0.0059476595021812715, 0.02526413616879313]
            , [0.06675967346389831, 0.0048771101001648985, 0.0887368720462793, 0.27443767910362615, 0.006695526246841084, 0.030484303754560557, 0.029065289545300167, 0.016019684945666354, 0.0764576485803441, 0.04065215734728888, 0.012119476258302344, 0.04291065738169413, 0.008327427425812533, 0.09695776877821251, 0.053719768011073074, 0.05496766657746936, 0.04798885817374945, 0.038169397496390964, 0.0020120679259575803, 0.008640966837367958]
            , [0.0685975818529584, 0.00262882262714694, 0.18775991069587336, 0.29491548375963933, 0.0034494422765617553, 0.03470912948311951, 0.02299129386557281, 0.0076727065529720515, 0.056759432206698275, 0.013617986130409166, 0.006173759444211496, 0.050110936643741735, 0.008562677519184604, 0.08356219153899147, 0.03656789987612372, 0.0602333391664887, 0.039522546239990464, 0.01663400699593362, 0.0007108735145705993, 0.004819979609811917]
            , [0.056850269232253295, 0.011450760970330941, 0.014892711281020663, 0.039446625962174096, 0.012749917174314203, 0.03165111787640089, 0.0539164907943736, 0.01995247478638886, 0.11630485638577112, 0.05010393066186069, 0.015377987543345911, 0.0437205209533384, 0.010774377107121357, 0.06442002377137643, 0.2868509506169935, 0.06321204104810245, 0.04880034558147004, 0.037477977234555114, 0.005706394863730981, 0.01634022615507728]
            , [0.05298519896728067, 0.01211496286583926, 0.028354111348281585, 0.04264420846126477, 0.04499459037396494, 0.01982961216476419, 0.20569897563933356, 0.019273699706688033, 0.05154293403697972, 0.055605400537573645, 0.01490568384511553, 0.06919310995347358, 0.011152158162245723, 0.07653017972034534, 0.07024713755200085, 0.0676303727968997, 0.045592996338662366, 0.029605081154933585, 0.006231264925017682, 0.0758683214493351]
            , [0.0626727362151575, 0.015217722237732155, 0.016492856368511555, 0.023509870667571917, 0.10904777238221791, 0.01794687813435017, 0.07853958207884411, 0.042490321680745846, 0.02883583609747371, 0.07159788123686306, 0.021541634223894473, 0.05273023527731316, 0.009038884243042562, 0.048754080407649586, 0.050551194665031995, 0.07116308879668332, 0.05525402181009642, 0.05374488350220271, 0.014891542773513618, 0.15597897720110435]
            , [0.02718755806459666, 0.0038671540248172956, 0.007919523300875364, 0.026588425802603184, 0.003587528518030678, 0.012156312661815034, 0.024163570678222616, 0.008533173591803686, 0.35350926846081715, 0.022623366517352625, 0.008305387514040339, 0.034846989889507754, 0.004565468158684965, 0.05250977060588508, 0.3247003617039912, 0.036980477751060434, 0.030072437539545867, 0.011819150377173829, 0.0015225326508537039, 0.0045415421883224]
            , [0.09888776837317578, 0.009798147477623155, 0.03357123431468346, 0.038571130325195456, 0.009343731742295143, 0.04516570607265368, 0.01606170249384111, 0.021807240771397656, 0.0431619528964507, 0.03469893099838138, 0.013812140162774192, 0.0683632369622684, 0.014978759678539906, 0.04161213678036412, 0.037113280709397636, 0.2392664791318396, 0.17996521798397982, 0.04291968534457169, 0.0019808449998551577, 0.008920672780711974]
            , [0.03304247464463974, 0.00556083372857856, 0.007684583196656617, 0.029314247506247584, 0.004912872071890758, 0.013066595528315062, 0.03686072558570935, 0.010752794883279253, 0.22191976757486112, 0.03170831394865717, 0.010189890205644155, 0.03245717285863898, 0.004890677397550503, 0.06620916352691096, 0.3930228786953741, 0.04054870607140661, 0.032677493561981796, 0.015640121110844018, 0.002689792032733951, 0.006850895870079611]
            , [0.06465061125497351, 0.008409747165308686, 0.02648299978435385, 0.07827730101735213, 0.012789665292850617, 0.024826215519766697, 0.06426929353895394, 0.02222557326970983, 0.06884002151292996, 0.060089213329295184, 0.03458238588630668, 0.05611985262235437, 0.011540814785336232, 0.21099067056123158, 0.06795171519228055, 0.06795111553532471, 0.05832903188713416, 0.04293673204586834, 0.0034442261358144017, 0.015292813662854074]
            , [0.11812091034877342, 0.0043900854345558064, 0.11610318819398943, 0.17132124022445128, 0.003823017673439124, 0.05364616501331061, 0.02058849024438707, 0.010516647649195172, 0.06787049122076831, 0.019764793949160184, 0.008961304234568673, 0.05871077762561961, 0.011750463770048554, 0.07887464172532507, 0.05468529779570244, 0.10390081872135658, 0.060927863349122716, 0.029707058391653385, 0.0011014498110100482, 0.005235294623562863]
            , [0.020401656863719565, 0.002672510734239446, 0.00442965684123748, 0.018782134366910303, 0.0022017386934272826, 0.008250381496989792, 0.019290502297551484, 0.0065719749866083935, 0.40561987933944527, 0.017428634172353585, 0.006621285024178168, 0.02792900093524747, 0.003335169407240968, 0.04321804457382376, 0.3498303323068082, 0.02750258915823588, 0.023770701205502412, 0.00822406956786439, 0.0009529270608010324, 0.00296681096781495]
            , [0.11637978518620323, 0.006248422853281142, 0.03573163701030202, 0.0420550582562528, 0.007658603152588878, 0.04994792249809113, 0.016802368599850046, 0.014457831202449341, 0.04402901231608658, 0.04028943801932341, 0.00875113625254459, 0.04618309261130959, 0.18418562864865037, 0.046797437114809624, 0.04017523724492678, 0.16902548130994663, 0.08449558515946089, 0.038225534545022706, 0.0015824654479215238, 0.006978322570978449]
            , [0.04582985233529445, 0.008651501445154261, 0.005742103215018491, 0.013126673416748674, 0.046946855205192574, 0.007551201145997645, 0.012144448515775457, 0.15968822161108065, 0.02813696659767796, 0.275595361171372, 0.08837217249061154, 0.012705533519038486, 0.005760251265763056, 0.03362449979386388, 0.03058238393768234, 0.03645726607328182, 0.05008639494612337, 0.11977077793249302, 0.003955386691629962, 0.015272148690200306]
            , [0.06039084330264217, 0.007826696181986285, 0.2266592729836876, 0.10933323625154345, 0.010177015272133019, 0.05706149983250383, 0.04767706923243482, 0.013317523573445119, 0.051131057497376224, 0.023848694345331715, 0.010237395373195155, 0.09969369573719959, 0.014239363701232723, 0.05067982125652242, 0.04091634895112568, 0.08381243441933099, 0.05142969000647246, 0.024010986322129543, 0.002990984209449029, 0.014566371550258198]
            , [0.051053559919474384, 0.005920028363651309, 0.017562716727770607, 0.05233301591140855, 0.006853089116616522, 0.017739463764344727, 0.029310805607193527, 0.020434419987297087, 0.30684571354847195, 0.0369918942981517, 0.01584697465747079, 0.05089885041421667, 0.009279747937060516, 0.0644986830442615, 0.15979141759412474, 0.058494341238753994, 0.05364301010849764, 0.031971607059278255, 0.0022372402238372215, 0.008293420478118565]
            , [0.16307166846169344, 0.03616431519587568, 0.009376802788988076, 0.014677790255868644, 0.047753932096157733, 0.04889149237341891, 0.012717336039082759, 0.07643955305180487, 0.015284974565471987, 0.10424800582601533, 0.05568041212405729, 0.02150446821237403, 0.011778584300366253, 0.019980686494305865, 0.01727779286332298, 0.11497569980494712, 0.09619681568259598, 0.11183730672798577, 0.004453904708794167, 0.017688458426873097]
            , [0.28279899359461314, 0.025632868325814632, 0.013130750783371963, 0.026645177005014144, 0.00933819689841788, 0.059776104703716755, 0.010973416335850457, 0.015919848643123145, 0.026153115652108, 0.03300773872934243, 0.011933513049237841, 0.038971878271793735, 0.014765207878223361, 0.028814697188290748, 0.018771632894886026, 0.24172631307489037, 0.08574458339212347, 0.04631898050281104, 0.0019230602854143175, 0.007653922790956676]
            , [0.052299053380469925, 0.003830446710212215, 0.030949022842869822, 0.07134790913421665, 0.0031229248394694753, 0.02247006612424634, 0.03367694186288315, 0.010164802424637008, 0.24059092585320432, 0.03041348418517833, 0.010866016947757465, 0.05228999131249658, 0.003664185311637707, 0.11152264496439002, 0.20013833222191812, 0.05773214337541103, 0.04467437188175916, 0.014486522776516015, 0.001151368400438567, 0.00460884545028801]
            , [0.12147216543770764, 0.03416889578479226, 0.02033648253109583, 0.018196732212728932, 0.0104497062029079, 0.05539057206272257, 0.014272481103951516, 0.013428762759792129, 0.02471936323550242, 0.031788276112878704, 0.010205658515006065, 0.05982618785257636, 0.01589793407261609, 0.026991117564462402, 0.030989882047088142, 0.3710854380377091, 0.09686427855517744, 0.03143159431384024, 0.0025550362508106185, 0.0099294353466336]
            , [0.31932739444347036, 0.020384609438493347, 0.014609701089950288, 0.03733730591324286, 0.014881364829188351, 0.06173644960607067, 0.01566281998055291, 0.04039937782281632, 0.023439670631424173, 0.05317497891259906, 0.023664152722798884, 0.026397549263653872, 0.013900003370592204, 0.03440319237248705, 0.024178089555128342, 0.11451687157110174, 0.0699496085216685, 0.0754542758243152, 0.003542630467950092, 0.01303995366249572]
            , [0.1910893606849804, 0.016545891606937393, 0.00963572207693026, 0.014682697532103791, 0.011619052267483063, 0.03770028955220263, 0.008590984127252387, 0.055457672497648304, 0.014680174122050197, 0.0510737969875787, 0.035310865803614776, 0.038927334974013794, 0.0131831359514768, 0.017516390103431635, 0.013494883556162166, 0.16592061102862177, 0.2030167506728303, 0.092391700790187, 0.0018905711585529587, 0.0072721145059414976]
            , [0.05093680488939649, 0.004069354746850301, 0.2900280249519659, 0.21830807264168806, 0.005509145250546465, 0.04043292927529756, 0.02974478910831399, 0.008991105292332761, 0.042295115759912495, 0.015401890900223033, 0.006781772858321637, 0.07111121970487039, 0.011304507668040226, 0.05045959409751363, 0.02920067070122176, 0.061446616024278, 0.038471367937401815, 0.01681207475784755, 0.0013252530555807483, 0.007369690378397429]
            , [0.05051509446397199, 0.0065410191744763235, 0.022729673344522503, 0.07838630578137216, 0.0060472965409003, 0.017110305334835485, 0.059487325107458015, 0.012374212543922977, 0.1604166360289701, 0.044899406512374944, 0.015111379989789925, 0.04847909839156809, 0.00671945500992704, 0.16321325469351333, 0.17385675120544952, 0.0554172392411032, 0.0437958157922965, 0.02216786888201193, 0.0023732269062251934, 0.01035863505531044]
            , [0.04198697272658597, 0.00846661187733699, 0.0033318463738045445, 0.007467796527482295, 0.044321995875297504, 0.005915727142399902, 0.006493002170676277, 0.22316783593850625, 0.010034530804198964, 0.2884228961800763, 0.07425867056586385, 0.007228817976892129, 0.005101330635000542, 0.010926260609520358, 0.011046394305434871, 0.02493296825748583, 0.04226924438576243, 0.17062694742275858, 0.0027752563638579813, 0.011224893861058549]
            , [0.07935476591719942, 0.010458297178398638, 0.0472566912029072, 0.04527847166945626, 0.009301269408160421, 0.4076252081519731, 0.015358201632162569, 0.011691925203760618, 0.03814163644338213, 0.026132321438129564, 0.009465653166584643, 0.05234983569797398, 0.01233506798454654, 0.03219394852871592, 0.04195977989479389, 0.08374939024625426, 0.038655428021780396, 0.02667763328424573, 0.0032652182655017493, 0.008749256664072943]
            , [0.07157561697391795, 0.011670217786019722, 0.04891419975295778, 0.03649311340188764, 0.0077801720524316035, 0.0549664596368719, 0.0411300620900889, 0.014222230610719271, 0.0472401074469645, 0.019888718623427157, 0.010169565559777303, 0.17902782089821134, 0.009927669270328615, 0.04910851502928865, 0.04057925884718329, 0.21322063915765213, 0.10371725895040301, 0.028502341510083046, 0.0017355498575308635, 0.010130482544255416]
            , [0.08828290282385898, 0.004570310845493187, 0.10763818387495122, 0.0900521608174971, 0.005439400911459034, 0.07172442541486149, 0.03537227799342289, 0.00924755295000578, 0.06264434074889527, 0.014441579200072942, 0.00740460400828714, 0.11182586012273865, 0.011364127558561801, 0.06092762962552361, 0.04827694832804912, 0.17039601760561823, 0.07672707570832839, 0.015220116782729354, 0.0011235201747501564, 0.0073209645048957755]
            , [0.05261862994835435, 0.0087316058366917, 0.005215587303077063, 0.01158682520121706, 0.0359232932351978, 0.007814690121541346, 0.008392114820057287, 0.24293525244350545, 0.01507322937573089, 0.1604306153933837, 0.05881585043434115, 0.011071197218790838, 0.0062847895873617415, 0.015837761252003875, 0.01641577524970512, 0.03474006888394762, 0.06175436856237741, 0.23117646690004195, 0.0024490569508914383, 0.012732821281782176]
            , [0.04088765779294565, 0.0018980192548102874, 0.21422688157437988, 0.43751314195841723, 0.0024269342951841063, 0.025475157472036304, 0.012717073500325244, 0.005343371711724211, 0.03898334582142206, 0.010153493112795496, 0.004648130323925533, 0.03506853416489168, 0.0049497214829187074, 0.0662679023151114, 0.020392325024978796, 0.03462133026644776, 0.024087205154841907, 0.01614379195204842, 0.0006256722305384814, 0.0035703105902567065]
            , [0.03497830612833722, 0.008525710142259451, 0.001353030099660464, 0.0023162867332328237, 0.028688385700139526, 0.0035703606450052, 0.002207948345712757, 0.34666263655959667, 0.002830109736687743, 0.1531315511917869, 0.04356337485807085, 0.0029626239880993326, 0.002667258541431447, 0.003303908430930499, 0.0029766216455191746, 0.011943455318786697, 0.029496654023542877, 0.31275481714426906, 0.001193562121536247, 0.00487339864539511]
            , [0.0728793403243998, 0.005102731346452625, 0.014238545888683618, 0.03165425612201044, 0.0070397209848435975, 0.021139659677550323, 0.012131152084035887, 0.01529021665012783, 0.03303454355966886, 0.04167030187115028, 0.0077644572532831165, 0.014354615182444687, 0.5160650313820649, 0.033328150614265056, 0.03110298172220516, 0.0614327312413815, 0.04046740382261908, 0.032987928173900276, 0.0022001225189996155, 0.006116109579913498]
            , [0.02382536518288722, 0.010766528774200597, 0.004147183510644395, 0.005383305928198185, 0.28803059110971885, 0.005900053660196832, 0.048636281101586215, 0.025926762344700986, 0.006565757088978275, 0.05254694381281783, 0.0111665323776557, 0.01031101894928395, 0.003624921774892225, 0.008837241426079702, 0.009045990830859364, 0.025369806397780546, 0.013952008678106262, 0.02762423934833964, 0.02772655391261502, 0.39061291379045815]
            , [0.03317229179739649, 0.0018703152629057133, 0.3799227759188707, 0.30546646458281707, 0.002473665154145705, 0.02935108720605676, 0.016314162242426097, 0.004265406201765356, 0.028613746263681593, 0.007530876814400542, 0.0034889038292434164, 0.05071621681923193, 0.006260341732399864, 0.04019951154120292, 0.01557113622591291, 0.038690977834520995, 0.02305586970600412, 0.008646286535106585, 0.0006546707321844572, 0.0037352935997267264]
            , [0.03655562640800745, 0.006898106531411043, 0.001728492561637641, 0.0038016640026691728, 0.04015028501951388, 0.004139164194952137, 0.0036721509481076084, 0.22342949903792284, 0.005143875543637725, 0.3362490775813574, 0.0718170018643813, 0.004249487795592443, 0.0033603970478237877, 0.006477940063101906, 0.006131504695583353, 0.016712529948924176, 0.030920122141770656, 0.1890522733352896, 0.002150578523115763, 0.007360222755199849]
            , [0.09375272190745951, 0.016444111050444892, 0.008132550567311568, 0.015763669921665144, 0.019973358111451303, 0.012312724255131583, 0.009111873610442814, 0.16763978997509127, 0.016651462841323923, 0.08229772815864525, 0.046858650132437445, 0.015776522069436964, 0.009594300712957441, 0.015736477145587208, 0.015604617381261808, 0.05600906295603625, 0.08813278578202241, 0.2967225450687638, 0.0024609060050865854, 0.011024142347442858]
            , [0.03433091030625384, 0.016713954060584044, 0.006675211420859803, 0.008225185034896665, 0.2869635184177045, 0.008731941414449237, 0.05079117262424647, 0.03895809358747945, 0.010341524617719155, 0.07419098717781733, 0.021177438563387736, 0.015787737834681893, 0.005399407700515802, 0.013052700684824729, 0.013351696200351645, 0.037869780820494754, 0.025458823419563008, 0.04093159676816308, 0.030007917538763494, 0.2610404018072433]
            , [0.03522953354057589, 0.008575475461704552, 0.003684404918847305, 0.006792257028787984, 0.06274515543845344, 0.006225304552978465, 0.00788928971687559, 0.13537157683136442, 0.00917547502866834, 0.42443980307620494, 0.08214296760721475, 0.007133348899616523, 0.006238547519064991, 0.01274817673248044, 0.011645312510754163, 0.02439489266977655, 0.03036104469984289, 0.09929504885892504, 0.004405649015166783, 0.02150673589269699]
            , [0.020646862266222508, 0.005330615850177896, 0.001422673117850514, 0.0026336266576725623, 0.045518674247223063, 0.0027850930327591858, 0.003178888547035134, 0.16920256800388056, 0.0034037150632089436, 0.506380800494361, 0.07824428954078659, 0.002849405017382242, 0.002770817269791868, 0.005192510216072514, 0.004178797695491202, 0.008357871512585408, 0.018370627759559867, 0.11076191592621835, 0.0019156647362450682, 0.006854583045475423]
            , [0.025894502100867127, 0.006748480454647389, 0.0022267326675632793, 0.004236900757265071, 0.0511163738596501, 0.004034926414820451, 0.0046306167677116015, 0.15940387868762151, 0.005614396616368434, 0.47006822916747376, 0.08511091904805049, 0.004550297584381603, 0.004082247110103653, 0.008068184238440782, 0.006498985350373283, 0.013207680677990039, 0.024032699727076227, 0.10774693079159843, 0.0027688370242980784, 0.009958180953698543]
            , [0.09685097204148557, 0.015385869876271933, 0.011304313278787627, 0.012908050561764615, 0.00890783198682026, 0.03935779617252917, 0.009673745337766855, 0.02785970357922292, 0.018735229752599142, 0.031871574080368864, 0.013603275212361174, 0.046095016761362406, 0.010929709207716867, 0.02293279049146119, 0.016455267906203865, 0.3165099193096937, 0.2505983842094901, 0.04040212591860262, 0.001906998056769188, 0.007711426258722004]
            , [0.040197564986485364, 0.0030583362370765694, 0.38041349679873626, 0.1951455020160878, 0.0031001050267588327, 0.03851148661314685, 0.023344437765201315, 0.004994869566085606, 0.035017081301867356, 0.00796753597275625, 0.004095592760473016, 0.09287068874670956, 0.007541239272928195, 0.03830587549216377, 0.02113495404965677, 0.05837278399099757, 0.03078978570243416, 0.009146996881767339, 0.0007661278997513699, 0.00522553891891604]
            , [0.05189335825531567, 0.0037077928602643855, 0.11400328975643957, 0.43033509486434285, 0.004913235216156016, 0.026815047943682297, 0.016340514454561268, 0.010540495870245643, 0.04730002257090159, 0.02492133250837882, 0.008352367066848354, 0.03162392602827075, 0.007607376193684883, 0.07598777059871109, 0.03218840002331418, 0.04072950587369465, 0.0349207780599408, 0.029692792651701945, 0.0015729755819338567, 0.006553923621611584]
            , [0.08069729770532198, 0.011608331662231205, 0.008153391313991487, 0.015981198616940775, 0.013195793580617909, 0.011884622364873667, 0.01000038680250452, 0.1289746053287908, 0.033389383773184365, 0.0737255413783188, 0.05042586449086284, 0.0406069067444712, 0.007673392867285785, 0.029771291777344815, 0.02114459048941292, 0.09121037080187, 0.21205034462577907, 0.148829796204523, 0.0019641506590258417, 0.008712738812649003]
            , [0.045797950443782834, 0.00893922618283971, 0.0026457250026730686, 0.006001064593985278, 0.02830585822274536, 0.005238351917464343, 0.004279565758324955, 0.2731639367238378, 0.0070965032913177135, 0.17298652985829382, 0.054442886255054675, 0.006069992001561076, 0.004068317851267713, 0.007646777558715608, 0.0074528708064522785, 0.022637416569549786, 0.04715597537515834, 0.2875575566174236, 0.0015368332287913034, 0.0069766617407606615]
            , [0.06533355607862128, 0.006053729892029493, 0.015076937674499665, 0.06770492991042906, 0.017015258447964417, 0.011747594120536805, 0.040687959246090866, 0.06044579005616697, 0.07196599704458237, 0.16793430263715428, 0.06830828568164642, 0.03745659957623265, 0.004744467879327056, 0.10570379023669828, 0.07666215585123679, 0.0531629342219992, 0.052912903009704, 0.06109955476743902, 0.0027186598990727603, 0.013264593768568736]
            , [0.046318996916520506, 0.017811994954865296, 0.011032513551782697, 0.013244930855156151, 0.15202955934337647, 0.01318883791108901, 0.07309056371654983, 0.0352052400852368, 0.016996185042697183, 0.05995754679696213, 0.0157257094833612, 0.03764131600629812, 0.00711746586837691, 0.02257821712652118, 0.03254052040553603, 0.05299488642204602, 0.04083101659512218, 0.044282436134962196, 0.015897522772317277, 0.29151454001122284]
            , [0.025097399641797052, 0.005400904768971684, 0.0011128687231387628, 0.0022569355874811005, 0.05102654335904289, 0.0027675997395428856, 0.0023554947685158712, 0.2389062670158697, 0.002779931542331484, 0.372784769070682, 0.08549027934027037, 0.002540985991111125, 0.002243921732638162, 0.004116189736586326, 0.0035203434036385458, 0.007752564965327391, 0.020917484244371152, 0.15835530738395276, 0.002050206580642674, 0.008524002404087972]
            , [0.01370001705273807, 0.008041873130034332, 0.0025727158296517325, 0.003436982016647179, 0.32630251648047515, 0.0036668345728289612, 0.04013590403408036, 0.018810800325039456, 0.0040621997574473, 0.04189446797587726, 0.007673391469291322, 0.0068142209485544235, 0.0022394102407571424, 0.005428319854182139, 0.005732987922431194, 0.01722507718713117, 0.008041840905484949, 0.020324042408650666, 0.023936475186283862, 0.43995992270241346]
            , [0.06844369242057381, 0.010195784380708667, 0.014335591970118102, 0.03348716459505772, 0.009591963014854968, 0.018216977629546122, 0.013439979382199888, 0.04372525819881999, 0.04134657930338759, 0.03968236043864365, 0.02817167167654483, 0.049070090876617976, 0.009862579309638646, 0.03704018811057834, 0.03826509071875743, 0.14432595760590564, 0.33573964003180584, 0.05416788764439593, 0.0021825595456839647, 0.008708983146160856]
            , [0.050119548317978664, 0.009130602604029404, 0.06780966844060252, 0.0370652808618312, 0.009906415401820698, 0.04490189833729744, 0.05011958121067628, 0.016935753937783647, 0.051593860264484835, 0.03371002048225939, 0.011145436861391713, 0.3205652692290578, 0.008846275591458215, 0.044430280953250356, 0.042343333244946504, 0.09928577663574226, 0.05545418420729196, 0.028583510616033515, 0.0026311667983816745, 0.015422136003682049]
            , [0.029511986345031688, 0.005643552333933003, 0.0011284735543925244, 0.0018007208681398539, 0.01735803041541258, 0.0024701034745701713, 0.0015443190085336945, 0.3458124940536556, 0.0022198930654597666, 0.11073198250632034, 0.027094333028636675, 0.002187559068729587, 0.0020875880133709606, 0.0023883901791902484, 0.002398956064969265, 0.006670689350029904, 0.02170665018649114, 0.41394037992003635, 0.0006572602316716474, 0.002646638331425158]
            , [0.05743451239731448, 0.010163891997240788, 0.0050171436733166454, 0.011159496209515101, 0.027329375252636665, 0.00753808131743701, 0.00652267006398393, 0.26227122443031337, 0.012746004946421691, 0.08322077555762984, 0.039868263628781875, 0.009769619032642176, 0.005541851246018837, 0.010344885024110163, 0.011464561162681453, 0.034147080298771774, 0.06172847020030591, 0.3327931617906524, 0.001893144409317734, 0.009045787360908072]
            , [0.024066772636962365, 0.005534265928350358, 0.001093074001578272, 0.0020710482566816584, 0.03327580717124782, 0.002326340455448285, 0.0019976938447197707, 0.3090430448343771, 0.0025513951698092102, 0.2885389895265401, 0.05825909978435237, 0.002490351274607924, 0.0020210359585708785, 0.0033423199879242223, 0.0028215184086790176, 0.006542900097206134, 0.021623017097032068, 0.22603148048654748, 0.0012596238001167477, 0.005110221279248149]
            , [0.031097246494024802, 0.006399222556391544, 0.0015402161224417157, 0.0032467043413779025, 0.034129918035451644, 0.0034596928005745002, 0.0030009321704965184, 0.3133791180472588, 0.004527121252745597, 0.2409684108746862, 0.06138438872274353, 0.003886172107417016, 0.002673897896811078, 0.004999341774254427, 0.004768276145920509, 0.01326010225018327, 0.03144426274118798, 0.22694047725731087, 0.0018891366569993848, 0.007005361751722651]
            , [0.04606968229701105, 0.005669109694492837, 0.3926902985889568, 0.1012195284036765, 0.006845782665327325, 0.04270193710537993, 0.034251103247139834, 0.009396938412495743, 0.03407325813248929, 0.014204989474401523, 0.006999543604291989, 0.10360888768421844, 0.009710045708934046, 0.03585693668592899, 0.026859683011871794, 0.06384228182769774, 0.03922426459776764, 0.0159722498749925, 0.001989986785375869, 0.008813492197550064]
            , [0.024077122069038937, 0.0070964117128983475, 0.0028454167356227614, 0.005405619396412484, 0.048969461019428874, 0.0045944129555935895, 0.007340440155297434, 0.08114784011021907, 0.008168908793859824, 0.5787464040467238, 0.07541607584730478, 0.0057543629196929475, 0.005064075821555399, 0.01857053706576312, 0.009428090307746556, 0.018173071954809973, 0.02199622214196649, 0.059094821324336834, 0.0026191427600663034, 0.015491562861662462]
            , [0.015193880292020685, 0.003745274607566592, 0.0010226371284328668, 0.001895271853596896, 0.03765907348544606, 0.00201367803388575, 0.002305185177027281, 0.13927593568436553, 0.002316687593874071, 0.599648994617385, 0.07395791930145074, 0.002036424089871262, 0.0020126289666704124, 0.003920290067437965, 0.0031936180727240625, 0.005688837008072225, 0.01319409377030425, 0.08491402721898655, 0.0013201863292158593, 0.004685356701666093]
            , [0.02451909200466597, 0.004030436031602863, 0.004492396141612752, 0.018986591623667375, 0.0028685221690634855, 0.009462287238448176, 0.030649400551124948, 0.00723986793149383, 0.25812450928700537, 0.023434928766401703, 0.007400249352691644, 0.026762579556091366, 0.0034367137873368143, 0.05609864977079686, 0.45293480738332, 0.031034865444871725, 0.02356276158057195, 0.009027658086467615, 0.0018579816743182606, 0.0040757016184472415]
            , [0.061457115792322825, 0.0031315251725885468, 0.006820439406364725, 0.015195495187120052, 0.00420024032650316, 0.014554166211994662, 0.0073046573200332135, 0.014211003583598027, 0.017531378653536486, 0.026325913977791722, 0.0047931283855571286, 0.007438685707329067, 0.6782591188833225, 0.01967625220399248, 0.01654527267157707, 0.04730002451779071, 0.02737627084628989, 0.023432818655644404, 0.0010670947641837592, 0.003379397732459781]
            , [0.04216008444104552, 0.008891174545919416, 0.00980342612746765, 0.028390750347145357, 0.007518589390225054, 0.016795678699221675, 0.04290428178404947, 0.01517041581471367, 0.10947956441742455, 0.04022166178865082, 0.01207749419827988, 0.03134090466391982, 0.007060205202752269, 0.05805309577412683, 0.4477341412839659, 0.043986189284855905, 0.03723854083917777, 0.02743078930007368, 0.004168175070388506, 0.009574837026596329]
            , [0.21793146884252954, 0.025367536512324453, 0.008704104389697511, 0.009813837278852112, 0.006995230094994236, 0.04820431147636983, 0.006379888864807179, 0.02356391831313247, 0.009603055147573595, 0.02575037102052982, 0.01128060252648103, 0.038141106463849835, 0.011270675248127353, 0.02034683494448556, 0.009533658482856512, 0.304327486525584, 0.17155443793844355, 0.045214723796263824, 0.001178245713122576, 0.004838506419975003]
            , [0.0278438990017194, 0.0033159801331880453, 0.006641169851639867, 0.027033824541834166, 0.002984892233376604, 0.009680913485171734, 0.01892527830697811, 0.00862728336644428, 0.4830142811300566, 0.019694415971070137, 0.009236996562753537, 0.03377074166230288, 0.0047693187050038876, 0.049154826220298584, 0.21748926539878902, 0.03199044623574365, 0.029519046518178754, 0.01157659715500239, 0.001324100228621912, 0.00340672329182656]
            , [0.04571971337534622, 0.0036945194349057345, 0.01763804555680719, 0.013364349082681123, 0.0024378465097690473, 0.7936161102852051, 0.0037617605898553007, 0.0032120804280947354, 0.011496081404621952, 0.004823025185648546, 0.002480338451393298, 0.01784560788342419, 0.0029789074074933115, 0.005433508890992765, 0.0137354252086164, 0.0374700423519113, 0.01109074361995087, 0.006212009391472681, 0.0010375349721583242, 0.0019523499696517273]
            , [0.056674442936002496, 0.022472391051949838, 0.00922160362836881, 0.011978398600703708, 0.2556916621396, 0.015107827863486726, 0.04171018426833723, 0.05589285974560093, 0.014486675284696904, 0.11024504880107015, 0.045992502247436895, 0.02021426583252668, 0.009506248306486357, 0.017784988495072797, 0.01983847530623106, 0.05996424810348569, 0.046633507709840816, 0.061377351607663354, 0.017100025694394682, 0.10810729237704483]
            , [0.009199627756802754, 0.0049045120360707295, 0.001628361254054406, 0.002029897239613416, 0.37859995487526255, 0.0023562870702368024, 0.028117478993979927, 0.014111381826381404, 0.0024151719401671982, 0.03748293646032233, 0.007060415577062337, 0.004492830637892928, 0.0014083298260637559, 0.0033647869616386062, 0.003045724189733062, 0.011510290076145457, 0.00558639827770225, 0.015875008255809533, 0.015623612347970543, 0.45118699439709004]
            , [0.14118050409356808, 0.013459754971489268, 0.025478208159954274, 0.02240215946322044, 0.00708891623982535, 0.5065725516726536, 0.008213636762051854, 0.009240788651388115, 0.013604134829759397, 0.018857839008126438, 0.006730867279649064, 0.030434760570893848, 0.01014293867422378, 0.01255188323055131, 0.020699332231187525, 0.0888585832859886, 0.03143765204595015, 0.025353792375004864, 0.002282118087058886, 0.005409578367455129]
            , [0.08818522637087232, 0.0039010033001829914, 0.009873297090437336, 0.01819520446478866, 0.004198712217030322, 0.022229240109298297, 0.009133104171684116, 0.008244603879361774, 0.020140901602219378, 0.026873603819979948, 0.004595538463452664, 0.01298273017457436, 0.5572834496697044, 0.026335477945721265, 0.020591672582594374, 0.09760657098839169, 0.04207620619224794, 0.022903353952346082, 0.0010316081790994424, 0.003618494826012226]
