# This script is generated automatically.
# Vector of amino acid stationary distributions.
distributions <- [
              [0.04762311221893007, 0.009508109356914296, 0.026157144530989912, 0.047734653180194014, 0.009565510187896403, 0.029125444384379126, 0.03742006690593418, 0.01776707002462466, 0.20571262077490782, 0.03167400417555962, 0.015556151935735582, 0.05172721016315415, 0.013097449522901754, 0.07442357049870052, 0.23007940372170604, 0.06733619835324998, 0.04545295181633589, 0.023320960939805315, 0.004153860981243484, 0.012564506326837435]
            , [0.06440507691961239, 0.006435153529281451, 0.16712022525577583, 0.240637967109766, 0.008555092263401272, 0.035750486431761756, 0.026356200082629816, 0.015143243499775078, 0.057954003754712255, 0.025506461424281975, 0.011575228870916509, 0.05764375979665336, 0.015239631723611974, 0.07456055648517956, 0.03938093306269744, 0.06903083529306882, 0.044157262198709205, 0.02667441478703032, 0.0026010264812548847, 0.011272441029880231]
            , [0.028102366731755157, 0.00784228699021378, 0.004175698887251232, 0.008506164457640235, 0.048484353110410314, 0.006356135361796863, 0.008855891484864636, 0.12968358214060985, 0.01259228441823818, 0.42275385533498283, 0.12053804730789212, 0.008284875162211956, 0.00558154906174921, 0.017033616777611095, 0.014035305024567473, 0.020070561573095863, 0.027303251352708776, 0.09142019864522999, 0.003974532983987003, 0.01440544319318339]
            , [0.02120294394267283, 0.0033355380769801816, 0.007493221080221274, 0.021160635833890887, 0.0026765169147014586, 0.010947023197292967, 0.016124480544535847, 0.008187937775217894, 0.4016718484967333, 0.014188186279924292, 0.008991696718101063, 0.029425417200631337, 0.004231622394604823, 0.052544639277755684, 0.32644159077169804, 0.03216024150219047, 0.024928850722290348, 0.010125806568140367, 0.0008780584795249111, 0.00328374422289224]
            , [0.052416331905740056, 0.013757994948504305, 0.001938583747787499, 0.003515414122869574, 0.04542701208783226, 0.007788911613050005, 0.003992007465674082, 0.2343428318950897, 0.004634732424492766, 0.23216220516122957, 0.06517755012492348, 0.004946770828906897, 0.004512976194480117, 0.005743380879220037, 0.0054780511568551715, 0.019846552770974673, 0.0389452249249897, 0.24166902523973985, 0.003767158991864675, 0.00993728351577549]
            , [0.11761842585391125, 0.02104503775597147, 0.025351052132686305, 0.030712327877510964, 0.01711479198360924, 0.03865810051319061, 0.024798283705841695, 0.0311670797482174, 0.03888719598429671, 0.03939287964360799, 0.02032112101892183, 0.06470266271806359, 0.01865146631813956, 0.0348142730379007, 0.03723606925007143, 0.21886209161452017, 0.15314438830053825, 0.04730026281076035, 0.0035520374734355526, 0.016670452258805143]
            , [0.01564974629031424, 0.006363841916108319, 0.0007616223410333007, 0.0013766153406460165, 0.016889695152000634, 0.0012986431540440416, 0.001224477624559879, 0.4114474874094224, 0.0016642366643722197, 0.1845319361955151, 0.036860601167324474, 0.0016641571928964953, 0.0010164650671368636, 0.0018933456915338023, 0.001720649221573509, 0.004199076226226497, 0.01295576538657764, 0.2949406339784832, 0.0002947724249756006, 0.0032462315552558574]
            , [0.022436425793278435, 0.0034442026606358507, 0.5534909066235314, 0.09145643250820894, 0.003456622612258613, 0.024530263342487545, 0.016837268797469253, 0.005227090885801629, 0.0169129753557218, 0.007325848500234429, 0.0035540975931253123, 0.13638125328079345, 0.004824371930632627, 0.01737352143542407, 0.010999749972287018, 0.047489183872227794, 0.019828660227936674, 0.008137706518340565, 0.0009368838044633981, 0.0053565342851412765]
            , [0.05463491692233995, 0.00807557667167102, 0.004755876509149464, 0.009687917842961512, 0.01892504256519482, 0.007287034381849663, 0.005606446485303474, 0.26584292693408795, 0.009699138115798315, 0.126515747533047, 0.04640482903558119, 0.009132074289858938, 0.006439737663514637, 0.010194636740082454, 0.009331015415174867, 0.025768746859998876, 0.05997098022716041, 0.31319554188368764, 0.0013376935308559157, 0.007194120392681946]
            , [0.11617829987217956, 0.013223585741983871, 0.03524102702857186, 0.03243921179440896, 0.009250099390712538, 0.41658717284447716, 0.015436740909483129, 0.012177000839828318, 0.027574115698788947, 0.018911463538684684, 0.009472361314697534, 0.04386057411459228, 0.012223036650775676, 0.022817540449410964, 0.030221154343000746, 0.11520094831281806, 0.03609651271934553, 0.02131494939382903, 0.003338636453989841, 0.00843556858842124]
            , [0.054082205584423934, 0.0014120005821960224, 0.2905527251843388, 0.30117243792279197, 0.0023103669605886467, 0.03172142134272311, 0.014441005655864503, 0.004334537526953547, 0.04141828258503203, 0.008188631963001512, 0.003561968287235412, 0.05978606706261002, 0.014189387012392024, 0.05417606892671676, 0.019273779170171392, 0.056339752398411276, 0.028954436316418673, 0.01020067267877543, 0.000493408298805207, 0.003390844540549633]
            , [0.013157629929580354, 0.007155382595833941, 0.001141799371122066, 0.0021752065246065603, 0.038803190924822394, 0.0021071457054209286, 0.0022564242435295745, 0.14096299697683465, 0.0028005904613164615, 0.5635057055181726, 0.11222611968175757, 0.002466797659495641, 0.001588230632094452, 0.0049528023033969335, 0.0029439882422046364, 0.00645502301501806, 0.0114910572509505, 0.0779526668592435, 0.0005204735049041356, 0.005336768599695063]
            , [0.022607408551140573, 0.008446319073607744, 0.0009605573960260072, 0.0016274533311882516, 0.0062326297499550425, 0.0016060609690895032, 0.0011564437146151275, 0.36173253657561244, 0.001780021038224117, 0.06314910926999755, 0.013524073186086496, 0.001746583268832106, 0.0015450339658759588, 0.001838596641757502, 0.001747016544685517, 0.005060690875787312, 0.01608217620842371, 0.4871269510626486, 0.0003809293104476811, 0.0016494092659988223]
            , [0.10599848005835871, 0.005559559141509099, 0.014068485922167242, 0.019636725907727016, 0.0061924405861714625, 0.02005524884436414, 0.013408029412592372, 0.011589762646343853, 0.018612270098857596, 0.02480394162075992, 0.006673111442872749, 0.015486445443797745, 0.535441767193391, 0.022813923437014823, 0.018798337894290588, 0.09149773173530194, 0.039865352203098336, 0.022326966233418337, 0.0015608893345306198, 0.005610530843432491]
            , [0.032672471220078, 0.002218588597719181, 0.2324327244925884, 0.5046552483459976, 0.00265115974659965, 0.015851748148610813, 0.009353265736338068, 0.005605716975594009, 0.024531041353655785, 0.009294965878301519, 0.004854437175281305, 0.02596756393480251, 0.0034113175601045284, 0.05563709475637051, 0.011257205612610795, 0.02664264441704532, 0.01652612057315963, 0.012179394144338615, 0.0007060305964230538, 0.003551260734380537]
            , [0.011336267685953314, 0.00442187065446575, 0.0011444349288251485, 0.0018750762796903623, 0.05952395164813231, 0.0021751466269632675, 0.0026976961567113872, 0.11840503402575049, 0.00249327736429661, 0.5985173251923854, 0.08645622965432674, 0.002116867351257031, 0.0033849364952884147, 0.004071148696082842, 0.00366775481850811, 0.006758427501849909, 0.009304786855748856, 0.07107763779120041, 0.0040076726052446845, 0.00656445766731889]
            , [0.3834672710210772, 0.013705725165116601, 0.013226411531211046, 0.01802666803944678, 0.007639208378868929, 0.07132162743891463, 0.007487831992337024, 0.017281613852513502, 0.013513439326411887, 0.02084347733973882, 0.010994634298423813, 0.018915698639799985, 0.020877951423093337, 0.014456904100750706, 0.013301955918032134, 0.21664222523939727, 0.08290551941627769, 0.04808552063016699, 0.0016129424692779152, 0.0056933737791438795]
            , [0.5711061886451811, 0.022902564557610645, 0.002275595928415025, 0.0033285433889483694, 0.0026102785733291478, 0.06684787676082897, 0.0020177330100017545, 0.005612711626918587, 0.0027778139343389656, 0.006197606385567574, 0.0037128252354812143, 0.005144089042842981, 0.004107606868930679, 0.0035955725055205304, 0.0030458246816473275, 0.23103750423023897, 0.03987502064988184, 0.021322556536287906, 0.0005894675054534708, 0.001892619932574668]
            , [0.030441375280935372, 0.0020995107934046746, 0.005624166195831945, 0.00417433313513972, 0.0013227929117711223, 0.9008495276438648, 0.002035564666192561, 0.0016784839815543716, 0.0033248819410932277, 0.002826282865747972, 0.0014010530729435054, 0.006573717317156589, 0.0015865190173875332, 0.0026571817170844853, 0.004365022541463961, 0.0199148638564853, 0.004425081014076491, 0.003134506745420248, 0.0004936774302526719, 0.0010714578721933037]
            , [0.3692892071721338, 0.06859888688756877, 0.003393743157947055, 0.0050730667217017715, 0.0076057453994606275, 0.034660193542399076, 0.003856896497361313, 0.037777838329097285, 0.004738027231202717, 0.028836557422648276, 0.013348602153895463, 0.008432747335002988, 0.004814088434119337, 0.005821018951170025, 0.00502676384585112, 0.1513346815697308, 0.12039640551725818, 0.12127010142245477, 0.0012730522573698472, 0.00445237615162679]
            , [0.1628228070665729, 0.01535347023232789, 0.008667285009070168, 0.014278060307262733, 0.011943976889433302, 0.020375031152505798, 0.008263419280353825, 0.09764182965196383, 0.01583666723232853, 0.05707982388918153, 0.032371524248891365, 0.02301558349327729, 0.008975922470195, 0.016320268319716207, 0.014551421875277833, 0.11860974300158283, 0.1904957784781478, 0.17395482228554068, 0.0019323669122387793, 0.0075101982041316726]
            , [0.01747479651114209, 0.006152413424881554, 0.0007614870188705096, 0.0013720589252095097, 0.04079315505674334, 0.0015498457165889156, 0.0015381890572933497, 0.31221933996466145, 0.001414718292192164, 0.3245918703057153, 0.05781589261596434, 0.001512685883171288, 0.0011200091260270123, 0.0021935066868020163, 0.001828437328878797, 0.004230677922411067, 0.012215820980995874, 0.20134929458414091, 0.0027629762885507977, 0.007102824309759444]
            , [0.019340464689871703, 0.008532343861110235, 0.005300604845363673, 0.013415698463483278, 0.005219663789827453, 0.01264336806898647, 0.028191870553913163, 0.009719724662879532, 0.2245913928063427, 0.020172297411862317, 0.009535752952264467, 0.020214758497642323, 0.00442167715995626, 0.048974592937422276, 0.49786121333983285, 0.028338174317834367, 0.019802349794737734, 0.01175929942266196, 0.004664617121496579, 0.007300135302510672]
            , [0.1625812960228118, 0.006303504457313818, 0.035037771342362245, 0.05813088676849409, 0.00605420762698879, 0.058842248198582976, 0.017676365450254503, 0.0173321093673195, 0.05784494795753467, 0.026344324300499464, 0.015645328692961064, 0.06819883852011958, 0.00790244570865769, 0.06197621976526027, 0.042401628576679694, 0.20594166547109552, 0.11155526272269001, 0.033572321782487334, 0.0009924341018193222, 0.005666193166067526]
            , [0.06390748727664934, 0.003099931918651112, 0.0411752828882379, 0.11969579007075593, 0.004011279562642467, 0.016874475572375723, 0.027935691922260933, 0.01224093249214505, 0.2101981006154196, 0.02775201010907102, 0.013921947464645716, 0.048206794136425486, 0.0017728022990599192, 0.12075441228198995, 0.16012687275336512, 0.05635841562727915, 0.045889250829346286, 0.018795541014492722, 0.0011188259129561455, 0.006164155252230477]
            , [0.07126841547404224, 0.01534821542701113, 0.01614458195901996, 0.029350818970509365, 0.03379379239248249, 0.019549262161768242, 0.02949123720552757, 0.083908054308064, 0.03213091285734744, 0.18153859121820975, 0.09222101779090379, 0.03757755466382402, 0.009202424877270413, 0.06307900352257308, 0.03305697585405221, 0.06844482441497993, 0.06937657018474506, 0.08713855571824365, 0.004486705068417413, 0.02289248593100823]
            , [0.14056570714629413, 0.037020698348310045, 0.002290432892283958, 0.00376949059560969, 0.009865842866667064, 0.008896518461064517, 0.002811687722288207, 0.1712774878155618, 0.0039386956529671655, 0.07811052796901545, 0.02907074867584397, 0.005798748134729881, 0.0033990128547662646, 0.004704432975548505, 0.003983234395920275, 0.03729007195741231, 0.07910550106541257, 0.37300600357385083, 0.0008722661103891089, 0.004222890786064243]
            , [0.016111186318014822, 0.0010492146454690145, 0.0010165676172535177, 0.0016373836849442425, 0.009773201543287717, 0.001709594782837602, 0.0011231820718871567, 0.4303683952560893, 0.0017779348144715875, 0.09094161238319146, 0.021242376862153592, 0.0018152904462181171, 0.001568506004953558, 0.0017772565769097598, 0.002132337434485068, 0.004145560188614436, 0.012769764347546982, 0.39689383427052016, 0.0005573289398267834, 0.0015894718113251775]
            , [0.01330182474664812, 0.007035201510085462, 0.0020261607203328254, 0.0028391252316811617, 0.48041162474755306, 0.003723767461458329, 0.012256225359391085, 0.03210132493482268, 0.0033178572070903896, 0.09990164702412757, 0.02250929662072461, 0.00484116991987887, 0.0023210713384521505, 0.004214824440004716, 0.004315146290896179, 0.01095288857142017, 0.009309279998364152, 0.027930732388591676, 0.022275913265837572, 0.2344149182226392]
            , [0.07284565525818161, 0.0028021700459964815, 0.05562627861728188, 0.11128514181989181, 0.0030986629681518485, 0.0302937191393341, 0.02445604839181925, 0.01056684996527675, 0.19065768826799906, 0.019396949118115795, 0.009817578511211626, 0.05953051385477863, 0.018182949040599177, 0.09585862278067607, 0.13558146393942347, 0.08147838508044353, 0.05479795193663837, 0.01842315523868515, 0.0010950798430676121, 0.0042051361824279295]
            , [0.041011927580209606, 0.006096752455861817, 0.0005915829398971838, 0.000851559205783927, 0.02864509589655708, 0.005230785096345224, 0.0007402613482186837, 0.32717574767046287, 0.0008577501393049329, 0.18451199998445297, 0.043572612144785486, 0.0014531398017731119, 0.00193422842853582, 0.0013531871466065791, 0.0010053478241957132, 0.008481762709889646, 0.024912583894658506, 0.3185359430656428, 0.0009700891359477797, 0.0020676435308700446]
            , [0.04335638817630196, 0.017396271386408643, 0.0080623511026662, 0.012104804024410313, 0.21030285167283766, 0.012223956397450818, 0.030844210495448384, 0.07310881398971071, 0.015596569305238901, 0.16315938623119264, 0.044253203414691404, 0.017311440036302615, 0.008419387134931488, 0.018634431734600655, 0.019838742854728187, 0.03986503600629209, 0.035894684765564656, 0.07578503599887096, 0.015996457736086517, 0.13784597753626518]
            , [0.0421223277938964, 0.012462866191002668, 0.08864470390597787, 0.028995498683134936, 0.01118584503606967, 0.038538428112460534, 0.04774130503758191, 0.014783752915466351, 0.03183578274441879, 0.019991011128490763, 0.010029830028352853, 0.3629593851479321, 0.008885983468936142, 0.028631821906563538, 0.02613349772321008, 0.1356253601290605, 0.05330519846828057, 0.018736793347425527, 0.00277649270586499, 0.016614115525873777]
            , [0.25709680069008106, 0.009890735771230761, 0.003610875432553566, 0.004177841482350909, 0.00438848606955334, 0.5568647527539526, 0.0026842407384023983, 0.005753785499508596, 0.003431918518605943, 0.008025380688132478, 0.004550862483474176, 0.006983797756581101, 0.0035458865821368624, 0.004056136972769034, 0.00443325210725736, 0.08704795882065774, 0.016700027111319724, 0.013014396998681947, 0.0010948593865415502, 0.002648004136208683]
            , [0.016551570478951033, 0.008591349250728113, 0.0024361994676994243, 0.0035868660637817015, 0.2578854496487836, 0.00350581588311058, 0.007783885628210002, 0.09266295631703797, 0.004383901639767907, 0.3653819101278206, 0.06898329294485278, 0.004791253087260801, 0.0028668008381281225, 0.0063928323234033494, 0.005213152231005849, 0.01118185524498969, 0.01329779272493178, 0.06298021031098099, 0.005459996407415481, 0.05606290938114017]
            , [0.03853164913263466, 0.012662913340530428, 0.02695680065851161, 0.027929941163354517, 0.030420996095891762, 0.02073251780686534, 0.30412505639742254, 0.01663429984541981, 0.038649745891814045, 0.035260599406712285, 0.01342269572278543, 0.10142856102005114, 0.009665487278024895, 0.076219910940134, 0.05554859531955691, 0.061459233371141585, 0.03402627956964557, 0.021859065106868362, 0.004666334988334699, 0.06979931694430021]
            , [0.09531166830768403, 0.005934083356250881, 0.02898886438025058, 0.05032516436280995, 0.010810781151783284, 0.026967927082376494, 0.02587541471364942, 0.0243849634124572, 0.08591530222328632, 0.04176497677656215, 0.015696686128611505, 0.03633832624909759, 0.17973427346481535, 0.06692749101317978, 0.08275580390142345, 0.10314715538345326, 0.06707691547566871, 0.038822446065666004, 0.0027468567476368715, 0.010474899803337238]
            , [0.09668520309815434, 0.0015140744511629642, 0.13943711009458407, 0.2600770889038987, 0.0017273581838684847, 0.026729146982094835, 0.015584385555226676, 0.0058392288850243465, 0.10018361778541855, 0.012195258638411585, 0.004812833835820482, 0.057167081894625146, 0.002253255213261699, 0.09752198711392854, 0.05359939391673487, 0.0681321332766702, 0.04111319063691732, 0.012594077771628836, 0.00039296792343299905, 0.0024406058391354263]
            , [0.2064281083551179, 0.05309642829995349, 0.009342045296276613, 0.008777144872509109, 0.00745270420699408, 0.05557616949245738, 0.008394199210655482, 0.010389111323441046, 0.009310463487606552, 0.014203877720213816, 0.007888353278692691, 0.03291050639609048, 0.00682054406786808, 0.011277959797468132, 0.010283284916959274, 0.41913116255167676, 0.09843323319871991, 0.021907855465511317, 0.001673624307730237, 0.006703223754057725]
            , [0.05458051534152584, 0.00913933670481576, 0.006390493967837001, 0.005930613548468517, 0.004630949825176712, 0.013664925169967174, 0.00495538981674288, 0.011009263478491634, 0.007635209820687507, 0.011380958098098299, 0.007641984384465172, 0.024953798896362452, 0.0057332829186947844, 0.006944268157598868, 0.007198078543199849, 0.34136208276439334, 0.45406560050723904, 0.01785817476588393, 0.0011136314152282608, 0.003811441875122967]
            , [0.010542892382916754, 0.015909431720167167, 0.0030349951041555375, 0.0035089323302025647, 0.3386543682805978, 0.004047036528658187, 0.040549717986450046, 0.01415231470078952, 0.004424342775908459, 0.042078178149766436, 0.007591368027011156, 0.009367426217864608, 0.0026099818733622453, 0.006453895539701892, 0.006570859266686159, 0.016252586044851407, 0.008481644270177616, 0.015625228024722142, 0.007905535024318996, 0.44223926575169126]
            , [0.08678717963346515, 0.005209776934835644, 0.0496600175484235, 0.1267273734357146, 0.012398493703157496, 0.017571686449988085, 0.019178557726494502, 0.07113375870753465, 0.0653284417285082, 0.0713484230865575, 0.030337205625082447, 0.036345160566113116, 0.0076367038891671495, 0.07420336485391776, 0.0461216948569868, 0.07126463305504462, 0.0913207924232814, 0.10419210646179522, 0.0020796732157233678, 0.01115495609820881]
            , [0.07549805395636712, 0.00830071490658947, 0.05263166253199854, 0.024676443223080633, 0.00498261187164223, 0.05871080157843422, 0.013247413496439207, 0.00860078739741027, 0.023298423750549458, 0.011911747344406842, 0.006174710828798203, 0.11563166454273391, 0.013908475772962501, 0.020084011199856915, 0.01811109572555228, 0.3555539586209271, 0.16806036845605124, 0.014411788622491725, 0.0012273520223373476, 0.004977914151370866]
            , [0.054082606003758034, 0.004980441609488985, 0.09870522749125042, 0.07671614167680646, 0.006094438095306725, 0.05764549820543375, 0.055109115371019805, 0.00724074159716313, 0.0995463293185355, 0.0140795540586862, 0.006547680297413764, 0.16215446440776582, 0.005558519015358144, 0.06849391548596816, 0.08234027979749571, 0.12310885638724083, 0.05186340881545014, 0.011522812789445386, 0.0015235359550948315, 0.012686433621318422]
            , [0.013100572524103472, 0.000923235102359614, 0.001219618158215202, 0.0019844352595148967, 0.03427169540614287, 0.0019205226747394293, 0.0019025661452009538, 0.23822504467504702, 0.00246299100805371, 0.4549951132431104, 0.08687281376316136, 0.0021342878904027467, 0.0016232657156915991, 0.003585296735597561, 0.0032311386654366872, 0.005494012502564738, 0.011734859543009317, 0.12957815230537975, 0.0008029654563101453, 0.003937413225958414]
            , [0.05502126779706239, 0.007326836548007329, 0.009104329479255257, 0.03398940618144831, 0.00813841971292588, 0.012202841051472188, 0.01849121000144326, 0.047976162401991415, 0.2241505982164476, 0.06633028958577557, 0.03234845151577286, 0.024656266188309406, 0.005286672661497885, 0.0761729297767886, 0.20022002183971266, 0.04816437151169659, 0.061912386526688276, 0.05890200921530367, 0.00204075716977371, 0.007564772618627254]
            , [0.010271387395594422, 0.003351692271623207, 0.0026519916438900505, 0.003555282704149784, 0.32404198168886045, 0.00339584445850469, 0.03152386811594367, 0.008733686221462976, 0.004038536767979281, 0.026742225558441003, 0.007080690260486201, 0.005874526830525577, 0.001953467537077264, 0.005235302285658323, 0.005775739422533305, 0.008986551138711841, 0.007173952222177274, 0.010594083756137348, 0.034726749519406325, 0.4942924402008369]
            , [0.0428450852795996, 0.0073134585610443665, 0.0004251881658762939, 0.0006486201514550774, 0.09534064407983903, 0.008419461345060617, 0.0007734995542771008, 0.20618121618153334, 0.0007475137088362916, 0.3627757721394713, 0.06464765466183586, 0.0011861606059205712, 0.0017674798220981966, 0.0014781826193652533, 0.0008313206046195203, 0.010254980460735457, 0.021307581613572567, 0.1603626688242298, 0.00470177791963124, 0.007991733700998531]
            , [0.037121699562461086, 0.003415873801828851, 0.09697130421083873, 0.0499100849190791, 0.0033691231580871115, 0.4630131490943763, 0.018308310178183084, 0.00403023606110038, 0.04762196517064911, 0.007338722665215614, 0.003962163992328611, 0.11798098591281553, 0.004483045047131568, 0.027892312790755207, 0.02876008932390465, 0.058991702398589974, 0.015314649663828717, 0.006477786717057478, 0.0010784185567435294, 0.003958376775025363]
            , [0.2119299397959969, 0.023782830148634023, 0.001540865285448537, 0.00225113553890686, 0.041287483975739496, 0.04991758925744428, 0.001810712756938888, 0.12083783048648368, 0.002085528777379117, 0.12246891924548928, 0.04257868919086669, 0.004304349221521736, 0.004690764286951451, 0.0031803357198848005, 0.002393405470989519, 0.07613980634704036, 0.08800699443877623, 0.19291555801185095, 0.002840887675741931, 0.005036374367915273]
            , [0.03475928094947798, 0.017082989122621666, 0.014531810604414953, 0.015999742231520425, 0.16122319466443377, 0.013459516088641417, 0.13679944633871585, 0.017543140925282547, 0.018021233163676598, 0.045106018946765476, 0.013569115368471123, 0.042425471724832006, 0.006520337294975585, 0.028754897998619813, 0.025866384675399274, 0.049138150001839506, 0.026293096492550388, 0.02282130483948163, 0.00987953693193957, 0.3002053316363406]
            , [0.11901067932645461, 0.0028232596856345403, 0.08757548164310282, 0.11090368278454764, 0.004090489061557967, 0.036681012005200665, 0.014439643256775637, 0.00858158677047761, 0.06105251090773785, 0.01705063850574648, 0.005750479150222764, 0.04092963965945815, 0.2264131428811728, 0.04684677178468194, 0.031178499309112255, 0.11230906375163512, 0.05025417999470733, 0.01859383446039868, 0.0010224202656107465, 0.0044929847957642524]
            , [0.04868487093849299, 0.006695665210874225, 0.0067112719912723155, 0.024614573135449583, 0.014377037223127845, 0.006797082462368895, 0.010649512769444326, 0.19329538005390612, 0.051394094680025176, 0.17413917099498724, 0.06260326381012667, 0.013227033411922766, 0.003375402314490247, 0.0351932480416393, 0.047705511296251474, 0.03044348070044109, 0.06785531156365789, 0.19070203447847284, 0.0017311644383274439, 0.009804890484721378]
            , [0.09930722534284447, 0.00910945101318104, 0.013606917001565714, 0.023179618940437886, 0.02980905530123179, 0.019202694676552907, 0.015513470975270218, 0.08985454442830701, 0.02211954293122211, 0.12696167793326466, 0.03344918779931026, 0.019581780567770303, 0.17827443145624292, 0.02817339760204417, 0.02441334612669719, 0.06653280152341477, 0.0657645129134668, 0.11488744545944517, 0.00396319899744534, 0.01629569901028522]
            , [0.20164138143586902, 0.03789255969931984, 0.007419193961801247, 0.010326090470931734, 0.06002817062641074, 0.060360983203934786, 0.011601326343991077, 0.054789206712068134, 0.01098370137953596, 0.0922643201527067, 0.04011011476630742, 0.019727729144121256, 0.009981463268239909, 0.014129566137481196, 0.012790507099311394, 0.13669030824697637, 0.09099115568322644, 0.09333710790799671, 0.008404142273627267, 0.026530971486142918]
            , [0.04411839110991558, 0.008782421495806369, 0.02803441006918875, 0.10105710608524765, 0.011524318803832615, 0.019831194178119963, 0.08384067877991709, 0.01749508606980587, 0.06140900391752376, 0.04885876740668582, 0.021655566749807197, 0.037491977307992835, 0.011202975590385699, 0.3142164871380891, 0.060862109961366054, 0.04947107434783848, 0.03575034035679441, 0.025013473086842666, 0.0035774872973393323, 0.015807130247500877]
            , [0.0403262076004272, 0.010162195324127694, 0.0013558859258561398, 0.0020952095183537985, 0.2370963946811123, 0.010029919305465453, 0.003421594943812867, 0.1212752421714153, 0.0026699050150263562, 0.27339474213541526, 0.05883638926820053, 0.0035404358879483244, 0.0030051879489607284, 0.003757700092847838, 0.003725264618505337, 0.016685671509882562, 0.023266261961824224, 0.10581534531468932, 0.02409500827054798, 0.055445438505580834]
            , [0.04524391758712217, 0.007279418259764316, 0.011236324811301466, 0.03194762418912157, 0.046382336900192424, 0.011537716047911347, 0.05183219772609651, 0.049455938361142676, 0.11597673922235753, 0.12747188677817456, 0.04336412530862618, 0.026995303143927635, 0.0048140605683842, 0.06916220419262, 0.15756705366219578, 0.04169173869494932, 0.042823235872209355, 0.052702030265657666, 0.00912988219063798, 0.05338626621760752]
            , [0.46326689902482493, 0.018982896864983494, 0.0011113572644566665, 0.0014777711054671599, 0.006843309617491459, 0.1422408242008435, 0.0010263210802825733, 0.014893083074642242, 0.0011394208124014728, 0.014196559010970868, 0.010288591458356384, 0.004415189743858113, 0.004041048827003649, 0.0021330678394545846, 0.0013244723834157028, 0.20502027409383913, 0.06513312548608576, 0.0392253915203074, 0.0009835032092688268, 0.002256893382045924]
            , [0.1720223712784704, 0.009749572402498423, 0.004529663493138894, 0.006180326044326516, 0.0070980469921477374, 0.022616552124308797, 0.005950941650848633, 0.01777529113444466, 0.006342404644326614, 0.021223786556732658, 0.008449677356786946, 0.009518143117104933, 0.5023890680960207, 0.009321201570809122, 0.007173118645708635, 0.09327800577036328, 0.05041787414566426, 0.038817550398165396, 0.0017659771597311848, 0.005380427418402304]
            , [0.08514817101345235, 0.017145480650849768, 0.029867374243223103, 0.04331874367428048, 0.050819658653848375, 0.04363857176319416, 0.05040796477257945, 0.03213250175997531, 0.0495916557101943, 0.06770249042708432, 0.027137998775411742, 0.04528744238066231, 0.017633197744565222, 0.05004906562820344, 0.07236435762654043, 0.09854728381541653, 0.059405380842021564, 0.04572257366734784, 0.05302618158106398, 0.06105390527008544]
            , [0.12474073178525746, 0.015462943981071892, 0.00031888728012396337, 0.0004497389321910954, 0.06586972400271872, 0.03380548743264191, 0.00040269847409362194, 0.19248169960735928, 0.00043855700480564157, 0.23760840982154005, 0.03622436922826245, 0.0008290443931586742, 0.0014617728889830203, 0.0007262015745448592, 0.0004913409093303953, 0.027154568963639637, 0.041538681377187484, 0.21605766912368113, 0.0016732514019845485, 0.0022642218174240515]
            , [0.0258685847595527, 0.013800753272308305, 0.006359717937124461, 0.008603505080930551, 0.09372309483171898, 0.014989566091568481, 0.013661723673102429, 0.020488667132224837, 0.011058946611033522, 0.053266446837615486, 0.015567673232013222, 0.010950058242521559, 0.006601053103621792, 0.011578942527101215, 0.017308932779122675, 0.028013580688229574, 0.0194926898912716, 0.023776314108537182, 0.535948634922693, 0.06894111427770863]
            , [0.06005854470582423, 0.5342390528578802, 0.011033147080702339, 0.012312415679242803, 0.018515397650683434, 0.022159095479800692, 0.014128364095907722, 0.02233811855679641, 0.013700448122101408, 0.03265489034754779, 0.012897502556637037, 0.020652173451272435, 0.00863619761173612, 0.0138210314388998, 0.018435893784320256, 0.08652212657180698, 0.038890306449351965, 0.03703520266336499, 0.00492053593451103, 0.017049554961612427]
            ]
# The number of clusters.
n_clusters <- 64
# The base file name of this file (for reproducibility).
fn_distributions = "udm_0064_clr_rb"
