20 A C D E F G H I K L M N P Q R S T V W Y
2048
0.002515256944048366 0.0636422003685605 0.0108404715806626 0.0366686104378268 0.0774202931592076 0.0170005731539379 0.0259580938435223 0.0602292588400327 0.0260543842033091 0.0771030077927015 0.0606320742974485 0.0276401088490037 0.0539905591464092 0.0171972526479711 0.1737729398441861 0.0742877133915176 0.0709587341218952 0.0574576079553144 0.0457206985367486 0.0044813083685572 0.0189441094611876
0.0024468145782239204 0.0594998072917452 0.0080311304611524 0.0368385228525606 0.0659710212478347 0.0103609046318800 0.0267576631523356 0.0456271612602553 0.0208119363822171 0.1669520234786473 0.0490999991349040 0.0184650140293087 0.0584451481904653 0.0112256733721263 0.0863010099391453 0.1581018165182844 0.0701013878841428 0.0546650131915032 0.0349863357617488 0.0046596171584232 0.0130988140613196
0.0024439628129812353 0.0523423839687645 0.0107868062554991 0.0175933475100117 0.0435245245580881 0.0128706895708508 0.0215578240731684 0.0465406651002691 0.0222623351345461 0.1740784216825660 0.0502974819980330 0.0185156147120947 0.0488786995826418 0.0115098609381973 0.0683091022975214 0.2308509290671111 0.0660908826714418 0.0495819695412363 0.0349689204430900 0.0052892717861991 0.0141502691086695
0.0023555580904579933 0.0649696465124995 0.0194928015978140 0.0311994354036617 0.0577719609318618 0.0518207258148275 0.0270847134364516 0.0571086827719708 0.0461112184046445 0.0673162445287228 0.0752239142808236 0.0247015827645866 0.0570874395576545 0.0128836303296721 0.0641212105472224 0.0772314719292209 0.0764380320761360 0.0613480490112712 0.0556187634300351 0.0174202460773211 0.0550502305936023
0.0023441510294872525 0.0928385224355104 0.0115009027209957 0.0615439863738840 0.0756656024010670 0.0126399509761615 0.0569421615862910 0.0417877454475192 0.0202814027427127 0.0691070137395004 0.0458478095567815 0.0140331586650981 0.0664941248038389 0.0295954580500112 0.0679853786751996 0.0678571939821572 0.1298176889274149 0.0755513266183918 0.0416323686573785 0.0043482362486090 0.0145299673914773
0.002298522785604289 0.0555050066033366 0.0039533155143957 0.1850134626961663 0.2889745829047315 0.0063249310534028 0.0373204547189346 0.0223018335316937 0.0122153201411717 0.0570781046242276 0.0194419792994894 0.0091139843385355 0.0516127526527021 0.0110864976829607 0.0701212325315759 0.0353430436442312 0.0555861193068201 0.0391308385212286 0.0297587688779121 0.0014728755711945 0.0086448957852893
0.0022899674898762333 0.0706404400322561 0.0129488361424250 0.0236961119870493 0.0549176952300137 0.0167481779674808 0.0451879971051956 0.0554885055240348 0.0228086405329957 0.0907089023412828 0.0602281810733720 0.0175853984660587 0.0511702991470038 0.0178265342756626 0.0693218187480571 0.1883831307114661 0.0711438467216131 0.0590746888154948 0.0459657299702189 0.0077249085037876 0.0184301567045314
0.0022557463069640105 0.0472777823457362 0.0065438743551782 0.0198795480183863 0.0533321301713796 0.0082183078058167 0.0223366518848686 0.0352742784696887 0.0183423940827418 0.2579142325409093 0.0378118651500577 0.0152983976123878 0.0531221263710439 0.0106434286348982 0.0676664114092107 0.1981564450623604 0.0593637051700047 0.0507151335866963 0.0248820349960282 0.0032417345827442 0.0099795177498625
0.0022500427764786403 0.0590967243270368 0.0133441114374700 0.0418696245163222 0.0499079501205614 0.0328561898002783 0.0260671505211307 0.1447917970629225 0.0211743693300216 0.0577732406405268 0.0568302470614235 0.0177264187392738 0.0722581116900887 0.0164667365971129 0.0780404727842799 0.0719845599414058 0.0801457431363514 0.0532848962128024 0.0313760068718691 0.0068294411561185 0.0681762080530037
0.0022272286545371583 0.0456933280560694 0.0081406663005581 0.0135622254287119 0.0379504724439978 0.0088747867175576 0.0196186662519466 0.0383761356312272 0.0173890294049858 0.2219401836847957 0.0390465356302153 0.0158325400626300 0.0412850625528269 0.0085654135959715 0.0616110353791776 0.2799292579775370 0.0549589370690264 0.0435280234214133 0.0286374182338241 0.0047302259740698 0.0103300561834576
0.0022158215935664176 0.0834419704072620 0.0172806486724145 0.0212167482105682 0.0509313977943345 0.0271634168827643 0.0206757211018169 0.0281417064957245 0.0841242925327687 0.0539210585176276 0.0942855916038743 0.0528581871842168 0.0457498511933843 0.0137262090384411 0.0591480208422947 0.0534242221682217 0.0812722221923655 0.0798038258164898 0.1073444050570073 0.0043628337428435 0.0211276705455796
0.002167341584440769 0.0668375680606562 0.0094514467039776 0.0425274433244376 0.0706572074970017 0.0120684203728667 0.0276066535355908 0.0412335830016575 0.0352539178964183 0.1410739327109927 0.0552815106565397 0.0198802844687144 0.0622639734836593 0.0197427599929337 0.0719815876119877 0.0991167586484267 0.0849818003224460 0.0734976793284472 0.0490452575124220 0.0037298144903236 0.0137684003805008
0.002078936861917527 0.0380490245347523 0.0071744584064365 0.0128228242240693 0.0373967409836823 0.0079023938381421 0.0152019049141979 0.0323990485932433 0.0163120907339965 0.2997172899029101 0.0358039430101788 0.0135402102675631 0.0397033266533786 0.0079990823849894 0.0613046582497442 0.2494832293176946 0.0449672608163703 0.0403635157044172 0.0275715470095997 0.0030841282689868 0.0092033221856470
0.0019848286089089147 0.0680941065473451 0.0100544427253923 0.0811085645857500 0.1764053928635928 0.0171424170459863 0.0245511285911183 0.0443918316505352 0.0430298831709737 0.0620396203735099 0.0587279252615875 0.0195920875636602 0.0513253499879671 0.0124456259863903 0.0747473643783216 0.0516373872844793 0.0665406946484597 0.0545779892618394 0.0588103700230747 0.0048931584793235 0.0198846595706931
0.0019848286089089147 0.1559785136415679 0.0148568222631490 0.0230069775066534 0.0349432574331909 0.0118853238505014 0.0597630268328414 0.0170256245757538 0.0211879806319628 0.0331699869365026 0.0420419494678092 0.0146855611303100 0.0581472171579726 0.0233926909356805 0.0363707766718621 0.0268561272557496 0.2503413006400906 0.1172274336249295 0.0458060912581188 0.0023729341730704 0.0109404040122836
0.0019620144869674327 0.0622007846279891 0.0055399582084432 0.1618980478919128 0.2122519334629018 0.0094641194689244 0.0379288178864728 0.0339496789073773 0.0156742762134066 0.0590258211087909 0.0368767727120415 0.0122108690751194 0.0567405931755709 0.0144343736103980 0.0704806778218016 0.0435488193935665 0.0670911991569737 0.0485461192103287 0.0371566391549261 0.0023657260846445 0.0126147728284100
0.0019363485997832659 0.1603311577283376 0.0067872824418138 0.0525873750449547 0.0711462524962291 0.0090147481931210 0.0615145676280205 0.0197502051473421 0.0187745945689535 0.0591022403548308 0.0405810887067443 0.0149369335527603 0.0553945365098714 0.0181443237391203 0.0569262755425425 0.0521876331563761 0.1613614999735472 0.0814817545255018 0.0489635353185640 0.0019330788911099 0.0090809164802592
0.0019363485997832659 0.0862820221997393 0.0435224828322028 0.0194937187088730 0.0246818268857492 0.0526687738218638 0.0431413476544260 0.0465665654291478 0.0465752080969424 0.0299267932839425 0.0673688707187134 0.0216992637210515 0.0623408231679758 0.0136695196254261 0.0431939229418522 0.0484216802283928 0.1634890531214814 0.0791938949096116 0.0564311643882247 0.0063717781579074 0.0449612901064763
0.0019306450692978955 0.0842243605027286 0.0077626969748977 0.0362494305060793 0.0456227486068163 0.0135706418461696 0.0440887266614387 0.0234651317437558 0.0341690759020913 0.0576800284314161 0.0427310304584354 0.0185916145114686 0.0668614178108504 0.0138908850767222 0.0501733918168607 0.0510013418310754 0.1877618117566995 0.1569972631306644 0.0486602566227941 0.0029331569773613 0.0135649888316747
0.001902127416871043 0.0355196776927393 0.0069371931751364 0.0095317761306619 0.0298801931764523 0.0058144821735597 0.0244860701320572 0.0359756355492795 0.0122643696380184 0.2291558908142127 0.0289695042690858 0.0114251673448704 0.0379940716262103 0.0079500694604750 0.0614359650904414 0.3508319133330858 0.0485832793856815 0.0367363528752920 0.0146564840975810 0.0038678076953868 0.0079840963397725
0.0018650544687161352 0.0657342449578724 0.0183382003919105 0.0113397071429212 0.0179169084091890 0.0751112218801280 0.0171013480361507 0.0445187452303313 0.0787713928942816 0.0309877762377654 0.1593838853568948 0.0634661360318695 0.0304663537599014 0.0106504661328360 0.0430988521055243 0.0480930285731454 0.0691513600329047 0.0603437696839618 0.0788912813211169 0.0145447301020095 0.0620905917192856
0.0018336850510465978 0.0819066604859983 0.0121500350944148 0.0550077920202122 0.0525686082127747 0.0108902664563956 0.0591462364878088 0.0427150146353198 0.0177667819585923 0.0582964121099695 0.0293849203197130 0.0139630800188153 0.1225372421277715 0.0165105955064232 0.0607493546320782 0.0534124135468945 0.1808805284556546 0.0887628898670372 0.0284902779257725 0.0017066768741545 0.0131542132641994
0.0018137226943478013 0.0912571860031649 0.0075801734330771 0.1214110801578552 0.1421130279489610 0.0077907342065340 0.0580108074240275 0.0229969186663505 0.0141810314199952 0.0589585049556823 0.0250296657187591 0.0110863756422016 0.0734649100401788 0.0185610870711829 0.0619815758132889 0.0455033436367344 0.1217245350665114 0.0722493268553316 0.0349311308898534 0.0017410698546132 0.0094275151956968
0.0017652426852221524 0.0331304696056681 0.0054254054311498 0.0078844044190496 0.0265191627750225 0.0057128441116744 0.0139461377603841 0.0270416824140975 0.0135371132690475 0.3070006340791426 0.0298766078295854 0.0116472598942033 0.0301737126165438 0.0069164900963060 0.0492035730479514 0.3289589998897938 0.0411220920022016 0.0324023842676462 0.0203285572133604 0.0026198214265699 0.0065526478506021
0.0017623909199794674 0.0383231653853851 0.0052525351657676 0.0117896480271185 0.0346565410212883 0.0049536563925952 0.0150549316486784 0.0219067485601942 0.0117983827963641 0.3878015848795307 0.0271448374001799 0.0116854646724922 0.0382299627216144 0.0068779589145760 0.0548327176718510 0.2164033507625732 0.0448255204310444 0.0373325630922582 0.0230154423664863 0.0021084338666631 0.0060065542233388
0.001759539154736782 0.0606423218220134 0.0136175923210256 0.0781479503722826 0.0616738447831554 0.0159957248582910 0.0591892238606651 0.0620502876700395 0.0189929021130005 0.0703195253775433 0.0294642994364401 0.0136657758674645 0.1661324015170809 0.0141408026829983 0.0564348315129887 0.0624279067072826 0.1047084041573008 0.0597361265221197 0.0254085125749224 0.0046622520817956 0.0225893137615899
0.0017481320937660413 0.0608080451191273 0.0149085027078232 0.0210210098808765 0.0299223178760565 0.0944707055244681 0.0194692628007750 0.0763795563072101 0.0398411654794303 0.0407710401618242 0.0707571524164068 0.0220338153282460 0.0536539445639683 0.0099159996122498 0.0536041782109147 0.0531253941319110 0.0725175177773854 0.0588712820741568 0.0515159650973092 0.0110387509284101 0.1453743940014504
0.0017167626760965038 0.1005673212633143 0.0371027500199036 0.0348284966980635 0.0384188844464340 0.0183533569120203 0.0586482326743102 0.0288286818273683 0.0187264151216812 0.0427494581978382 0.0443244635625850 0.0144261637988724 0.0606037821030797 0.0171191181273880 0.0422492300308504 0.0497662797253870 0.2507879646983686 0.0819495867341979 0.0373809459401545 0.0048688884878388 0.0182999796303441
0.0017167626760965038 0.0244855668721108 0.0032213314559527 0.0069218581205259 0.0253111783175289 0.0032680348636784 0.0087716132858951 0.0211375613929386 0.0086519177033988 0.3912987167761718 0.0208697220361859 0.0092572803956037 0.0323192262943494 0.0035709875276109 0.0538349469480263 0.3102062818698756 0.0324199780487954 0.0271252008492805 0.0111821420605624 0.0016990987447169 0.0044473564367923
0.0017139109108538185 0.0621949710462190 0.0053994789310661 0.0868798147422842 0.1371014711916716 0.0085692984038018 0.0400938348782352 0.0424090019724985 0.0164497801415376 0.1228858960853177 0.0382032440397619 0.0134469753448435 0.0659684192334701 0.0107300236322975 0.0862222409085233 0.0967494176635137 0.0726713557407352 0.0550240569206208 0.0249209915617066 0.0031424147278131 0.0109373128340826
0.001708207380368448 0.0597836105682124 0.0046897031618491 0.0562362950705097 0.1182316954512087 0.0045602806571076 0.0324256410999346 0.0328899911166495 0.0140374273950341 0.1954584672857766 0.0312375641330804 0.0132083649945184 0.0625791852621241 0.0088370601749887 0.0894678469901093 0.1293850416619498 0.0672205987569889 0.0519577621207647 0.0191204709260027 0.0018369799423234 0.0068360132308671
0.0017025038498830777 0.0374924907850452 0.0046364902307719 0.0130018582045755 0.0423757230120560 0.0041248180488286 0.0151622979983206 0.0316995174101200 0.0113327996936417 0.3008968545162118 0.0268456350172402 0.0116244443889055 0.0414102769419130 0.0046259564682320 0.0882907000913048 0.2632440698193670 0.0475788022620851 0.0350496527429124 0.0132640854766082 0.0018255332524474 0.0055179936394129
0.0016996520846403924 0.0747994120026531 0.0131934344963126 0.0291059891570312 0.0514799858096819 0.0197243233750353 0.0246979327874929 0.0362222087930543 0.0545660405497092 0.0570794704508079 0.0609362350133943 0.0265328451984213 0.0629084433583636 0.0152724689560837 0.0555788621879402 0.0531277736668894 0.1081102360864931 0.1682238864162147 0.0650850718195402 0.0043973655947015 0.0189580142801795
0.0016739861974562253 0.0583541090951972 0.0090895717729635 0.0175400474114453 0.0426778489698788 0.0107501894709660 0.0319673854331928 0.0406706224034946 0.0171702411021189 0.1363381146283476 0.0421801249152745 0.0149348592969381 0.0413547947393134 0.0115348039614420 0.0619920429362454 0.3156890036834778 0.0592960590438715 0.0456223371386050 0.0250807419990890 0.0050194583051601 0.0127376436929782
0.0016711344322135402 0.0288473968117177 0.0044586975192861 0.0100252359169223 0.0324364703834248 0.0037128357096404 0.0121606165393241 0.0263668848552929 0.0093106548003301 0.3669090483408028 0.0236983965239963 0.0095563133380836 0.0365920981602674 0.0046203724207715 0.0620578476700271 0.2772169634669342 0.0411733434054092 0.0326151017378997 0.0121014946927037 0.0011649726008707 0.0049752551062955
0.0016654309017281696 0.0495654256423056 0.0034104204434939 0.2174717238845170 0.3476999429240879 0.0047872072865735 0.0337211826587476 0.0157103043440535 0.0096847823535252 0.0408500686470941 0.0145850048832487 0.0064088795059999 0.0413697833572556 0.0099532990252567 0.0610114975484185 0.0270358405794459 0.0498283502165506 0.0340179661246396 0.0250490595770417 0.0012843630287911 0.0065548979689532
0.0016654309017281696 0.0691921619215406 0.0070360263215504 0.0950702206209554 0.2758922123276172 0.0094081232345851 0.0378226327449160 0.0229841667262939 0.0196385021439917 0.0593994436650446 0.0409928385362393 0.0131570183741979 0.0406828000849506 0.0135572592080205 0.0779183340772996 0.0459219013579332 0.0602694408683819 0.0509140489930088 0.0455886939085332 0.0030715207569414 0.0114826541279991
0.0016454685450293732 0.0827595921199215 0.0097152293084944 0.0318646265823069 0.0576468303690577 0.0185243218593424 0.0257466766851923 0.0481164759064696 0.0375361315028724 0.0599465863958352 0.0631272617090530 0.0176778771205644 0.0471011829203465 0.1427149251131856 0.0612380907630657 0.0636810153330956 0.0916827746334544 0.0644136519348626 0.0532691456657039 0.0050886836258304 0.0181489204513455
0.0016369132493013175 0.1477204217271059 0.0143977692670246 0.0189794897426765 0.0418693988673949 0.0170653566102592 0.0455833570328429 0.0159301660786852 0.0573197263234005 0.0408522292897857 0.0678131160264971 0.0312541488424756 0.0446112532423839 0.0355520939069321 0.0427595859734205 0.0301506636334606 0.1255072591249813 0.1233814991236905 0.0850674894274043 0.0027469946775510 0.0114379810820277
0.0016255061883305767 0.0777085805434147 0.0149466744776306 0.0190602876158609 0.0415678584197529 0.0134432219183402 0.0331464682686776 0.0172123543011397 0.0452825569172758 0.0469291293301526 0.0460940363938706 0.0319983715356033 0.0500341301469701 0.0117774425368299 0.0420504229854965 0.0420298917990383 0.1385095164480434 0.2549427708029137 0.0582986807275520 0.0032134582673292 0.0117541465641080
0.0016226544230878914 0.0665911524708970 0.0078464098510486 0.0193511280689593 0.0635787190004883 0.0255719470427307 0.0139805241916737 0.0411635834653806 0.0628064030838134 0.0619335868001544 0.1572159409765046 0.0681975677783945 0.0450923551409734 0.0047293066554709 0.0896407601912005 0.0617800724672695 0.0629143020974929 0.0583275865669801 0.0632107326343310 0.0040823838944907 0.0219855376217461
0.0016140991273598357 0.0851734238108650 0.0078032040341500 0.0436891943046183 0.0734181960191086 0.0123913750560652 0.0240260646068769 0.0438128364495866 0.0485700929298118 0.0762220938813600 0.0601214365599967 0.0350062902648206 0.0649690262766177 0.0072774098983186 0.0920553007940597 0.0618813196683923 0.0997635200247419 0.0865005662106885 0.0620928205149525 0.0007348528308412 0.0144909758641277
0.0016112473621171506 0.0965737635328278 0.0161183084271452 0.0475592815465214 0.0530655290042478 0.0201015198633988 0.1705170781590202 0.0254956165948929 0.0236399555977464 0.0543959371202609 0.0564900606016191 0.0189723081138434 0.0580681368283843 0.0159890204089211 0.0504251351801697 0.0590777586236698 0.1009197974889321 0.0587757620178962 0.0497446601591795 0.0066689301767533 0.0174014405545700
0.0016083955968744653 0.0750467471223654 0.0045126748636768 0.0750327963647785 0.1722343741611560 0.0073926014253737 0.0236372334416755 0.0386828535561129 0.0180616544828111 0.0903900571000621 0.0447089026837812 0.0157008916370396 0.0581630149373958 0.0069176741572793 0.1177947620053463 0.0648486966705621 0.0791929973388430 0.0601398918067980 0.0376854557199108 0.0012360808292327 0.0086206396957990
0.0016083955968744653 0.0750946418489409 0.0038100144977521 0.0617360582104367 0.0797232984535121 0.0057971047556278 0.0477770199802571 0.0415772303272795 0.0127822986862694 0.1206606707117048 0.0206597194678208 0.0103695795645214 0.0937487976651748 0.0103545380571400 0.0887072256507941 0.1019587334876218 0.1244429732864663 0.0713141467751189 0.0191721377842054 0.0011350259409746 0.0091787848483819
0.00160554383163178 0.0458538494706459 0.0018827526319845 0.2363615170175615 0.3567942996023998 0.0030925915851436 0.0287816068694613 0.0195528349270621 0.0067387650130229 0.0420442003568071 0.0111721167148152 0.0051869885928203 0.0436552993962262 0.0068098404481619 0.0753850103623434 0.0266643267257087 0.0423514458969992 0.0296532765830158 0.0129235845304017 0.0007330560268049 0.0043626372486142
0.0015884332401756688 0.0767300453058378 0.0135628779583148 0.0497560401654376 0.0491629426273130 0.0131823052970421 0.2770099946470297 0.0244987323814476 0.0166866850078690 0.0523043404955544 0.0350626322962886 0.0125045846308783 0.0637623690634973 0.0165804809812579 0.0398376433489649 0.0574940684234302 0.1005773909702705 0.0501706053693287 0.0336889297191262 0.0054784552112176 0.0119488760998937
0.0015884332401756688 0.0454491099167630 0.0099263458891807 0.0067352659550594 0.0140496267405539 0.0503055595417131 0.0087404687512415 0.0135462542569412 0.1457452971634170 0.0205869715001178 0.3118618496784468 0.0776581875259801 0.0141600021078465 0.0087121023527517 0.0314629281562478 0.0241123770040143 0.0372192021834692 0.0487141553664755 0.1088377373471860 0.0044429594273636 0.0177335991352309
0.0015798779444476131 0.0409905906587360 0.0028099939255809 0.3061179716314604 0.3068623614139855 0.0034495465631453 0.0320003089371534 0.0218205367863071 0.0070543020079457 0.0354716879249024 0.0118455294274409 0.0055407962479733 0.0505226896965375 0.0090274032665134 0.0474210084149362 0.0226691634837745 0.0449365189378663 0.0296172256445696 0.0146994551976166 0.0011009861268741 0.0060419237066807
0.0015713226487195575 0.0457410428543353 0.0043369799412636 0.2852764491924764 0.2386719446947716 0.0065422365427963 0.0357965646062256 0.0291563012136429 0.0103652402764581 0.0413572361813412 0.0191771596758717 0.0076453633776316 0.0640478947003890 0.0115528900323145 0.0512347943885260 0.0305384562627947 0.0546918516065418 0.0366112125766783 0.0176879226665005 0.0013282166881828 0.0082402425212583
0.0015684708834768721 0.0562701168444837 0.0134502352099943 0.0071979285889775 0.0150282044718508 0.0699389857629764 0.0103848716849644 0.0196523955631385 0.1186989012031936 0.0202827752663494 0.2311466100303029 0.0841651772403101 0.0162998731050285 0.0079201729341883 0.0355284184559728 0.0294061541951765 0.0486678395775131 0.0517469715671218 0.1099240324736665 0.0090089247652958 0.0452814110594954
0.00153995323105002 0.1156358265926360 0.0037478954491475 0.0409727929671809 0.0583073016298472 0.0076899324841462 0.0354788120752364 0.0167406249826781 0.0193664873674925 0.0512849479108083 0.0400827313092981 0.0109760717571601 0.0416864048673316 0.2253140375479870 0.0601027984915934 0.0476508671837471 0.1098826406675507 0.0655374077826817 0.0418542660273312 0.0012837346613457 0.0064044182448004
0.0015371014658073347 0.0660933862006227 0.0109412657081096 0.1728660494047405 0.0926758480160916 0.0170868886603721 0.0503924867800686 0.0496001321797429 0.0219191796644617 0.0509708475690093 0.0499992745273152 0.0145448495086950 0.0763352029814572 0.0146742185606013 0.0517798425505896 0.0466946356038605 0.0794834473459769 0.0562737727941865 0.0486035846691193 0.0045286268004132 0.0245364604745665
0.0015313979353219643 0.0602476505625215 0.0100589867175194 0.0158724231797481 0.0434516752264073 0.0420796949454242 0.0114763403867406 0.0208891958565436 0.1583782526328618 0.0509314455359624 0.1156639249650727 0.0572257791668942 0.0339942185097105 0.0094935723839883 0.0516211728603350 0.0521405784047798 0.0553121709532564 0.0637469253889783 0.1246825138309682 0.0035326582034956 0.0192008202887918
0.0015171391091085382 0.1461975713803657 0.0119503400375457 0.0149211540991754 0.0214777558393688 0.0116779865405946 0.0396757461232850 0.0125975443391274 0.0517956729352416 0.0310775077768443 0.0453205546075105 0.0337665637118495 0.0504542621329941 0.0168420592253165 0.0234067533201618 0.0215917729110548 0.1830113062639050 0.1946427480475721 0.0788605108208010 0.0020063425650572 0.0087258473222292
0.001514287343865853 0.0828955825690816 0.0119075555334418 0.0230047802472527 0.0407424410690797 0.0184312723722269 0.0347231725019370 0.0392499238958085 0.0371934926108951 0.0427284645551709 0.0617166656536983 0.0160514860640919 0.0432110872209275 0.2334622553337431 0.0489163062795433 0.0432137427089901 0.0925908918784883 0.0578019904317174 0.0493396623138259 0.0046839171741466 0.0181353095859332
0.0015114355786231678 0.1747808545025238 0.0101543207828671 0.0149342823530555 0.0313166234035879 0.0070053704584004 0.0495637476332800 0.0109843698410401 0.0192649541329963 0.0313470626131755 0.0293116697024704 0.0124927447354657 0.0508368397464706 0.0278864427429235 0.0353870813458719 0.0277551746716638 0.2545327165694352 0.1615019907941244 0.0436736978457667 0.0012685282538093 0.0060015278710720
0.0015028802828951121 0.0180925009784398 0.0130474864397054 0.0042372682062114 0.0054384268866257 0.3061115326452102 0.0054597134089604 0.0439383653036155 0.0250191094763770 0.0058080999787371 0.0528495664643353 0.0107304566427974 0.0095386910907072 0.0034174145123183 0.0085782378884658 0.0088569581842018 0.0228549640134520 0.0119899994619387 0.0249203964288067 0.0209427527860365 0.3981680592030578
0.001488621456681686 0.0590411870590331 0.0099479191534234 0.0194173861815261 0.0574881708273918 0.0129818952410008 0.0237208971523229 0.0264401219995360 0.0364183496601790 0.2531555768323873 0.0516828215071553 0.0225214621997221 0.0539967486073807 0.0124054704422591 0.0645531656932083 0.1158660929617791 0.0601028881514563 0.0571008049321761 0.0454403450665954 0.0042843829396482 0.0134343133918189
0.001488621456681686 0.0623912751254938 0.0169210015654869 0.0534282911656755 0.0379585023133600 0.0125752554159898 0.0550555554774173 0.0497689243042858 0.0170589952357865 0.0493193923005524 0.0267444822746312 0.0125931848744166 0.2034688436890881 0.0112594220794340 0.0485666673699943 0.0440493889617361 0.1809998707543864 0.0746872916765818 0.0219535848353764 0.0031330833945326 0.0180669871857742
0.0014857696914390007 0.0245550211247377 0.0048466760405764 0.0072477664379599 0.0229534604017046 0.0039937191432385 0.0114280861278814 0.0251003219657600 0.0090512667534801 0.3198928461776846 0.0233226780414862 0.0072539892147406 0.0297794475118322 0.0049687871120163 0.0524031521616165 0.3728608349554233 0.0353709159098436 0.0266303256115871 0.0114095094218291 0.0016591528030603 0.0052720430835418
0.0014857696914390007 0.0901790286172614 0.0130974210226534 0.0198005349809658 0.0226636161685043 0.0111636558540025 0.0418268936650833 0.0154926684981234 0.0317020945123228 0.0393353763510226 0.0358527919218393 0.0143607442641019 0.0586128712297935 0.0157459058328881 0.0318684188015730 0.0357368898096936 0.2731495216344928 0.1921383240884361 0.0439958872092648 0.0028562369395326 0.0104211185984448
0.0014800661609536303 0.0846663904827173 0.0068279193868715 0.0196443022764416 0.0359345866161920 0.0096642328010950 0.0296240916321470 0.0165728154374550 0.0164477033153259 0.0357148145385146 0.0386403232461219 0.0102367814826656 0.0207428111647962 0.4373422858197808 0.0351550632363384 0.0332027088489920 0.0772371278209320 0.0457203671141895 0.0350337207685635 0.0028928001987652 0.0086991538120947
0.001477214395710945 0.2426420749852118 0.0351930098296675 0.0159612250598740 0.0275528396926807 0.0157807351180557 0.0626468339706908 0.0151943916538170 0.0419717381024001 0.0235481416938656 0.0546822748057928 0.0226059966064729 0.0370978710058086 0.0168771838150881 0.0330069927882157 0.0249083666883194 0.1600290603688994 0.0825415533255930 0.0718044436484374 0.0033141699967892 0.0126410968443201
0.0014544002737694633 0.0893186602146754 0.0098998253348607 0.0184315002543209 0.0349841838065951 0.0145979720605648 0.0340443888447620 0.0235085009650576 0.0235641393478316 0.0367084969021609 0.0539959439970741 0.0133155720186950 0.0278613809014973 0.3354513164490817 0.0400297187374673 0.0422466363605664 0.0835312214241263 0.0535982784192245 0.0469501077294217 0.0046916512992748 0.0132705049327424
0.0014458449780414076 0.0645327159240771 0.0071868066690278 0.0109393275237886 0.0367656883353034 0.0210273645286074 0.0116607502792889 0.0143648208890561 0.1230308681786465 0.0398901820554353 0.1924973329457580 0.0767939200365570 0.0205641218739793 0.0081119201011441 0.0482973360497508 0.0389387229674104 0.0542047064630916 0.0743996484099957 0.1438353275701770 0.0021810826185553 0.0107773565803498
0.0014458449780414076 0.0421882917857963 0.0079725779609188 0.0153231558291355 0.0501991439789830 0.0046335578251452 0.0159613836307822 0.0384534081830432 0.0122837252120021 0.2211822327772248 0.0330394471935835 0.0121528401702640 0.0412129215270641 0.0075837640851368 0.1056608140142848 0.2733445863023676 0.0509456265564160 0.0423299689881309 0.0168569292423232 0.0018990797033774 0.0067765450340211
0.0014372896823133519 0.0311280506102684 0.0035981313993344 0.0075953001555444 0.0321920568207007 0.0035306025305618 0.0102131836198863 0.0142461937967570 0.0118681025193482 0.4604658392087586 0.0230743151127553 0.0114750664562054 0.0330325035086652 0.0045163485625207 0.0559307966130630 0.2104196005193506 0.0342585543553238 0.0333985037571638 0.0139040454724688 0.0016634733478882 0.0034893316334356
0.0014344379170706668 0.0293644434955673 0.0148101358483986 0.0082275014419699 0.0090000749624906 0.2451938034543579 0.0085767288206340 0.0603319433466978 0.0330192599373296 0.0111505464717490 0.0620844506390922 0.0148735629108773 0.0175490920240778 0.0053438963622730 0.0152181971293727 0.0143912843916478 0.0375810646703280 0.0175474092309666 0.0359589523910510 0.0248910522698672 0.3348866002012517
0.0014344379170706668 0.0771810527186714 0.0156148367868978 0.0218682042740546 0.0434264278416635 0.0107380372594422 0.0526858867528893 0.0499941988615556 0.0159998776988845 0.0995726337349665 0.0352528031519963 0.0133755166690844 0.0722264892454598 0.0109588436804126 0.0640636395013195 0.1501199452588705 0.1553139948182579 0.0705314422771860 0.0244730147047161 0.0036607209571762 0.0129424338064953
0.0014287343865852962 0.0768915563077256 0.0111809742157760 0.0142514885874680 0.0187056684806819 0.0089698549232036 0.0306454843409972 0.0123915098782217 0.0350774181705106 0.0388516460071234 0.0345788897910467 0.0163353879744108 0.0499365302786298 0.0108453144766053 0.0317450956733211 0.0334219882211520 0.2292506072287430 0.2932959977081356 0.0428525497889691 0.0021253373328229 0.0086467006144558
0.0014230308560999258 0.0862166843628915 0.0151375413863750 0.0145884643942394 0.0403712461658904 0.0219921531376763 0.0182932535347068 0.0174754355167195 0.1030218610968296 0.0476045668853573 0.0778617926048498 0.0484855959732691 0.0380361389861691 0.0118155678309407 0.0458601871269538 0.0474791035717443 0.0660060660824571 0.0776902120076751 0.2027872378038310 0.0038040904532989 0.0154728010781255
0.0014201790908572407 0.0739954447019771 0.0121722191781206 0.0458910867634354 0.0414077369800178 0.0098917772110158 0.4167703949572713 0.0160166327655177 0.0131102745917113 0.0387822517458598 0.0218911137933307 0.0097934408954618 0.0527085007314860 0.0116606238070280 0.0306532879641432 0.0397034915256092 0.0852655403618659 0.0406520980089069 0.0268724865610488 0.0034605800130162 0.0093010174431766
0.001397364968915759 0.0546498441454472 0.0111462789174506 0.0101393249992674 0.0192112963102936 0.0473530127549068 0.0130253520461407 0.0210896565311566 0.0725762430525728 0.0248841968413785 0.3412214289857758 0.0717068212563418 0.0189393875076171 0.0112717640906077 0.0487416980115909 0.0409852228607933 0.0472315868036511 0.0464217653630655 0.0743252645628746 0.0053122324909946 0.0197676224680734
0.0013916614384303883 0.0472475809314785 0.0016920541429204 0.2869502098566849 0.3470464938721939 0.0023489727953043 0.0312174882468768 0.0169692300622626 0.0051307725920789 0.0348232352361015 0.0092209279500126 0.0039762358516633 0.0440541126202344 0.0066538564600067 0.0494441426325964 0.0199788627567548 0.0463305622061073 0.0288997525159097 0.0136347799682651 0.0005318409215856 0.0038488883809624
0.0013888096731877032 0.0533891069781568 0.0130096823925060 0.0288458827601224 0.0443024799357712 0.0402308690893253 0.0242832762201346 0.2292008062102290 0.0216992359823673 0.0471851115339687 0.0514504795799990 0.0159080606329879 0.0644698055618148 0.0140896559444786 0.0636071266139506 0.0635692011299132 0.0623927563598728 0.0454784784808295 0.0390165304457053 0.0065849329486642 0.0712865211992029
0.0013745508469742772 0.0576933208907268 0.0066448083660684 0.0392472441128341 0.0929322849209142 0.0070923723267957 0.0178708825678642 0.0545981431732781 0.0148063577523075 0.1535652030631967 0.0469985296595337 0.0148463484228425 0.0521223931082727 0.0102054085816043 0.1587362087782588 0.1160395860072531 0.0633626954727699 0.0499675446402449 0.0319680209026139 0.0016540067075850 0.0096486405450356
0.0013602920207608509 0.0467915006397668 0.0044711674886519 0.0329691865389141 0.0805543151208154 0.0041181908064753 0.0151812728824789 0.0330426213986679 0.0144141416138268 0.2609444240635042 0.0363569113029256 0.0134832917126139 0.0512495841054278 0.0054477041642962 0.1186304669557189 0.1580181391357744 0.0539488152778495 0.0442972633375075 0.0185842921977806 0.0015257353054339 0.0059709759515702
0.0013574402555181658 0.0540749645406736 0.0038044277950147 0.1314638887206941 0.4233173044172661 0.0048940305625382 0.0266272563699414 0.0138515067925878 0.0104923387269220 0.0470453149825009 0.0182757497304524 0.0083662581857236 0.0342171530806192 0.0081153814660325 0.0729014622140175 0.0302874823328716 0.0433909827503394 0.0328994774168123 0.0281841201712558 0.0016000298275538 0.0061908699161829
0.0013517367250327954 0.0356354935421938 0.0184073592804369 0.0073171442930757 0.0091983382738393 0.3046542450125985 0.0092627167378394 0.0407510012375321 0.0465287881580850 0.0115598072975916 0.0977294223148074 0.0340042989646559 0.0165194798038466 0.0066837448834892 0.0132126319799392 0.0146162895817749 0.0392441219750866 0.0213766878887093 0.0445972509825709 0.0183242827266390 0.2103768950652885
0.00134888495979011 0.1122814681413687 0.0053972598343688 0.0557186994870009 0.1009751161589615 0.0052900208204127 0.0454583832802461 0.0310290262800614 0.0144968689020629 0.0827308674295676 0.0327927562228975 0.0141271120915991 0.0711101676359148 0.0062518405725961 0.0968087650648448 0.0568392800556939 0.1373079247910649 0.0871587957082554 0.0367826422625452 0.0009638593770278 0.0064791458835100
0.00134888495979011 0.0543843177045546 0.0122037907003234 0.0736595151711442 0.0443026331076763 0.0135697624577214 0.0513822576645473 0.0499158973483922 0.0190967638275134 0.0513130352533480 0.0363300344166783 0.0145091918867266 0.2920700624093829 0.0113735706717660 0.0437640585265617 0.0443322158176530 0.0818256738761386 0.0537567219299830 0.0303289637184827 0.0041228123069341 0.0177587212044723
0.0013460331945474248 0.0571032135715498 0.0107614088507527 0.0110311764803648 0.0482880743952004 0.0188387415328999 0.0119110242772956 0.0241091369873746 0.0809072178406740 0.1242139058211049 0.0966493535643528 0.0568705355771714 0.0361223547782986 0.0061387029769418 0.0688815662729225 0.1167709321777672 0.0549442241533207 0.0714247406158576 0.0860050993752466 0.0041288892104169 0.0148997015404874
0.0013431814293047397 0.0280880812139985 0.0080821436745582 0.0038384975190099 0.0071153681400541 0.0529011534190044 0.0054157551709940 0.0069862518951500 0.1307244301337280 0.0092915292894950 0.4844290304075519 0.0823318426806448 0.0069458737298518 0.0057306708538585 0.0118831668547941 0.0114639002722539 0.0202159954125613 0.0249167226120030 0.0850937527327320 0.0032817323042478 0.0112641016835088
0.0013431814293047397 0.0672488612970853 0.0107925307212740 0.0156932913882632 0.0448830137080856 0.0181922965947795 0.0137130709701043 0.0182746191027807 0.1035238750116717 0.0502975490565387 0.0790762517494696 0.0504335332415920 0.0477690257013514 0.0076311273196832 0.0471010147890399 0.0464900947523318 0.0881170213111415 0.1498580655539568 0.1228376387863610 0.0027336087235898 0.0153335102209003
0.001337477898819369 0.0558435676218053 0.0030060035579353 0.2393024542727208 0.2688655451675075 0.0035484190455805 0.0370783256205987 0.0223589683194367 0.0055327814075736 0.0513067105432698 0.0118156775897749 0.0050915505170728 0.0706479618648588 0.0067482727088394 0.0650452902207085 0.0313436692956427 0.0672855916277564 0.0372869611089292 0.0124591024651444 0.0006171371460728 0.0048160098987721
0.0013317743683339987 0.0735184919525588 0.0128378535660868 0.0143984501458982 0.0275479408857853 0.0470160058340434 0.0213639088256455 0.0213983058940693 0.0757987117111081 0.0400360769947440 0.2295394810491315 0.0622317509962931 0.0278972687197808 0.0191272219296999 0.0535577722527180 0.0447650363046935 0.0664858973613371 0.0604535058959804 0.0790602003474709 0.0055728547812116 0.0173932645517440
0.0013289226030913136 0.0462471026058970 0.0052391801980339 0.0261326974882998 0.0479925777260964 0.0029565049417941 0.0282609403613148 0.0303305746293054 0.0108422940594312 0.2715347470839128 0.0166850344501984 0.0108386741518196 0.0651370891479904 0.0072637395487150 0.0741664960336945 0.2051713565920241 0.0751114645465864 0.0556694552494602 0.0147149966893860 0.0010041234782002 0.0047009510178397
0.001323219072605943 0.0604073913979324 0.0038019426482659 0.1366212048112652 0.2149196348625003 0.0053045420031743 0.0347840360091137 0.0452771273109696 0.0092798803446284 0.0733032596454067 0.0279284838620583 0.0093721570742529 0.0663299650549310 0.0072817048134922 0.1215700084097803 0.0549462909180470 0.0589121747731625 0.0447639838732733 0.0163051673568771 0.0012684642880689 0.0076225805428000
0.0013004049506644612 0.0717332927842620 0.0062837073813339 0.0306822482200122 0.0516418769716495 0.0063730844256474 0.0403750371456297 0.0215542152044229 0.0164145304092286 0.1847380256453729 0.0330952570982261 0.0134193803246924 0.0660345088968249 0.0120235885176255 0.0625784569689070 0.1273569009550181 0.1284952152580592 0.0864898044961065 0.0325986726552530 0.0016995837624358 0.0064126128792924
0.0012947014201790908 0.1676180758517061 0.0064334582680933 0.0151442353504067 0.0338440526649245 0.0080873193309184 0.0372098823672166 0.0119653468039896 0.0211073098036958 0.0312586041747716 0.0395072300513618 0.0099160666340831 0.0166423117412946 0.3422831673903249 0.0318144811625344 0.0304172999876376 0.0896399613566611 0.0527147925507656 0.0445249192970134 0.0021699810466805 0.0077015041659206
0.0012918496549364055 0.0367465868141513 0.0106485497401736 0.0064380244455048 0.0105468665093252 0.0527596997665250 0.0082028105312784 0.0118173625581972 0.1076181942171843 0.0151110373280807 0.4370838326424370 0.0716384638829063 0.0111022214655092 0.0085853594247764 0.0258904292936466 0.0177126703589856 0.0318785705521650 0.0341229140972272 0.0846097917726703 0.0038253082638508 0.0136613063354051
0.0012804425939656648 0.0765432495712343 0.0098759678264853 0.0360088759457876 0.0311822398045594 0.0086002513532775 0.5225050554781082 0.0119641360487018 0.0103116118453024 0.0294229869156176 0.0242018376604625 0.0089255157974316 0.0386563449514229 0.0094708477960556 0.0217040582751208 0.0362696781837098 0.0645238404414811 0.0303093003534961 0.0185947322870481 0.0033119383704636 0.0076175310942341
0.0012775908287229795 0.0581003307671609 0.0056709086000683 0.0073526784089756 0.0272866621920630 0.0177402734013356 0.0079655057930717 0.0098264397426269 0.1859695406709102 0.0366714295851775 0.1446445872419463 0.0701248441770558 0.0145204583823087 0.0045927991906319 0.0349668108132928 0.0364769538636857 0.0424962411860617 0.0789309646216732 0.2042406137225692 0.0015661049809534 0.0108558526584316
0.001271887298237609 0.0515102398889333 0.0101768367542357 0.0075879184054888 0.0150142104593874 0.0438999188163346 0.0097319132853146 0.0125867002981477 0.1980390918239288 0.0294136091022504 0.1977926836334335 0.0660703649040077 0.0137225682527626 0.0080684159827326 0.0336317910251652 0.0316047810573965 0.0400900346614767 0.0503213783027698 0.1590487119710935 0.0043712329440165 0.0173175984311240
0.0012633320025095534 0.3359979335875399 0.0282924284143587 0.0140252971026711 0.0219635321475684 0.0130782611985594 0.0579658341240135 0.0142148040540061 0.0242434818216828 0.0209530847671672 0.0401636179489995 0.0147178907183140 0.0265074640678987 0.0158410089857378 0.0205001702152946 0.0179271880953820 0.1911255018818273 0.0708680791148480 0.0567630770188293 0.0030963826610211 0.0117549620742805
0.0012519249415388126 0.0641065812802374 0.0174998112862389 0.0123454879096730 0.0171569820112084 0.1880131545321585 0.0207005521035835 0.0470378265375196 0.0619076175714243 0.0202698923203977 0.0969900710749159 0.0518538750631937 0.0253155971793387 0.0133769520006473 0.0329324791782377 0.0267546501296084 0.0675438247467837 0.0615583002890993 0.0706027324624776 0.0140753680517673 0.0899582442714891
0.0012519249415388126 0.1200289731647248 0.0321735259776292 0.0244412971753270 0.0274614818818461 0.0123630519966001 0.0547475628331377 0.0165257912761479 0.0141575799037098 0.0303213919061892 0.0324332619080285 0.0115899323998504 0.0514276337282408 0.0151202125611748 0.0278706436778231 0.0336181500562123 0.3624120444321885 0.0860758002250687 0.0320299311622256 0.0032834508594449 0.0119182828744305
0.0012490731762961273 0.0639864993310978 0.0052174079045268 0.1029671202473624 0.3784225727162318 0.0075384186132928 0.0297370411151700 0.0196250574625326 0.0143829215130210 0.0512384315067529 0.0327715069617710 0.0108232078010766 0.0352475963139127 0.0113257313391620 0.0640932144721779 0.0389721060681603 0.0470324119929096 0.0393789820269488 0.0352308533672454 0.0025877491399651 0.0094211701066826
