# This script is generated automatically.
# Vector of amino acid stationary distributions.
distributions <- [
              [0.08036598726155332, 0.010272224172865897, 0.051919471072098704, 0.07458136998848118, 0.01634748091117581, 0.0421884030377507, 0.04874687149402693, 0.0463075222879591, 0.07103400514903876, 0.06752760659943592, 0.023231021370247275, 0.0619870945809625, 0.01708801263674004, 0.07757679045206431, 0.06988486435414196, 0.08723196798296907, 0.07220339634655937, 0.06005302726154561, 0.0040327981040718395, 0.017420084936311926]
            , [0.11042479052129563, 0.01230770043958439, 0.043274517961416605, 0.04933441113585509, 0.010653052832563736, 0.060047309048579384, 0.022235747558767536, 0.019425477840793466, 0.05247857707410908, 0.041244414957016015, 0.014223693194518508, 0.07580058114688183, 0.018030782267705152, 0.05176638924978889, 0.04885803711269876, 0.20278329474021775, 0.10894468485741567, 0.04502461544680103, 0.002284480463668604, 0.01085744215032265]
            , [0.04682619942333755, 0.004995887538369916, 0.014298928643926772, 0.04814465257296707, 0.004847647962004354, 0.022613857386293266, 0.03372931945090735, 0.014264835643043688, 0.2761088575176299, 0.03538136202414958, 0.012886480715696234, 0.04990256187401673, 0.0065217282552318, 0.07763686022090127, 0.21449740504211698, 0.055942316241729136, 0.04671510613107291, 0.026574204372908614, 0.0018606060713035832, 0.006251182912393463]
            , [0.056500630709992374, 0.00904397225766155, 0.016198135576715164, 0.0495474373067761, 0.011487839548173602, 0.02295520977082304, 0.05187367663419257, 0.026614863398254356, 0.1531497775603964, 0.05776265944852786, 0.019149345269153427, 0.04875039286415289, 0.009705705243748341, 0.07816572184506024, 0.21167233170999042, 0.06364176724269194, 0.05289946495757581, 0.04226239341304955, 0.004563111304642097, 0.014055563938422513]
            , [0.08010449830768938, 0.004057743329359151, 0.05495164902693495, 0.09787924500061958, 0.004637663101905564, 0.0396081782011367, 0.034258928960098946, 0.012308154413658855, 0.1581846513502877, 0.03374758110517864, 0.011162174338331355, 0.06828190736081405, 0.007251968899936044, 0.09583833004979062, 0.10654035172671503, 0.08907229781377855, 0.06492664354652443, 0.0297197115265601, 0.0012462947421305515, 0.006222027198549742]
            , [0.0716358047851314, 0.004368547400448762, 0.10788646095386298, 0.25271276381148, 0.005975136586961667, 0.03413202853064779, 0.028283082087521456, 0.014607633369328011, 0.07367499704878687, 0.03632221173646047, 0.010998040896272333, 0.04810635706082414, 0.009270227214692485, 0.09297171512052939, 0.05099460831515114, 0.06109615953571393, 0.04879990610546817, 0.038715196589092865, 0.0016397318296233227, 0.00780939102200298]
            , [0.06507692086315185, 0.010868271427729934, 0.008501224417470025, 0.019281310898868458, 0.055314938970152744, 0.012699941626771748, 0.01909899457102833, 0.08935893895412574, 0.04279359494797008, 0.2335628827525804, 0.08985157131005823, 0.018900772978294646, 0.00818823863122724, 0.053586962182129466, 0.0495222751777223, 0.05468725780643748, 0.05631947297590047, 0.08401429420921752, 0.005130595683429192, 0.02324153961573424]
            , [0.10280682660083562, 0.005644645548737091, 0.03740057608280486, 0.05089103405934961, 0.00887363508222124, 0.036689339402759515, 0.016840838417101905, 0.027178725178560324, 0.05065923291262343, 0.048168177770759546, 0.010451953971260603, 0.036457091032797824, 0.25503889845707584, 0.04976841639402277, 0.04651981425661124, 0.0995728089700332, 0.06127295369565265, 0.04579749019308077, 0.0020884833049605173, 0.007879058668751453]
            , [0.07993056236658656, 0.010864316984704503, 0.009982669837910988, 0.0375224997433156, 0.020885636902733356, 0.012012851128705898, 0.011538838685673555, 0.14732039783595083, 0.04393786119873525, 0.09661106833380996, 0.05496516436513515, 0.023336411085819807, 0.008775115191057899, 0.03745466953077496, 0.03886468792992896, 0.06258235580770007, 0.09953903402255294, 0.18904439677989904, 0.0025769797137976036, 0.012254482555207063]
            , [0.05428368313012694, 0.0026793363388321056, 0.26833297546763796, 0.27422050074330545, 0.0035550549415582417, 0.036532028102761974, 0.022883854299881986, 0.006597421135551377, 0.04568074597788393, 0.011437928043882242, 0.00520340685680747, 0.06004502783066309, 0.01001920670865632, 0.057861872972913286, 0.0293489735897339, 0.05660974029927792, 0.03552071761764313, 0.013316480303053624, 0.0008392129380229466, 0.005031832701806104]
            , [0.28186720615294597, 0.022770018497714966, 0.013196183480018395, 0.03720290621488849, 0.012286558577629276, 0.0635993076153734, 0.011426115562758628, 0.03836219815671759, 0.03229586428313936, 0.052146852971008156, 0.027706204590640264, 0.031743644883818194, 0.014538354586239904, 0.03510908422001671, 0.031170055078370642, 0.12894957471114565, 0.0801170811882978, 0.07326868968904449, 0.0026036791724787225, 0.009640420367753593]
            , [0.07506028688607369, 0.00478445879758244, 0.1897499053735421, 0.1372985777625113, 0.005849291440836201, 0.06070997336828887, 0.0362537934644136, 0.00959104593223219, 0.059061909348752835, 0.01649033151479629, 0.0076810817770952226, 0.09381511737758141, 0.014986540756643808, 0.05808007694160526, 0.044560083655768995, 0.10231645390635238, 0.05663302162936299, 0.017372559630855045, 0.00158504613270073, 0.008120444303004539]
            , [0.16044850317200698, 0.024297741417732097, 0.027247498290104335, 0.03078852420259849, 0.007892991602337472, 0.06472741431160467, 0.011236286609877568, 0.013040790318177462, 0.029005952405966064, 0.028003745303509284, 0.00979588982101191, 0.05737242083465585, 0.016808427442701872, 0.032661148974367754, 0.027373980917724045, 0.3079186427245439, 0.10757408902777353, 0.03547159083216955, 0.0016451661690134317, 0.006689195622123625]
            , [0.05840193295776911, 0.009911419177481555, 0.003712445448936017, 0.007467281681599001, 0.056394303686891106, 0.008236562599376041, 0.007149019387483691, 0.1973633577928428, 0.01007612295282974, 0.2312867508038484, 0.07584846268831298, 0.008331223243526878, 0.0061001786795924036, 0.01206161234452496, 0.011379970491972221, 0.035149918183843464, 0.054682259645346475, 0.18472389069606568, 0.003582896817361136, 0.01814039072039627]
            , [0.0669206071959099, 0.04911910581120092, 0.012086757704500992, 0.01667794935632111, 0.10686929434726623, 0.020569279181912377, 0.0531143222416949, 0.0540084691373854, 0.021591975503726803, 0.09108703213547065, 0.04017688002694962, 0.03892879872901122, 0.010368521322870545, 0.02829744935878601, 0.04508706265337288, 0.07486790330134453, 0.055088169050355566, 0.06283072011341517, 0.05183780305240312, 0.100471899776102]
            , [0.11550442600710287, 0.004577771326523489, 0.02223642788663815, 0.0322849549323237, 0.0052633598428390195, 0.028820772108109845, 0.009501733976659685, 0.013487198965303931, 0.029891219684434374, 0.033924292519654474, 0.0060660394569660445, 0.018670781742881143, 0.4442170993275213, 0.030172637418087987, 0.025272455550242216, 0.09149455914595422, 0.04748182874228667, 0.03511837692726148, 0.001433224416840723, 0.004580840022368657]
            , [0.03167784337244306, 0.0038605081201023863, 0.007631604139622408, 0.03052408510964625, 0.0033362351734610293, 0.012550675376300348, 0.028855589669359884, 0.008515313660183477, 0.3020650306825934, 0.024967401614068997, 0.00824387633512164, 0.03412665839454784, 0.004111664120263005, 0.06377942381812725, 0.34755236394847094, 0.03909790483005029, 0.031027728137564544, 0.01216705564961363, 0.0015254498372023547, 0.004383588011257459]
            , [0.07076003371491599, 0.017321289330147274, 0.003890411489119368, 0.008520397884711648, 0.027779804495391917, 0.007261825840040211, 0.005109990284490027, 0.23415464520479873, 0.009652647615658424, 0.09699480291861406, 0.043213554381641366, 0.0081108371985927, 0.005681368140454806, 0.008640663099239516, 0.008899871121402624, 0.0344221106047501, 0.06721896139283558, 0.3328229352637874, 0.0016941260873626544, 0.007849723932045404]
            , [0.0533026151158712, 0.008781450639809793, 0.07923765012213668, 0.046547665645291995, 0.008910245108208746, 0.054648154116607416, 0.06090203246851007, 0.01281137762510829, 0.06378518219850339, 0.022233065854372857, 0.009773555526986192, 0.25122938810805, 0.008222757115383268, 0.05180875770634725, 0.05136980250267086, 0.11895663392502713, 0.06313458705920016, 0.017595618833877027, 0.0022617343573284607, 0.01448772597070918]
            , [0.08459758101048796, 0.011408497403077979, 0.011284369801974569, 0.029091205843115083, 0.010280485741699827, 0.017990606189572756, 0.011491997573809653, 0.0544312230058809, 0.041780684062933594, 0.049140738608473365, 0.03673658969441018, 0.05028912640361678, 0.009046976302060987, 0.034154021011594524, 0.03587839057476606, 0.14150908880442142, 0.2882060388946189, 0.0725059720758501, 0.002091386831156178, 0.008085020166479055]
            , [0.046456273282965255, 0.008658510066633372, 0.0016230301777762303, 0.0032215673838782394, 0.04131835648178864, 0.004777908396255571, 0.0031327837577718, 0.24958200051631269, 0.004083778693925208, 0.24212579433580428, 0.0694192927723362, 0.003829839417248776, 0.003172996827673347, 0.004955762335632195, 0.004704666571840379, 0.018940523930117626, 0.03822619177256455, 0.2422515399993258, 0.002187929373763272, 0.007331253906386684]
            , [0.0970986343942869, 0.010925129422907303, 0.05190933288752371, 0.05100663771013038, 0.009688289879373809, 0.30256674681271895, 0.018227592994370958, 0.012401971169376864, 0.04771095779904588, 0.029460813864863166, 0.0102064008171037, 0.06186607584011082, 0.013283261740768175, 0.0381201326603705, 0.05018496634256951, 0.10598793492889516, 0.046663818594112394, 0.0301038385164364, 0.003364894849654807, 0.009222568775380368]
            , [0.022563702304009173, 0.004987010180422477, 0.0011139836733970601, 0.0021012105214418095, 0.046759961293065005, 0.0026136993938945976, 0.002348047100472346, 0.19503179412181115, 0.0025042391210783927, 0.4636100757869014, 0.08226157233915214, 0.0023537706846851374, 0.002309484293245396, 0.0039900540771626285, 0.003361200927635784, 0.007258993619944411, 0.018460575917826315, 0.12854594902640495, 0.0017173851205203325, 0.006107290496929632]
            , [0.02551434883729814, 0.005291983538314909, 0.0009595862804348927, 0.0016497080569702557, 0.03441190579505486, 0.0023801562157035644, 0.0016583241707758564, 0.33506242705041356, 0.0019696165623416563, 0.2541936236077447, 0.051843327802082756, 0.00209873388277367, 0.0019045056092961432, 0.0026082811431582553, 0.0022769791113412146, 0.006132862126603677, 0.0206789325187663, 0.24375920669807044, 0.001200649271423955, 0.004404841721431215]
            , [0.42702436731443616, 0.03166232504432499, 0.008092669227660542, 0.013345265014428917, 0.006456092007214417, 0.06660794257178977, 0.005736117438186959, 0.015616381011370714, 0.010385592211795717, 0.024543396839593036, 0.008526164616325054, 0.021945387538410722, 0.022226668281785846, 0.012181313817603578, 0.009707054112130551, 0.20030030393112006, 0.06505782877314915, 0.044210900617365614, 0.0013864836113231748, 0.00498774601998463]
            , [0.04214544625845181, 0.0013196405242060498, 0.30047593899088465, 0.3839362837781637, 0.0017528689972812648, 0.025438669587470146, 0.009407868563545621, 0.0036231351714795506, 0.03421497027477225, 0.006577739468796158, 0.0030791793081325174, 0.041404425767274766, 0.005379776513591858, 0.051055261043868184, 0.017630708868193234, 0.03748287429902716, 0.023709729411553783, 0.008275878889174708, 0.00046565130451983207, 0.002623952979612944]
            , [0.027660053583822636, 0.006173239890267404, 0.00113482226789621, 0.0019143238867737613, 0.017143276197524992, 0.002482747823007753, 0.0015496458188744432, 0.38324041434644784, 0.00228971698608149, 0.09177113006701976, 0.027163331086776963, 0.002344408517222647, 0.0020319560435231917, 0.0023669734230416335, 0.0023812830860194195, 0.008761803243952669, 0.02365760468816814, 0.39248581747998, 0.0006763333238797141, 0.0027711182397191668]
            , [0.02067506564767852, 0.005458553039864913, 0.0018193743314023373, 0.003385950505478863, 0.05425405270261431, 0.0033754754201655124, 0.0040671399330937325, 0.09289895303650807, 0.004501831284898158, 0.5766473825470938, 0.10546259911775152, 0.0036894749345620856, 0.003136396502423051, 0.007564187543512718, 0.0053668596078315966, 0.013168462723318092, 0.018079578437852635, 0.06150851454038591, 0.002382674817664932, 0.012557473325899014]
            , [0.038687387915575085, 0.008459910493797934, 0.004329543228610424, 0.008398963828337705, 0.060046975527368616, 0.006690545511345501, 0.009924334153058547, 0.0966078704984247, 0.013767725703154226, 0.42505366005421835, 0.09191161539210004, 0.008366371156509083, 0.005895197706188991, 0.028458441051203688, 0.024723478057426567, 0.029304200775826007, 0.03412439973619791, 0.07471239334734288, 0.0043021899966297645, 0.026234795866684087]
            , [0.042853569133314715, 0.014561049084718933, 0.008573358239642942, 0.010640323022692714, 0.1823541662893744, 0.010188358160507827, 0.08551958667546808, 0.03266942698165987, 0.013817856799728086, 0.06343127432028371, 0.01457260770501428, 0.034554834775739486, 0.0055044488156364025, 0.018800068522898627, 0.028979754317099718, 0.04770820240704147, 0.0318296416142972, 0.03996939015481839, 0.020072188042845284, 0.293399894937218]
            , [0.03374914907500662, 0.007549434864214699, 0.001958510048240428, 0.003976578102378873, 0.05830741485323279, 0.0046051414172969115, 0.004107314047048036, 0.18103321112512774, 0.005005526725723782, 0.39123856179418315, 0.09281976450704546, 0.004319860162876324, 0.0036859788668055452, 0.0070034161747640445, 0.0059153780643592885, 0.01790599403893688, 0.029121287113299824, 0.13392008773261305, 0.0029331691638209067, 0.010844222123025783]
            , [0.0216760294142333, 0.009728916953802964, 0.0034356514304635442, 0.004475450112345638, 0.33015753173257345, 0.005017460605404962, 0.03804528243667566, 0.02980161954503875, 0.005476865262207848, 0.06297552390953992, 0.01803350212471781, 0.008301269233313873, 0.0031378616603796178, 0.0071054831505813236, 0.007430512614056919, 0.022784713742421445, 0.01173169020644831, 0.029882365347962646, 0.032717096942214335, 0.3480851735756177]
            , [0.04047785626449432, 0.004073999011299905, 0.36352161821837586, 0.0950802182366848, 0.0043614651330871074, 0.048129387038298, 0.03278997982678911, 0.006349294879546933, 0.038158683548721775, 0.009147222965825073, 0.004536985953542078, 0.15655142938655187, 0.0068590391831683615, 0.033283224279958966, 0.02527000296246579, 0.07599530713255116, 0.03826632306134093, 0.009614109682416097, 0.0011654878247641099, 0.006368365410117652]
            , [0.01211595181300339, 0.003172078006176702, 0.0008531268426984175, 0.0014453122300994252, 0.039343246114263326, 0.0015668797028234897, 0.0018013701660722435, 0.1011077949313877, 0.0019375570426072568, 0.6629185983682211, 0.08863951789181601, 0.0016331978804133196, 0.0015145357107731346, 0.0031625525535452924, 0.002264962415640113, 0.0045411716909467825, 0.010328173885277788, 0.056936572500369716, 0.0010098298596974004, 0.003707570394167197]
            , [0.043077357753095895, 0.01576202674662422, 0.004335430762915109, 0.0057221179819871015, 0.2732333232686335, 0.008677569552337438, 0.015395792949818889, 0.07743590963643103, 0.007316370675078637, 0.17123563552423265, 0.05146875624938405, 0.008852058244712337, 0.005221349647425776, 0.009135125006730837, 0.009357281861578776, 0.03533364879243633, 0.03250887458369575, 0.07404522367157626, 0.03012007728375016, 0.12176606980755546]
            , [0.07681589309265173, 0.007019325230383337, 0.03260383251953267, 0.026059355579982145, 0.00471439515853042, 0.614640003992594, 0.007773877508522729, 0.006060274950594564, 0.022690510347927666, 0.009753383269271068, 0.0048582023945718915, 0.036001775054040175, 0.0062685843198633535, 0.012845064358874485, 0.025212148292953082, 0.06589731290426507, 0.023474545436883546, 0.01139698906807331, 0.0017658606388154254, 0.004148665881669387]
            , [0.04827146379412756, 0.010621473862837155, 0.032543207705479395, 0.03735325873147559, 0.041538092901417925, 0.017854007287502544, 0.2280737898333771, 0.014923932799982088, 0.04998055479203811, 0.04779517201436583, 0.012110803142849968, 0.08347156580882799, 0.008573657364660498, 0.08425558360009909, 0.07326490304429348, 0.062543839370441, 0.04149589242657127, 0.020743385753032632, 0.005027772405039566, 0.07955764336158118]
            , [0.20655252714758454, 0.04272225381977691, 0.004332489139749885, 0.0071869879937322065, 0.026939757559481175, 0.03556226907341099, 0.004796220156179003, 0.10201167656454212, 0.00708042291098523, 0.0790072991906281, 0.03996361354687359, 0.009389947154233597, 0.009160963980487656, 0.008183360188598068, 0.007152187830886162, 0.08322537214134278, 0.09732567802742068, 0.22027824236012508, 0.0020788577798784556, 0.007049873434083882]
            , [0.052773721763629385, 0.0022153916925837292, 0.12052971315916367, 0.4136218925126241, 0.002939465694917164, 0.024596886954795765, 0.018411773596138006, 0.007379555028037202, 0.059378302970435524, 0.01740974625668609, 0.006043250032662183, 0.03416042948398202, 0.004906307688485026, 0.1014105950132357, 0.03394629596662956, 0.039593355955981124, 0.03237393035879486, 0.023257007904930706, 0.0008474640979228595, 0.004204913868365372]
            , [0.032689251415899456, 0.0068872947198868415, 0.0020056356270550264, 0.0035416845544621483, 0.027331832712271322, 0.0037581027304708107, 0.002851141036822498, 0.38747078057924533, 0.004409473704606167, 0.11846249267779531, 0.04367111525226433, 0.003998341583498382, 0.003002104095244753, 0.004453041634152671, 0.00419283244884725, 0.015013861140891349, 0.03529535791987676, 0.2937200940078713, 0.0012324903618308443, 0.0060130717970073395]
            , [0.0384645097880389, 0.007223971784104288, 0.008584552775641505, 0.027544240844917797, 0.006262152678981646, 0.02071016206790641, 0.04683565442233921, 0.01230118238725381, 0.13585963287435143, 0.03619221817699841, 0.010167174104763605, 0.03341956621596774, 0.005895479263990264, 0.06268507120106968, 0.4366155287104338, 0.04301006915087673, 0.03424634568215823, 0.022006756470114932, 0.003345088036125909, 0.008630643363965846]
            , [0.07164758913810022, 0.010141774098386206, 0.02686071582341169, 0.015252293430380962, 0.005569553095624176, 0.03732738481226404, 0.008558062181975063, 0.010953547042307776, 0.026160571463068407, 0.01716831715012284, 0.007953017609316241, 0.05661254732535456, 0.012418440726602767, 0.020814494543165186, 0.02196348238748375, 0.3520591693804999, 0.2667089145310178, 0.025554074294502765, 0.0013307429177370066, 0.00494530804867863]
            , [0.07405862365009064, 0.020453598071800343, 0.001743398809594627, 0.0032631511279033972, 0.01700640491467718, 0.00467023096014192, 0.002146343376613408, 0.2197383370724353, 0.0031408618583368595, 0.07458928150585863, 0.02777956577030786, 0.0035125218770997173, 0.0031022245461052225, 0.00335823306506716, 0.003221606823920879, 0.02208164541893323, 0.05208649330702739, 0.4596359087265359, 0.0009252698236328617, 0.0034862992939173904]
            , [0.020431313547524747, 0.0043111542373248215, 0.0007596037930087663, 0.001309252345943051, 0.009855301660792029, 0.001386328825364712, 0.0009410203785338972, 0.3712285704485442, 0.0013846511803542615, 0.05973967271107378, 0.016134993341870824, 0.001451070379023537, 0.0012506235902380984, 0.0014064044546942443, 0.0014300105548984909, 0.004236982190366826, 0.01569141607247195, 0.4850796734667243, 0.0004157257246332082, 0.0015562310966142708]
            , [0.01633693507937581, 0.003473119613613913, 0.0007469694577408753, 0.0012767428355570053, 0.032514555451440795, 0.0015830324719319398, 0.0014001714911538337, 0.2389584062910345, 0.001538173621002403, 0.46865453618428343, 0.06402373194235834, 0.001525842535578379, 0.0013775771973358435, 0.002377952080175676, 0.001904241306974252, 0.003983984216505815, 0.013351410804951638, 0.14055751660053206, 0.0009491268262121896, 0.003465973992241268]
            , [0.08759463771536771, 0.002822285164359292, 0.0063930561515671575, 0.016372800235394634, 0.0032755266519871426, 0.01761334469040136, 0.005259924150174611, 0.008506617287816523, 0.015209335155264129, 0.02015589996622339, 0.0037017488411686056, 0.006449532895309554, 0.6709636281076362, 0.015286500202674714, 0.012198506926930353, 0.05586164288407938, 0.026598396436489494, 0.02209404476426207, 0.0008627421197213777, 0.0027798296531723003]
            , [0.02601281469139527, 0.003834511451706372, 0.0005443412126153056, 0.0009371448913565802, 0.021543967838874464, 0.001885669976653759, 0.0008326985543419212, 0.35525526351960546, 0.0010292078064662786, 0.17240074823001755, 0.03835244174791248, 0.0012088356537906895, 0.0011455786652049221, 0.001384744618167262, 0.0012631194215101521, 0.004983957251127432, 0.019185077394892128, 0.3453803995052041, 0.0006385332424503627, 0.0021809443267077405]
            , [0.03024640051357807, 0.009641301577292385, 0.0018844368347184525, 0.002870164217868739, 0.2322027264892946, 0.0050636526112490116, 0.00514846952299226, 0.09400882098815423, 0.003556733571162155, 0.3517148034286633, 0.07393009290038374, 0.004089564394859485, 0.003149687964073699, 0.005295601058843122, 0.004664030720384826, 0.01929721960250005, 0.022105377281672063, 0.07182905074762512, 0.009437975697247905, 0.049863889877436764]
            , [0.019903467100314987, 0.002279391572220233, 0.0038277638188034947, 0.018568670837602014, 0.001970758366713457, 0.007729008275769763, 0.018589449189694164, 0.00554332113047049, 0.3977294718123022, 0.01609112313170443, 0.005958614974604498, 0.02534019881701845, 0.002622414854435743, 0.04259590477379268, 0.37355008472747503, 0.0259136059349396, 0.021237457247984017, 0.007016265111580992, 0.0008814942954669648, 0.002651534027106667]
            , [0.0690194329871762, 0.0015332375619654707, 0.0646856843399118, 0.18534151147469466, 0.0019000720448132012, 0.019722963730449645, 0.024168876587232727, 0.005869278337855453, 0.2075658052302937, 0.015248299786846591, 0.005159515942484584, 0.0511046220961377, 0.0029659590893447115, 0.11747437522389235, 0.11789068872744639, 0.05049097596153776, 0.04380923298436417, 0.012709015204672415, 0.0005917188806881544, 0.0027487338081926683]
            , [0.24451546330786356, 0.04521876734074598, 0.004062694899286206, 0.0053592981210360486, 0.009104457646614442, 0.041053679550522304, 0.003908765208452931, 0.03878242832563311, 0.005357488636602738, 0.03539184152475446, 0.024436197508078097, 0.0209293341554061, 0.007351414435484517, 0.007259565656106197, 0.005489026691021844, 0.20453824111236638, 0.21335521389222994, 0.0780212670994865, 0.0013409872856364542, 0.004523867602672208]
            , [0.04706624540321989, 0.003597228861231974, 0.014687276710536913, 0.01114570535886175, 0.002149387847717504, 0.808545493614383, 0.0033350129531292973, 0.0026821420046014522, 0.010353335392245025, 0.004423450912900296, 0.002289366268799524, 0.01736091630480139, 0.002471048346321035, 0.004873207683792573, 0.011860016728412416, 0.03528401491197421, 0.009804970440439703, 0.005457089016771214, 0.0008316970058893626, 0.0017823942339713762]
            , [0.42414607696745843, 0.04049534413239931, 0.002912323143740218, 0.004163818927221703, 0.004018110415085847, 0.04929472846624165, 0.0028531305711473796, 0.008466920317489975, 0.0037934606323696447, 0.013564633640090657, 0.005234676578915821, 0.01264238017642889, 0.00573069527024841, 0.004870749228728696, 0.003914823855116202, 0.3098888450085379, 0.06850329350977595, 0.03184961543332395, 0.0008179355322121293, 0.0028384381934670375]
            , [0.049626095055945514, 0.005702234803757635, 0.020335328944733992, 0.08707784449372771, 0.007258897980996442, 0.01535066813144813, 0.07589995619675079, 0.01424708149610863, 0.0665287682982889, 0.05679739475051328, 0.03316525563556979, 0.04229819213030787, 0.0071663350691253515, 0.31601282237420614, 0.07040908068400831, 0.04894236976442795, 0.041158778404447906, 0.0300406248612721, 0.002384942800904101, 0.009597328123459538]
            , [0.016006023979393106, 0.0026866193483033743, 0.0005690689590307408, 0.0009181157595890431, 0.026450310343742435, 0.0011756131473445513, 0.0009356949867224269, 0.36938875020821893, 0.0009446033322595243, 0.3096131157772023, 0.052080699225579966, 0.0010958588805384058, 0.0009683285593182666, 0.001388988837634104, 0.0011201701772619544, 0.002969339022848361, 0.012356243886900329, 0.19622521921269773, 0.0006213365208974258, 0.002485899834516921]
            , [0.009644853612414643, 0.004743032068593268, 0.0017523342533633899, 0.0022445279625096857, 0.2977395820649315, 0.0023580249059449113, 0.031829858730385, 0.011878574126958126, 0.0025186791105417136, 0.028435615699280412, 0.005132824905751083, 0.004928387642094771, 0.0014618754362191624, 0.003356802010513423, 0.0033579864369863576, 0.011188922425935851, 0.005332877090349892, 0.013686873344685983, 0.021657440490752237, 0.5367509276817886]
            , [0.044008205799051986, 0.01312455152106249, 0.0008014463820463018, 0.00111761049869439, 0.1603900726751053, 0.007723835832667654, 0.0015893369222857898, 0.19290785982411057, 0.0013714811909174723, 0.29127885447690965, 0.05284606333156807, 0.0017708238190851842, 0.002114634171006293, 0.001945944692484746, 0.001718220327595905, 0.016566935695461315, 0.02398945972827292, 0.15522211212912246, 0.00528681612040726, 0.024225734862144268]
            , [0.035759342814223105, 0.002714206622896027, 0.00906414590005416, 0.039517414933181304, 0.002708713562089072, 0.011149931377566388, 0.01628661534562165, 0.00945928507640888, 0.4693007054749923, 0.022537387418159676, 0.009023671426577432, 0.03793530895015564, 0.004255935692664667, 0.0615311387859104, 0.177110861473168, 0.03583067714945574, 0.03392877650020925, 0.017791410306984397, 0.0010678397797767812, 0.0030266314099052184]
            , [0.22040841707518535, 0.026005134216350523, 0.014974774269343611, 0.02003753657752557, 0.0072983503154813905, 0.3070698330586463, 0.006576110882683188, 0.010052823154955792, 0.011355359118344585, 0.023545964782146947, 0.007544627486958717, 0.03551299352047329, 0.009686889515646783, 0.013279362840391433, 0.013672018543299582, 0.18258493658866745, 0.05243623234729542, 0.031066421682422997, 0.0018344201877380463, 0.005057793836442885]
            , [0.021718358582575006, 0.007282328956115854, 0.0021305245830936514, 0.0027734272306508784, 0.46246790534668897, 0.004340559948300962, 0.008015305352716717, 0.05214372281076907, 0.0035046599811097336, 0.14922304036559556, 0.03562344476778155, 0.004514590383913419, 0.0024543483641206046, 0.004159563719886554, 0.004306236246222539, 0.01703711184855673, 0.014646940674896605, 0.044938795192554594, 0.023819997267081103, 0.13489913837737005]
            , [0.028322664757492438, 0.0020921622276596657, 0.5380547438453365, 0.1455647345307306, 0.0023182460641363914, 0.031129042744303656, 0.018726042940134604, 0.003666813007469312, 0.023584780543710115, 0.005314573145012967, 0.00279955585878669, 0.08459315605535725, 0.004362905054496046, 0.025822755478775578, 0.011823292258326403, 0.040293393247991104, 0.021450423995382287, 0.006018654141719753, 0.0006369570630893949, 0.003425103040089245]
            , [0.4053488051093374, 0.052135445849569896, 0.002721609586360459, 0.004507864001805183, 0.00858819766980097, 0.048512332947295844, 0.0030914457935015366, 0.05218692587602035, 0.003923947856635073, 0.04328833882014832, 0.023304824317399362, 0.005551743208537631, 0.005436723850055129, 0.00480226690081818, 0.004265821469038656, 0.08953204157062378, 0.08028938258620923, 0.15730356119616115, 0.0012320947893241783, 0.00397662660135778]
            , [0.08987298459320742, 0.017371935134687426, 0.0006484613801133428, 0.0009147026041698828, 0.04697565450354963, 0.01678334963537316, 0.0009548495140633231, 0.2228675859415765, 0.001016820371018892, 0.19556339998789246, 0.04318414616116628, 0.0015631068249992927, 0.0022234135007440526, 0.001377728758778315, 0.0012590476321575775, 0.02182919799966016, 0.03973586405514319, 0.2914150509068666, 0.0014479150609556235, 0.0029947854338767846]
            , [0.012089662255785963, 0.005327047346893714, 0.0017964618183577464, 0.0022511141389645987, 0.4888075607403299, 0.002729197991815039, 0.02095691052199123, 0.020780143585615092, 0.002577823586029906, 0.05732375895509516, 0.015583832441864346, 0.004041725312619665, 0.0017422600505846888, 0.003405550664353241, 0.0033853306723783034, 0.012788993804918939, 0.005691088267419151, 0.02062452574459186, 0.022347531846126777, 0.29574948025426473]
            , [0.16051236439194314, 0.03848360843469255, 0.009177710599906928, 0.007079613000126641, 0.005474717813994403, 0.058304294906984515, 0.005548855512698398, 0.007327447850877593, 0.007326281607032277, 0.011960693321577428, 0.005702558722016362, 0.033384277288759055, 0.009182307301328728, 0.00853324162189318, 0.007561870882963335, 0.5094887160554918, 0.08747405891183065, 0.02201809791936703, 0.0012823032844159828, 0.004176980572099946]
            , [0.057310653979556994, 0.007550575300769469, 0.06128854615691353, 0.02756183174222222, 0.004372235510779273, 0.05809237515038748, 0.026278543320498542, 0.007299929821759158, 0.03235034674123838, 0.00945269703258771, 0.005110302805469885, 0.22572962482192827, 0.005930891487530252, 0.02758268546410385, 0.024570636094753608, 0.2883666256104692, 0.11411524851495812, 0.011130922826938349, 0.0010556275293083456, 0.004849700087827351]
            , [0.6438439248002155, 0.025414026954617256, 0.002360992193214335, 0.0037004629738180955, 0.00316764780486276, 0.0528686086429973, 0.0020816558362121203, 0.01744793505238135, 0.0030065850950617323, 0.015774206569485076, 0.00549308462977274, 0.00391877450566108, 0.004927911132770371, 0.003421758624179073, 0.0031686820985530957, 0.10489964018692662, 0.04515137076506437, 0.05657785636197961, 0.0007375281976990333, 0.002037347574528436]
            , [0.014291028407069865, 0.002477937893613132, 0.0004592518815388028, 0.0006873325951767885, 0.011658340111124899, 0.000927025530917251, 0.0005337551225818996, 0.4416152051425941, 0.0007233774501918615, 0.09940740275844387, 0.018836480936178856, 0.0008546225266890177, 0.0006627843780429081, 0.0009185914702672874, 0.0008082634724372648, 0.0022276449625582245, 0.010043876467361566, 0.391408738642149, 0.0002676767627985357, 0.0011906634882650291]
            , [0.18179117249007185, 0.0310395040485043, 0.0011470522578052001, 0.0018173316616634338, 0.060369527510365735, 0.051938644098137816, 0.0014559254987543569, 0.12012364279176543, 0.0017370248800126172, 0.17524202142469972, 0.05211817620036708, 0.002805881737016334, 0.003133513921358389, 0.0025154264242867254, 0.0020808541924076354, 0.058782889186906974, 0.06728858894679111, 0.17680827928105225, 0.0030387742052025487, 0.004765769242830404]
            , [0.05670032819978013, 0.014265273994281034, 0.008471952237736972, 0.006847467445894137, 0.004423489840442514, 0.019589538538724072, 0.004649469783930222, 0.02189892827206814, 0.013937589559401423, 0.019779541519144506, 0.009381197990845662, 0.03624150260774342, 0.004932740622371433, 0.0074352734313076424, 0.008349882536729232, 0.21899669578181954, 0.5082814098959337, 0.03140119859052688, 0.001080678475044777, 0.0033358406762743716]
            , [0.02441272990389405, 0.001617909552791736, 0.006845130595333368, 0.004436850512320499, 0.001045570214865092, 0.9084705468866536, 0.0015246446931416087, 0.001373725125765374, 0.003673726845079065, 0.0020963566445535917, 0.0012207264972194513, 0.008631031370950564, 0.0010264928272179102, 0.0020834339641410283, 0.0054796115504713435, 0.01745839164037266, 0.004846552726725328, 0.0024224216889515873, 0.0004179333322613544, 0.0009162134272905914]
            , [0.6441834623498822, 0.019978891428671906, 0.0013350460735420885, 0.0018409268339718281, 0.0017864603692613883, 0.04512437410819945, 0.0011325992510562515, 0.007232122218824757, 0.001622202023085716, 0.0072430050164856725, 0.0030230565154925546, 0.0027896115843657246, 0.0027455422094045325, 0.0020451753911696333, 0.001722432189621386, 0.19008993269614102, 0.03863862858929293, 0.025794931439854018, 0.00042429848084563635, 0.0012473012308309918]
            , [0.4175427179997122, 0.028497688367452992, 0.0034331264052662137, 0.004531346292461206, 0.008229395848203841, 0.2688330652775145, 0.002856782884339263, 0.021455881469180173, 0.0036801709754539637, 0.026654027436006512, 0.012315385526557221, 0.005953440348422419, 0.005971578172045929, 0.004521029757178535, 0.003989700605630415, 0.09615552804514885, 0.037776871682178484, 0.04291231115105662, 0.0013696386757513495, 0.003320313080439717]
            , [0.04118628369769915, 0.0033861432244605004, 0.11378505908587258, 0.06195366004697958, 0.0033771015912258248, 0.322717134565387, 0.032316805228330796, 0.003749369820180682, 0.0653815598523415, 0.006946386682825239, 0.003934284927170464, 0.1477440092348541, 0.004183778616692412, 0.03994422654027395, 0.04332188107310538, 0.07160349388367072, 0.02328849490536925, 0.005989501858268591, 0.0010310858069568856, 0.004159739358335201]
            , [0.21071531816399638, 0.0013043705560134378, 0.09597295403295089, 0.2229152938559654, 0.00163218238703786, 0.03520375382728963, 0.008471707814586102, 0.004242319385618533, 0.0946445992285974, 0.009411083038697615, 0.0032233651906136257, 0.04167707652393758, 0.004966210226618911, 0.07913710026438071, 0.05049572121040182, 0.07500859652333638, 0.04268869072201048, 0.015933065738454686, 0.00048213205569982634, 0.0018744592537929935]
            , [0.010880718564106695, 0.002336500982674437, 0.0007058236110837589, 0.001168374317945808, 0.012951396574293273, 0.0011199050341520304, 0.0009861218940015672, 0.5955811899190967, 0.0013704691292215833, 0.08918221168022306, 0.028148322879088843, 0.0014104444596668771, 0.0009760212360066842, 0.0014435415320308538, 0.001384060592411517, 0.0031687270365088837, 0.012367006058423672, 0.23254636098474085, 0.0004307565099642915, 0.001842047004358772]
            , [0.2664773278955153, 0.03817972086257778, 0.0017487646391076187, 0.002488240027816296, 0.007945758667937206, 0.017630886384760815, 0.001924344344129349, 0.10063307851341291, 0.0025254479702776413, 0.047015655964521175, 0.021819944968218815, 0.0034026035182798736, 0.002871380247802747, 0.002941087344569947, 0.002719812744109016, 0.04149489571653046, 0.07282445985987163, 0.3620725683509253, 0.0007538558142639335, 0.002530166165372307]
            , [0.032254656725264126, 0.0045944160137366165, 0.08086208245027159, 0.028364634503034628, 0.004907540144581152, 0.03640827381004451, 0.050969119920987176, 0.007069368083467713, 0.04162435855590079, 0.009515785434874609, 0.004932473579616793, 0.47838936977122803, 0.0041445146408336, 0.02892440364000479, 0.02985922086375833, 0.09897129522600981, 0.040596499658225774, 0.008735090320755706, 0.0011683893835297203, 0.007708507273874683]
            , [0.0615534485988232, 0.014236463915941182, 0.0009233934813129078, 0.0013366260819795612, 0.009378692624452456, 0.0024421936362226306, 0.0010257422521459023, 0.20239660260890988, 0.001444344219125245, 0.05152296124441125, 0.017627405179637647, 0.0017420759454312758, 0.001424282340067698, 0.0014571163277387236, 0.0014599203464246149, 0.01109209165527542, 0.030551050085654192, 0.5863488311281088, 0.00046259542747619306, 0.0015741629008610245]
            , [0.007146066459835143, 0.0016146593182457263, 0.0005209308314370334, 0.0008174619990386641, 0.031937887825121074, 0.0008597258188187219, 0.0008704716771429013, 0.06102360909615557, 0.0010376935168567082, 0.7655756212313927, 0.0804621691747155, 0.0008824864154347745, 0.0006950019934877579, 0.001796323382492958, 0.0011700135749071585, 0.002791818067282122, 0.0058483272237408795, 0.032421476133223194, 0.0005264663840565611, 0.002001789876614783]
            , [0.05268937182722167, 0.008464783641554872, 0.0038568527050032077, 0.0067515811692598245, 0.040844030725984005, 0.008544828197226115, 0.006099314704098472, 0.10264401812315474, 0.011071839086861157, 0.22712474158963272, 0.2974715870513072, 0.008475856348905965, 0.003725317644415297, 0.029392164292393528, 0.010958507527705582, 0.037172051346446314, 0.0550519370476334, 0.07803827214707039, 0.002647213810248615, 0.008975731013876885]
            , [0.036715290856869504, 0.0011684070302122782, 0.11836489913299406, 0.6262894817868603, 0.0016443880850550885, 0.015174414553693708, 0.00525610895738779, 0.003523565668091108, 0.03095412980025164, 0.005536806327537211, 0.0030719010812476424, 0.017660531524878894, 0.0025085108793439673, 0.06639066171334365, 0.015073002739484068, 0.020396416337655533, 0.01680970175675759, 0.011107674356452874, 0.0005308817856788927, 0.0018232256262042065]
            , [0.014447319347270992, 0.004346990472750749, 0.0010152652316895157, 0.0014307705850582276, 0.1356349547436997, 0.002263712112576321, 0.002253557834131141, 0.07375986651236101, 0.0016780118178296942, 0.5942225608405052, 0.08032542557174038, 0.0017871586179818756, 0.0018735205032974155, 0.0029229130852377067, 0.002133003340724348, 0.005753628022132648, 0.010642721719345464, 0.04322474829708969, 0.00283588285733152, 0.017447988487246654]
            , [0.016989165667953506, 0.01001145715304782, 0.004057083452017683, 0.004790720699591918, 0.16756377781487683, 0.004336916540083916, 0.10592536711867838, 0.00833850534582828, 0.005456826581804791, 0.032888567664251536, 0.0054310396731247, 0.02264859963433684, 0.002957389405041824, 0.008989838027604242, 0.011284592521001051, 0.02153100245689884, 0.008553206928450918, 0.012410106660834615, 0.023430350004951327, 0.5224054866496212]
            , [0.08733022596887725, 0.0277020607101683, 0.002893405593330777, 0.004995713175797117, 0.008179662419448343, 0.008509239013574066, 0.0031860960367152023, 0.13463655982992304, 0.0051766125587311, 0.055688884827807865, 0.03482730914378519, 0.00945562200079042, 0.0037380719284516024, 0.0059148624501167285, 0.004859373994995379, 0.06560957081699742, 0.2848916267060426, 0.2474603007541499, 0.0012595148853977692, 0.003685287184899913]
            , [0.19931201186638725, 0.013533573385954838, 0.00436371421330586, 0.004466051185509853, 0.003284583246014167, 0.609529643339562, 0.0024180452892100354, 0.004466541755115067, 0.003390167247006618, 0.00837236507444311, 0.00373134262113371, 0.01047953950784697, 0.0033691522470221578, 0.0037722814786872037, 0.00430213417430622, 0.0849453851312277, 0.019041370344406033, 0.014103916063142706, 0.0008611981906787179, 0.0022569836390400632]
            , [0.3974907954322976, 0.023734758292785443, 0.002375220668922924, 0.002922291566995526, 0.003909436373551855, 0.18681226477908836, 0.0017370927159535263, 0.0068106876593227, 0.00217603356185372, 0.010877990136299745, 0.00502421656763082, 0.012080158889275518, 0.004021182546180107, 0.0034730670613770365, 0.002498116548719603, 0.26236548564820605, 0.04593037884940647, 0.022969525170421595, 0.0007502777588159898, 0.0020410197728955764]
            , [0.009215571349694605, 0.0014481812007579651, 0.00048598577759500133, 0.000685308183694075, 0.02861768280279098, 0.0008683007193437399, 0.0005777870407711892, 0.19724062821721086, 0.0006959585998034468, 0.6085196133286253, 0.05277178458042888, 0.0007590223808045709, 0.0006191183084331573, 0.0011257687912759082, 0.0008557726682425955, 0.0020115448857879166, 0.006479130218146571, 0.08486388299333347, 0.00048145772310395857, 0.0016775002301559387]
