# This script is generated automatically.
# Vector of amino acid stationary distributions.
distributions <- [
              [0.016514309065430208, 0.00503588888219876, 0.0013940668031226788, 0.002496563550321991, 0.047095011718215805, 0.0026268418883799776, 0.002827577485281031, 0.1762008797031144, 0.0032098746957263877, 0.4951701399204114, 0.09528565076881984, 0.0027895323289739422, 0.0024209127362218564, 0.004995923574564813, 0.003945932935013964, 0.00781241378660255, 0.014030262150637452, 0.10728209431618657, 0.0017635823813592923, 0.007102541309417106]
            , [0.024629466103759608, 0.005366402387880884, 0.0010959348259929641, 0.0019435144921937436, 0.012588406174147465, 0.002159549854452003, 0.0014780245422966372, 0.3805072464012707, 0.0021606203548419963, 0.11634448552662739, 0.02766181944742407, 0.002240093853624905, 0.0017510388229823525, 0.00236679575659068, 0.0022834013633372613, 0.006397821330736893, 0.019208204140152906, 0.3865938196369373, 0.0005634585891155947, 0.0026598963956347577]
            , [0.031596252448417565, 0.006498790116207339, 0.0111162524183279, 0.028297398245723405, 0.005777699614131833, 0.016093822843122482, 0.02762956277958117, 0.014006102251684971, 0.28179153942735985, 0.025824576257029844, 0.013366091024911618, 0.03329671394359413, 0.006455876046596521, 0.06751024517271928, 0.32717475651188344, 0.04296215596705535, 0.03311147026105833, 0.01753108074199679, 0.0025535468461426645, 0.007406067082455398]
            , [0.14269798957799887, 0.02048310178372515, 0.018584790856037047, 0.019747693635920237, 0.009860772912939261, 0.04238934108929752, 0.013074452725818461, 0.020807457985163442, 0.021575742222308132, 0.025004807446748382, 0.014217362777629335, 0.04983101808736625, 0.013031682705667248, 0.021178848673117076, 0.020278894220552783, 0.30928875004010054, 0.18974584059916755, 0.03740531495970208, 0.002197227738341696, 0.008598909962398813]
            , [0.08650780453200205, 0.00410491269333526, 0.06181202643906403, 0.1421281805723822, 0.005430672107808684, 0.028919526802202902, 0.02748548177533964, 0.015969315456266838, 0.1312094364415008, 0.02960416291898472, 0.014102973810297672, 0.05642715395419921, 0.007641488924965844, 0.11337686503746021, 0.09350448528282879, 0.08406847883538947, 0.0620804385053142, 0.027257420481195792, 0.0013892618636998806, 0.006979913565761797]
            , [0.04711264498001747, 0.0023570983969523514, 0.3019704291417511, 0.3189706559412029, 0.003110256633228508, 0.026167512591536518, 0.014757035880332585, 0.006108426581842569, 0.036709498540862105, 0.010512710951765291, 0.0048491541901981555, 0.05443704896144478, 0.008169538306121178, 0.053770343356710285, 0.018816955963327605, 0.0479317561212373, 0.026324819859405598, 0.012729341634384104, 0.0007958035497077309, 0.004398968417971718]
            , [0.06819235605789559, 0.009982048511899705, 0.01177666257303109, 0.028168942801276308, 0.026369230464573637, 0.01350003597571945, 0.016918907868242357, 0.1350771106882902, 0.03937300811564737, 0.1765617959869248, 0.07208093922711345, 0.022392403674567442, 0.008579486994186451, 0.04144407359037217, 0.038618002559637, 0.051716840145264106, 0.0755633991538541, 0.14419960014519997, 0.003510952056894981, 0.015974203409409703]
            , [0.055600299354725616, 0.0078097513426790945, 0.1522323780309384, 0.06295364803003653, 0.007321801650871997, 0.09391236653803973, 0.03549733973897796, 0.009844526861607798, 0.04880680905163477, 0.01553765261952124, 0.007654861834855582, 0.20681105302391653, 0.00999375800256304, 0.03824084856241438, 0.036176683987212604, 0.13482006333497304, 0.04953521215394958, 0.014923212506596622, 0.0019627423818411203, 0.010364990992644253]
            , [0.48979315448553407, 0.026943758775985746, 0.002944020797694827, 0.003977524853978655, 0.005087374532818662, 0.10184051060043613, 0.002644005205865848, 0.010442177504039137, 0.0033451901593451647, 0.011613016316397289, 0.006770132507546097, 0.007318069642237421, 0.005291353892880842, 0.004469777525936594, 0.0037828142641157313, 0.22223724522378385, 0.05529270222799409, 0.032104745688778136, 0.0010277529810825043, 0.0030746728135491947]
            , [0.12747866258989868, 0.006573247798974092, 0.01934435402327102, 0.028101476845022066, 0.008789061590491337, 0.02678513641387576, 0.0152336874618502, 0.018643436502161975, 0.0277210965364466, 0.03276104242348673, 0.010376331158133238, 0.022149074587695397, 0.39380533273405444, 0.030545609050665872, 0.025923187345675027, 0.10637305314698092, 0.05539260801684067, 0.03429609760619071, 0.002089659237638515, 0.007617844930646515]
            , [0.21068908736097855, 0.040314696088192443, 0.004351095706308057, 0.006669196675507425, 0.017119872323020726, 0.024770148849106104, 0.005144817802530173, 0.10354352837784704, 0.006668350372861264, 0.07279018344719869, 0.03152879390678376, 0.010960607522671476, 0.007674856603691504, 0.00832742261634619, 0.006987441752464531, 0.09237898928792576, 0.12317710255159696, 0.21736114336454973, 0.002139555136193293, 0.007403110254226347]
            , [0.016676874834935875, 0.010410072231970236, 0.004221888414419881, 0.005426986382518113, 0.3400370192277341, 0.006058244688052074, 0.03551811122291651, 0.01847379433994184, 0.006470192704853802, 0.05339445717698016, 0.012660933478196293, 0.01032923193766957, 0.003520901962365027, 0.00842601296717641, 0.009223529973015215, 0.01853439740289279, 0.012393331239593547, 0.02049321797942316, 0.030293152820075036, 0.3774376490152703]
            , [0.06022505217974802, 0.020356430806424037, 0.028230827926017416, 0.03671697476025829, 0.053335366027177464, 0.027811720875371464, 0.13032772403188903, 0.028496701504918294, 0.045960138128046064, 0.06262016764880152, 0.023545338272947986, 0.07006629094583636, 0.012584511222950115, 0.0712723534597851, 0.0628650234026823, 0.0838632374510208, 0.04966305699759537, 0.037689556248656254, 0.011173167005626958, 0.08319636110424722]
            , [0.02984916961021028, 0.01159872797272008, 0.0030168520916918793, 0.004604703358535321, 0.2511677163152055, 0.007141258903008141, 0.00954853852252343, 0.09787505060559293, 0.005799927595551744, 0.27894516967353655, 0.06219714121409791, 0.006593264340533881, 0.004387627521477481, 0.0078036183558644326, 0.007431183156803953, 0.01894756776508357, 0.02162422884516596, 0.08122430957152779, 0.014799616588917906, 0.07544432799195115]
            , [0.07671889962588185, 0.005478388127030113, 0.011398010535054006, 0.009614810405395654, 0.0034433638332830984, 0.7539862756939882, 0.00474542937985901, 0.004396361305006957, 0.007938812354656198, 0.006974159857581772, 0.0035810233006211903, 0.014824564472519642, 0.0040517590023343795, 0.006726872507603156, 0.009566142649602044, 0.051838822726642156, 0.01243854668846498, 0.008307474176444172, 0.001201619788245353, 0.002768663569786077]
            , [0.07368265352151811, 0.011332493250294081, 0.000581515778171529, 0.0008520521429463567, 0.06704899133390659, 0.014806438721425171, 0.000854762240878051, 0.22650290417039223, 0.0008871149806111895, 0.260489575700885, 0.05221984176916245, 0.001534843665327844, 0.0021465236321866906, 0.0014921759132034533, 0.001040146914492673, 0.017679804260112068, 0.03418050319485887, 0.2251089169350598, 0.002826937228204438, 0.004731804646363532]
            ]
# The number of clusters.
n_clusters <- 16
# The base file name of this file (for reproducibility).
fn_distributions = "udm_0016_clr_rb"
