# This script is generated automatically.
# Vector of amino acid stationary distributions.
distributions <- [
              [0.039364388179037285, 0.006664479900253171, 0.3892980202414674, 0.13718747448169635, 0.006864697847856964, 0.03789779389808848, 0.022312610122649682, 0.010804028493956251, 0.03460518559056653, 0.01590894913299982, 0.007624685843846786, 0.10105874348086391, 0.014402378207596165, 0.03334743401308925, 0.023363775376424138, 0.05933203118213171, 0.032305954547203135, 0.016742344359813196, 0.0020358292907912898, 0.008879195809668219]
            , [0.06528162403369543, 0.006818252464891641, 0.12528037169719414, 0.346038427980626, 0.007887632035919943, 0.0261160784540553, 0.020821721594019973, 0.0152028891531549, 0.052991240138140876, 0.024458972798310778, 0.012053491856858702, 0.03628719630189611, 0.015659646154432046, 0.07931480987765055, 0.03434454093701921, 0.053542015987741914, 0.039114097355562975, 0.026626927977106588, 0.002755092779267657, 0.009404970422455179]
            , [0.0358346287835319, 0.011715000330949656, 0.017543077603518593, 0.035556657602908964, 0.009462229934167364, 0.017051801529244837, 0.03275963834136653, 0.016607096781795474, 0.2298865920018842, 0.03287963709082481, 0.015902870080812974, 0.037274775934172, 0.009170783957563095, 0.06939874023831234, 0.31451476459851574, 0.04597535043514706, 0.03422434401239741, 0.020271053160650847, 0.0023253623962990228, 0.011645595185937203]
            , [0.0565959805002769, 0.004881514793532907, 0.1781804331523092, 0.249056757626084, 0.005825648834359183, 0.035213566487037926, 0.0268336276972678, 0.01075409647578995, 0.06937688841523834, 0.020561863404817252, 0.01020500910539561, 0.06580640426972623, 0.010726861020997498, 0.08400554867063846, 0.043060512696417086, 0.06259911457432152, 0.03803858737109019, 0.019159218097797776, 0.0015251023545730317, 0.007593264452329218]
            , [0.05470413236220709, 0.011208104789463883, 0.02945326923836597, 0.05153869977495158, 0.014383529125080879, 0.029418944586702925, 0.04236367058195666, 0.02297696099233993, 0.15694039151856395, 0.0407329789268127, 0.017411810396873555, 0.04528001318897987, 0.016130061445834676, 0.07079545768031414, 0.23461964923175754, 0.06250020248902217, 0.04501747940761682, 0.0294396375795829, 0.00715148267966763, 0.017933524003905018]
            , [0.06008729127443754, 0.007282946911518789, 0.03505907055161954, 0.06515779905224528, 0.008881232474421769, 0.02742514684044512, 0.028224109955997702, 0.024381445488424316, 0.21738193585271046, 0.03665500259874712, 0.018792861061122476, 0.049353455013929785, 0.01727424138014793, 0.07260767821900856, 0.16296147265711533, 0.06829412436342508, 0.05504132147565479, 0.0313754194800403, 0.003264826160242453, 0.010498619188745813]
            , [0.1423756022411447, 0.02261129853978697, 0.031744426795804005, 0.032416629856282506, 0.012035747290796348, 0.0581290850079926, 0.019137244526553843, 0.01837788713849793, 0.03204253407853617, 0.025909009828644608, 0.013202001464842775, 0.05660066646377907, 0.02862186006698459, 0.029894543839798237, 0.030274789611444565, 0.29088240469153515, 0.11017082195953211, 0.031250376477967946, 0.003031922893370595, 0.011291147226705215]
            , [0.05528390469708247, 0.01505207004849033, 0.09661416835486566, 0.05520995944059718, 0.014166581438661457, 0.05255995201445652, 0.04095257687043348, 0.020764222960287286, 0.05812723432775371, 0.028761038255252124, 0.01441955675849208, 0.24188073515950823, 0.014849374610325197, 0.03971127928645111, 0.045906982610320494, 0.10384477365327903, 0.05426523566260678, 0.02640906709490833, 0.003970900459324755, 0.017250386296903696]
            , [0.05555997130200639, 0.015193185830058372, 0.03946604910289878, 0.046394646679956304, 0.04044136060463523, 0.031922453261683116, 0.17031531262250796, 0.026036357572198392, 0.05513814301580164, 0.05055959499747904, 0.02036757464693877, 0.06478488442358445, 0.019628306270194174, 0.06631202646517556, 0.0680516920154932, 0.07275099970423234, 0.04718339611775219, 0.034200868889882566, 0.008609037267062395, 0.06708413921045897]
            , [0.08840205359923431, 0.01742500142441622, 0.018442831641866584, 0.02408660889453344, 0.011501625441653743, 0.021862538247490144, 0.013428295003136704, 0.03656307187673762, 0.02757079454043626, 0.031718143115127224, 0.018633161047765676, 0.035525400160231486, 0.014796615049994011, 0.02157500718401612, 0.0240370075624834, 0.17827546788905949, 0.34790352628825777, 0.05587444934524254, 0.0028038537921723575, 0.009574547896144836]
            , [0.030741495007891927, 0.0048578777109371755, 0.0139003887987403, 0.02896507495345041, 0.005058764268879486, 0.017552357506082895, 0.01822999364696618, 0.013272466636022103, 0.33449500320575065, 0.01961900165151874, 0.012294788698186461, 0.030144676268102844, 0.013484714619261252, 0.05060063259653627, 0.30474142549091215, 0.043067291155525995, 0.03311125664398848, 0.01727075670915469, 0.002051656174216634, 0.0065403782578753724]
            , [0.0629284154637997, 0.010362937154180565, 0.04372285143042457, 0.09544356397655744, 0.01577671095833885, 0.029007392602710947, 0.044875739068875035, 0.024432365684544214, 0.0752058924458028, 0.04867640774958838, 0.02517604809836737, 0.04646150135570699, 0.018489945020726595, 0.21642172861379635, 0.0697856973915933, 0.06780078434656059, 0.0497675752170115, 0.034056309203950204, 0.004477940868997164, 0.01713019334846755]
            , [0.04377531727616648, 0.0026780332932412896, 0.3009955060718788, 0.33692066673304905, 0.0028403250682000063, 0.025791624197613716, 0.014243241806646337, 0.007198078042172359, 0.026840473720776817, 0.012861243013759977, 0.0061847398083218295, 0.04314285865579448, 0.01576923093301652, 0.05094167227558047, 0.016710205085310684, 0.04429616835215936, 0.026779755020500538, 0.013924044929130288, 0.001161905658920258, 0.00694491005776092]
            , [0.017556793306813145, 0.004590959137494308, 0.0032730497479477056, 0.005073738604587644, 0.05508909685677195, 0.004899604456035578, 0.00637090776734628, 0.11982482471558711, 0.00640217525147221, 0.5424449886644128, 0.08161186543755095, 0.0050458874210865, 0.004729206374890052, 0.00948516080604512, 0.008902839745304035, 0.012081402716947973, 0.015257008141524336, 0.08548512972898574, 0.0032989469909413508, 0.008576414128255435]
            , [0.10978245998444264, 0.013192603118035573, 0.023256021530458994, 0.03518439411082682, 0.011437270273299256, 0.027639546506626533, 0.018376508562823562, 0.02490008564382435, 0.038667096985791, 0.04190730095276754, 0.015725767160531375, 0.029415400175007163, 0.296218442527617, 0.044049749250163105, 0.036624439578012924, 0.11203180325131583, 0.0697674040730818, 0.038323063777947565, 0.0030686476313188946, 0.01043199490610815]
            , [0.020420796993041973, 0.011012132430265074, 0.0024599960513298773, 0.005169498902233196, 0.03649229225044897, 0.0029278606323818878, 0.003798544736872108, 0.23329849940052913, 0.006388689867172173, 0.3873178459910898, 0.07434087644832167, 0.004470938581084445, 0.004113631765979515, 0.007666137153724541, 0.006613769861636983, 0.010473563326726687, 0.019663948894361377, 0.15340235199022595, 0.001247454061723517, 0.008721170660851107]
            , [0.025600288847752273, 0.00827550429519335, 0.002419817667982229, 0.004542341107919814, 0.016668273510468363, 0.003030623491682177, 0.0031370012997173615, 0.3562960098631746, 0.004653481091706247, 0.13983778009776796, 0.03229339400674822, 0.003966550809646564, 0.0040429354392872655, 0.0048822750294565806, 0.004674991938251803, 0.01064062008286484, 0.024294845095497106, 0.34322262784887153, 0.0016991943782060134, 0.005821444097805881]
            , [0.040155622625485304, 0.0047367350088656415, 0.019800684390610983, 0.05114561748844901, 0.005437581478753814, 0.013902864114270526, 0.023013049865814067, 0.014337036539468174, 0.3070692683903083, 0.02361873036756484, 0.011669695892364666, 0.04238278966263589, 0.00402511950980066, 0.08786326508575339, 0.2382477048196294, 0.0481094051588834, 0.03836536539075929, 0.018517157914313756, 0.001441370292941784, 0.006160936003327206]
            , [0.02211308393465024, 0.005401537964120574, 0.0015574062971356049, 0.00338649515469523, 0.03261863200341624, 0.002961438696383526, 0.0036359701199366523, 0.2218697300100321, 0.003179621741344735, 0.41448564829446943, 0.07965437063119696, 0.0036798973613975704, 0.0032163907883774453, 0.0061674983033197595, 0.004915308042961719, 0.009607234419158521, 0.02158119296318017, 0.14957228406698667, 0.0034517661353108504, 0.006944493071925902]
            , [0.012633756138163555, 0.00802187277366511, 0.0009885804439544094, 0.001315425185082405, 0.04275080791151453, 0.0014972004824757611, 0.0017784769417511315, 0.14483769007190087, 0.0020906150860260054, 0.5674825650467503, 0.09778371483739574, 0.0016699325285130862, 0.001187619820232651, 0.003945953963571231, 0.003701794764188659, 0.005382764025917922, 0.011397135022058521, 0.08340700446478057, 0.0023574954669637257, 0.005769595025093761]
            , [0.06156561625013435, 0.004467701652072344, 0.05655531386960923, 0.12623145316200632, 0.005898840293138603, 0.02356137286759346, 0.03104885272784457, 0.0126965190950116, 0.1781023416563311, 0.026183832226233404, 0.012606545212033294, 0.05434089470152439, 0.01539615813842958, 0.11632777578790257, 0.1354686579648593, 0.0662634404014394, 0.044637622496137876, 0.01950540820049169, 0.0009834717014413543, 0.008158181595765403]
            , [0.03823956824061741, 0.009740702464510071, 0.022064964997080546, 0.03811482001491161, 0.00493227347142197, 0.023282583217731592, 0.039188856755551935, 0.010864184301185941, 0.24656927727836092, 0.019829179367119296, 0.007540579844079682, 0.048832186162410744, 0.014575257555450813, 0.07737661243295195, 0.2796893422429666, 0.05882656851386226, 0.03350712921854824, 0.015355363131415091, 0.0032079073408986143, 0.008262643448924694]
            , [0.009590510600350627, 0.0034298796148293557, 0.0008528488295421317, 0.0021983695110758404, 0.03687147990955229, 0.0021396592343223306, 0.0015595731066677038, 0.14765044833176574, 0.002126364355619888, 0.597592286909964, 0.082085629529604, 0.001497648411831272, 0.003428166153946879, 0.00370297755361128, 0.002598787720989176, 0.005177943153819191, 0.008215285985114616, 0.08244230920329285, 0.0014204967026781997, 0.005419335181422687]
            , [0.08463495625521388, 0.013107329311087707, 0.020666590898820263, 0.018661403456070293, 0.0067337391178298985, 0.027138797405659637, 0.010037929553214513, 0.013572303476983195, 0.021392663115934834, 0.015902344520406515, 0.009830175839670502, 0.03926002048467283, 0.013310252663521734, 0.01649635938231287, 0.01791776894995321, 0.3534358160236691, 0.28703572148327333, 0.02285588431020364, 0.0018143694610975025, 0.0061955742904045855]
            , [0.02912725892832876, 0.005091553804384547, 0.3504785961775747, 0.36137145241180296, 0.003159134690680074, 0.02043854434440868, 0.010535826006057911, 0.006954630396926299, 0.020023474370933263, 0.01081785957369068, 0.005652664172545333, 0.04375491797110595, 0.005710980353172615, 0.038222174918974464, 0.011394237494877328, 0.038765647718024446, 0.0191982196847748, 0.014483227136978485, 0.0004366590745406601, 0.004382940770217877]
            , [0.10365314944931726, 0.01724028475404671, 0.03326911405429355, 0.04253111617901361, 0.019706776507216046, 0.03904678301746715, 0.02539566787173991, 0.04579786805728956, 0.04850335800458078, 0.05722245877303577, 0.024699247139439186, 0.05514882099485073, 0.02603981726311131, 0.04111562614866847, 0.04377560773536876, 0.15087086749291564, 0.14258365446552645, 0.06229798830176358, 0.004516362581950302, 0.016585431208405273]
            , [0.04961327586412926, 0.009595755201976967, 0.007741827128607937, 0.012853031036999654, 0.020368143261069723, 0.009370598721368913, 0.006881935058228192, 0.2658690502500667, 0.011981974446974818, 0.10653906060479311, 0.03231735611084117, 0.01035181732626613, 0.006967144001418638, 0.011603499757634403, 0.01152666379740637, 0.02368098918643295, 0.04035989572602023, 0.3511141018970098, 0.0020278341079440552, 0.00923604651481136]
            , [0.025837631128101567, 0.007545437886472231, 0.006711591412131341, 0.012646841830582765, 0.044400078543619, 0.006989907848682182, 0.009860372390723102, 0.11989386650734386, 0.018199980209785575, 0.45184328636711557, 0.10392274252294155, 0.010034546912326647, 0.005427722975582912, 0.019140685586646947, 0.01699313869090785, 0.019113225338683232, 0.02251230903917103, 0.08025516513264645, 0.003975107405945444, 0.014696362270590643]
            , [0.17302989769410965, 0.02339460637266854, 0.017251727696260908, 0.02663228741434919, 0.020506019492532654, 0.032100730524239306, 0.014899553594007959, 0.07703727352649586, 0.024328259042748525, 0.06848429417317534, 0.03168941443643523, 0.026916252249930668, 0.017410971999669574, 0.024503728640918567, 0.02392402049951505, 0.1267330380497088, 0.11907648656154987, 0.13589902190343772, 0.00322103465940187, 0.012961381468844771]
            , [0.3416060025603315, 0.015307885421821966, 0.023238049451977983, 0.03247754413551907, 0.012249695235739941, 0.06558058368785853, 0.01434230025972386, 0.02814188737108427, 0.025854946028237655, 0.033209835617420615, 0.01563487119035958, 0.02428986694777279, 0.02521129044147146, 0.023803534381861995, 0.025911415258834395, 0.14121791853652071, 0.07132534785087197, 0.06824449612545182, 0.003223786097398025, 0.009128743399741839]
            , [0.0929507620198571, 0.01590519098963999, 0.038938162499542475, 0.030981270948561665, 0.01123035153323304, 0.43726390201016724, 0.016262931127483348, 0.013312716345030642, 0.02640221494016446, 0.021420001345986674, 0.009700288198587259, 0.05300365242305367, 0.014955739626279553, 0.021898461857291832, 0.025839175222000715, 0.09901997648192588, 0.03605530166195651, 0.020916101915232542, 0.003986793524588806, 0.009957005329416443]
            , [0.02474119575631896, 0.008723816394751742, 0.017155938558783636, 0.03906155048428655, 0.006116101085858119, 0.020532211478261016, 0.02784671386008577, 0.015523388263721084, 0.2899850905400028, 0.02389089822590624, 0.015694374478998005, 0.03744182220901279, 0.006708354319120881, 0.06828323592909986, 0.29681482499479095, 0.04187788033882778, 0.030899969459214763, 0.015865715849818007, 0.006407969301068361, 0.006428948472072994]
            , [0.03536881483300313, 0.01305542351214189, 0.001441734279478597, 0.001758625792059756, 0.01622974015295161, 0.002952134266078805, 0.0019647588318145136, 0.3428589329156549, 0.0023512665151146244, 0.1405557270760762, 0.034714168692910184, 0.0028912908260735446, 0.003900041128968021, 0.0033570752441882926, 0.0028637164052354946, 0.0103757426976744, 0.028470084895936647, 0.3503293642274805, 0.0003070576560940578, 0.004254300051064871]
            , [0.03319524886647079, 0.0017351322145724316, 0.46328131387339944, 0.14963175488064337, 0.003470386061173079, 0.02773940823020644, 0.019964682857818435, 0.0054228711650036975, 0.02972799468664887, 0.00806908164458611, 0.005014178149472124, 0.10593190212653608, 0.006933285544810857, 0.03424753273645941, 0.019091608590751947, 0.04787445972510273, 0.0234574262004089, 0.009023527125837417, 0.0009862876706648578, 0.005201917649433137]
            , [0.0470644334087254, 0.013089163327083552, 0.09158848541559006, 0.15661527093142671, 0.00951426250713246, 0.030235996478078907, 0.03636428261985486, 0.020814641343185232, 0.13136434243877262, 0.03157728642439028, 0.014474198819986834, 0.07673908593498363, 0.008752190991766821, 0.08569805987338652, 0.07647093859990911, 0.07280269185169601, 0.05316701126152196, 0.027281879333179427, 0.0018557300069850613, 0.014530048432344568]
            , [0.040514388106267715, 0.0062798158406268175, 0.29999039520500387, 0.3085502499896323, 0.004261623940310105, 0.0286658855268439, 0.018995843322579364, 0.007240771208971526, 0.03421321838071214, 0.01214693736277207, 0.005645845024352453, 0.057554656299579295, 0.005899373864401189, 0.051715728733315855, 0.020750270481365993, 0.04717190171342939, 0.02693645449913193, 0.013889449808615428, 0.003329357277678418, 0.006247833414410061]
            , [0.05108091623208215, 0.014729863002368322, 0.008213481731942175, 0.021799617594628527, 0.024809213041235952, 0.008841032866101682, 0.014145350144334021, 0.16388668373467044, 0.03469100729651789, 0.21078489472013862, 0.07871715465074595, 0.02009189816706154, 0.006349166958491961, 0.03574772159663987, 0.030598913014895226, 0.04208582787577084, 0.06636831547863598, 0.15072793139347515, 0.002783732859458987, 0.013547277640804836]
            , [0.01904073639499873, 0.019053326851060242, 0.005074169892908457, 0.008806003652355926, 0.2930243708145687, 0.005861811450223278, 0.04171976276292705, 0.03925065130220954, 0.013650724894818023, 0.08214201596747259, 0.019685762002604763, 0.015323637529037436, 0.0048230915893952035, 0.013842022561584646, 0.01272716211734834, 0.023431405746805734, 0.01708673004941263, 0.03540291500134493, 0.017872619458674528, 0.3121810799602493]
            , [0.039510024838393755, 0.01760979584434152, 0.003953572488896007, 0.006166106131256371, 0.08373185925609299, 0.007178405435580476, 0.006696445481731772, 0.17462825982763916, 0.007612844857618724, 0.3178224997690816, 0.08249184810350835, 0.006939085153996827, 0.0034688281578302968, 0.00751210106105306, 0.008096201752579081, 0.01784547309004775, 0.026386158996727117, 0.15411024929190345, 0.00598547509715933, 0.022254765364562484]
            , [0.013499625418468022, 0.01089595247936825, 0.0019491473768701668, 0.004493817886241917, 0.07898815517476049, 0.002705669012307474, 0.008222353653960804, 0.11660520246321664, 0.005527994877889554, 0.5175609691102993, 0.0924162161156842, 0.005006393995000077, 0.004151600745203499, 0.008786733302351468, 0.0065731497305505275, 0.011139995189544317, 0.01406316617823446, 0.07045292234593925, 0.003495636706202586, 0.02346529823790697]
            , [0.058490880195588214, 0.003924724179200798, 0.20333944012865993, 0.2681834886172256, 0.005946313989465621, 0.025438435880842724, 0.02060349981935256, 0.013674601950666838, 0.05331763532661082, 0.018122411495900836, 0.00834093113705017, 0.05977108419502722, 0.02335576838243728, 0.06777920273853437, 0.028058884684235202, 0.0672948860507773, 0.04209732750972758, 0.023975105398940346, 0.0004423188060065531, 0.00784305951375022]
            , [0.0700325239871448, 0.008654740164883712, 0.13884177631960615, 0.11025861460193849, 0.006984991929946692, 0.05308198767569984, 0.03376350224953767, 0.01206467887002823, 0.05832451980502674, 0.01814424991831589, 0.00848195514185708, 0.12819942231522186, 0.013249320012897485, 0.05572730402071452, 0.03925200897601624, 0.14578719623236364, 0.06853083438684726, 0.018460219049674032, 0.0017537974944730045, 0.010406356847806782]
            , [0.25592109372763167, 0.028752665041622265, 0.014754208630628946, 0.016137879704926535, 0.007133091928788187, 0.04535807736730493, 0.009098762534572181, 0.011073781264271037, 0.015083679472795552, 0.01616256405617343, 0.007941993974195453, 0.023332225599751205, 0.014146139078700092, 0.015151674016650685, 0.015959114107537444, 0.38615348751287415, 0.08334492533501436, 0.026477133666484045, 0.002278161374552492, 0.005739341605525315]
            , [0.4154252891900401, 0.03878112661128022, 0.004951894372256224, 0.00814418193402031, 0.006720104772061784, 0.05155624903307283, 0.004819465982121785, 0.02269342268055621, 0.008548744095850384, 0.020236862047749833, 0.009399254179377807, 0.011946839229796011, 0.007145262211486547, 0.008891681313457927, 0.0072624991731612114, 0.21704042437642446, 0.09027171303684961, 0.06056293896066144, 0.0009936952728776495, 0.004608351526897721]
            , [0.5134376248486717, 0.01861853920318416, 0.010234869157522544, 0.017277167108249697, 0.004781632201664926, 0.06418719210265567, 0.005986869527473182, 0.012653078663649937, 0.013941722925475998, 0.01464089091700903, 0.007244035980855554, 0.012426030342706278, 0.010585580003144746, 0.011733872356661996, 0.01405731588082311, 0.17380220034677216, 0.05045598646254778, 0.03827307709421181, 0.001126687436033277, 0.004535627440686187]
            , [0.01797808184490012, 0.009260593731536098, 0.0006479333489428782, 0.0016408663587659834, 0.019903999177586094, 0.0012181623952971562, 0.0013439683311538542, 0.3493859281797144, 0.0013791210899127626, 0.26049293583533456, 0.050252335588715946, 0.0025635211498930455, 0.00243309800148404, 0.0026726904785016577, 0.001917807633897542, 0.005854766425837985, 0.019866778880705024, 0.24629150172915845, 0.0009945051100651084, 0.00390140470859742]
            , [0.03153532948614478, 0.014662419514472714, 0.011301451094511885, 0.01307705736688797, 0.3234731440919496, 0.013149278035986913, 0.02524694799905283, 0.046971490868938356, 0.013896057865267337, 0.11762072059937526, 0.030208176363720297, 0.017529111669757028, 0.009316615952778343, 0.014838848063826767, 0.01679670901752537, 0.034237768181325394, 0.02622764315093355, 0.046226202123911694, 0.017394495046356682, 0.1762905335072772]
            , [0.026190233271297405, 0.0020866091524873896, 0.13530952558652637, 0.612285136451517, 0.003960123480182768, 0.016469621884730896, 0.008308762313330316, 0.006895415546046338, 0.029558918562694245, 0.011051776141472656, 0.005802754451150298, 0.01866367936470805, 0.007258149839515099, 0.04271197845120959, 0.017219464864494296, 0.024170374667635858, 0.014772175430461507, 0.012235015063205176, 0.0010522064270662732, 0.003998079050268733]
            , [0.08201386865163297, 0.0099957145290091, 0.1462316508794278, 0.1338033579029384, 0.01337010300715497, 0.05455065426081623, 0.02835229689770861, 0.01847722606620834, 0.054194967050178254, 0.03182842864574182, 0.013906089500199436, 0.07107329759118695, 0.028263250764919125, 0.0559649116077339, 0.04391242968083137, 0.1019452433155551, 0.061012814308748026, 0.031103492661117872, 0.0044733716689522975, 0.015526831009939596]
            , [0.0808209904029677, 0.01625045205387752, 0.0011444585686269256, 0.0020925505059000674, 0.037758361655446764, 0.01350115840112663, 0.0021098328878464126, 0.24138926972442515, 0.00217573903041175, 0.15343380519211286, 0.03987206997566171, 0.003042490391431521, 0.004442744172441201, 0.00355990061744383, 0.0029366659091848908, 0.02125159333967813, 0.04122486835617238, 0.32267886005348373, 0.0034629957336403494, 0.006851193028120566]
            , [0.030262696189162573, 0.011778187024844592, 0.0012806638568988702, 0.0020474579028175815, 0.057347844892953095, 0.007522714265182809, 0.0016281994466620605, 0.20239655519579175, 0.004355342552837091, 0.38103546615673756, 0.09225530874675271, 0.0028609130796553696, 0.003022843717311326, 0.005076674408275621, 0.002692296288566654, 0.013150809640514002, 0.023020591479891814, 0.14821816440209015, 0.0029398554396226767, 0.007107415313431844]
            , [0.3273487261923214, 0.06605617352491429, 0.004031633608852435, 0.007362063416175708, 0.014221907369662765, 0.04625862495572649, 0.005179618521679731, 0.05413956583259797, 0.0057368290034675124, 0.04483817376298931, 0.019964633848634845, 0.011122784421969593, 0.00772676778134298, 0.007954528251483193, 0.006034277283287348, 0.14899811393173792, 0.09585089944242477, 0.11836372060627699, 0.001445737492793048, 0.007365220751661604]
            , [0.06723746621802211, 0.021618856921827325, 0.05028369521192513, 0.02953764858294778, 0.00783767199826601, 0.0575861523504688, 0.02822519856609038, 0.01225915207595884, 0.03927096059564477, 0.018638898732838093, 0.009889153729897373, 0.17746383752292422, 0.015240987748904556, 0.03149564247187447, 0.03346764736214893, 0.26178478359628726, 0.10551031420016574, 0.019617461246373202, 0.0024687276750744824, 0.010565743192360626]
            , [0.06044849773065456, 0.015811257274922365, 0.008433422355252185, 0.01384643999937442, 0.04477921711131708, 0.01802236576168124, 0.011695640975260168, 0.12206768254741898, 0.01587422110779752, 0.2909464860662314, 0.09566813968045455, 0.01689427616196644, 0.01123568958357683, 0.02152463070795041, 0.016046808010610446, 0.047024367319766336, 0.05178673769368667, 0.11800223406456554, 0.0049384702905997625, 0.014953415556913046]
            , [0.03316089038190066, 0.008686039545119793, 0.010486797989189268, 0.022544337734085006, 0.013881274539249377, 0.017162744541931382, 0.021834716775357716, 0.023642525034822406, 0.1989221011940874, 0.04565997114276365, 0.02170306563358332, 0.02470100625360472, 0.010520077880480214, 0.045281824860097346, 0.3884053574659193, 0.03773060832959415, 0.031053566525521877, 0.026384234143752548, 0.005325178013450212, 0.012913682015489513]
            , [0.08207954796607554, 0.02238737443587061, 0.002500074186926658, 0.004049070987479794, 0.0974035102707963, 0.02473731177706083, 0.003977704335784298, 0.14652289684085248, 0.00443141515458384, 0.26251988041571733, 0.06726283115824513, 0.0051997823755847465, 0.005389164931723846, 0.005262837509944612, 0.005783396199329441, 0.0351253647597783, 0.043660889863719334, 0.15656605475448748, 0.009307483313442416, 0.0158334087625969]
            , [0.03858270036304167, 0.00428572213803038, 0.003308809990679578, 0.008111456598958493, 0.0444622984104965, 0.006606619744426738, 0.006802032667676959, 0.211169766596796, 0.010906073690987866, 0.2783047633475199, 0.08091926898946446, 0.006698008792225756, 0.008600314371658693, 0.009757338672071498, 0.012782505737263578, 0.02198860836952633, 0.040762005519427096, 0.18998979113514894, 0.003603736460265773, 0.012358178404333854]
            , [0.0847501384862233, 0.004825136148124933, 0.04912838917030685, 0.05771302733133835, 0.00801679550297857, 0.025212230497723725, 0.02067865330947155, 0.013949693026200732, 0.0450111057629645, 0.025709915958435123, 0.009951607721885141, 0.032118873255654795, 0.38818384305231796, 0.03875689491290041, 0.03225794961258926, 0.08466542165383066, 0.04377532729344642, 0.02377829200244996, 0.002813145535941648, 0.008703559765216078]
            , [0.38105726865292966, 0.02769750425043217, 0.010445828581870344, 0.01443003599297703, 0.01280138861276906, 0.06472911373686581, 0.00839512665896941, 0.026988040381555407, 0.01344069403097694, 0.035168935414446406, 0.015643945748616415, 0.016551217047775978, 0.015280831285638391, 0.014039311103164377, 0.014300734246805726, 0.1699795444307567, 0.08151796388060377, 0.0665776335495893, 0.0037818957613951877, 0.007172986631861731]
            , [0.07080560129548305, 0.012109951021965099, 0.003712301004108641, 0.007047710755312291, 0.03765681548552415, 0.013485949195028627, 0.0045568168589527275, 0.22970188259547134, 0.0058225338391152594, 0.17688615203284244, 0.04811378651785411, 0.0052250396199217935, 0.004612656112486524, 0.005286591780056976, 0.006415963082423961, 0.022454949190550966, 0.04009575769433583, 0.2943221045633329, 0.0029339418522502077, 0.008753495502983249]
            , [0.1327712907794784, 0.011039289798221063, 0.01655785339764668, 0.022132277165218407, 0.005526544012092552, 0.028272265953205818, 0.009939840882576918, 0.010827308622513887, 0.016296348126610204, 0.015850581472518686, 0.006572715668445067, 0.01697170513367757, 0.5150391568102783, 0.01618747674847538, 0.013250866115294803, 0.09841491298873545, 0.03571885777131166, 0.021501622436815873, 0.0011282206183014973, 0.006000865498582041]
            , [0.022888041298565035, 0.016881669770253238, 0.01061169279184586, 0.02078801115590269, 0.00784624285099183, 0.01713274458955758, 0.04909564679760717, 0.011934980407722886, 0.1792618070270067, 0.026823848730999644, 0.01237692216333661, 0.028396012553688295, 0.006887775989247623, 0.06192577538919391, 0.4308381625511048, 0.03870262650785678, 0.025517233996574983, 0.014422559913586739, 0.0066431292253914635, 0.011025116289566102]
            , [0.02363950223521905, 0.007190143753670987, 0.0015950601834736433, 0.002340170679922984, 0.03557836320420127, 0.003263645856343634, 0.002338680340756037, 0.3153621318415125, 0.0025111773869321034, 0.27199353297523593, 0.05490803044325792, 0.0027020018823082992, 0.0013419111664359966, 0.0023324198379092555, 0.00350866795451395, 0.0060711875563414985, 0.016307251556586303, 0.2397657081807861, 0.0019821686927416365, 0.00526824427185089]
            , [0.04593985947331663, 0.0009496543270187712, 0.2706939472335535, 0.3588286391850941, 0.00476764519123197, 0.02249308506493807, 0.012430717718008855, 0.01087606594940712, 0.032689970433835674, 0.013258529061898292, 0.007504681122367713, 0.04535924730347574, 0.008043792322698168, 0.05468886652524787, 0.015618551075389227, 0.04612335375819091, 0.02803635967777691, 0.01719480276418296, 0.000475783452125581, 0.004026448360242202]
            , [0.06653864414575633, 0.018852250279265324, 0.01777511607128904, 0.040664986249139015, 0.01902368704877872, 0.018747069863633666, 0.031132532791032216, 0.08530865103172683, 0.09137262124308543, 0.08312829778284624, 0.02916230763316629, 0.03226356314538967, 0.015274685344242407, 0.06181865229293309, 0.11044349243607803, 0.06418361121750137, 0.07928928122981652, 0.11436307454310209, 0.003700065457075085, 0.016957410194142798]
            , [0.13665827819270174, 0.008572691598846922, 0.04931186192413377, 0.08461218198056375, 0.010093305797796189, 0.04362367354688083, 0.021121174859261026, 0.021700159058008463, 0.05864454109489248, 0.035271331958214615, 0.020656332735235986, 0.05408365964604145, 0.016569207777764536, 0.07267136030183963, 0.04304454816940886, 0.16920169079914307, 0.10420124897425548, 0.03589066293852979, 0.0036811054547036754, 0.010390983191777782]
            , [0.06884622367015195, 0.003555994989745953, 0.012083521749519963, 0.01072581564676381, 0.00393508844921764, 0.7530907006263856, 0.00609194950510625, 0.004536357838452645, 0.012183770495766504, 0.007651048260194723, 0.004802211785675633, 0.014637025534125289, 0.009089703724708837, 0.010506630361788867, 0.014486552578813547, 0.03844904333260774, 0.012706415397255822, 0.00806306174070822, 0.0011265614665566773, 0.003432322846454516]
            , [0.11195725266898941, 0.03886680919107194, 0.008402417213205412, 0.014273525414555103, 0.019672590416774185, 0.014142264099847989, 0.01004222357274679, 0.14735139239217646, 0.0184471564916365, 0.09141852280725046, 0.03901923058201884, 0.017195493231355396, 0.010250609306276293, 0.017710270218026323, 0.016339679271937302, 0.06694703347764092, 0.11441551383139921, 0.22908193070508673, 0.0027440671788939554, 0.011722017929110816]
            , [0.10248048745947277, 0.008448796303118768, 0.011899949151794275, 0.017963078234529077, 0.0137636858014724, 0.018778101203657298, 0.011730055289654593, 0.039218225133174564, 0.019632113561149096, 0.06065976729914387, 0.01599246077537479, 0.014958804793437131, 0.4523890940235009, 0.019092536539326018, 0.019961484323300263, 0.056027992462159074, 0.043862214888808364, 0.06003903226243862, 0.0026997598172540747, 0.010402360677233956]
            , [0.07609851967851318, 0.009868759290973894, 0.08857477361164236, 0.20284253260010515, 0.01511039656434178, 0.030978955784425322, 0.020841703087684436, 0.051227934865054045, 0.050404273516514594, 0.060473665700862704, 0.02503258135682584, 0.036359278509577896, 0.015505515671063775, 0.061601335953970555, 0.03369295321026885, 0.060695919255526365, 0.05820450508200256, 0.08487234489708248, 0.0038009039997560458, 0.01381314736380836]
            , [0.05540025542760644, 0.012197321649862822, 0.019310529600666714, 0.03242103778718274, 0.045884364086101415, 0.01785726038152425, 0.02193567823184773, 0.09152021686858931, 0.0347120325959346, 0.24146772681377127, 0.09077426396801523, 0.025160701774507247, 0.016684934344626423, 0.042743913884020816, 0.03888091644645719, 0.05179698246659247, 0.04898697243725297, 0.08556029835636501, 0.0067145710172807176, 0.01999002186179459]
            , [0.03701770448208706, 0.007426917273316926, 0.04102094427940555, 0.10745147074117026, 0.002794157641435096, 0.029822494118080422, 0.02923921560304853, 0.012272380313851649, 0.23493095085135574, 0.020614105076235647, 0.014201391097301216, 0.0608979411566711, 0.005370004070241584, 0.10350393544222201, 0.1730850200497568, 0.056225144426070094, 0.04033134722868154, 0.013105203990793955, 0.003924488455781195, 0.00676518370249392]
            , [0.09679519120040836, 0.015378112166640803, 0.04410107950902802, 0.04461202096143211, 0.011120749669321127, 0.06246915488341531, 0.03207751575001969, 0.015756971901004, 0.046512409069947684, 0.02915955210278057, 0.011919859491707329, 0.06980242886708127, 0.13528658895675855, 0.04410457093732673, 0.047388008855239916, 0.17703923100385885, 0.07405388179042434, 0.02553693744223741, 0.002514735200055036, 0.014371000241312923]
            , [0.03064004113631907, 0.021257408822871027, 0.017496192378045332, 0.01695696823415681, 0.20896755588844215, 0.01467230950233995, 0.07444707878684946, 0.024586632795044493, 0.01720708552361354, 0.05304825748024912, 0.01639365425158978, 0.03261918274032768, 0.008038025734363624, 0.02271051858953524, 0.021250148436352766, 0.04668085607800506, 0.026405367503076704, 0.025094002790305082, 0.010228361033765775, 0.3113003522947475]
            , [0.21340830770651215, 0.02443201488073322, 0.01916099292248083, 0.021603120981183194, 0.007111379561822439, 0.31582413996517383, 0.01031273650655762, 0.011682677499860487, 0.01904201725557209, 0.017402037239040106, 0.007496906190100032, 0.032640590834774635, 0.016522638251398512, 0.016608520215705826, 0.017912726227470026, 0.17055114136296556, 0.04706666920016872, 0.022737906565712968, 0.0017122841493876879, 0.006771192483380096]
            , [0.09203450438819866, 0.00990810520539841, 0.023800718743976598, 0.052719774674747824, 0.021405975628862244, 0.02182009045333436, 0.018203781516149167, 0.09642964482571921, 0.04551805330513459, 0.10673148079490834, 0.04578266320157242, 0.032732740900884155, 0.012216285405043163, 0.048406611297982405, 0.03627251650260377, 0.08934448450597249, 0.10728707770364648, 0.1201453133189703, 0.0050544948347384456, 0.014185682792156913]
            , [0.07707905370164705, 0.011875901469326959, 0.04107179970436823, 0.05441649143618579, 0.006261707263304862, 0.04503043852232308, 0.032228262643636346, 0.013678184404725667, 0.13840857330304368, 0.020586423507518017, 0.011009267967431366, 0.08987550818663662, 0.020290220630311464, 0.06986419903826117, 0.1065055703435301, 0.14732234206874398, 0.08271046516578816, 0.022254139757649276, 0.0010166954147827702, 0.008514755470785243]
            , [0.054334224558758346, 0.010506669157532275, 0.026723813627844466, 0.055024085799968134, 0.02165715851408224, 0.022637044791004132, 0.027942777537551772, 0.053569804260010796, 0.1677535675619979, 0.07543140895261095, 0.04289341426061066, 0.04966722550750544, 0.012301068496760175, 0.06285265261756623, 0.12156607785070583, 0.05968650127483593, 0.0576178299291931, 0.05158569148762192, 0.008056190856789817, 0.018192792957049803]
            , [0.10557749746745279, 0.020627680013090822, 0.013095108412588896, 0.012871988802497498, 0.00499625783704137, 0.6582504504299999, 0.007335886633703371, 0.006816471165027382, 0.011172811693345596, 0.010375132625960133, 0.004730675657886263, 0.01792561464333266, 0.004575756445022853, 0.008918636894338534, 0.012638268730111882, 0.06214362556263402, 0.018919616591739654, 0.013336309533349048, 0.001484784421494521, 0.004207426439382593]
            , [0.011202728581699437, 0.003101165343317653, 0.0007088673959055825, 0.001645856660352207, 0.015275132975574241, 0.0009827716658929895, 0.0014631173922879043, 0.46415943488491224, 0.0021944043767965467, 0.1421950955499992, 0.029865380023665268, 0.0018360973687461322, 0.0025495053223561336, 0.0014187775684358617, 0.0015956183466701629, 0.003982124565528849, 0.014642075049378686, 0.29845299300597994, 0.00021856110440852684, 0.0025102928180926083]
            , [0.09570759766938353, 0.01694802387215823, 0.022833929977061986, 0.035030158212210866, 0.012424786096241536, 0.043972045039510375, 0.02594632869925983, 0.02210656308219092, 0.11520287817999028, 0.034730350487561, 0.018791330796041204, 0.05051698000458631, 0.02376390880077295, 0.05029261449338212, 0.1365236082811854, 0.15192134771809254, 0.09245858197677574, 0.034366189537573665, 0.003796397060505554, 0.012666380015515987]
            , [0.02585882302778349, 0.00755764957992663, 0.00921638018495863, 0.022098947613698582, 0.005641197407904212, 0.011913653453089864, 0.024650448259910262, 0.013490560440570886, 0.32737133393382994, 0.02375555424638259, 0.011521812129657968, 0.02889450152458967, 0.007777024586715309, 0.062104709096089616, 0.32271308052604475, 0.03944029997699437, 0.03076710085976166, 0.016997493979604934, 0.0004595464107518415, 0.007769882761734938]
            , [0.05742666216309279, 0.004220933595429048, 0.12461243344960833, 0.30197179239066596, 0.002521727279894205, 0.018093557014306993, 0.01621088122116776, 0.013124026492454463, 0.10632269648739284, 0.01968638097871969, 0.008965195218909478, 0.048028278223462964, 0.007532470712254541, 0.1035759352900241, 0.05241150929186875, 0.04752414261947176, 0.04018228692256919, 0.023483283857040065, 0.0006102232506288882, 0.0034955835410381527]
            , [0.02630503317449155, 0.008167475888798945, 0.010460368117945429, 0.011145670189953785, 0.26091147909002455, 0.01001712817871353, 0.03676745342709594, 0.02147146322994676, 0.013101806039977569, 0.04567500889462413, 0.014810797311623044, 0.013639714181614991, 0.007560418233444722, 0.013851551958394366, 0.01750431442823079, 0.02430293647791855, 0.018996377071299673, 0.023718796848422645, 0.02976799414401462, 0.39182421311346444]
            , [0.22165428114393287, 0.01471289096473376, 0.00837011370215548, 0.008961098289275708, 0.00949229539112788, 0.5258901320675452, 0.006124448449276299, 0.010476596361050314, 0.008004294146285928, 0.017230668462024805, 0.006896391662617488, 0.011073651315315526, 0.007032110071849636, 0.007679430514394654, 0.008097836365403179, 0.07462114040587872, 0.02349915682634178, 0.023358191133844724, 0.0018104119410748355, 0.005014860785871383]
            , [0.026303768622040327, 0.001803813785956701, 0.21929233479750307, 0.4851234240065923, 0.001255694502495739, 0.02814264426905812, 0.012096562487731945, 0.00439540949917153, 0.0451416700408712, 0.007230165825600314, 0.006092993043218416, 0.032952554419984646, 0.002507787225823782, 0.05897360340642907, 0.019665601500242717, 0.020798929050807647, 0.011428911464871355, 0.012958877694969582, 0.0003474861527929553, 0.0034877682038385134]
            , [0.019221189579212487, 0.007306420280284392, 0.001073296872480262, 0.0012377493607193361, 0.07541139529348528, 0.0037412187930398045, 0.0031362165709983556, 0.13625312592698496, 0.0014425311603360256, 0.5139745973736799, 0.09614450477045727, 0.0022917585146271908, 0.005209378397210037, 0.00352019448434972, 0.0022575536404160967, 0.010092182628267138, 0.013575831236455727, 0.09101119748336928, 0.0052348303926592005, 0.007864827240967376]
            , [0.08315990397649886, 0.005778194892874681, 0.059604513644629965, 0.1223551075055026, 0.009424163629215842, 0.02674467778582159, 0.026142519614699256, 0.024552590260289626, 0.09048904850582642, 0.039542535252504805, 0.01681266868232925, 0.041647688964204704, 0.09770053709883432, 0.09672506800776218, 0.06503421895846698, 0.08420160755669333, 0.062155384995768705, 0.03775423186807775, 0.001971909680594515, 0.008203429119404427]
            , [0.07971411035153067, 0.011734416317408196, 0.039912667358204174, 0.04245218815524816, 0.011138346705853163, 0.33960116273400787, 0.027971137443449277, 0.014706618408847998, 0.0578162288795409, 0.024529521842765377, 0.012961788119245065, 0.0537930180970138, 0.014428837003990719, 0.04013199607808368, 0.06680908539084246, 0.08664438853496433, 0.03638255627114979, 0.023350136910082055, 0.0040101993966934635, 0.01191159600107871]
