# This script is generated automatically.
# Vector of amino acid stationary distributions.
distributions <- [
              [0.013692722785065059, 0.004682272191241198, 0.001466359184936547, 0.002683992485022234, 0.04395443129694383, 0.002429394554106619, 0.0030493495410201903, 0.14461881698552, 0.0036100455508173705, 0.5501868060773453, 0.10335314599401606, 0.002902422549047217, 0.002420155991771552, 0.005599647491453947, 0.004346815274882211, 0.007640213063443789, 0.012192114863588894, 0.08350784150902646, 0.001256740078986383, 0.006406712531765194]
            , [0.015558214066768631, 0.0029773690714776416, 0.000803264649545478, 0.0013845305971857274, 0.01620892759871393, 0.001515236542245779, 0.0011290416256996344, 0.42201542944206755, 0.0015466688347642635, 0.16658026164248235, 0.034602880815233196, 0.0016123582089812923, 0.0012427378498750998, 0.0018283005139751762, 0.0017554492230572364, 0.004052562181037152, 0.01262262079141167, 0.30958835565118464, 0.0005304051003182126, 0.0024453855939753515]
            , [0.03010422936591788, 0.0041644936825894225, 0.012507879967303565, 0.03372753546390993, 0.0034450115188568906, 0.014539575066123817, 0.022181759196691412, 0.010451508124942228, 0.3440346812686266, 0.01840232741262556, 0.010853543953769888, 0.037811293697250316, 0.004911888845953999, 0.07053535130757448, 0.28745830820974594, 0.042985704847997644, 0.032781733228952704, 0.013341167370042335, 0.001206977871945196, 0.004555029599180217]
            , [0.04629895795317011, 0.001840852063266821, 0.2614827204052111, 0.3939200578632966, 0.002498905551743002, 0.024027774348358833, 0.012096562360985087, 0.005270962986216327, 0.03549053030777935, 0.009358666375587705, 0.004265375047516626, 0.040624805380869065, 0.007549507872815443, 0.058019942793651656, 0.01652996071182219, 0.04128760974381587, 0.023360922777974528, 0.011993051849048968, 0.0006121941124233262, 0.0034706394944476653]
            , [0.07126851975875052, 0.00679064911594565, 0.0914758055169317, 0.20323788596971037, 0.009900659677935271, 0.02987671366425997, 0.03190810770492956, 0.01999116912791668, 0.07871605269826303, 0.03595615763433391, 0.016926083580814728, 0.04985218737724432, 0.012085393993674998, 0.11370842532999628, 0.05733752797764936, 0.0705724288472651, 0.051859829566697824, 0.0331718313762781, 0.002940869632243563, 0.012423701449159046]
            , [0.5172843972572907, 0.02474177017820736, 0.002854985439152163, 0.0038199617409307714, 0.003963358609180984, 0.10054874469322703, 0.002519805557793354, 0.007890779166993109, 0.0032345040149540185, 0.0089717536224659, 0.0052556623304106966, 0.006723114458555899, 0.004842287300920096, 0.004226701182404873, 0.003649230399725428, 0.22395195202855106, 0.04616882406821402, 0.025851812549868784, 0.0008504068466842502, 0.0026499485544695064]
            , [0.03364265225830208, 0.010306097496498653, 0.011123976043515643, 0.02475567034691065, 0.009489289287071788, 0.019430925155199244, 0.03534835543402142, 0.016278011238971817, 0.21360621331709667, 0.03269313493172648, 0.014893686214352725, 0.030418692095742602, 0.00886496302305896, 0.06312890771402262, 0.3609586835969794, 0.044722574407436474, 0.03208206048168056, 0.02041474835400665, 0.0057105782094277755, 0.012130780393977908]
            , [0.26203126002086075, 0.016560261379747362, 0.020911883479579344, 0.026250520040293743, 0.008599663396543356, 0.10448458066262013, 0.011711152786795393, 0.015455992805470676, 0.021898833079379506, 0.021839396028938814, 0.011527775797678637, 0.03606077810120868, 0.015727486308249924, 0.023155713309211595, 0.020967250210738485, 0.2554467441592539, 0.08379638413407149, 0.034317209462986505, 0.0020352724427130484, 0.007221842393658663]
            , [0.0662608616979715, 0.011452565129244023, 0.06420794896265455, 0.03608573954343375, 0.008838135492878095, 0.053337222931579185, 0.03479878601102809, 0.013969055057734192, 0.0459006802128834, 0.019895053585030867, 0.010234253544375871, 0.20628422311294772, 0.011669719481576182, 0.03752847092812475, 0.037247615439723686, 0.21116995494833668, 0.09724423647185032, 0.020326744775366393, 0.002053078520552579, 0.011495654152708304]
            , [0.0931416809817582, 0.002223200879724456, 0.08318415983523762, 0.15819895987948804, 0.0027228618206277424, 0.03066802376271564, 0.023031324732305812, 0.008298713245928726, 0.14279922749243926, 0.017363510697271392, 0.00788663825948224, 0.06862761592791944, 0.0036375984710109483, 0.1031950100195519, 0.09281299595875878, 0.08713731934659777, 0.05454624484426984, 0.01589211559525699, 0.0006673024815286207, 0.003965495768126464]
            , [0.03732450935340109, 0.011121107468938612, 0.0011925652077416663, 0.0020398423818006653, 0.008158257651525502, 0.0025652958217322083, 0.0015105221051054897, 0.32094156238149296, 0.0022151965343861855, 0.0772715533977756, 0.019353648888484207, 0.0024611846668760947, 0.0019774760863807165, 0.00238336505610726, 0.00218909618507956, 0.00874014584103266, 0.0250882345275832, 0.47070309604218796, 0.0004403337862302957, 0.0023230066161383863]
            , [0.120325162872553, 0.012339655770277291, 0.02432053448865082, 0.03777292144949337, 0.022565346346255625, 0.03085795004718592, 0.02086704733190689, 0.0680669233939458, 0.03595306505124201, 0.0777275415251423, 0.037146603695648914, 0.04414131768522041, 0.01908491884053947, 0.04108625841588824, 0.03339702549756461, 0.1280861295792201, 0.12846231368864422, 0.09703739073437247, 0.0036969437769880185, 0.017064949809260637]
            , [0.020904635929294358, 0.005614849078075272, 0.000790347368986607, 0.0012988049466776974, 0.07793922612208541, 0.0028691577154409584, 0.0016262301082269107, 0.20719028798351893, 0.0015056834208232017, 0.42560804138691744, 0.07512966811735841, 0.001721712097743485, 0.0017395046056676267, 0.0026160176617155313, 0.0019578416536302767, 0.006422118186946225, 0.014211459689356632, 0.13585443947477854, 0.004674981370076979, 0.010324993082679352]
            , [0.12609375033454462, 0.007807062507068474, 0.009960019503164335, 0.014364218193800309, 0.008777667620789978, 0.02126542992985461, 0.011631654130889851, 0.01876864468983135, 0.014648428314577768, 0.03190894036712617, 0.009634761643596295, 0.014323652274475655, 0.49285594275788697, 0.018811409967755155, 0.015787742929728718, 0.09081124930879371, 0.04815855424533163, 0.03523568151515047, 0.0020892540700556492, 0.007065935695578151]
            , [0.06311869297991662, 0.004134930313685453, 0.006551721907491778, 0.005506752307665099, 0.0025133305500752118, 0.8251664575189044, 0.002988330991448737, 0.0031099017853839245, 0.004446930577582925, 0.0049469744312854915, 0.0025282492578287134, 0.008695557035708595, 0.0027323248330095675, 0.003987388103798774, 0.005879789274705457, 0.03670845822806612, 0.008232432800541494, 0.005978776508495207, 0.0008603605918084056, 0.0019126400025979127]
            , [0.056784644279438, 0.0073858815570048055, 0.005207367598170952, 0.01158653435767558, 0.017761444076371008, 0.0075900266773438006, 0.006417739654176901, 0.24892125841344223, 0.013500354350242693, 0.14132469042493406, 0.053150629411635245, 0.01040533555891697, 0.006452028904047594, 0.01363589520447882, 0.012820614607605049, 0.029029632502221403, 0.06756635660013587, 0.281545336986778, 0.0015201263870079297, 0.007394102448372937]
            , [0.04414701112321172, 0.011139319779563209, 0.007430075725457795, 0.015361212242061655, 0.06146741424291256, 0.01046988517183024, 0.01899724165736459, 0.11080274049456412, 0.022361689229456683, 0.31031223649007683, 0.10229488913243712, 0.015541711802842088, 0.0077701938376857575, 0.030435245606900987, 0.025915751227108118, 0.034767417587145875, 0.041093393666359, 0.09432584455949347, 0.006675016324896098, 0.028691710098632126]
            , [0.027401098373060206, 0.004079164330340519, 0.4779776395151162, 0.10024076104934404, 0.004284061337087756, 0.029657736144006724, 0.020988788972566046, 0.006184609900185144, 0.02195296129059278, 0.008969870353107498, 0.0043791593807706196, 0.14984374322742272, 0.005999302307788676, 0.022414352487916876, 0.01436344178306545, 0.05883982595009007, 0.024816606515343245, 0.009685633328778944, 0.0011557224286142885, 0.006765521324802062]
            , [0.022729971202105518, 0.010369430327083323, 0.0026203815276838504, 0.0037346821725165605, 0.3322170563041514, 0.005619788256794673, 0.00928880026690877, 0.07993787944307663, 0.00470220605146954, 0.24694346962126248, 0.05129152953677006, 0.005682851757187523, 0.003543244331700974, 0.006240885792232286, 0.005999337442506373, 0.015369343853943401, 0.016302401179906185, 0.06481802142675899, 0.013770524778186353, 0.09881819472775547]
            , [0.2605442895585855, 0.03962910353730902, 0.004975078393214164, 0.007704509120449965, 0.010322896947477279, 0.023348417211839247, 0.005416274173785739, 0.07529855209669825, 0.007598137326271541, 0.04729420990725547, 0.022255867733387995, 0.012141968470125102, 0.007351690117599605, 0.008904907092718425, 0.007827758691361713, 0.11442708041878989, 0.14567151352910615, 0.191578712646725, 0.0016418013411622703, 0.006067231686137589]
            , [0.010134319336475439, 0.006262711746145524, 0.002301736821349946, 0.003053806730611155, 0.3884692567160273, 0.0032919263736361257, 0.02579001168145679, 0.013316731387541716, 0.0035686526160297735, 0.041046640972814664, 0.009241822198060546, 0.005858242707223575, 0.0020417194226942507, 0.0047996665867318135, 0.005015125567314141, 0.01056048798417479, 0.007464138333501445, 0.01432438940253139, 0.021219965635040236, 0.4222386477806393]
            , [0.11384638983390191, 0.004061709171947877, 0.05092536419923819, 0.07333797510706262, 0.006338440488524236, 0.0340989356186336, 0.01939205626912785, 0.013856978415515201, 0.0714778123599526, 0.025790977421818906, 0.009159362919117989, 0.03994961999641905, 0.21748594838396756, 0.056232564457220115, 0.05025896582255823, 0.11797674090363541, 0.061234434143480676, 0.02644254317570684, 0.001587954482844564, 0.006545226829326419]
            , [0.04713348261608733, 0.01280476884241418, 0.03036164753259368, 0.03681105911375819, 0.03549089186054056, 0.0234460656873425, 0.217369480777661, 0.020222524504011297, 0.04591586121546742, 0.04531775874231281, 0.017438247066762377, 0.09088033662605725, 0.010361530269093608, 0.08870054107298893, 0.062058582646529456, 0.07058132843014292, 0.04058711406051568, 0.02693948179867085, 0.006462923927879752, 0.07111637320917026]
            , [0.06506724874427716, 0.006773004878605121, 0.014965748614719398, 0.0530711074016506, 0.012976521911865576, 0.012038582041068413, 0.02164111748429118, 0.08095516687846614, 0.11982355583067489, 0.10802320249442333, 0.047514647843472084, 0.02740798739963164, 0.004892868670821243, 0.08268112171828793, 0.10776323906119867, 0.05170702152086889, 0.07441550826320681, 0.09400358862354181, 0.0023796932368886415, 0.011899067382040425]
            , [0.09049445695923063, 0.0183366135297158, 0.0022414774704616644, 0.0035581956122984312, 0.05224523946203046, 0.015808372147606425, 0.00383648669200272, 0.1882354442965325, 0.004275415133495356, 0.19881747272466177, 0.06264947331032375, 0.005819177148297439, 0.005576711482698814, 0.005595641344858765, 0.004964432644873939, 0.03396597565552626, 0.055615987225669655, 0.2332634243160925, 0.004206387311297996, 0.010493615532325145]
            , [0.07370468255676695, 0.012381319246807703, 0.009080170844594206, 0.007881773215921742, 0.005583350006749092, 0.019790033748684405, 0.006594231949896031, 0.012407854853682503, 0.010184282781400081, 0.013380804562149691, 0.008792085588592761, 0.03490711534080249, 0.007304253357965913, 0.009348239277187724, 0.009524035079882856, 0.37470455775356515, 0.3578040922228823, 0.02059350130776649, 0.0013106312524390044, 0.004722985052262871]
            , [0.08004232451741705, 0.011296145483774006, 0.00043279685623755584, 0.0006089480324047047, 0.06412159230887482, 0.016982177430179067, 0.0005929089868072828, 0.23218398342270685, 0.0006122270090291618, 0.25245713818052956, 0.04540367935986708, 0.0011451918232803413, 0.0018014570866672639, 0.001064564939631635, 0.0007126211034623705, 0.017558442345491664, 0.034173673372969886, 0.2332286158943466, 0.0021816019651759422, 0.003399909881147036]
            , [0.05281978233727969, 0.004860822535627373, 0.07815873368020752, 0.04871808554835898, 0.004606883747550581, 0.44760901050655477, 0.01909544687035347, 0.005721479746819775, 0.04571412892664083, 0.010057649987941574, 0.005312913151172029, 0.09396776158259465, 0.006244634816640288, 0.02924781119741639, 0.034728958154420224, 0.07574855040017953, 0.02127299191328222, 0.009238291839787784, 0.00161102625672623, 0.005265036800446185]
            , [0.030716564615741127, 0.01840972750279244, 0.010168486641814444, 0.012054217231144113, 0.22299322473713096, 0.011665720175248202, 0.08153640964259494, 0.0234246985696454, 0.014718900986145794, 0.05978246357894838, 0.015790455738099358, 0.027218528435073656, 0.0063716111511709864, 0.02040070058786229, 0.020981776126412464, 0.04024945868344711, 0.023784310392661386, 0.028407777929290886, 0.01054490467726201, 0.32078006259751396]
            , [0.3793607087659208, 0.031483658419321665, 0.0014451103369770013, 0.002138021377353891, 0.01602379281425332, 0.09085402310388989, 0.0015395806299003045, 0.04553589098964231, 0.0017455565284431314, 0.0434824992825732, 0.02222940415113774, 0.004923949971240089, 0.004113524418156293, 0.0029025711528823457, 0.0019914458448940697, 0.14603407796049284, 0.09713721303971685, 0.10207984638839421, 0.0015453120788621216, 0.0034338127459478153]
            , [0.11814731450703056, 0.25795578599621066, 0.013491737074566352, 0.015250095650328279, 0.02801836337581853, 0.039241524505947506, 0.018499141087637182, 0.02965742466032398, 0.017224313462587983, 0.04446424926544727, 0.018908039946828315, 0.032455530502678666, 0.011387642535546702, 0.01859694119681958, 0.02191347983472987, 0.16386056228285636, 0.06978464366329264, 0.05104918372269052, 0.006310726631258214, 0.023783300097400636]
            , [0.041582222841889865, 0.01666575941021055, 0.009549319888299044, 0.013221965832003416, 0.10177523620692804, 0.02231919291785372, 0.020530780202016517, 0.029163316145658993, 0.017389976793890823, 0.07189408107942716, 0.02245775335662162, 0.01655166515547034, 0.009891628813681896, 0.01791147414002304, 0.026691433689940813, 0.04320850550621539, 0.02988107996918723, 0.035080721259356074, 0.3726033575492153, 0.08163052924211028]
            ]
# The number of clusters.
n_clusters <- 32
# The base file name of this file (for reproducibility).
fn_distributions = "udm_0032_clr_rb"
