# This script is generated automatically.
# Vector of amino acid stationary distributions.
distributions <- [
              [0.07511977675247451, 0.014991459373004976, 0.026870729927067682, 0.05308207146631304, 0.04553648465161396, 0.028136797125163916, 0.0569169199360826, 0.053544122386116985, 0.05725740224254933, 0.07782930903260576, 0.030039617079207312, 0.05907894242302606, 0.015068517851265744, 0.0678866152463028, 0.06369961880910341, 0.0852392815149887, 0.0701577517648675, 0.06501840692578546, 0.007349752550174956, 0.047176422942284996]
            , [0.0616982459886547, 0.00858896230490964, 0.02012779663728192, 0.05771454232205869, 0.01164132095045313, 0.02545636277331262, 0.05087524643990239, 0.029802915213267597, 0.14829696048359095, 0.058936259868078836, 0.020365722428113575, 0.054620602721967074, 0.01038933012486706, 0.08339716628710339, 0.16492462866095295, 0.07009925690971679, 0.05886664737122128, 0.04591032491146452, 0.004206161358357429, 0.014081546244725403]
            , [0.09572029761904828, 0.008319108964981645, 0.05561176600362563, 0.0639990592007973, 0.009019347546049867, 0.05889622426221998, 0.03958109550355494, 0.016844849277838934, 0.07444317973773493, 0.038310637714557, 0.013607689638593951, 0.08520968952004515, 0.015005732872201078, 0.06745643962029607, 0.06612553889859522, 0.15204168294644882, 0.0880007143748855, 0.03927934810623299, 0.0020202633038557184, 0.010507334888437197]
            , [0.04746365348295194, 0.006079042042296954, 0.014405288328831464, 0.04827067665883748, 0.006250604035883385, 0.018492820095901308, 0.03522422622984608, 0.019802873872297372, 0.2593549200870592, 0.04200391227560259, 0.015362111718571268, 0.049616976697537875, 0.00782317399695544, 0.07612828059119682, 0.20252897241059586, 0.057966847113971764, 0.05059114227975554, 0.032672660411392544, 0.0022442396201373532, 0.007717578050377848]
            , [0.0808236501387346, 0.005741127370076231, 0.0807151031968001, 0.16229183965299948, 0.00860361975728046, 0.03661667574068981, 0.03698900811022885, 0.020502806472131107, 0.08268088775139769, 0.04962245589502049, 0.015011614983873831, 0.05396395004539068, 0.011147289813443702, 0.09755435948959686, 0.06581743567884493, 0.07270426260239374, 0.058956029254052446, 0.047684630637876375, 0.002237741813298105, 0.010335511595870319]
            , [0.1184756636943508, 0.01620229455060981, 0.032920608590833844, 0.03349746489614937, 0.011748246969811466, 0.06049764178173641, 0.01782529271264747, 0.01855651560527374, 0.03948061805356996, 0.03939496838222568, 0.013285659845056776, 0.07043740146538083, 0.018604686181984187, 0.03995068802743564, 0.03869975126088555, 0.25978182791897075, 0.1152712442420441, 0.041802409782937394, 0.0024477367388540433, 0.011119279299242162]
            , [0.06650318332142399, 0.010761031044316418, 0.009700957556138829, 0.022998014671450767, 0.05280163839712817, 0.013383656137480745, 0.023082367849594856, 0.087063947529996, 0.046534516516927055, 0.21611636274633528, 0.08014342949370906, 0.021480686210938113, 0.008964909111601332, 0.058264836708998825, 0.054130075346583546, 0.057902870989629804, 0.05728260631479716, 0.08428298974181549, 0.005477089448755703, 0.023124830862379063]
            , [0.07789141355453456, 0.010339219038949847, 0.011181708180328253, 0.04127038919872404, 0.022155502617553176, 0.012302145286677642, 0.012649225261879513, 0.1407831783758057, 0.0467072341470833, 0.10202766882776516, 0.05560143004589409, 0.02781878190527227, 0.009087001192932596, 0.04173260034463698, 0.04190363313607997, 0.0629564138930135, 0.09365007064598987, 0.17403860633916943, 0.002728466186803998, 0.013175311820905946]
            , [0.0677885142142119, 0.004050164458147445, 0.1253485772656845, 0.2763509914633129, 0.0055570492997781985, 0.0341377208074658, 0.026973765461392584, 0.01344134791614816, 0.06691232382685348, 0.03204647036469753, 0.009967736366356943, 0.04783597649685786, 0.00950096863285762, 0.08500134616827396, 0.04524265559665589, 0.05819585110544168, 0.04604496973243134, 0.036762768236348616, 0.0014934053534910426, 0.007347397233592607]
            , [0.09994492575319552, 0.006175058241181949, 0.0365796798756871, 0.052005036127473696, 0.010573938219144348, 0.0384656662547726, 0.02018890381278988, 0.031523909440901055, 0.05567504230863755, 0.05415687698331207, 0.01234525190992644, 0.039774298127549346, 0.2109029850876906, 0.05423067440018484, 0.05267405184383746, 0.09991426033502863, 0.06377313030276306, 0.049090612141327206, 0.002397601333948062, 0.00960809750064838]
            , [0.036286487884774926, 0.00457947525675498, 0.009511239757696875, 0.035102810522496815, 0.004127603520686776, 0.017771135079754606, 0.032228546574286566, 0.010464285000939719, 0.27875547780346355, 0.028952380624286313, 0.010042179354787536, 0.03851761494814476, 0.005072530526066983, 0.06875299896193852, 0.31607750939904616, 0.045359153613884956, 0.035737922270930395, 0.015486762246192335, 0.0017857078845100029, 0.005388178769357413]
            , [0.25230385146557305, 0.015869635363976037, 0.015371454396983243, 0.042227930976396155, 0.013686262329210207, 0.06099900737638586, 0.01364347792991822, 0.04178115233586463, 0.035955497618261965, 0.05780660928939678, 0.030417927942804315, 0.035368723974668816, 0.01454315073338871, 0.040409578865127575, 0.03524158170822974, 0.12352133423616399, 0.08137448923094925, 0.0754813717418242, 0.0028520669069115523, 0.01114489557796578]
            , [0.07187364000514052, 0.003368925900555236, 0.054894718330591556, 0.10412031305860123, 0.003657690758554266, 0.03597540746372784, 0.03446187824578669, 0.010013483641070487, 0.17998092215368874, 0.028329888710015818, 0.009578947193151202, 0.07046474119623723, 0.005364504087226199, 0.10180074436925872, 0.12220774802734481, 0.07995191176627856, 0.059465725859568844, 0.018156837330072992, 0.0010596343786983939, 0.00527233752443088]
            , [0.05352403411846549, 0.009160938229376777, 0.003981452412637131, 0.00843115023915391, 0.05136022371686439, 0.007776183825847946, 0.007889124020312832, 0.18629234014565604, 0.011591278701024067, 0.26620801949667333, 0.0846700048670545, 0.008720810224773477, 0.006061090594916639, 0.01467304828245839, 0.013466813075353625, 0.03432585220522923, 0.05253529477193001, 0.1615060973819016, 0.003512840561360055, 0.014313403129010444]
            , [0.05626664236485771, 0.0025452675138238736, 0.20059916645670073, 0.3377785134267647, 0.003365633445056149, 0.0329423784885654, 0.0192868231210305, 0.007171466451039167, 0.051859431935992004, 0.012664721185057373, 0.0057317241045687275, 0.046481865127031285, 0.007243880057047118, 0.07402085791725882, 0.03185950925148618, 0.05055362559627008, 0.034464001444741606, 0.01945187843323549, 0.0008286452306534587, 0.004883968448819628]
            , [0.08552567728679077, 0.010741768307560035, 0.012465526504033056, 0.0353563704462524, 0.01176638407739018, 0.017428033862287754, 0.013146861367383031, 0.06193563200213304, 0.048425431980653307, 0.055112625566073964, 0.03991761288272905, 0.050641656036978865, 0.009512328248196917, 0.03939649117232356, 0.04146097293962196, 0.1255101789763633, 0.24812150760398663, 0.081957446041464, 0.0023319694445291857, 0.009245525253248994]
            , [0.05666239918604501, 0.017608200411893316, 0.010522386554542953, 0.014138102317483473, 0.1673881480696428, 0.013893502381001609, 0.07037711571235122, 0.04651824117796754, 0.01757709138875093, 0.0840762573140411, 0.023877611647594024, 0.03772294553521835, 0.007738925500119049, 0.024101232969095852, 0.034669188227228344, 0.06189644864783723, 0.045655769290434765, 0.0546368231698772, 0.01629297511641225, 0.19464663538246296]
            , [0.051574424952796634, 0.009082482322712726, 0.07171357937520609, 0.04338980498496463, 0.009783808616706613, 0.049809346406500025, 0.0653559569777524, 0.01379323487099028, 0.0630692002675317, 0.029935351259390168, 0.010411765301486173, 0.261802115491625, 0.008347716176167239, 0.05168131861313834, 0.05179566786966973, 0.1089521568325013, 0.06124083462589827, 0.019028266016254167, 0.0024720007925320897, 0.016760968246176556]
            , [0.048403614837421206, 0.008435032066277893, 0.0115613169707534, 0.036715627775458476, 0.008456592679078678, 0.0269221724203377, 0.054248613924365946, 0.016247415355787744, 0.13029408125052694, 0.046600432518172995, 0.013023855308187183, 0.03974095812926944, 0.007728266290244279, 0.07027756707518759, 0.3405313636141106, 0.05202661065028358, 0.042239241311487166, 0.030823527549180642, 0.004155770513325996, 0.011567939760542607]
            , [0.26099997963856203, 0.02550001138105571, 0.013932649304809095, 0.028101970395637364, 0.007849302324985253, 0.07004792795821992, 0.009476466048766731, 0.01437338025023937, 0.024150470906028818, 0.02884686387757904, 0.010758681200808725, 0.043303292334810846, 0.012479630439940848, 0.031063132366446637, 0.019882054239091472, 0.2567297873737284, 0.09201604637741817, 0.04292030204433851, 0.001542807804325618, 0.006025243733207355]
            , [0.10473581160231453, 0.012034199476565489, 0.050606426558404784, 0.05130210127495217, 0.010614649719860548, 0.2614918196568751, 0.01932231074384101, 0.01387183160464736, 0.04948882819177241, 0.03319451066093165, 0.01104632443695899, 0.06151549904544116, 0.014486310931853697, 0.040015843598113006, 0.05268856323392364, 0.11448357214036382, 0.050831089576840106, 0.03451691527249673, 0.003723621863128764, 0.01002977041071478]
            , [0.04841513565500795, 0.009430966813211983, 0.0018378923395865044, 0.003935048169713642, 0.0411685643862003, 0.00511400018096027, 0.003729692246025074, 0.24033899648878124, 0.004891087191492056, 0.2443370831914976, 0.06351577511670775, 0.004460497426815104, 0.0037087655956045914, 0.006023363613268625, 0.00566865891835231, 0.020443490386425272, 0.04041186708367418, 0.24174996917464456, 0.0024031219400494825, 0.0084160240819815]
            , [0.05855689217196952, 0.0061446435799605275, 0.22677184551596513, 0.12144286897678756, 0.007911506120224258, 0.05648144393917668, 0.043494735435641765, 0.01121715832050473, 0.0546303108400391, 0.019076719392265174, 0.008539174513668939, 0.10907640168048581, 0.013235270977268532, 0.05190287560899523, 0.04165843043968546, 0.0868259787240408, 0.05037053722762497, 0.019018180433658764, 0.002233772646963133, 0.011411253455073609]
            , [0.06352442405385972, 0.010518640903820533, 0.005331800643957331, 0.012564156335153565, 0.03200063552910576, 0.008374860220216569, 0.00746134740740927, 0.22952279638172815, 0.02276522288438945, 0.1146787346342039, 0.05224024429646415, 0.011069547328927508, 0.0069854769924202875, 0.01411021775514807, 0.017490153137403, 0.03945955049846134, 0.06889870533117275, 0.27022291929134834, 0.002205353070314944, 0.010575213304495675]
            , [0.0417567712069558, 0.0016523271199338635, 0.3080405232290124, 0.3381507740776775, 0.00212873873332204, 0.030558622106316803, 0.015752118321603288, 0.004183172123719, 0.0365287518524511, 0.0077134571013254645, 0.0035234133007748083, 0.05006379750056523, 0.006534290144696127, 0.0497880050412975, 0.020309563092860854, 0.0431476756202033, 0.026956314087293237, 0.009356111730688883, 0.0005595272583021415, 0.003296046351000291]
            , [0.024029936202332416, 0.003094334422512233, 0.005222315611599538, 0.0219828643935957, 0.0026208789871667517, 0.009735213084662067, 0.022665850099611973, 0.007151335529790953, 0.36657142149036515, 0.01991766469574891, 0.007113401907601957, 0.030138789114080574, 0.0034433210679035093, 0.04995803540256781, 0.3553074885570154, 0.03071481061558884, 0.025898033229281765, 0.00969268998190622, 0.0012220422765723616, 0.0035195733300958255]
            , [0.08671468242757782, 0.0053416236146768955, 0.015713223190549734, 0.03445556646073294, 0.0077107317878476085, 0.02584114129156164, 0.014012167900702265, 0.027731681456755586, 0.03865330384721619, 0.047781889790453544, 0.009044186789409912, 0.02297327227921559, 0.4071693751530317, 0.04105055354647593, 0.037861322347967595, 0.07821851827537762, 0.04979459640729905, 0.04131269794237895, 0.0020292532118006117, 0.006590212278968692]
            , [0.04948130272808347, 0.00367354928799764, 0.3319686320413727, 0.18181670930454397, 0.004416527179064414, 0.04338625731771027, 0.028527715760702257, 0.006899583734805702, 0.04191898463594159, 0.01127050729333261, 0.0054203908760872156, 0.0885444572051708, 0.009099296346133448, 0.045099791599130856, 0.028298632706604578, 0.06398452870571944, 0.036636469430190215, 0.012182517068422011, 0.001087709669860223, 0.00628643710912667]
            , [0.09249129134506645, 0.010019636486774963, 0.02286622580772495, 0.020475408984825066, 0.00667717491667044, 0.03990867365949167, 0.010184572267119007, 0.01868553156641111, 0.03182720637698514, 0.02669689186695484, 0.011036694162982155, 0.06263451865329171, 0.010888913346423683, 0.028872623090453627, 0.02669821683342176, 0.28271047863780246, 0.2536483164606647, 0.036198369921466876, 0.0014802689818380953, 0.00599898663363121]
            , [0.04821171790450915, 0.010442255659872455, 0.032514607674688493, 0.03812475550811706, 0.04050063357033815, 0.017681808490453258, 0.23382911348383148, 0.014874567768936267, 0.04963495865391353, 0.04832072291832933, 0.011904323295004798, 0.0829089387754117, 0.008590538168817167, 0.08447223767259507, 0.07328581856620964, 0.06179172547812632, 0.040939462794036145, 0.02044123433504902, 0.004943610177349917, 0.07658696910441112]
            , [0.02965043976486794, 0.0075906918121565, 0.0028559689216559555, 0.005287067392642455, 0.060504340566924907, 0.0049488535774323845, 0.006430916332485569, 0.1151498326811451, 0.007218448621725901, 0.4922799371421715, 0.084792124843518, 0.005770723709895424, 0.004838670934950723, 0.010933858163305596, 0.008942234003288458, 0.01999086510219583, 0.026340629395906822, 0.0844523917320442, 0.003322491408411428, 0.018699513893275378]
            , [0.025675960381202824, 0.005941451090433794, 0.0014318774329400655, 0.002807338944981654, 0.04655009616516056, 0.003148959191501862, 0.003084480749946868, 0.19035046985733667, 0.0035189686698033434, 0.4424504592600014, 0.08571344562190882, 0.003028770787816501, 0.0029040511133268374, 0.005239200028366116, 0.004431251722459013, 0.009689806826374164, 0.021785936485978784, 0.13266356076734276, 0.00213997773437547, 0.00744393716874251]
            , [0.018479463491591287, 0.008887733826344682, 0.0029268912418189017, 0.0038695844579206633, 0.3680053176115675, 0.004186371728711792, 0.03490467134179831, 0.02737919468755119, 0.004481402763903932, 0.06284622432683734, 0.01752603112824786, 0.006979948377805599, 0.0027610101788689573, 0.0059651797865592614, 0.0062672470586164885, 0.019853983214436075, 0.009362605418986756, 0.027232602577325835, 0.02825486338599855, 0.3398296733951089]
            , [0.0403428441232642, 0.011101115995997453, 0.0011714173272724655, 0.002000768826743942, 0.03124359355360255, 0.003536673047438595, 0.0019120169081704825, 0.2966838134562292, 0.0024196755213591976, 0.18795309819449277, 0.04580033708969743, 0.0025292892043719544, 0.002595889638300915, 0.002867331253990644, 0.002663549919494768, 0.011799832079048396, 0.028143506889876345, 0.31968321619596596, 0.0012497117424584727, 0.004302319032224341]
            , [0.08221269501237811, 0.0037394712307725173, 0.010812411640085956, 0.023497460243714824, 0.004442443505251737, 0.02039513810329294, 0.008099778371420332, 0.010844624007097849, 0.023980093082462402, 0.02834700906690603, 0.0049816847629917255, 0.010279076264934912, 0.5874761822913033, 0.02401083355429944, 0.021086577932855798, 0.0680861002851982, 0.03551618718019859, 0.027179911536094142, 0.0012159924113583826, 0.0037963295173828065]
            , [0.04548096962560973, 0.008574199804265183, 0.005624052120599263, 0.012388981082703256, 0.05036165385551892, 0.007836603859609539, 0.013104471050543841, 0.0817538694603881, 0.03241574646040977, 0.38040972915391724, 0.09318259771394947, 0.010993656207579822, 0.006190920225016518, 0.041076854827267285, 0.03832846702464665, 0.03553004098792094, 0.03970806760463566, 0.06731468527405116, 0.004220126115764738, 0.025504307545603237]
            , [0.026447344832155207, 0.005850258491908073, 0.0011781696255678314, 0.0022599664164291303, 0.040982141064591755, 0.002723058270765043, 0.002204500718161109, 0.29103305898002174, 0.0028273959454739326, 0.31328769815946184, 0.06434666495850813, 0.002667807034145746, 0.002237569448788503, 0.0036417228619377577, 0.0032022466074777267, 0.007426968184053045, 0.02238333213612163, 0.19756121461404377, 0.001587073649368617, 0.006151808001019116]
            , [0.03268659008837683, 0.01266313674191251, 0.006237407276302786, 0.007612962114505923, 0.2173468595456069, 0.007999842982761945, 0.06552873020842365, 0.028650215484729076, 0.00957994691153313, 0.05655646253721771, 0.012175227603819783, 0.017682780087315116, 0.004453216803981637, 0.01276644082139256, 0.014180458474735584, 0.03638847128450778, 0.022227663738286302, 0.033233937962639806, 0.03320369326174139, 0.3688259560702096]
            , [0.08088058115342688, 0.02436413086966929, 0.002976512167736603, 0.006358361601345148, 0.024683564050296748, 0.006811987396781279, 0.0038529001782657856, 0.20756290112544146, 0.006532975233598649, 0.08689537906825677, 0.036832749411597934, 0.006110855131481349, 0.005231277223517846, 0.005972766298826562, 0.00601134244168688, 0.030909349466479455, 0.0594294885763819, 0.39106860209952343, 0.0014209376473307664, 0.0060933388583554755]
            , [0.03873821363171388, 0.00348796914535886, 0.011575329340499995, 0.04062275375331692, 0.0033349848038279678, 0.018266870704900403, 0.021601595527167946, 0.011215125053600042, 0.4118898483115796, 0.025865965526430848, 0.011062232634090556, 0.04763867707437212, 0.005393267626920274, 0.060044832862648015, 0.17498654437046818, 0.04584106024943035, 0.041396617251305425, 0.021878515534954394, 0.0013468215627400546, 0.003812775034673985]
            , [0.4632687733817475, 0.03501158679713846, 0.0076283543766274995, 0.012907004989750807, 0.008259008271348877, 0.06171441804591989, 0.006231024177284394, 0.030391958374372318, 0.009467812681927746, 0.03358150987646659, 0.012598860687394369, 0.01237031185963715, 0.010731245396498673, 0.011153585374638427, 0.009753231881169493, 0.13271566895731962, 0.06439835273145021, 0.06996483670783102, 0.0017006084998187996, 0.006151846931658114]
            , [0.20112217405098862, 0.03938090203738985, 0.005234659300552886, 0.009109468739594345, 0.031108267849786094, 0.03838721756588394, 0.0057286260224897415, 0.10440774069822158, 0.008965794219360567, 0.08478527576050009, 0.04325847102441094, 0.010328578460857458, 0.010269433793446492, 0.009858693572519605, 0.008991641254777884, 0.07621925519403923, 0.08414804824388006, 0.21764730656488296, 0.0024826554763907145, 0.00856579017002716]
            , [0.09356737561687158, 0.009381919232632567, 0.03824115337286933, 0.033718096511751276, 0.006772446117378129, 0.4954635755252831, 0.010730591572988987, 0.008901966040563633, 0.03026555896287665, 0.015079513721687992, 0.006946853220233393, 0.042937307788223945, 0.009439252693325812, 0.02288208908713467, 0.0332586069513337, 0.08124234926257197, 0.03178554128039666, 0.021005234697777903, 0.0024047512112039646, 0.005975817132894634]
            , [0.016021957373662514, 0.003879056880445419, 0.0009512281712708189, 0.0016176334144992542, 0.05181277603165677, 0.002059043520703765, 0.0020084261885789053, 0.15007241347033312, 0.001936760802530379, 0.5576579780586246, 0.0860757304618483, 0.001896549857533116, 0.001830511620006457, 0.0033247464440021046, 0.00268681200424316, 0.005440602828882419, 0.013823511800017847, 0.09029330646962706, 0.0013636082116664139, 0.005247346389867759]
            , [0.018601513134481808, 0.004007066950551816, 0.0008014337458230503, 0.0014282515834331485, 0.03493270772168675, 0.0018128639215217691, 0.0015867015095387769, 0.24406684830491165, 0.001789596483443391, 0.44290665613082586, 0.06470528884440367, 0.001720034062897999, 0.001615110599047978, 0.00266878111598286, 0.0022162988458417567, 0.004519665997820691, 0.015162306729580728, 0.15026729105761794, 0.0010750032844078568, 0.00411657997618056]
            , [0.05137309390301195, 0.016859476388830858, 0.004304653668041693, 0.00637629955969404, 0.19731855438064955, 0.010477046507718307, 0.013405526293400718, 0.08974711316316032, 0.007911977139365617, 0.23833714681242543, 0.06703827219865241, 0.00871335790490632, 0.0059290496319392, 0.010737999885693362, 0.010676021065342272, 0.04095715923026175, 0.038936826683187896, 0.08655681544292697, 0.014376148721474611, 0.07996746141931692]
            , [0.01991153679881077, 0.003916142410893385, 0.0008622408804273933, 0.00143513339921484, 0.028523404275144902, 0.0018310907120431298, 0.001417610001205029, 0.38197946003760797, 0.0015901749330445632, 0.22851006848700064, 0.04577477089900235, 0.0017538470529535081, 0.0015271864680391407, 0.0020676979043186467, 0.0018679235581850597, 0.004694759404308228, 0.017516646223995954, 0.25034890449241803, 0.0009517159374970354, 0.0035196861238894475]
            , [0.11429986489385277, 0.002794971838286579, 0.11967171976200898, 0.1312199780363353, 0.003041307230771729, 0.06306599727206928, 0.023321833876771576, 0.006511877403328149, 0.06652421625923229, 0.011399474468226032, 0.005630309211092413, 0.08467587240045747, 0.007550603414904708, 0.06739926759362688, 0.045805692084204694, 0.154052326120481, 0.07518451218850102, 0.013267240423375057, 0.0007283944881431524, 0.0038545410343308207]
            , [0.03130492183595721, 0.012667648866975087, 0.004242440976544748, 0.005308083932935088, 0.35822370659166375, 0.006930222956521732, 0.025757935322098538, 0.04901373372782337, 0.006962842425456569, 0.12966397099407154, 0.038822389222108525, 0.009028752561586785, 0.004302141421720975, 0.008153881849471583, 0.008665284119106621, 0.030448609989567006, 0.024510718471858702, 0.04598342431129703, 0.033089114705066, 0.16692017571816878]
            , [0.017835675516824998, 0.004969231720489341, 0.0015401128420228938, 0.0029565067151239056, 0.0497818280806773, 0.0029136553850965725, 0.003634499067485913, 0.09303989905852514, 0.004018070728791988, 0.6229337884636557, 0.08187299806773249, 0.0030516424096868784, 0.002927224232077147, 0.006338962073581806, 0.004793952126331993, 0.009942986809710801, 0.015327932857412312, 0.06179661646104531, 0.0020909487938339136, 0.008233468589893472]
            , [0.357537056126354, 0.033045348287251655, 0.006832933266558774, 0.00873090392131969, 0.00538627680438654, 0.06001046192197788, 0.004827586982449848, 0.009063138415693922, 0.007431696590571897, 0.01712805269563699, 0.00678657510778087, 0.023153700352314826, 0.009605262353788224, 0.01028625575232232, 0.007393315416937273, 0.32765952238699614, 0.06788489591945401, 0.03204483939826507, 0.0011294177748788197, 0.004062760525061315]
            , [0.04948752951746063, 0.0061375026003017575, 0.016578120050151135, 0.07371225952118574, 0.00791030334719207, 0.01574466019431018, 0.08211737162461653, 0.01557697181701199, 0.06471311676483622, 0.059020589106646065, 0.034278359339001745, 0.0446514506912995, 0.007567539812668227, 0.31647685347031507, 0.06991009494594845, 0.050533485938831654, 0.04208067108366688, 0.03046160916639467, 0.0025253885768242753, 0.010516122431337331]
            , [0.2366358857424543, 0.04387860348816019, 0.0042672067711074365, 0.006623882342788759, 0.013877100971176077, 0.0374227694679508, 0.004446876502596841, 0.06299086004445505, 0.006369455390290287, 0.05317091612083596, 0.03491321565386565, 0.013238651782711261, 0.007127482585743727, 0.008076703263084654, 0.006421270321284942, 0.14334402079079217, 0.18149369854196984, 0.12830550490375972, 0.0016621441684644275, 0.005733751146507888]
            , [0.023641107646921056, 0.005400159211221294, 0.0013265238663974495, 0.0022723016897363358, 0.018897855191371493, 0.002585567582400223, 0.0019244092228763614, 0.43777323542985147, 0.002846823998351916, 0.09209732051173228, 0.029678378945337393, 0.002732100325403404, 0.002136544153005067, 0.002718561020612402, 0.0027596227369759436, 0.009120750831486744, 0.02453462919784853, 0.33350884857223073, 0.0007627757127704669, 0.003282484153469448]
            , [0.025374460623458644, 0.007889088916440528, 0.000998403467136444, 0.0016128950235458517, 0.011846449487075911, 0.0018817642010382346, 0.001246480763760001, 0.35011714556939344, 0.00196030589836656, 0.0639428270458263, 0.018304959671092417, 0.0020183750070009816, 0.0017051553063150864, 0.0019795367038332044, 0.0019277319442150937, 0.00703582834090476, 0.020571305227360004, 0.47697852509735844, 0.0005111126801771485, 0.0020976490257008725]
            , [0.03499529338413811, 0.007101211867184921, 0.0026836951637261345, 0.004927381974888084, 0.028220158447132507, 0.00444859252737875, 0.003565412303698617, 0.38338541630785866, 0.00631271325701291, 0.11154273437882725, 0.043585220130860185, 0.0052321551451962964, 0.003638581411776088, 0.006038248445876398, 0.0058117644718514855, 0.019055531501507166, 0.043377281776215214, 0.2778410181888078, 0.0013415718500984798, 0.006896017465964994]
            , [0.06834066358176571, 0.0015866375820006895, 0.0892904869704525, 0.23995120362388023, 0.0020069131583416843, 0.021575969793112583, 0.02258301521409041, 0.006211204515500594, 0.16671693227764944, 0.01225719428564514, 0.004935941649898489, 0.05378981862553685, 0.003023584348164332, 0.10335903207348768, 0.0878364479280089, 0.05259108921109836, 0.044423384965721575, 0.01584652988155041, 0.0005513784601077694, 0.003122571853986651]
            , [0.032954660482422134, 0.0028624631129165407, 0.47740545468193024, 0.10079886072972197, 0.0031978669718283, 0.038284594779330924, 0.02651324549681067, 0.004851626287418943, 0.029157866248414183, 0.0069680937705237, 0.0035419624242565427, 0.12509444179921156, 0.005294447485384826, 0.027055760863058144, 0.01832929569082695, 0.055485336037513606, 0.0290116495394267, 0.0076102610076150025, 0.000862240130035525, 0.004719872461353798]
            , [0.05000911419070013, 0.015446057306769142, 0.001647922046887808, 0.0030722372983707845, 0.017143877368218, 0.0035455435936896378, 0.0020937158814617277, 0.26203353911717087, 0.00310694157896388, 0.07408912142870645, 0.026051283706285122, 0.0031697089439540146, 0.002811128270281876, 0.0032485265983942203, 0.0032213706816151167, 0.015493996696637332, 0.036651579076830414, 0.4727063216907993, 0.0009147711197100099, 0.003543243404553931]
            , [0.5809952259335701, 0.027013722266564198, 0.0033410985275294024, 0.0055239728064665145, 0.0039150910824423514, 0.06268052060882728, 0.0027916577582983047, 0.01339178280033211, 0.00445709710292708, 0.014156672932666006, 0.005179020474221337, 0.006476522509984602, 0.006071761655768799, 0.004791849359507658, 0.004433992269225357, 0.1684977941135747, 0.04626078318066727, 0.036392042578883864, 0.0008529290674306924, 0.0027764629711118974]
            , [0.010427648539800712, 0.0048633297551496585, 0.001771317896119166, 0.0022751582781809897, 0.36599115834527274, 0.002521090918884552, 0.028003247359344598, 0.014237916909209971, 0.00255752818472982, 0.03627744357736404, 0.0068451740530739045, 0.004610499129537994, 0.0015353256649587898, 0.003573084918149794, 0.003257378280136696, 0.011793904374412417, 0.005647620728492374, 0.01597539017301062, 0.020117563732781084, 0.4577182191813901]
            , [0.02763641172800012, 0.010611607300638716, 0.001946283163810116, 0.0027551568993845177, 0.290320618016897, 0.004851603711400747, 0.005532592924155799, 0.07552238990418916, 0.0035357191020725896, 0.33211631392379964, 0.06629114821268196, 0.004153285937407061, 0.0030823514184599595, 0.005095610117774542, 0.0044743153604279665, 0.018459715741511288, 0.019283474725480036, 0.05817392967131422, 0.01090405199026797, 0.0552534201503268]
            , [0.03819890244762421, 0.010072397643594846, 0.0014078719484592287, 0.0024848452382395026, 0.1324955818082959, 0.005841932338259641, 0.003536406410194508, 0.1702345937892718, 0.003127920782575816, 0.32818911282908414, 0.07117179297496619, 0.003258352807435713, 0.003169565938507115, 0.004192334975889778, 0.0039660605027023454, 0.01903083163807593, 0.027483460168494372, 0.1379684186689813, 0.006074226238014086, 0.028095390851333592]
            , [0.06480893383723463, 0.008715915480924121, 0.05643861807611985, 0.02844174813519428, 0.005045357978313551, 0.062419622437543246, 0.031265647060882466, 0.008294428213957277, 0.03854719884115372, 0.010995277458496504, 0.00590376492730846, 0.21541528354231707, 0.006802175836917517, 0.03372499317199619, 0.03051620116186779, 0.2777318607212028, 0.0955967412641012, 0.012244302033032995, 0.0011537783423409863, 0.005938151479095532]
            , [0.021003883080256212, 0.003619841860313918, 0.0006280964548805391, 0.001107151248465139, 0.00905966030977849, 0.0011792303013271437, 0.0007993529185617921, 0.3320029674214761, 0.0011014807271374973, 0.061358983698973336, 0.015108943071071792, 0.0011160721726382805, 0.0009693910335156074, 0.0010699183842785478, 0.0011758722929927467, 0.0030138934645954326, 0.013598960635570144, 0.5305096903338852, 0.00035866270279450016, 0.0012179478874873812]
            , [0.03488024098436683, 0.00397095544541058, 0.25621402138557714, 0.05561775244962413, 0.004073859066675741, 0.05195198890715856, 0.034854396627979754, 0.005987621789849579, 0.040211590164229004, 0.00783913956563128, 0.003885635984763647, 0.2892796321302207, 0.004737307040578071, 0.028320955240888377, 0.02660407112130672, 0.09684756036452648, 0.040417686624119056, 0.00749491374344237, 0.0010555438670559764, 0.00575512749659603]
            , [0.01508358181919166, 0.003211031983125892, 0.000719841547840597, 0.001300000660925529, 0.014844171779551156, 0.001431441067936636, 0.0009867373334124555, 0.4965997793441952, 0.001413246884127519, 0.09428646836041532, 0.025266195242550447, 0.00152405469520849, 0.0012279131243182902, 0.0015371209072570003, 0.001469879827402185, 0.0036650980367579733, 0.014587840108104117, 0.3183765036912602, 0.0004502560421168393, 0.0020188375443026037]
            , [0.015782512506948166, 0.0028786149754843754, 0.0006034984693623007, 0.0009689744373773875, 0.02704402919872423, 0.0011826956608951692, 0.001039058795809759, 0.3285371479159846, 0.0010791040510307252, 0.35861787541881285, 0.057951313896191535, 0.001180227612283663, 0.0009851769169463634, 0.00160343419148033, 0.0012707358495947607, 0.0031066952920051354, 0.012269133234617424, 0.18069219688262672, 0.000669431537708419, 0.0025381431561161327]
            , [0.12256148555989714, 0.04525325563296561, 0.01502485099005985, 0.011518069781731522, 0.008609913436134443, 0.050530291307822085, 0.008894854689373614, 0.01115632722263032, 0.013795869698953031, 0.02439184551746335, 0.007558798038177479, 0.04995349571717297, 0.011638928693092765, 0.013713348432218761, 0.014787516926839755, 0.44704717746402145, 0.10562275119191882, 0.028710220532332003, 0.0018225998417168785, 0.00740839932547807]
            , [0.05209993751917939, 0.005127944348181117, 0.03349417109055431, 0.02489315917517715, 0.0036800666871970493, 0.6735527959833149, 0.006987273599853864, 0.004543856394986726, 0.021912804445382968, 0.007381097840258101, 0.0038542274810960116, 0.036176082122130665, 0.004839602522750252, 0.014875890509254364, 0.023495400777017415, 0.05233278329901074, 0.01805253396961229, 0.007899671456367207, 0.0014246585676697928, 0.0033760422110056263]
            , [0.02818605597597933, 0.005428054643213859, 0.005754832629735696, 0.016977745730949477, 0.0043225094685412765, 0.010900291331217105, 0.03652259663750036, 0.008916987903777169, 0.1457168041681822, 0.026447459626522646, 0.007468202135144985, 0.025322447345537093, 0.00435469196917277, 0.05153496316874734, 0.5454426048643729, 0.03184554860207776, 0.02428380061875932, 0.011868878023914065, 0.002622071039162745, 0.006083454117492002]
            , [0.3257207893991195, 0.03216809471541599, 0.007799385938186451, 0.010716004688584971, 0.009806100951106357, 0.26537392483312583, 0.005549948772191199, 0.020546600325992766, 0.008640664727114415, 0.030272871001897947, 0.009819123408296505, 0.018915273082182514, 0.01076089246749976, 0.009594697895078911, 0.009214469349502062, 0.12766540195836504, 0.047015117306053816, 0.04276748706400827, 0.0021082980914896325, 0.005544854024788036]
            , [0.05406480599722163, 0.004158664930210169, 0.015267165794312709, 0.011886879016486102, 0.002380009197320805, 0.790319391592383, 0.0034736275661389213, 0.0030181267759017204, 0.010377521692570238, 0.004917971928404599, 0.0025199094460778065, 0.017908801068058353, 0.0027246051537553524, 0.005138155077429672, 0.012365610417170181, 0.039105826798505036, 0.010991092322722563, 0.0065531587632324684, 0.0009119314439430265, 0.0019167450181556776]
            , [0.03509650576698484, 0.0010334739174872652, 0.26542343391578155, 0.4904140732634888, 0.0012606775805908263, 0.019225688521012974, 0.006115923360538398, 0.0029819327734629387, 0.026326147344611025, 0.004895398106871556, 0.0024798241265245797, 0.026742868046961556, 0.0030895173716040357, 0.049144068260310265, 0.012089553075335512, 0.026300256341242806, 0.017061858849910946, 0.00812481197522551, 0.0003231492450478583, 0.0018708381570068388]
            , [0.06697372609233944, 0.011792047573528277, 0.01499574735610975, 0.00816073808904518, 0.004519302102955905, 0.03102702821338883, 0.005578917806377423, 0.009116870649329529, 0.012112483389356289, 0.015016927266391575, 0.006868438207978042, 0.04125551036130892, 0.009121102199213412, 0.009169718856172456, 0.010014043532790638, 0.4078302774465748, 0.309612845532302, 0.021908436004710975, 0.0011202347916777753, 0.0038056045284485997]
            , [0.042888983466295334, 0.008059402964973109, 0.0005914855857203968, 0.0010352316438204676, 0.02035296491361109, 0.0029185282946583247, 0.0008328318429339939, 0.2988565400553628, 0.0011161197713022305, 0.14526719238050292, 0.03711083222598093, 0.0013839341279257573, 0.0013151405717599788, 0.0014538041970998993, 0.001357582717526185, 0.00912514674857894, 0.025959899733343655, 0.39761079938352406, 0.0006895457754643784, 0.0020740335996154496]
            , [0.15589416461904732, 0.03249905826994934, 0.0016012807679934916, 0.0024717375013299262, 0.05364687564430105, 0.03690652302881207, 0.0020600022420771266, 0.12759891702153994, 0.0024931402784614223, 0.18880920320085254, 0.05929390714717585, 0.004023919136071732, 0.0037773452985656636, 0.0037097407486976824, 0.0029435514747247257, 0.057575083426587716, 0.07292647863863402, 0.18309564441460932, 0.002975558117856575, 0.005697869022712318]
            , [0.26216022499211433, 0.0514693026319732, 0.002456328453130384, 0.004052759751338538, 0.011831473882613441, 0.02681186942820401, 0.002919518534823044, 0.09931651612546659, 0.003855153929591328, 0.05672082693820891, 0.027021640760584092, 0.0050467818969453715, 0.004561680098648339, 0.0045244530008201255, 0.004126057525561593, 0.05842502095634577, 0.07350046947627387, 0.2961725595117909, 0.0011438719498742696, 0.0038834901556918785]
            , [0.019365988761452842, 0.0027115408323560362, 0.0004644258650923479, 0.0007517411256492022, 0.01966862377077621, 0.0013017324579657128, 0.0006933129048628547, 0.37907601545328345, 0.0008032879459514282, 0.19985327349568605, 0.03529822270623885, 0.0009620482274355555, 0.0009519046091739123, 0.0011520517338058553, 0.0010136653291669627, 0.0033527566398151537, 0.014607708813821946, 0.3154407683295167, 0.0004899381887770269, 0.0020409928091719492]
            , [0.019422387009255762, 0.006637328030603338, 0.0018836093943851112, 0.0023899900316895106, 0.5085045253017636, 0.0038587965287308875, 0.006703709560084845, 0.045458528246426114, 0.003000582722350113, 0.14524114326689955, 0.03341190877593088, 0.003895051257929127, 0.002265024163191849, 0.0036170152382712464, 0.0036383282457381053, 0.015471635917324438, 0.012811097468309397, 0.038821359895789415, 0.019847659538919024, 0.12312031940640764]
            , [0.01105375361671335, 0.009841113206462863, 0.003096063087741292, 0.0038111154678562163, 0.19099420089057453, 0.003558371854741989, 0.06787076074080911, 0.00901090462655157, 0.004389246502967735, 0.03001681250470301, 0.005368398224541909, 0.015974073954454403, 0.0024291968718859677, 0.006019372590704851, 0.006961758210359434, 0.016953308787357672, 0.007304313089667293, 0.0151671880505454, 0.020937823882985443, 0.569242223838376]
            , [0.03700452835819772, 0.001888098569612374, 0.12681880868345552, 0.5498091079925085, 0.0026995376590563864, 0.019225088413534132, 0.009364147995080887, 0.005802220845043288, 0.04120257702332091, 0.00975568247209577, 0.004730806545919368, 0.025241882980837835, 0.004330549947220359, 0.06992863207632534, 0.020822718258419158, 0.027066986680746447, 0.022637405842329972, 0.017693530101001435, 0.0007709073489102266, 0.0032067822063844586]
            , [0.30492015304201986, 0.042467075122691225, 0.0028964983891850895, 0.0037877681548990575, 0.007254155545093718, 0.04507954764761115, 0.002759370517573922, 0.031023927245851977, 0.0035913042761183734, 0.028354009748759956, 0.018775640521364073, 0.011348734252546205, 0.005854779796658917, 0.0048766793706546945, 0.0038619755382880163, 0.2192101259230453, 0.1887644078120741, 0.07055154505650787, 0.0010583155560041893, 0.0035639864830524113]
            , [0.010400272284388383, 0.002077894091553452, 0.0006711808833888382, 0.0010305018138359885, 0.027844304059908037, 0.0011755802687379044, 0.0010328220898003766, 0.15450050711808708, 0.0012760986397875882, 0.6378908445425803, 0.0637687774797447, 0.0012066259199976224, 0.0010653097546751706, 0.0020337775739407136, 0.0015593469274746883, 0.002820797539432422, 0.008672965475437272, 0.0776618101790398, 0.0007065541574587568, 0.002604029200730917]
            , [0.008168175215455691, 0.0025939378408470675, 0.0007993920357388037, 0.0010936450960656575, 0.05684854636426627, 0.001235793674334203, 0.0018581599524852886, 0.07041106396253953, 0.0014369024081243428, 0.7361492557132894, 0.052379309419006044, 0.0012669278677175518, 0.001654377023245905, 0.002371421244585849, 0.001979330718319148, 0.004480008865199599, 0.006486483208990609, 0.043592092895924264, 0.001329211665068025, 0.0038659648287968566]
            , [0.1349643821740506, 0.021545777445288287, 0.000912696391456744, 0.0014362269050163425, 0.024736937752622645, 0.018422380088921785, 0.0011415741094612534, 0.2079502436747107, 0.0012583760036969426, 0.11423623297736273, 0.03697733493433514, 0.0022018650797472864, 0.0020821199999854793, 0.0017186344340126842, 0.0014733557697186649, 0.03171599892176862, 0.06344430605186374, 0.3304334384292288, 0.0009092150463834531, 0.002438903810368151]
            , [0.048079322661200415, 0.003985392328662079, 0.11927360795700213, 0.07392202376028595, 0.00432450623772743, 0.2638036222607455, 0.03488219178077533, 0.004702327199874375, 0.06584338729294852, 0.008901521250538846, 0.004891495052771977, 0.14164382922779803, 0.005616534852675467, 0.045390396096656856, 0.04877748851846969, 0.08192549055557717, 0.029855289963386548, 0.007596251600673288, 0.0012518324661618036, 0.005333488936068788]
            , [0.07043289672798073, 0.022598435339018945, 0.003952197311774814, 0.0075216115483206945, 0.010302838030599958, 0.007872171701825055, 0.004451450486401558, 0.16595014009471987, 0.008598240300380419, 0.06738767621903725, 0.04150039939428887, 0.01785211824702784, 0.004113228590817454, 0.008638380485994412, 0.0076519063841201254, 0.06228772712951472, 0.24586077425039068, 0.23658085987547792, 0.0014819608705774897, 0.004964987011731107]
