# This script is generated automatically.
# Vector of amino acid stationary distributions.
distributions <- [
              [0.05930798600149539, 0.012148607825873426, 0.03298279445341227, 0.054213529660527185, 0.011654922817399336, 0.03305761785560692, 0.03232316819289152, 0.02074740318594812, 0.1935544932670526, 0.03515771632716087, 0.016703692634103536, 0.04921499503699135, 0.02154992677113713, 0.06579974398152105, 0.1970299569117386, 0.0709181742674546, 0.04778514098273377, 0.028268360085014415, 0.00451259838707824, 0.013069171354859353]
            , [0.03753306551346958, 0.013281068456082028, 0.014970012696244777, 0.031849314960150976, 0.007450263312434831, 0.015053946530721788, 0.03027077779998947, 0.016334766499560817, 0.2411061034861917, 0.034247983951355934, 0.018719591068792802, 0.03598220193754382, 0.013451410672943673, 0.07703210262288052, 0.2984917652158197, 0.0464892532384558, 0.03410459164643901, 0.02062286649160128, 0.0027062884671278957, 0.010302625432193534]
            , [0.05890170379407239, 0.008487893636767644, 0.03225770978397712, 0.06527482200803374, 0.008911922539931158, 0.025542343585791175, 0.0277107444281903, 0.020621757019463994, 0.2346933541320371, 0.037398029803201165, 0.020782513078607248, 0.04547683135849779, 0.01267902198821322, 0.08479811253096775, 0.1666589044504053, 0.0642147851090107, 0.047215560538606184, 0.026040343409758675, 0.0022462486129927535, 0.010087398191474504]
            , [0.05856256800955119, 0.011761713538330373, 0.0891562360834814, 0.06136585503722759, 0.012509010886511195, 0.05228245994520374, 0.03926877716841547, 0.020687304224150063, 0.06540245312325017, 0.028364427806807292, 0.015093023932187167, 0.2171244921536944, 0.015134850254603134, 0.047327362300421234, 0.05157499173619394, 0.10686797768030264, 0.06111710718980991, 0.027437489511159617, 0.003254637037643326, 0.015707262381056124]
            , [0.055104375444328765, 0.0063575749487113815, 0.21584687436002625, 0.2491241257056129, 0.007054970153283005, 0.03270920462549617, 0.021057509884829146, 0.015008530283059448, 0.0508831214730254, 0.021863842504418543, 0.010594230886495947, 0.06404082121347367, 0.016134566686868697, 0.05865193286740534, 0.030651138426983908, 0.06926611025613441, 0.04250990348283887, 0.023557560930236258, 0.001478631423654396, 0.008104974443117544]
            , [0.05488285263111233, 0.0063514364186689565, 0.1381342135710156, 0.3509720163108728, 0.00909828162349694, 0.026461738692771908, 0.0232240401675023, 0.015004817226452657, 0.05419960906244085, 0.023217849930428726, 0.011420496534359566, 0.04003445762998238, 0.014549906309313767, 0.06869896512036622, 0.036286110808475415, 0.05179228899312042, 0.03576979170870116, 0.024299595104882502, 0.0040339807941613655, 0.011567551361874104]
            , [0.04641284269333777, 0.008831842572743267, 0.36830872532847564, 0.16291934406458453, 0.008088556392136166, 0.044925771686019716, 0.020981581999541758, 0.01102984909303459, 0.03322953479265133, 0.017118448810856727, 0.008088489980494717, 0.07683184495525798, 0.014226895600354303, 0.03557040051309893, 0.024621306816865973, 0.05684070620022899, 0.03141033537275092, 0.017921261071165574, 0.0035835854680388987, 0.0090586765883622]
            , [0.04374051043004503, 0.003403053220598961, 0.022492793803040364, 0.04045603939974974, 0.007451894450781728, 0.02287850247153087, 0.022459822774144544, 0.015780994828328402, 0.27951237457454914, 0.02577354133585834, 0.013677829241628246, 0.03387384851590759, 0.0176051267714124, 0.05722420397276547, 0.26866839468258985, 0.05020764821880606, 0.03906842576977596, 0.022394150582030183, 0.00434746179418548, 0.008983383162271935]
            , [0.030422069187584156, 0.006084368489791451, 0.013354119521689823, 0.02373445204790629, 0.007370199754793367, 0.016487657979624905, 0.024290188234249985, 0.01240229706280666, 0.14606149299581417, 0.022174521158793002, 0.011577418267053498, 0.025488400465523874, 0.009488792333101336, 0.0405909728214355, 0.5279522421734099, 0.032198500090675396, 0.023320282175738755, 0.016246249706549594, 0.0025333689169587336, 0.008222406616499449]
            , [0.11665727175858343, 0.029461842906615417, 0.03189605035299958, 0.03249631799527857, 0.015275069595518066, 0.052672059146168515, 0.023250220977548256, 0.02335280995216474, 0.03526947154518271, 0.03197133298244203, 0.015016090122919129, 0.056997229668760134, 0.03582700987883432, 0.029740746516338304, 0.035592389708926975, 0.26774858402700175, 0.11473607354461476, 0.03425915231837609, 0.003969343393425622, 0.013810933608301726]
            , [0.016965353382136974, 0.005681099777674262, 0.003467240404427426, 0.0055966635358092615, 0.05678072696229032, 0.005172526433975211, 0.005885639322078218, 0.11048247553279991, 0.006622766846597652, 0.5654483507422547, 0.07841363785232378, 0.005104464623794001, 0.00451364540069652, 0.008370393758046584, 0.008858853840344547, 0.011467100806251391, 0.013625586566839338, 0.07386909373057558, 0.003131507672002449, 0.010542872809081932]
            , [0.03537211264430903, 0.004106171560732011, 0.220896450369062, 0.43884125088109255, 0.0037770146505051645, 0.025668263328352012, 0.01596800200918455, 0.00694700125982203, 0.03213457998938679, 0.013794204754573934, 0.007334304852889278, 0.0360365186808806, 0.007826354075362398, 0.054970945555129144, 0.016349811014234397, 0.037801474473591216, 0.020436565142917563, 0.015172455779423366, 0.0007380313799886267, 0.005828487598563372]
            , [0.04034291257266284, 0.008192355467550582, 0.02150804986454474, 0.043151188628224056, 0.01153264607991691, 0.01827964442210301, 0.02665384559217616, 0.02186623152194352, 0.241196914523917, 0.03657256598859625, 0.015480989001642735, 0.03672485971480246, 0.007540643047189472, 0.06454142333070627, 0.2746517780786971, 0.04788272010707361, 0.04125230617077566, 0.026046757286977022, 0.0026738469050644224, 0.013908321695436172]
            , [0.09071358931310035, 0.0200153229277098, 0.017357792622488866, 0.016311446588398854, 0.0061540153461398656, 0.024524058619492386, 0.009753841040146436, 0.015296974976261682, 0.0194341363986437, 0.01607154989046646, 0.010390421811891658, 0.039629347120948656, 0.014340598548502883, 0.016368305530163777, 0.01548112640868199, 0.32928844560119586, 0.3056805280041964, 0.02584345732713974, 0.001400557450211711, 0.005944484474218765]
            , [0.02826676622790895, 0.00600051820338328, 0.01246107271463048, 0.027923077272696578, 0.0037363110258319793, 0.014757175891869319, 0.014563421149226041, 0.011363536795321151, 0.36835326994068524, 0.019306649318041765, 0.01074425626867406, 0.02697054275034475, 0.012914219620882884, 0.05052984658720012, 0.3011907604487468, 0.04144305501948104, 0.029092067370976686, 0.014126459428450422, 0.0010695645193185448, 0.005187429446329848]
            , [0.09799818311060289, 0.010746369797645408, 0.03374103408496607, 0.04566518547190693, 0.017772668614877526, 0.033269651902895485, 0.01961243060294618, 0.031221790453411148, 0.03729664206843502, 0.05070583813995534, 0.0184902034977529, 0.030030271797285416, 0.30007052425531994, 0.0340270512771641, 0.0325515442463209, 0.08875987385545762, 0.05390618905214945, 0.04529363905179498, 0.0046527930068096385, 0.014188115712302935]
            , [0.0954690575468555, 0.016931414463763922, 0.029647724293980743, 0.04088148190619305, 0.012197701661355299, 0.027213027141848853, 0.016296233420309, 0.04731609502257178, 0.043217188585980566, 0.038635633032766355, 0.022393648813672264, 0.04525139094419257, 0.017991106848287787, 0.03239590949035008, 0.03318994261575097, 0.15543568712933356, 0.24960715816225496, 0.06240144146985156, 0.0026724382386613607, 0.010855719212019957]
            , [0.03762120004489836, 0.008370925147413416, 0.40135955454219013, 0.13761361348727894, 0.006569099678079838, 0.040160336708863945, 0.018163495886244645, 0.010494217391945893, 0.029166272177998297, 0.014718513274645547, 0.0072898565832465465, 0.10629679016778032, 0.008312088700280194, 0.030367716691301398, 0.019993453029418202, 0.06506330403950811, 0.0329781370660683, 0.016117976408667304, 0.0012226374266904824, 0.008120811547480304]
            , [0.06275082092439443, 0.012144363324875729, 0.025309322600204204, 0.04400786355828259, 0.01454172938383813, 0.027728965013015767, 0.039827726758807205, 0.02379455186179602, 0.13312820030042244, 0.04149830698508605, 0.017303722397226988, 0.03392669486141419, 0.014368917717367783, 0.05794651462806236, 0.3060620979311763, 0.05230523767726271, 0.03914467072268893, 0.030332017634732544, 0.005829143215346638, 0.018049132503999032]
            , [0.06648589704833209, 0.004117223484754187, 0.14410959298225257, 0.40637414910877184, 0.00478412202001354, 0.021221608054868307, 0.01538723238392663, 0.0097924043747036, 0.049421283800699385, 0.0168112584496759, 0.007983721495874296, 0.031044190410412106, 0.01840029871073291, 0.07445661557065734, 0.030573432944593425, 0.042984998721380376, 0.030490558801469978, 0.018511511197924723, 0.001808978607097174, 0.005240921831859693]
            , [0.0629352084689062, 0.011032373726870773, 0.00930477810349045, 0.0148016532175931, 0.019205483185417704, 0.011135090733207403, 0.008100028940525512, 0.22608689635603402, 0.013391155109609474, 0.10188570071726893, 0.03185680081102908, 0.011820668478023785, 0.008880232718632098, 0.013647477213108956, 0.013295612360115344, 0.031959867551140365, 0.04912691478808897, 0.35043432856865897, 0.002130844009001327, 0.00896888494327742]
            , [0.05348607902353804, 0.014904658898180946, 0.09577190605947744, 0.045332991945300306, 0.016113607721274445, 0.04728469630355299, 0.05070666722844132, 0.020492156600114757, 0.04331408125496211, 0.028205331372536842, 0.014906860760199316, 0.3021765936669348, 0.013395450573393862, 0.036431875480060744, 0.04022369642621151, 0.07790348835549887, 0.046956316631877076, 0.026245938468024317, 0.0054970662306212574, 0.020650536999799036]
            , [0.04777058797820294, 0.016812454185338947, 0.042765333449330936, 0.048815244248383884, 0.04662882983967161, 0.028851302030759068, 0.16964942244471115, 0.02501374410666662, 0.05727585363821784, 0.04575779135745488, 0.018565425974228576, 0.06818691534335722, 0.01948642824303166, 0.06313256988386055, 0.06497888089267648, 0.07048424046149993, 0.04249093080544341, 0.03150782518849726, 0.007398131310062708, 0.08442808861860458]
            , [0.09924299237945387, 0.009136268128644797, 0.04320290560556735, 0.03815297460292683, 0.006820971252628358, 0.475911914754505, 0.012626602118958226, 0.010577461420523158, 0.028858848170868773, 0.015808184647619926, 0.007571474149643128, 0.045430204791530746, 0.010902789880970843, 0.020813277396120877, 0.020998794412015007, 0.09437567142253407, 0.03384080329794381, 0.017233280037254595, 0.0014721428304272227, 0.0070224386998630275]
            , [0.01660009498689547, 0.011536218428238768, 0.0023448811523318976, 0.0042062226301691295, 0.13886900051611145, 0.004113290876983474, 0.006540461313681726, 0.10884285933187013, 0.005893587908708843, 0.4671059921637522, 0.08069353927977689, 0.004771062269640102, 0.0029325595640919367, 0.007725256429957416, 0.005526560723442295, 0.011538415393674442, 0.01472991663777722, 0.06460356627375341, 0.004362425213887393, 0.03706408890525614]
            , [0.06953363343803962, 0.009387206751314874, 0.10939069875996905, 0.2856642950863799, 0.008287462202257883, 0.02680257979108117, 0.02488571403939388, 0.01613055945040521, 0.06202746076696392, 0.026587785467409655, 0.012394488259600675, 0.04280741493626546, 0.017533115615723606, 0.10234650372228012, 0.03992247668431932, 0.06349500771538916, 0.04360022659402259, 0.02769314365306386, 0.001898400274660559, 0.009611826791459534]
            , [0.10367452329820548, 0.021846689041149905, 0.03179139189656267, 0.029490015126572386, 0.012924343863045938, 0.3608842645170787, 0.018996101666889646, 0.01572713621071301, 0.030980650141239918, 0.025723541435274066, 0.012536157796805015, 0.0501649175849011, 0.017576058093958787, 0.027270441777085076, 0.03043154934506268, 0.12246496148647368, 0.048873802137433274, 0.02386538664422092, 0.0034044312834046846, 0.011373636653922945]
            , [0.06291332245032477, 0.013112890865117717, 0.04432736285720752, 0.08428818801430311, 0.01852918672464924, 0.02971840554504537, 0.045748380970443675, 0.02925083814630504, 0.08236147719983222, 0.055198974125056054, 0.025259425786309655, 0.04535642728827282, 0.021752333397971887, 0.17425034386615632, 0.07916858445354748, 0.07069464601802121, 0.051303580988265006, 0.03888616764444231, 0.005944521430698472, 0.021934942228029948]
            , [0.005806983457609207, 0.0005560929712485276, 0.001209889074693224, 0.0016766251424096394, 0.0005773319167759982, 0.9730927314412694, 0.0009308050115811385, 0.0005907497774137059, 0.000509105346325854, 0.0014408677195183986, 0.00019125466477664242, 0.0014166769591721202, 0.0011238574236920357, 0.00047532303398596193, 0.0014944015069774145, 0.005445270169163276, 0.001408119582368508, 0.0015902284149237117, 0.0001811206887751922, 0.00028256569732029485]
            , [0.02328089438444049, 0.008059944868831659, 0.017557366384138216, 0.037680465228391205, 0.006449066445223902, 0.021004600963090307, 0.02232811459284749, 0.017937815525714572, 0.32979658081430335, 0.025016279866887012, 0.01830034742642382, 0.040952830298515784, 0.009103115368051098, 0.0520448787886112, 0.2628251650248808, 0.040537818096458636, 0.03520496604728821, 0.018452680824399326, 0.004664519952310768, 0.008802549099192267]
            , [0.04098188271992835, 0.0037693057930128907, 0.39264051953528234, 0.11087917823518453, 0.008037645813293142, 0.032998683394425694, 0.023705556837505908, 0.011953318333840808, 0.03558334483617123, 0.015968416645597158, 0.008257640530260455, 0.11345756025940826, 0.015471836640263732, 0.03392701840691992, 0.026637730720982553, 0.05900654001187716, 0.03491841816641443, 0.018982585127584283, 0.0026925933311017286, 0.010130224660945526]
            , [0.049736280385567114, 0.0025783220157652945, 0.27977612574764515, 0.2867488563694855, 0.0026780733660208755, 0.03667811858531607, 0.018039197283528666, 0.007863031038569184, 0.041769616334146414, 0.012037631565432791, 0.005343450306911513, 0.054918186035647534, 0.015514908561612886, 0.05852380081429914, 0.02756920955515524, 0.05298576983674368, 0.028009133933778893, 0.012265111190095386, 0.001089628931404434, 0.005875548142874447]
            , [0.5305046349929795, 0.027357894455876025, 0.007465144848713655, 0.013015371534136351, 0.00632863187785682, 0.0527006757351407, 0.006678929392751074, 0.01642354987748479, 0.012337631947668175, 0.01778604935353222, 0.00933466302630865, 0.011601067533107409, 0.009682393728584909, 0.01184279421653785, 0.011592392327284859, 0.1509838980803924, 0.050252088515389905, 0.0470535819561584, 0.0014645804144279462, 0.005594026185668044]
            , [0.020390996051484582, 0.007802413312338538, 0.0065506978190234336, 0.008407110962653093, 0.4314063558436553, 0.007240947350947322, 0.019319252436017256, 0.04018296491084724, 0.009604501849284864, 0.11236683745250464, 0.03209053768490168, 0.011122466655612577, 0.004309038066531565, 0.010180893097205558, 0.010792983231146663, 0.01766816709176632, 0.015360497388778151, 0.03327208521086762, 0.018305779903686394, 0.18362547368074733]
            , [0.02182304569954181, 0.00611772206436468, 0.002572327768949836, 0.004570243695772418, 0.03428932061490018, 0.0044141552523418535, 0.003725861207532122, 0.1901458090793211, 0.00743600936832877, 0.43552690708036224, 0.08732076289463318, 0.004293854624433372, 0.005975261586553921, 0.008869539272177485, 0.00814129713959572, 0.010729816619888524, 0.018479275529135992, 0.13699447612618498, 0.0016662376238512709, 0.006908076752130504]
            , [0.08099375430155319, 0.010277546916349523, 0.10338878818104207, 0.18997953135173282, 0.01438441914308205, 0.03772907938711496, 0.02717155124142567, 0.02563698582429975, 0.06384245760956597, 0.04083718175695698, 0.01734774720362363, 0.05145191753789864, 0.021664396255961872, 0.06955849127835789, 0.0498408222385199, 0.0782871876603259, 0.05912137301042982, 0.037937793630168457, 0.0045360474788670386, 0.016012927992723802]
            , [0.18895565402408482, 0.016614220874406394, 0.03549949006898744, 0.038072545324963465, 0.008018581513815268, 0.05050603401483081, 0.015506811044985492, 0.013886986956147518, 0.030420498146805648, 0.01960825909724635, 0.010459348780597701, 0.04605919242496326, 0.02384375128743089, 0.03017708861661892, 0.027121754155682593, 0.3059592459170104, 0.10160776274525932, 0.027270762183685546, 0.0028184131517588456, 0.0075935996707193355]
            , [0.0626115778031594, 0.010438838478586105, 0.015664095546919363, 0.017666526633556886, 0.009448357469717276, 0.017758644740707152, 0.008887844770782886, 0.023892376596633392, 0.021975092581016036, 0.026024908536059793, 0.014740268520249889, 0.02802101168227854, 0.008355321191209394, 0.016176937959346667, 0.017159150261999663, 0.18690434190325636, 0.4650943913357988, 0.03884506470568797, 0.002169904849060055, 0.00816534443397438]
            , [0.16779940788541567, 0.029840520617210965, 0.019348003864254087, 0.026726417355747628, 0.019381856283777033, 0.03443478628398453, 0.015333699163797346, 0.06080243159235479, 0.026665401614425127, 0.056022059005706004, 0.0258285714166971, 0.02976102425656625, 0.017237414814772502, 0.023771212020692715, 0.025531874352235428, 0.16215288631412372, 0.1259272791864237, 0.11587638510725638, 0.004231655949524107, 0.013327112915034987]
            , [0.062453931657093315, 0.0036591549970078326, 0.04293668585119381, 0.06298582856376295, 0.0641122444578971, 0.01343800416737689, 0.015041888690874982, 0.07139796818760254, 0.016957991237797218, 0.17075381398058692, 0.022739704898399504, 0.02652832648087257, 0.14205189002424182, 0.05448681943407205, 0.04221317304094207, 0.06211448034563079, 0.03768997744746499, 0.055437670164428535, 0.002854762697576028, 0.03014568367517815]
            , [0.06437584953147857, 0.006003714241350216, 0.0888950638613734, 0.1726367798230287, 0.0064116186278003195, 0.027973218186971908, 0.025143963558807797, 0.014530933281351048, 0.15394905315462143, 0.022560867866968894, 0.011367365052202141, 0.04841291785252176, 0.01711166753641025, 0.07826464372804148, 0.11311222431867443, 0.06624965528000425, 0.048776374211688386, 0.023810024753952583, 0.0029019732867281802, 0.007512091846024204]
            , [0.028055542738566863, 0.0028442654531191866, 0.5255257380356053, 0.16709828764900161, 0.0028435473192596115, 0.01725977246902875, 0.01514614967675273, 0.004945095041093802, 0.02213134902174989, 0.007843373812588365, 0.005175361532355404, 0.07981283537350921, 0.006621584698903567, 0.02728218554779274, 0.01331821948474182, 0.037130412690780934, 0.023168248011181357, 0.008115446277740856, 0.001053235772611237, 0.004629349393616574]
            , [0.039726942641270406, 0.006214447616754275, 0.03136152418059437, 0.05730894610259021, 0.005682946649239413, 0.020327810281545945, 0.03169271767492334, 0.013577976842519155, 0.28203128872329525, 0.021422660498444247, 0.00794150220892143, 0.06086332168598466, 0.01121871425677426, 0.07448240665844778, 0.2027796761681947, 0.06091243521237579, 0.042256894814566466, 0.019634473626894987, 0.0022539528897767974, 0.008309361266886368]
            , [0.35350235668989977, 0.03445234794309504, 0.009155084668239678, 0.0113178160356939, 0.004778349588765004, 0.04919321981223156, 0.007566602816639602, 0.010424093153319311, 0.011337403399331713, 0.012658618618214065, 0.007860214433413547, 0.018144916987938638, 0.014699116569840864, 0.010885529644514712, 0.010369365813737094, 0.3336620274721826, 0.06688351906863264, 0.027228990079728555, 0.0015363349951297317, 0.004344092209452051]
            , [0.10869157565514977, 0.013412481513606602, 0.05983640522288183, 0.08723779326452057, 0.007314255720030884, 0.056182810951985594, 0.027288684257211697, 0.015401681410875914, 0.08143290428719516, 0.02706976105339798, 0.011812160220513391, 0.07701078684178608, 0.014105531395422873, 0.07013986574491923, 0.06118606956736398, 0.16649514398546233, 0.08044141331056452, 0.02372636433404598, 0.0031131082349884144, 0.008101203028077148]
            , [0.08837718521095975, 0.008535264009734974, 0.03311362945229276, 0.041027986645507136, 0.009961780451125071, 0.025330436545069664, 0.01992756638111424, 0.015047248085907055, 0.04146480992052067, 0.025463581459179, 0.009795245931625389, 0.03350426394006718, 0.4116821749121283, 0.03876241182297843, 0.02966781911686339, 0.08902632992625173, 0.04167033769391001, 0.025086556540450774, 0.003717291101511497, 0.008838080852803168]
            , [0.1292332771860639, 0.03155983243601296, 0.009442818185434005, 0.011734578489097303, 0.010130018295860563, 0.023419681319455442, 0.00782734110225311, 0.028568386213813076, 0.01276022690804023, 0.02307690441322642, 0.017091587990043306, 0.02159772999763894, 0.009196761076480438, 0.010294395743190219, 0.01250338551856315, 0.2776685879885906, 0.30587231605352516, 0.048953405421601835, 0.0019292791892346686, 0.007139486471874581]
            , [0.026184596351039608, 0.008887638358166909, 0.0056253561505423795, 0.008896170413512965, 0.02078994539191484, 0.00523217188513676, 0.004615053344976207, 0.3846904286819625, 0.010133383742293353, 0.1287522517924666, 0.036848939082946466, 0.006877663109011592, 0.004200806794137238, 0.007830333291610305, 0.009070590902388737, 0.015275640170373467, 0.028170561769736875, 0.27749939163384457, 0.0020861271203995004, 0.008332950013539042]
            , [0.49114033169843146, 0.01631193667523017, 0.01634463255616651, 0.025121571230895288, 0.006042769125615511, 0.06169689997938819, 0.00831050798533457, 0.015062061296745713, 0.019325847111040267, 0.017296637367928823, 0.009529218613219335, 0.01765566564282188, 0.019672471765681203, 0.016664027038204472, 0.015535188001419098, 0.15489124541280352, 0.0444531677065044, 0.037483926784105115, 0.0015124276606536284, 0.005949466347810879]
            , [0.06818700022203443, 0.012791621946931852, 0.03452850897109915, 0.04146787879749502, 0.011100906493481475, 0.23247530042511433, 0.02852359536288246, 0.016235386579031716, 0.09844414024594673, 0.026231211130433984, 0.013318755524955962, 0.05737407622174606, 0.017261220067288398, 0.04710943723004296, 0.11787412859137598, 0.09032073012919771, 0.04426685892917652, 0.024279510577236225, 0.005241143231457373, 0.012968589323071595]
            , [0.14914485282727474, 0.03437479255236532, 0.02712545095669681, 0.02728201010330693, 0.009130976721961654, 0.052676020517100644, 0.01714622590381023, 0.015809324073579042, 0.030000219568610466, 0.022459194715688167, 0.011986945209739888, 0.06386483953118971, 0.011631241386867245, 0.028740673690767264, 0.02588151424758954, 0.3138789360892568, 0.11785536836527322, 0.02885076974141336, 0.0018265935821038517, 0.010334050215405182]
            , [0.04952406197751771, 0.0033556366687749256, 0.14762299548412558, 0.3590164019180566, 0.005462027903835828, 0.01860247193412146, 0.016753499190148572, 0.014699272107010665, 0.07011599060466715, 0.022247781873815792, 0.011188168450845106, 0.039509208127515405, 0.007487625320093969, 0.08744027744231517, 0.041294902391757614, 0.043048742176140284, 0.031534254517782134, 0.021320400068797957, 0.0012642138517965586, 0.008512067990881408]
            , [0.10210496119731366, 0.01805048148115364, 0.018475260601881822, 0.03931830376939595, 0.025524275712174943, 0.0210919510638046, 0.018979359692930284, 0.08634885691734348, 0.04142485596051589, 0.13713680478115084, 0.06398945302037515, 0.025138884920235555, 0.016881889827504132, 0.04459078413824157, 0.035817673581787765, 0.0932634151861629, 0.08438456174355664, 0.10733594610511593, 0.004837440097922414, 0.015304840201432806]
            , [0.20000983778085893, 0.030279827308638308, 0.016325353447400603, 0.017364681899984327, 0.006731155932191429, 0.37480166318539065, 0.008552318714474844, 0.009374502700184808, 0.0181593901453163, 0.015218645378918762, 0.005347934011695443, 0.030717620606808087, 0.012194536940637152, 0.013709708723194013, 0.01449471739053541, 0.16058025143204105, 0.038895542167065957, 0.018585958448106017, 0.0018238189704123237, 0.006832534816145497]
            , [0.04414095651122333, 0.012281301673748333, 0.012730239025339771, 0.024245571720774288, 0.04113335852971349, 0.014385979343681393, 0.01918035124741642, 0.1021507865606517, 0.03258879191683883, 0.27705883746193827, 0.12199481245511225, 0.017985844713887044, 0.010519211007955971, 0.04041334434406488, 0.04211913166299386, 0.03717095957500537, 0.04166042536577277, 0.08278475019883907, 0.006204775802329262, 0.019250570882713758]
            , [0.2814434498097927, 0.025551160823547504, 0.014055043506385322, 0.01845908918493726, 0.011128287921916374, 0.0441488032630019, 0.010132055153699636, 0.031088966354843983, 0.0180820392249932, 0.029374066240992848, 0.016607852431305376, 0.02775923054433372, 0.024040122910903246, 0.01615855058916822, 0.01596087700159124, 0.19883018342471037, 0.13871553577788262, 0.06871216813378668, 0.0019128734273149532, 0.007839644274892683]
            , [0.02185290531220232, 0.01887158990094775, 0.004031513339396198, 0.008139587857127666, 0.3071966183846989, 0.005954859887966769, 0.04813245845935381, 0.02785419256651032, 0.008435576776795232, 0.08127059550176008, 0.02093091626106321, 0.013455632901029366, 0.006405163110600058, 0.012142763103175074, 0.010577365844378125, 0.021658476440164803, 0.014281293455425727, 0.029600982150582954, 0.020807245193820274, 0.3184002635530014]
            , [0.04206741826313102, 0.01152130888374477, 0.0042844045432930055, 0.006960290008097654, 0.05731850758690707, 0.009921299167457757, 0.005750339441737445, 0.17973072708240811, 0.006806498603773276, 0.3512869827731278, 0.07678212484126137, 0.0072479634440906875, 0.00481607470576588, 0.007673496326509842, 0.0072278281767621305, 0.02020273947477929, 0.030068846749293845, 0.15596868572491412, 0.0031961617661215797, 0.011168302436823336]
            , [0.04521356598562263, 0.004245208983623662, 0.3037749653624089, 0.20806495935422625, 0.005270689879913339, 0.03188120527923683, 0.024447474379792077, 0.0071042972543729575, 0.053494314285976216, 0.012740342479936965, 0.005635303878466334, 0.09324546564343271, 0.006764431465485341, 0.05438874338750648, 0.030402956338226622, 0.06219542994825294, 0.029308959502347628, 0.013397243010867912, 0.0011127035496452558, 0.007311740030658927]
            , [0.017881013521866634, 0.004868184339359672, 0.000875859873876072, 0.0030183316387638126, 0.022201591529914858, 0.001978145477341286, 0.0021580408873216185, 0.37226820254789134, 0.002510824601242741, 0.23178086999684452, 0.04681415622570403, 0.0027612412010713117, 0.0023372277624961893, 0.003260275606772125, 0.003741167530912309, 0.004987600014817977, 0.015346405952683093, 0.25480120511472254, 0.0013412732726283576, 0.005068382903769585]
            , [0.024587117415504206, 0.009646926282983373, 0.0016937874821532073, 0.003377878686406536, 0.04002747855753896, 0.004032930697637208, 0.0021670220440014928, 0.2886397256172345, 0.005778883673359664, 0.29987978409750227, 0.05665629261678694, 0.003941282869263893, 0.003044935574661883, 0.0036783469906932096, 0.0056989617832010385, 0.008509603017326665, 0.018273383742760118, 0.20787323527415666, 0.003779678103192443, 0.00871274547363565]
            , [0.060747779040400525, 0.013328158846336802, 0.040626110302675336, 0.027871732244246026, 0.007049421136602073, 0.051597618352096405, 0.03692405241636862, 0.013096970309561667, 0.04382467048870023, 0.019417025983490953, 0.010541156715472419, 0.21884475698169328, 0.01699954495506266, 0.04244074459558266, 0.0367328848243366, 0.22597839237391654, 0.10500892457941502, 0.018881747335305062, 0.0014691468332626286, 0.008619161685474382]
            , [0.12405726756078357, 0.008063571817536835, 0.0157826800537247, 0.025071982263362498, 0.007092158330823725, 0.030927539223317854, 0.018866659735781624, 0.014017270680921387, 0.027602087790068907, 0.02633864937911722, 0.009593036309573515, 0.02965794718139752, 0.353954314661965, 0.040385651943234756, 0.030629967924976482, 0.1421289938291765, 0.06517720544800985, 0.023033329867747834, 0.0018917283423900346, 0.005727957656090168]
            , [0.06492756281848838, 0.01300552789780971, 0.001974270723823748, 0.00305297806779628, 0.05439293950522538, 0.014430994140088036, 0.002531596367456881, 0.2110826180820363, 0.004201288036152481, 0.2476651807585667, 0.06615229682947737, 0.0038628292042505816, 0.004877703403599273, 0.004364660471960568, 0.004757549151994177, 0.021919413704531397, 0.03835040847150023, 0.22853974163194687, 0.0035909667236722225, 0.006319474009623595]
            , [0.037157211826976046, 0.009007815931328133, 0.060771863549903334, 0.053209571148386106, 0.008776318971080473, 0.034638857573001766, 0.039949779806556084, 0.014381122446848884, 0.16055201345585596, 0.021879152243067246, 0.012390146313741105, 0.19529742529655753, 0.009929525588279186, 0.06089376458855353, 0.12012714650510424, 0.0844019581153082, 0.04395827574296891, 0.017911994691510655, 0.0029494164900652105, 0.01181663971490749]
            , [0.05055609234020187, 0.007206816523836018, 0.034796376648704316, 0.0572925738368156, 0.009307674332756406, 0.031529566229065775, 0.057979239347383804, 0.013461696983715606, 0.16914092173348788, 0.027203952244781084, 0.01525739188871402, 0.06788462606808841, 0.010160896539877019, 0.08125778782597647, 0.22369051787358848, 0.06819652254761344, 0.038092051529114886, 0.017842130291234447, 0.005978303052061671, 0.013164862162982828]
            , [0.04158207168395217, 0.005408388099522383, 0.40357617392617917, 0.1952945681299343, 0.004492580385109816, 0.028678914890348847, 0.016106463686611977, 0.007523569928361821, 0.030051355812514606, 0.012462085605936745, 0.0063028623122014125, 0.06891954536117338, 0.02442372354922749, 0.033956222711410314, 0.017655424753105997, 0.057290236434036405, 0.02812248090878512, 0.011682285964342719, 0.0010006249015866845, 0.005470420955658426]
            , [0.08687367710813507, 0.03040327785925124, 0.02076078498517282, 0.025360757829149053, 0.014471667150497062, 0.0251875693236599, 0.01679292318653494, 0.03814127423508453, 0.029279936272265238, 0.03780281504716005, 0.02067468187549259, 0.036584970418014014, 0.019598522690739126, 0.023517469202559375, 0.026744867128546814, 0.161269586010512, 0.30935610301049216, 0.060236167973397446, 0.0041992068305941035, 0.01274374186274248]
            , [0.062171110535606165, 0.014830346495332897, 0.1514373733604689, 0.1621247199405076, 0.011116179966820556, 0.0428774197777827, 0.03361838040983479, 0.017289100989548525, 0.06431702237933185, 0.02876030290271756, 0.011963945023921781, 0.08393393417549087, 0.011638635046358332, 0.06762261749552945, 0.04417181944662745, 0.09371916941643717, 0.056266105630659057, 0.026523748379843184, 0.001919244974288876, 0.013698823652892126]
            , [0.040384216778957024, 0.013836081034306252, 0.031082903768117932, 0.08385136555941305, 0.013006412382011619, 0.015929389586845616, 0.045218383349501456, 0.02822558619051977, 0.15954378402021244, 0.057660132154442954, 0.02303529968602977, 0.04575466909595259, 0.00891747707487794, 0.11350557258563036, 0.16549055125165624, 0.0526964608242867, 0.04042842781914789, 0.033261763486179936, 0.006985214398127798, 0.021186308953782547]
            , [0.02810589667963091, 0.0076940619519494996, 0.00073888067816899, 0.002482916442741586, 0.04298242571867185, 0.004536965273194431, 0.0025097915146903454, 0.27360742536848875, 0.0024442074245788876, 0.2970462612604084, 0.06790419003891023, 0.002965778847080451, 0.002976239062183152, 0.0035795128631845776, 0.00251097491194417, 0.010557988583403937, 0.025921729443745108, 0.21191702197098508, 0.0033069019213042184, 0.006210830044735516]
            , [0.03894630995669857, 0.0033888064728498156, 0.14665657543030255, 0.04392081035589477, 0.009139431222187673, 0.041019084901497506, 0.03250248956127081, 0.01204673455627874, 0.0522445249334236, 0.01628743391349617, 0.009013569414248789, 0.35906375247864164, 0.009969779753719548, 0.02828470792267251, 0.03509618534610095, 0.09088902018637468, 0.04111934510304648, 0.016432858906964196, 0.0025584115737002475, 0.011420168010630675]
            , [0.055743282378727325, 0.009512047494854002, 0.18685305008910258, 0.13660510331030032, 0.007726022410736515, 0.05730129744098445, 0.03715468872417213, 0.010352574757394024, 0.0674951489934002, 0.018176387037429992, 0.008477447062702781, 0.11151709148342057, 0.01699397556827478, 0.05799639512906098, 0.05109399623431088, 0.09121126854848187, 0.042768788404525526, 0.01814676545065668, 0.0035417452936280123, 0.011332924187836156]
            , [0.03201350752058836, 0.012678707678406153, 0.01187338759945978, 0.016179176413621578, 0.2693176775971536, 0.012170379797136326, 0.03343875336464581, 0.045004072499210804, 0.017447902952221005, 0.09509669527166685, 0.027295998957609497, 0.01692079529006744, 0.013539788479582846, 0.018662053456516513, 0.021857933824866442, 0.031938559530297214, 0.025668831301918212, 0.04433813584542137, 0.03041054232908242, 0.22414710029052784]
            , [0.03949288596239601, 0.026253940369784203, 0.00552532734678496, 0.010351953565834073, 0.07435849443108046, 0.009352988028662074, 0.012011188219834972, 0.1487692055943197, 0.016144650891800106, 0.30604937283368566, 0.0788551493847478, 0.011444978592568066, 0.005970322837180865, 0.01588876224065951, 0.014036670814166593, 0.027103577039197933, 0.034302685551733485, 0.12647247881407023, 0.00814750005423391, 0.029467867427259334]
            , [0.10781565901010613, 0.04208319288010029, 0.010436388083393571, 0.01566106891869329, 0.02313132574062038, 0.01852831722009909, 0.010795747387910429, 0.12929597397527204, 0.02030869735363727, 0.10937828755695853, 0.04982840746886985, 0.023880038459063987, 0.010323541617637011, 0.02087740137671287, 0.017604469515509084, 0.07987752076217094, 0.1126123413388909, 0.18109752967894427, 0.00352766474122867, 0.012936426914181193]
            , [0.16128275196531514, 0.02705712647137115, 0.021659892590947513, 0.0215533761993769, 0.019632780933339537, 0.0633076835673985, 0.014712559757592874, 0.02186011227832158, 0.021006777093182133, 0.030805095259353845, 0.014137567766321142, 0.03775070220592207, 0.020281499521246655, 0.018030500241768877, 0.024591891638139938, 0.31908439799189914, 0.10743194513739619, 0.03652537015894821, 0.006076301473613255, 0.013211667748545382]
            , [0.034272533890782705, 0.012848936784285208, 0.007347971446762994, 0.01379728133671492, 0.05915024724353131, 0.0071627144783267685, 0.01862717390357293, 0.16421558359338073, 0.019632606312594444, 0.28228056472629354, 0.0827581274722163, 0.016415939735871337, 0.009009045271719215, 0.023598623676935847, 0.017568599710587295, 0.033576123560191344, 0.04275088069473254, 0.12259154529377751, 0.003575936994086479, 0.028819563873636576]
            , [0.016107434095825997, 0.0015526770290068563, 0.11397444103249588, 0.7077134769123893, 0.003765080132456223, 0.011438268124073492, 0.005295807407524816, 0.004839666936569839, 0.022367072934127267, 0.007300823372937428, 0.004190014764336461, 0.013325112577990907, 0.007483519525819743, 0.0258465293129993, 0.013066157471340992, 0.017690694841905788, 0.010284362688507704, 0.009528928067867093, 0.0009380890078259716, 0.0032918437639992268]
            , [0.04690772414753042, 0.011542459692515394, 0.004987965475478023, 0.016248846140564963, 0.033610045432406685, 0.008841896525478425, 0.01471786933885103, 0.15186187690990582, 0.02700948377569152, 0.2796932917132168, 0.10751612887718827, 0.01683101209890981, 0.0030348736321034997, 0.03340520396883562, 0.021527756620144785, 0.03304970706765619, 0.05205742047149257, 0.1171333422825544, 0.0023850068052834717, 0.01763808902419231]
            , [0.10951538801408088, 0.00718996777084758, 0.1275675805360527, 0.16501953035936734, 0.006172865497051274, 0.04738279167928474, 0.024151552121366698, 0.014424046852748777, 0.0539938623679994, 0.024558734085911138, 0.009594564409184913, 0.062092632041567994, 0.03611737043022271, 0.06327122735985065, 0.03963742842535989, 0.10606235376044108, 0.061297320452080147, 0.028617265362273134, 0.0027226077787716007, 0.010610910695537342]
            , [0.054785823734017663, 0.01744506869680496, 0.02065121646073839, 0.027963931800566055, 0.1065023235714592, 0.025855562728411916, 0.03942579352881805, 0.0394634581348507, 0.035344287093150524, 0.0813137662261401, 0.030053611389413277, 0.03139493376595221, 0.016352487758431258, 0.03617673472533064, 0.04459339723178485, 0.05914234897449078, 0.04457372416385318, 0.04813107265405418, 0.1332504597494742, 0.10757999761225787]
            , [0.08445183603407076, 0.0212070154760548, 0.0032181599221533345, 0.00524392655387821, 0.09767037937402392, 0.026752386674770163, 0.003983358487168674, 0.13857052864050518, 0.0054726175427565705, 0.23694500702770152, 0.061604120132237046, 0.006110369162770634, 0.008588119626480274, 0.005604616376756175, 0.007239304166721173, 0.042936499262680915, 0.05273410326645226, 0.1643448571717339, 0.010723224786976323, 0.01659957031410831]
            , [0.02877454580502992, 0.00926946484407478, 0.00181140418328299, 0.003140099764800102, 0.023259676333645573, 0.0038570134276787395, 0.002866902410827571, 0.34093967663565733, 0.0036647991270085927, 0.19316406636568173, 0.04155836021930342, 0.004751346451088642, 0.0037754306931358805, 0.005048869423096122, 0.0039045627249625174, 0.01224497197549908, 0.026504040494216403, 0.2856432481407796, 0.001486234860841167, 0.004335286119389808]
            , [0.02875262669214819, 0.00714122429440914, 0.014895549660260566, 0.03109465400782856, 0.005353428360868813, 0.015963266847568703, 0.034730700976458424, 0.009219079412766496, 0.2779797414164429, 0.021821200941292127, 0.0074940316977867944, 0.035427649205855595, 0.006121607703556758, 0.06900951991271816, 0.3514127319281843, 0.03886973255917918, 0.02306418368462136, 0.01235204671768466, 0.0019672773616675006, 0.007329746618701933]
            , [0.026770908450938824, 0.014364953432942914, 0.01489931030044945, 0.02487795823305716, 0.006059047515283095, 0.022066858958089283, 0.030828233361106214, 0.013318591371992717, 0.2876751141676424, 0.019308165727298522, 0.008608334515038377, 0.04518398745590942, 0.016576892887258134, 0.06521424737679415, 0.29105541665248824, 0.05215659026372396, 0.031865301176225165, 0.01721944249571492, 0.0038951774996050692, 0.008055468158442202]
            , [0.11176438926251119, 0.015719602913457812, 0.022433870640871, 0.026739461423839657, 0.009621632979247334, 0.03293701640604452, 0.013702581498930718, 0.01836634250432371, 0.036124551763002895, 0.028224442687340805, 0.010179531872232465, 0.032652957248934786, 0.1764048432400821, 0.028093126451660462, 0.02855315597259637, 0.21929536805121763, 0.14751428240694966, 0.028678165977513645, 0.0028242573739733936, 0.010170419325269891]
            , [0.08787570532525237, 0.004901978709319489, 0.0682567904067648, 0.09681719733469733, 0.0031410640896425085, 0.04087332194672028, 0.03494186186821601, 0.014451348873437875, 0.10481805143572683, 0.021823725091823912, 0.012243779737979061, 0.09759832533511532, 0.005947355857093011, 0.09303616184272841, 0.07666261537740912, 0.13579131038994854, 0.07259983731009927, 0.020278762695631055, 0.0011015818269152447, 0.00683922454547922]
            , [0.27264781448685793, 0.026734839390412324, 0.009839506942310953, 0.011298589771884155, 0.010311965321575467, 0.37723394578861486, 0.007210966328430462, 0.014857747283340552, 0.010810970347207951, 0.021297176398096942, 0.008219488914557285, 0.014309497030414241, 0.01174348483228186, 0.010003918152735753, 0.012934178179970428, 0.10379741880015189, 0.032959334769417106, 0.03544210072469631, 0.0024396507403152048, 0.005907405796728107]
