20 A C D E F G H I K L M N P Q R S T V W Y
2048
0.0020219015570638226 0.0402478908870315 0.0082113031259367 0.0246596593543372 0.0475476088774191 0.0092757584953807 0.0216388127831907 0.0245127174253990 0.0197973538358570 0.3005624364916564 0.0305433794910901 0.0154165908607375 0.0407045504634642 0.0115750046383809 0.0610219869776676 0.2168863781027426 0.0492474450912633 0.0401891660513974 0.0239970813430428 0.0031657595576174 0.0107991161463883
0.0018507956425027092 0.1316129692164282 0.0229784028948620 0.0324659225808737 0.0316458582260697 0.0131897883453067 0.0538506168156086 0.0198756167713418 0.0200927373804097 0.0327865059391820 0.0278019120672491 0.0139450310361743 0.0566041007134364 0.0279324429708086 0.0283087193956805 0.0319713414197352 0.2948462637161499 0.1127527829338425 0.0314923530145327 0.0036202463582890 0.0122263882040195
0.0017538356242514117 0.0674046112879934 0.0073522984016193 0.1470113173611358 0.2717772821592740 0.0077833990530628 0.0306984835349858 0.0231784020106161 0.0154830563625270 0.0603474582599806 0.0240931645508130 0.0112236044423577 0.0515529284017417 0.0203419231275539 0.0764827228298744 0.0366973771208029 0.0666638796580338 0.0442618926545114 0.0265928004003585 0.0018312385530809 0.0092221598296770
0.0017139109108538185 0.0609001324871615 0.0134097201842453 0.0273469596749104 0.0459299182178196 0.0139277271768195 0.0323572827818442 0.0349487201088711 0.0235598522550335 0.1535488431395422 0.0410112527158571 0.0179004225014723 0.0388015919711656 0.0179914963518955 0.0605401344343867 0.2600517132101453 0.0611130826621379 0.0432703912023200 0.0308869748178618 0.0069590225376658 0.0155447615688448
0.0016426167797866879 0.0645821031007861 0.0105768965648360 0.0461103918887942 0.0933487908586900 0.0154087591947366 0.0309074910861885 0.0417099306008158 0.0245099040829859 0.0749921993505746 0.0454826499597482 0.0247895437987022 0.0487963673870638 0.0192753244082573 0.2176708543925730 0.0682919972151344 0.0681105318444661 0.0510941089960139 0.0332263332195415 0.0045376128204759 0.0165782092296159
0.0015313979353219643 0.0487315264077438 0.0037701051359236 0.1304102306726455 0.4578682368781531 0.0052834769360060 0.0191951756908521 0.0146776283684056 0.0111175939009727 0.0480357306338953 0.0166541212897465 0.0095073800798171 0.0298423665207193 0.0091839433836039 0.0769402657065673 0.0281832406213195 0.0373725110765376 0.0268360020781615 0.0186465762742921 0.0017098722308158 0.0060340161138215
0.0015313979353219643 0.0610445086358866 0.0027367630895747 0.2058012679988099 0.3022321698889622 0.0040690463937627 0.0300744356988625 0.0183763738182916 0.0092418605346334 0.0539356411213312 0.0139862293957088 0.0068000080730577 0.0552109343683402 0.0138968479992888 0.0710565265938301 0.0271700395492814 0.0637665959646245 0.0361690033466024 0.0187720227563022 0.0002972940614231 0.0053624307114260
0.0015000285176524268 0.0479888710504116 0.0032146390505585 0.2628997103291117 0.3288415223780768 0.0031888078412333 0.0303028771619987 0.0190639356951545 0.0074064187606911 0.0341922147543084 0.0131943666536088 0.0044698500937212 0.0455494710198223 0.0152663140624553 0.0628025409292878 0.0236504197305530 0.0493843711896595 0.0279887222224694 0.0131737057922431 0.0014625984466444 0.0059586428379906
0.001477214395710945 0.0253653624265220 0.0121921981306628 0.0124849618953068 0.0278635517735160 0.0061242769995232 0.0146699155006781 0.0301595821582023 0.0107981243493158 0.2705873504079629 0.0219617682637329 0.0118237379818808 0.0270592568764589 0.0053698451495732 0.0652455887546349 0.3780228509380844 0.0353718409850618 0.0229013570049165 0.0122470881441900 0.0031811612217001 0.0065701810380767
0.0014715108652255747 0.0318732708317630 0.0046724231984385 0.0129482214184853 0.0236900176584682 0.0078728368563613 0.0154865911122267 0.0237761054115311 0.0138438557683756 0.1570523731372062 0.0226825670861316 0.0114722278622594 0.0227917356226424 0.0081913157044811 0.0423661528285667 0.5174962648047885 0.0306909916743849 0.0238194898600324 0.0173261499995338 0.0029615236858411 0.0089858854784824
0.0014686590999828894 0.0401605455810275 0.0071864397075017 0.4049356306477512 0.1724722394581338 0.0052916050582082 0.0321696327556633 0.0182136567665876 0.0091315588583634 0.0279004170411458 0.0143948302044267 0.0072343521386797 0.0827402723810406 0.0156011313555482 0.0310195351681381 0.0178627713952685 0.0592043980672462 0.0303349401781888 0.0148145093424023 0.0011711092979025 0.0081604245967754
0.001425882621342611 0.0826347307417582 0.0171443425092974 0.0224765738844251 0.0303321757519758 0.0109108389504808 0.0223214623941849 0.0147538977246105 0.0350190347218347 0.0330825069777605 0.0324000840973590 0.0186531693412559 0.0367431137114972 0.0140082379535108 0.0266920086242528 0.0264862538266614 0.1707830251338244 0.3403260283259734 0.0529241403876650 0.0026922062647750 0.0096161686768973
0.0014173273256145554 0.0517364455073220 0.0157600728899564 0.0390781402468892 0.0456610756836563 0.0470544577978603 0.0310869373977599 0.1867195858204835 0.0252830853472968 0.0522805115590437 0.0489402548752636 0.0197764223903696 0.0633816903610840 0.0209915736032557 0.0593116551058484 0.0617473946617565 0.0657080574097526 0.0417418437739942 0.0322949752344472 0.0094631071150097 0.0819827132189507
0.0013945132036730736 0.0357646081128603 0.0033217011315920 0.2684727379858883 0.4004342895133150 0.0030383906976543 0.0261304636497493 0.0132339426572891 0.0074542672994389 0.0269091662558200 0.0128737144994293 0.0080455116003522 0.0416590307545063 0.0073251134424769 0.0470702315171462 0.0150534046119539 0.0387055192258884 0.0215298828481246 0.0164136110615008 0.0008593573118719 0.0057050558231424
0.0013888096731877032 0.0513925831305314 0.0080447044621839 0.3489138057111397 0.1177264194954957 0.0112770654216273 0.0431916857732124 0.0226798338188270 0.0150544858882589 0.0354912643428255 0.0222394012875218 0.0107057572889643 0.0856228754342837 0.0179354644862223 0.0360920993094404 0.0274107839007586 0.0653754421457609 0.0405792548139217 0.0235483834539315 0.0037729876526375 0.0129457021824553
0.00134888495979011 0.0201495091024162 0.0059151844895869 0.0042150756983295 0.0059627513763360 0.0634442708658525 0.0066728525517741 0.0074062844630583 0.1129940321757592 0.0072571814999899 0.5329425728015146 0.0716529556604703 0.0067402615146059 0.0065519013932371 0.0088493885641701 0.0100751339967883 0.0145704428112307 0.0161865079758844 0.0844778842984233 0.0035660464714741 0.0103697622890986
0.0013460331945474248 0.0226175291811958 0.0121652507263317 0.0025396130106734 0.0063369415936697 0.0352511341439370 0.0033093107239014 0.0046695909838742 0.2580741339306371 0.0083585306414550 0.3268881450060774 0.0683537580729563 0.0053339418234129 0.0045159836066174 0.0087556429753103 0.0085524334790406 0.0111905879865835 0.0238916366582094 0.1778994129499049 0.0011421939132052 0.0101542285930067
0.0013431814293047397 0.0124629398451812 0.0060119404925285 0.0022103003478119 0.0036180038820761 0.1092596955133142 0.0032650318338802 0.0052382065081059 0.1118042399930246 0.0056480538300109 0.5241087635213842 0.0867483404791296 0.0040117340965861 0.0029718784577991 0.0059919973563336 0.0060003508951292 0.0089326876249463 0.0120931347780824 0.0614124100281810 0.0038663440127336 0.0243439465037615
0.0013260708378486283 0.0574911713055147 0.0071577803864537 0.1286358278798203 0.3425636792371612 0.0104034919549154 0.0283671621978048 0.0233745617822030 0.0163145420944663 0.0509966094462056 0.0266950150530557 0.0130266521967859 0.0385693790268478 0.0160828481170635 0.0709657143149970 0.0380211823796725 0.0516344977269761 0.0360566579753660 0.0264706988204600 0.0048336835754214 0.0123388445288088
0.001323219072605943 0.0678259679248357 0.0090943190871314 0.0358491243414541 0.0630239534891328 0.0084080906242463 0.0313432037828403 0.0280066886983621 0.0178110464331088 0.2047775741436251 0.0322005842556711 0.0164675542805767 0.0495744684652454 0.0216375788615023 0.0756618076323713 0.1703216132872563 0.0784539461015449 0.0521182500569220 0.0254721861821284 0.0024973393001309 0.0094547030519138
0.0013118120116352022 0.0502259901223490 0.0076057332891701 0.1043282525459340 0.0547847601350122 0.0101925411133484 0.0475658764066357 0.0356125628709792 0.0164035660078960 0.0674023177038939 0.0225016825764776 0.0116508760665742 0.2654453080349626 0.0122483824087822 0.0419977221817760 0.0493255676577462 0.1072512889229565 0.0561901784802337 0.0227897792708602 0.0026549585792979 0.0138226556251143
0.0013004049506644612 0.0726417269845975 0.0084141842238928 0.0372166980759811 0.0184325640657414 0.0051907949924278 0.6386963174121506 0.0114113445606945 0.0061659821830934 0.0186840905820102 0.0094075304516640 0.0048773593751580 0.0438855068198963 0.0055429006245049 0.0131988897901813 0.0154590311668296 0.0569043828694260 0.0158625826785505 0.0097997017863963 0.0027334456348928 0.0054749657219108
0.0012889978896937204 0.0523291488085066 0.0062060575975162 0.2931156490824409 0.2188979464046212 0.0058025504185620 0.0360732640829607 0.0208697904488191 0.0103415259669447 0.0425066693302844 0.0169953289546676 0.0073126023051530 0.0758169581017050 0.0086466742406611 0.0522545113659844 0.0283991194614143 0.0628793802194776 0.0355314955514203 0.0176840048832655 0.0024335095306010 0.0059038132449944
0.0012889978896937204 0.0689801984674585 0.0168601291452948 0.0571501155978208 0.0340707971737865 0.0087658212539012 0.0510452457653353 0.0326620348149375 0.0152762941338974 0.0379848101784197 0.0202937183229516 0.0108169737708920 0.2020503984389621 0.0139881429204138 0.0326952410436736 0.0309743658485710 0.2327540935115373 0.0987133267117187 0.0211739911744852 0.0022622976024504 0.0114820041234927
0.0012804425939656648 0.0429994711809737 0.0054879602909841 0.0194190666598279 0.0494404963428427 0.0041915786389698 0.0168715352752646 0.0271824692983342 0.0134821332727180 0.2795848422369278 0.0205715488818410 0.0105850143818215 0.0450645302613072 0.0039585917295620 0.0925681895833463 0.2377180263627562 0.0595221600075747 0.0440480327371326 0.0191854036741576 0.0014179921996083 0.0067009569840499
0.001271887298237609 0.0170056458351108 0.0086979833896920 0.0020758794416680 0.0037360228117308 0.0429966609017104 0.0030243542667827 0.0037656896199626 0.1116702548942456 0.0051508030722030 0.5609199408581941 0.1098322297158235 0.0042126764663417 0.0026682666930971 0.0086901091073322 0.0050140861828963 0.0103873503864500 0.0167990251137041 0.0733786834452553 0.0013769292458119 0.0085974085519880
0.0012690355329949238 0.0192017291708683 0.0183790940195621 0.0068778579677787 0.0073425456099419 0.3371211224078273 0.0062661741040487 0.0344766132303715 0.0382846540994938 0.0086419395006301 0.1015395995532777 0.0237620327196967 0.0120101391256599 0.0048697266564316 0.0125107316934181 0.0096509351099744 0.0201270346687203 0.0151645892758541 0.0364568148087367 0.0131127882245429 0.2742038780531649
0.0012661837677522387 0.1111219851895124 0.0136300600489550 0.0436527995452847 0.0413247651114507 0.0086479243877352 0.2801528776678317 0.0197126327259897 0.0132949510558199 0.0375149053296361 0.0200366890240488 0.0102050599344984 0.0663332264297460 0.0165831116568118 0.0332159865845289 0.0345028698974828 0.1604705980594531 0.0576786282736443 0.0214012073308086 0.0019953279726403 0.0085243937741215
0.0012661837677522387 0.0282495388550179 0.0114557203221049 0.0110465074575803 0.0269955506831994 0.0077527237450114 0.0132883791891285 0.0330504203222005 0.0194662139988157 0.2769317785022497 0.0364544376762858 0.0197651245921302 0.0369494891546913 0.0141068419052191 0.0791040490902004 0.2831144067820928 0.0367594333293248 0.0310008000168796 0.0219036093977879 0.0023660716014865 0.0102389033785933
0.0012633320025095534 0.0506334419168803 0.0087773460037656 0.0328697275681168 0.0568939015722356 0.0095776396843640 0.0315309142848328 0.0634498067607241 0.0127512257256680 0.1624542494652820 0.0290316121894245 0.0131275875103340 0.0671667393515462 0.0117854209701601 0.0957531481082184 0.2121971709580488 0.0690828689554977 0.0369910259190103 0.0185090337209173 0.0039662060264709 0.0134509333085028
0.0012633320025095534 0.0288147866238732 0.0028376776706242 0.5612716413349071 0.0856305414875213 0.0048979979719490 0.0268549393310499 0.0161425532341884 0.0070983466737758 0.0202358918016798 0.0102335320005056 0.0049592270091704 0.1056335195959989 0.0096455854569018 0.0193700774181981 0.0164673357676538 0.0406585028200436 0.0211345474757559 0.0113518463063981 0.0014786722704382 0.0052827777493669
0.001257628472024183 0.1698185081351860 0.0209572522368368 0.0182928078073699 0.0174770569275411 0.0061851212950918 0.0459619191165599 0.0095798164343262 0.0106483030473914 0.0184126002776817 0.0145596506845868 0.0079993387585721 0.0345494531374350 0.0119190152859456 0.0169582362740084 0.0169009508355552 0.4428809332514285 0.1079803802592009 0.0214185640254412 0.0019729920403683 0.0055271001694734
0.0012547767067814977 0.0222213278354287 0.0085722643186429 0.0014807960122520 0.0029911654388625 0.0343431585455050 0.0034279386612567 0.0021200306003037 0.3000659708034523 0.0052826396164626 0.2990326341414509 0.0591104440895971 0.0034766940246775 0.0030002118106551 0.0037177848507823 0.0051930422898557 0.0078923898573221 0.0183555643341981 0.2088251052712347 0.0031312035925923 0.0077596339054676
0.0012376661153253865 0.0138710892682066 0.0070683954776625 0.0019806145355659 0.0030796394047937 0.0570850955323112 0.0030350229623700 0.0040628660836967 0.1216102015089241 0.0036022322117473 0.5748177298821674 0.0819136632086346 0.0022923474664645 0.0062335613978633 0.0049768181230461 0.0046830598191379 0.0089892389507333 0.0108206453186367 0.0787641300870572 0.0025555276675547 0.0085581210934262
0.0012376661153253865 0.1288485639057632 0.0223531644173723 0.0220855020684863 0.0212933550085161 0.0077315716111258 0.5078704211081008 0.0108989883816959 0.0095712795637398 0.0191361164806257 0.0168443305911768 0.0076477228999627 0.0320057174726168 0.0115953713096289 0.0162085519326853 0.0182027077122545 0.0926044680982739 0.0273756836989099 0.0179881752547058 0.0018607139046567 0.0078775945797030
0.0012376661153253865 0.4021358364170879 0.0222043822611628 0.0187413249186099 0.0268218809302869 0.0075928169930102 0.0695083450674908 0.0109648848803778 0.0171293490573508 0.0240881233872389 0.0213247999042966 0.0115834153513964 0.0236782104895078 0.0189356636444115 0.0215038871367291 0.0202634748509026 0.1810469439517567 0.0543007137019682 0.0394092982170434 0.0017831547273004 0.0069834941120713
0.001231962584840016 0.1027638092411230 0.0113673935470728 0.1194704040807602 0.1224767125915793 0.0078727924066444 0.0609576787277150 0.0256644329542912 0.0130441498084517 0.0514983855504150 0.0236478074319275 0.0102680853026770 0.0745437370161259 0.0240785104408872 0.0565629773995324 0.0420421952997466 0.1451336626955362 0.0712872834926706 0.0250173290671360 0.0032684311549095 0.0090342217907982
0.001231962584840016 0.0509290855481395 0.0115372464026843 0.1404766988926609 0.1801806377909617 0.0100236211223231 0.0395188816208223 0.0445768070267531 0.0147956458015731 0.0763975600600199 0.0276602551325490 0.0116486551258320 0.0786809853669721 0.0134741455902795 0.0844112516314983 0.0575259874823534 0.0737542617560947 0.0427380360662344 0.0233463083562807 0.0021837429955254 0.0161401862304425
0.0012291108195973308 0.0930613408241871 0.0075177194554062 0.0363362980413408 0.0495286291818129 0.0104257402069783 0.0273683760388592 0.0176426308704219 0.0179169993665383 0.0457122438399906 0.0322437636736622 0.0124975027347691 0.0293893889783022 0.3753869478517262 0.0379410166773108 0.0352953426788792 0.0852028642588993 0.0451836602816794 0.0293846629794559 0.0031624579886088 0.0088024140711719
0.0012120002281412194 0.0264019055665924 0.0108441117969911 0.0008996403256535 0.0029181478387725 0.0233218253596086 0.0021359005009576 0.0018840888176564 0.3191932915049970 0.0024021215721902 0.2405667321448913 0.0525572437119762 0.0028166803550574 0.0023481227492091 0.0043166785633238 0.0032922328145324 0.0098698023933613 0.0256283138431910 0.2619715417100039 0.0015804318409884 0.0050511865900459
0.0012091484628985341 0.2294133326063821 0.0255272592553239 0.0126850764248678 0.0141666611512865 0.0062073291966173 0.3347999822886591 0.0067323902976631 0.0098865221584827 0.0126293001533502 0.0147096537823977 0.0060542082338738 0.0262618414371575 0.0117480713922982 0.0119281327598280 0.0118660756514044 0.1917945892919339 0.0472040007983991 0.0195508002440180 0.0015893037342646 0.0052454691417922
0.001194889636685108 0.0343796698853108 0.0116249963669814 0.0079860595914358 0.0143019992367584 0.0423581960560041 0.0087764789767335 0.0090187509608790 0.1505262939337546 0.0178200908749546 0.3800824583551288 0.0868060167257132 0.0116174191555659 0.0067325799134701 0.0178918788569376 0.0152649047977801 0.0259639875849242 0.0311163019119073 0.1096015820213247 0.0028122279076190 0.0153181068868171
0.001192037871442423 0.0161565927984317 0.0036250103903126 0.0074768899710244 0.0200101115537349 0.0039699635133667 0.0080160257738610 0.0140619283905879 0.0068024709685181 0.4899326403295892 0.0154732869943887 0.0092942799954622 0.0223287967741602 0.0076070731897742 0.0437330184833745 0.2702037982168413 0.0242764138373785 0.0180051100947492 0.0097638600164050 0.0019435978917007 0.0073191308163389
0.001180630810471682 0.0606716640727759 0.0120689498016595 0.0085376612265270 0.0136086490966729 0.0167059451644860 0.0103849047678808 0.0069244342890609 0.2383905746253619 0.0121804425636856 0.0934207245500314 0.0308255879006081 0.0110134065884393 0.0086303936245974 0.0122988981265641 0.0111365342305743 0.0284086663155842 0.0469226589431859 0.3686811301018403 0.0018683653818786 0.0073204086285857
0.0011692237495009412 0.0263003069961616 0.0088809018548590 0.0102075838983699 0.0116772128823852 0.2412917559824998 0.0111748918877815 0.0489836719833066 0.0221649881176705 0.0134531621797728 0.0488925802840009 0.0163809221265139 0.0177168977241528 0.0069528143384411 0.0145150001124762 0.0181574196257299 0.0258748454918953 0.0197846670038290 0.0255591015588683 0.0261290274310726 0.3859022485202132
0.0011692237495009412 0.0556337281211862 0.0165830878224411 0.0164464420198040 0.0282377090739096 0.0415457157296838 0.0159241111557075 0.0220985130228945 0.0990750179497151 0.0327251701604988 0.2438418928643772 0.0935264178254117 0.0252779366679058 0.0133584607668145 0.0394112422907147 0.0313733407942464 0.0536841765988482 0.0535764849097166 0.0908792179460941 0.0052974042730381 0.0215039300069923
0.0011635202190155706 0.0171784291645704 0.0080595676504674 0.0009741794046998 0.0017600468731072 0.0452546490410783 0.0033050654365038 0.0025902612142541 0.1933781211027673 0.0024155967979443 0.4577364071152706 0.0955476512515276 0.0036340801907685 0.0030995508955169 0.0056286464952261 0.0026192145254771 0.0100308004086457 0.0167160240586407 0.1206369671532614 0.0013666998080241 0.0080680414122486
0.0011578166885302002 0.0302742543999536 0.0056451470425904 0.0132811745502300 0.0288080864381837 0.0033639301082355 0.0152771403513005 0.0159850579221527 0.0115925426011446 0.3488051388941505 0.0191966293843652 0.0111671811404890 0.0304542788667202 0.0128159240927116 0.0549455615553321 0.3030698286720357 0.0432796784091022 0.0308400990535088 0.0151567531562842 0.0010188022014634 0.0050227911600462
0.0011492613928021445 0.0740368969960714 0.0174508047495569 0.0827791450263176 0.0608411235413445 0.0180996625666525 0.0646831097816606 0.0337995605048006 0.0242921766793932 0.0566203233048121 0.0362581247300848 0.0165502780181521 0.1503980341223407 0.0207803111139113 0.0427462055764622 0.0469119607900143 0.1288188784690221 0.0691918634967237 0.0323944935443294 0.0051939380007087 0.0181531089876413
0.0011378543318314037 0.1037050941218703 0.0193534121934787 0.0329652405339762 0.0403327760210568 0.0199555485509939 0.0399220894542977 0.0219879546416985 0.0491850452573007 0.0477763753355440 0.0614659689855254 0.0249798899269596 0.0523075190777577 0.0303250058246065 0.0367182981110106 0.0420330130120996 0.1532104176286251 0.1392346089822855 0.0651875439985644 0.0039766635271959 0.0153775348151533
0.0011350025665887184 0.1048927269104829 0.0158912511471206 0.0489490656730287 0.0390846155310974 0.0119964465720116 0.3348459214473593 0.0179429528639294 0.0163565349970252 0.0301044490104113 0.0238291092264907 0.0112030939464338 0.0559173716123035 0.0160227683698552 0.0258388143055477 0.0339216055695986 0.1212414662769583 0.0471010981924498 0.0268937381648036 0.0075747967168752 0.0103921734662168
0.001132150801346033 0.0648316644801863 0.0208611627096923 0.0045687590702101 0.0092270310514201 0.0257924258001727 0.0090018467752312 0.0067817014706480 0.2312934033883855 0.0103894189561638 0.1449483467592661 0.0372845012060067 0.0082026498391328 0.0068242646458743 0.0100763623506615 0.0113577714334322 0.0251871087117135 0.0531234313303399 0.3031803922139819 0.0032925150759658 0.0137752427315152
0.001129299036103348 0.0473851451640951 0.0136049283442215 0.0863832301323475 0.0387848476997943 0.0149414611205870 0.0416565068749193 0.0439648529984874 0.0198073272628647 0.0385001576050516 0.0257178050933164 0.0143032960196694 0.3560786692831250 0.0119946644248823 0.0317490433740568 0.0354286894309584 0.0835671747462449 0.0477044840183382 0.0243758924363315 0.0045524172375310 0.0194994067331777
0.001129299036103348 0.1011922173597250 0.0083379536206995 0.0552416405474179 0.0873269782144769 0.0057559630292032 0.0484398802605302 0.0325041159287220 0.0153713497355166 0.0961682256370562 0.0248193571582999 0.0130164319598107 0.0824520222300011 0.0078453211783712 0.0878566212844005 0.0747242331668363 0.1463031149354223 0.0788803406601816 0.0234887057677083 0.0022586589921151 0.0080168683335054
0.0011264472708606627 0.0476228900331747 0.0106286034145530 0.0328964639284680 0.0800676904752655 0.0149793643775555 0.0186367589863595 0.0423942885072989 0.0288043697937889 0.1524014060037931 0.0593768847201107 0.0261665797808756 0.0453665898387476 0.0095789553896166 0.1107927629755411 0.1589085116664533 0.0555155138790216 0.0445445991445961 0.0352639041375947 0.0052843018462674 0.0207695611009181
0.0011207437403752923 0.0203807246061394 0.0066319249912907 0.0042280910723026 0.0086172175624848 0.0435939511495960 0.0044204001697699 0.0088591261825062 0.1052780451128526 0.0136492328090654 0.5088452596030064 0.1163831492816421 0.0077242643009999 0.0038582712587677 0.0178671177493799 0.0131603001470336 0.0139400094054062 0.0181697045805873 0.0639443993331569 0.0032303081218037 0.0172185025622088
0.0011207437403752923 0.0587361100119699 0.0047447370795305 0.0691367444884819 0.1958332906871562 0.0070170930674198 0.0207602262604139 0.0260780634881351 0.0164859899710704 0.1545942121460225 0.0263151849652694 0.0141424945898044 0.0394700492047798 0.0087123618922313 0.1117651418631565 0.1164908308185215 0.0509950391042524 0.0434844017726268 0.0248614907291175 0.0024528299416670 0.0079237079183729
0.0011121884446472366 0.0360310380737576 0.0155136223308595 0.0125419102495395 0.0155280003513165 0.2631375987078429 0.0145263911314060 0.0353169182173386 0.0519606503051333 0.0180008192169025 0.1220727767738725 0.0320563926536841 0.0208583000393676 0.0117828338568691 0.0200318443439652 0.0219306929659695 0.0388411835725373 0.0309982654505416 0.0524266769714435 0.0143249062942989 0.1721191784933543
0.001103633148919181 0.0375587996735106 0.0114600218528676 0.0012438102346082 0.0020010252603646 0.0724964233065207 0.0088576756661540 0.0020981889401249 0.2102731081956883 0.0027258348974230 0.3473660110363513 0.0717417141729590 0.0026762196920041 0.0029694350536479 0.0035576457361298 0.0030186800015973 0.0147416183307206 0.0250718121587325 0.1691092488645935 0.0040204695792846 0.0070122573467173
0.001103633148919181 0.0545946834777439 0.0034128377730859 0.0102480750738253 0.0094631753682885 0.0037122034248811 0.7818607055355691 0.0052369020607711 0.0038248921082488 0.0115020594715705 0.0060224250249109 0.0036712803100046 0.0166877201102163 0.0086508378807402 0.0079973050586823 0.0124076438352947 0.0389606014916344 0.0116736992089737 0.0066285529711593 0.0008528947208978 0.0025915050935017
0.0011007813836764959 0.0565806813988151 0.0043033883916563 0.1320048643372091 0.3106230322786770 0.0034264364151444 0.0217098144296795 0.0193713432271993 0.0120357418911114 0.0742172546280278 0.0240935313343394 0.0089934406674014 0.0452209678416313 0.0060407188489390 0.1165248245273098 0.0441177154263894 0.0519807147845905 0.0407629164165607 0.0221977753958603 0.0010958576753651 0.0046989800840933
0.0010979296184338105 0.0754686964282516 0.0146641781619780 0.0171579965366294 0.0142240091295462 0.0050885991851688 0.0207379298801544 0.0072514186946484 0.0119261272696807 0.0176482561958351 0.0127033541099474 0.0088196034459218 0.0330461722097124 0.0119572172281375 0.0128207337839746 0.0133266262178431 0.3485003924122723 0.3474283384643772 0.0218302644403283 0.0011698701426557 0.0042302160629372
0.0010893743227057549 0.0341441418468947 0.0036919831975199 0.0179881207881602 0.0326528461367804 0.0103963244431340 0.0223781728729897 0.0393822583443703 0.0180085807949430 0.2189695918846099 0.0310187513382571 0.0188054476127429 0.0399452500400449 0.0167866394710756 0.0631527193436832 0.2715824189829555 0.0611693400500748 0.0496782009451615 0.0253471154052161 0.0085589140666784 0.0163431824347078
0.0010722637312496435 0.0662981157437701 0.0013647549619282 0.1603372708579256 0.2474685509226114 0.0078917372169643 0.0382170724883120 0.0266656160382603 0.0114779168457517 0.0685765776299913 0.0216945713415459 0.0111598957245730 0.0568035071789426 0.0139800672034698 0.0898174578616560 0.0462103159982305 0.0630830114334698 0.0369527121878592 0.0190855386403984 0.0027509705015149 0.0101643392228250
0.0010722637312496435 0.2571550110605246 0.0394621463095825 0.0108464391842880 0.0153132014990337 0.0149080929374936 0.0453615569201355 0.0102943601873898 0.0472760856755524 0.0155173892594167 0.0415466872420439 0.0210493059867825 0.0235609586847709 0.0108001498901009 0.0167411666786685 0.0145759991194896 0.1904822336626978 0.1312140822735853 0.0825073632825823 0.0021314434028762 0.0092563267429851
0.001066560200764273 0.0653069125643616 0.0050447271860401 0.1130763042049935 0.1956995445768167 0.0044352662348028 0.0378283828426203 0.0228638423974212 0.0111462119294665 0.1282496556082179 0.0197973774534281 0.0099993861602815 0.0598539633677706 0.0180820714088567 0.0807532474641503 0.0841628051076338 0.0709560948457943 0.0457795243142542 0.0191973557120076 0.0019481146391610 0.0058192119819214
0.001066560200764273 0.2857331219064231 0.0161955919006620 0.0267936120764373 0.0396647434503977 0.0149192215706713 0.0638569940263681 0.0154038865644661 0.0401837392500615 0.0287408780820962 0.0452263339168178 0.0199055171798613 0.0260772355857178 0.0234871204147569 0.0264969482044481 0.0290616601802648 0.1185787004095704 0.0764491289541696 0.0885184479622077 0.0040642014660124 0.0106429168985900
0.0010637084355215878 0.0263665850181101 0.0075655149642657 0.0129958655798749 0.0290978221675780 0.0097713391413884 0.0133567955125504 0.0319086749710317 0.0151184583613108 0.2891992847113233 0.0265572739561764 0.0128331973613491 0.0351114082861417 0.0075372475985120 0.0640203762442839 0.3067369991972977 0.0433089499098729 0.0360295781511921 0.0212519836912704 0.0006763200099197 0.0105563251665509
0.0010551531397935323 0.4638282333156077 0.0182492569927672 0.0056255470317706 0.0088487503877278 0.0073099083172146 0.0451903512363739 0.0049295996868364 0.0147955217180104 0.0093872102538556 0.0184883370261810 0.0079979559994748 0.0122742282500259 0.0111385886905424 0.0108159042029244 0.0085843220261510 0.2316498936951828 0.0722439364466023 0.0433350449740369 0.0014907291727542 0.0038166805759599
0.0010551531397935323 0.0408594733464651 0.0126170618459175 0.0026042431577902 0.0042961332857047 0.0935510823877328 0.0121477073209951 0.0042131079852766 0.1301717230774272 0.0049834392924612 0.3995627512730248 0.0885455836596307 0.0050963107083468 0.0071751561342528 0.0075366260815527 0.0063185413325103 0.0214740311632770 0.0261387700088928 0.1087511740971078 0.0098245513605218 0.0141325324811123
0.0010494496093081617 0.5008780275860200 0.0222193017276470 0.0113542510920291 0.0163782254971602 0.0082680553149245 0.0732368868314684 0.0082134518014952 0.0200914159267417 0.0127192379982113 0.0235874851889103 0.0108690541645964 0.0121928553148343 0.0148864860081457 0.0127334978060862 0.0138178545615117 0.1196100460432964 0.0469517688471954 0.0630320373460972 0.0021022551350818 0.0068578058085472
0.0010437460788227913 0.1201759611204964 0.0210410473921538 0.0163981798272327 0.0220360685450324 0.0208316285372264 0.0264943102234705 0.0149550542368432 0.0623107566920519 0.0235924397519608 0.0549117492116175 0.0262719303509513 0.0310720769769181 0.0175141102626426 0.0207177844139156 0.0224680613203809 0.1628172124315059 0.2165129747306973 0.1012092884015496 0.0043452549174325 0.0143241106559208
0.001038042548337421 0.0207184020439567 0.0058041394089746 0.0026818787755443 0.0056282306369923 0.0138594002801563 0.0028191804510042 0.0036091597507617 0.4208269481735429 0.0069161083562922 0.1247329019769228 0.0316377541718570 0.0051412222506615 0.0024174023961222 0.0065283894171148 0.0059417266734227 0.0092229538026112 0.0212836871006763 0.3025553021660116 0.0016521290730630 0.0060230830943118
0.0010351907830947356 0.0314174214606695 0.0089427715318151 0.0033981390311700 0.0065403713031292 0.0433678489362524 0.0042378014223808 0.0069277074840281 0.2034033895205548 0.0089256724949055 0.3624001808682721 0.0650300705121465 0.0045084581890538 0.0063669720093457 0.0110908579741783 0.0133800390497379 0.0159068003593770 0.0269174244542694 0.1633469319875225 0.0041375918754718 0.0097535495357193
0.0010323390178520505 0.0577778263375723 0.0201256571603780 0.0202007948181577 0.0386777308283610 0.0263249816674534 0.0219536978072414 0.0283500135594817 0.0743689532045846 0.1027629967908376 0.0896425075704062 0.0362437746609259 0.0366650681861324 0.0155487450966143 0.0491868289955601 0.1352912298708892 0.0661739744164475 0.0676005758090703 0.0854161380016605 0.0063903594924063 0.0212981457258195
0.0010323390178520505 0.0242994281363855 0.0079522294200382 0.0012379984349725 0.0036121946460140 0.0232679204440755 0.0019320717024646 0.0025491776573391 0.3393182071304274 0.0029306779675624 0.2201175645277912 0.0468099615852791 0.0032871713505255 0.0029137348852602 0.0038170119686749 0.0031429931553021 0.0082385858888780 0.0233457044289621 0.2772988786747195 0.0003123965153293 0.0036160914799990
0.0010323390178520505 0.0802187194151749 0.0085447194438283 0.0991165305424038 0.1521831295594329 0.0138665667341202 0.0347586138524761 0.0253194779005335 0.0316777533609319 0.0666338405607623 0.0410503743568552 0.0187221372850149 0.0561327453257103 0.0193270512592587 0.0638887688787506 0.0487648494204680 0.0890236094902424 0.0812443880009728 0.0492012279165817 0.0044280592289048 0.0158974374675765
0.0010323390178520505 0.0401504976805149 0.0075238629418251 0.2508137948233722 0.1292901215509815 0.0063845955995225 0.0581108597957749 0.0344489846176199 0.0112089081983351 0.0577399339587839 0.0170949292693470 0.0072848751932372 0.1392077572276708 0.0170701371872025 0.0420027774502953 0.0329047363055560 0.0798453833794101 0.0357463706870717 0.0176999849288019 0.0023895994383277 0.0130818897663497
0.0010294872526093652 0.0469694979390539 0.0239489835208634 0.0061037043931351 0.0110179107228306 0.0896369468554191 0.0127720986616668 0.0146291274418657 0.1151406341014524 0.0149105475132178 0.3065637757905620 0.0713100797243979 0.0123722516294283 0.0116676566822611 0.0174659052867462 0.0175382018149044 0.0351209448447817 0.0392400743615505 0.1089872045838503 0.0117613476188855 0.0328431065131272
0.0010152284263959391 0.2966111370071047 0.0386056630910497 0.0043126005474527 0.0066369060692109 0.0165315783090554 0.0580049175122210 0.0036802127274215 0.0458534433452127 0.0055162704961388 0.0394851214984819 0.0202785900010088 0.0131234169665373 0.0084207288548456 0.0071212536042571 0.0067344168831328 0.1904547765334156 0.1365534001831127 0.0927451215625632 0.0035939837250055 0.0057364610827722
0.0010152284263959391 0.0441051477908974 0.0039314979014823 0.3019619560040647 0.2172218606663927 0.0043381411395119 0.0316266105895161 0.0204231411290307 0.0052296274990850 0.0506962361838673 0.0112044056451178 0.0055795828929172 0.0940883929217312 0.0115734115081872 0.0543213205948378 0.0281480872100403 0.0686010172777665 0.0317050121300161 0.0090475329184345 0.0006885336389012 0.0055084843582021
0.0010123766611532538 0.1204642485168765 0.0129945613971878 0.0604332033649925 0.0592602393290317 0.0082422061362767 0.0800991964132484 0.0197250099559268 0.0145779514336626 0.0484907978245522 0.0208040082253117 0.0120275145247527 0.0946413006249225 0.0214135215870357 0.0453580426804598 0.0365231456812268 0.2126823213008371 0.0995706961032236 0.0250749824523230 0.0005256976621401 0.0070913547860115
0.0010123766611532538 0.0369317216761068 0.0009467323922387 0.2857007831197515 0.4035942301643810 0.0036024183408371 0.0138303210452499 0.0108911084710653 0.0101096186049438 0.0290702512384502 0.0098714916125386 0.0058416664009002 0.0371580846749216 0.0072509066040257 0.0510258794693741 0.0144351185837589 0.0374966545880734 0.0250679683324222 0.0125736541519798 0.0003308844413594 0.0042705060876220
0.0010038213654251981 0.0792417588337546 0.0070578846415517 0.1059346540819951 0.1343908900825265 0.0074512030595626 0.2695218534858653 0.0189295834025973 0.0123677174955094 0.0456892401412937 0.0196343879942824 0.0096659886457176 0.0526220577902166 0.0138989114017822 0.0487239792944803 0.0361288420481742 0.0734339359967736 0.0352545495742437 0.0195262924852031 0.0024246708936592 0.0081015986508108
0.0010038213654251981 0.0738711823869442 0.0160202542015160 0.0271258860117664 0.0732922521948012 0.0150197762331780 0.0213980813133054 0.0285856177003951 0.0705875469640969 0.0828356450228657 0.0651759560224831 0.0274266637018264 0.0439384827339139 0.0108603338250354 0.0883913653496587 0.0646315212221967 0.0858774487342991 0.0987308846221325 0.0895594057626542 0.0028932078942252 0.0137784881027057
0.001000969600182513 0.0462263557968250 0.0150153949248810 0.0031269643153358 0.0057106073464263 0.0585181998364205 0.0097039233099959 0.0061271744293636 0.1829912954098633 0.0050863230004908 0.3244872918420701 0.0787606154159969 0.0066913635946091 0.0044846993071799 0.0078006346444692 0.0055711591180715 0.0214534081138246 0.0326885102537417 0.1698237265889299 0.0029800681736520 0.0127522845778530
0.0009981178349398278 0.1844280258672312 0.0203178024886524 0.0210277780286366 0.0213357849414117 0.0208924360229652 0.2345129598603911 0.0137177514913698 0.0257736123625927 0.0216316671979013 0.0381127793050991 0.0172759027709139 0.0315098316314886 0.0134772511623357 0.0180289991353246 0.0262853265342060 0.1575908979733164 0.0693704411199780 0.0472078482590943 0.0059264092111385 0.0115764946359531
0.0009838590087264017 0.3628927087443904 0.0663244788453361 0.0058747229361356 0.0089143232636129 0.0067287166886951 0.0808997779052558 0.0057545824807484 0.0273704503846101 0.0081370369881204 0.0242527873016705 0.0095954304695312 0.0143882345771693 0.0052717688855237 0.0092008573399745 0.0074930878216462 0.2149463623765379 0.0772619199131940 0.0573822794723086 0.0015944246017676 0.0057160490037715
0.0009810072434837164 0.0248213824997794 0.0090719098613436 0.0031121391961214 0.0032091434046398 0.0213131041281757 0.0033593707229438 0.0030166698154260 0.3678988576909680 0.0031022275901289 0.1434896781518473 0.0320941478887660 0.0034409534966848 0.0054741509171617 0.0042212527735049 0.0029880341593668 0.0110582485425372 0.0198988619589096 0.3306909937149967 0.0018578431871953 0.0058810302995032
0.0009810072434837164 0.0422189951325821 0.0102713951134211 0.0153239133373491 0.0331886692907118 0.0035017667961312 0.0296665002531882 0.0361139669805252 0.0146926934590719 0.2363401533958924 0.0210180453665427 0.0085019201815331 0.0393566249097202 0.0153703743151083 0.0710717844736442 0.3023354524759215 0.0577932513566979 0.0357696201719421 0.0170996569717274 0.0042478370405746 0.0061173789777152
0.0009810072434837164 0.0498597784638422 0.0131884680152393 0.0051305631458303 0.0156428362713141 0.0304253117917645 0.0082070760134789 0.0153092666619379 0.1469191082316142 0.0239587880790531 0.2737425996584468 0.1009566873461561 0.0169117221677459 0.0036117735867839 0.0343501177928605 0.0224260351764514 0.0367810970897122 0.0589246241129017 0.1249767735401267 0.0022544996087303 0.0164228732460099
0.0009667484172702903 0.0698561483270839 0.0086165110653233 0.0317026530909395 0.0607692392146602 0.0102131840872530 0.0258684627220370 0.0348978357580862 0.0286905330701598 0.1454120913614398 0.0438577491560881 0.0234866780640749 0.0626651949536833 0.0108842969999512 0.0882761750192327 0.1254998058331971 0.1004460390176451 0.0780429468551024 0.0362835495056225 0.0012269032947480 0.0133040026036720
0.0009610448867849199 0.0508245630965931 0.0047139964414337 0.0380380623212113 0.0258554500049350 0.0064397544745521 0.6758422844068395 0.0068484800966378 0.0059595500846891 0.0218342956391943 0.0087125182306582 0.0053364024557528 0.0425268833575038 0.0051146661815671 0.0126023972348688 0.0099411238171439 0.0485870347260927 0.0169184701395042 0.0093282721557756 0.0008776842261399 0.0036981109089068
0.0009553413562995494 0.0800446293570096 0.0079065203113389 0.0450262411690981 0.0724441057549474 0.0098091951993383 0.0357510356524054 0.0333500049410913 0.0196793696656016 0.1070881248616868 0.0341180894715730 0.0138208680556084 0.0526191862670091 0.1063029864043904 0.0743570796540764 0.0915315251247446 0.1049486170848252 0.0665515730779611 0.0305561938187875 0.0022490239224057 0.0118456302061013
0.0009553413562995494 0.1203356575720692 0.0305410810131934 0.0023904891737309 0.0038743586997283 0.0130062567226917 0.0085226438440068 0.0037896842872530 0.1992307854033004 0.0039416448066046 0.0947750804156150 0.0419499412055150 0.0088896859151265 0.0041242385486574 0.0046246082961158 0.0044523447072457 0.0456373279694914 0.0922182565415055 0.3096209364925629 0.0009334492684596 0.0071415291171270
0.000949637825814179 0.0298846672326989 0.0219479065936566 0.0167526432528094 0.0277762272404474 0.0101888513083938 0.0217156377063962 0.0360808584870695 0.0154520728778236 0.2318470503899576 0.0254004047333110 0.0106416861165479 0.0485389389322598 0.0140993101921965 0.0687576907324422 0.2798337679602639 0.0612911197100668 0.0414781562468992 0.0216930930947597 0.0040108883447689 0.0126090288472316
0.0009467860605714937 0.0984493647047968 0.0043454717263175 0.0121815480632266 0.0088670594938288 0.0018380900391358 0.7579519025269436 0.0027725573494560 0.0030376770256596 0.0071473991792867 0.0051435930900140 0.0031625251304280 0.0147607782082666 0.0017420142132973 0.0055880236879362 0.0081240771942998 0.0468502227986260 0.0101815558135681 0.0055764885363969 0.0005250157536315 0.0017546354648847
0.0009439342953288085 0.1521619003482143 0.0150691449472306 0.0096007122696709 0.0099601630951835 0.0053798311336207 0.6308581573686274 0.0063022194463764 0.0058769722877874 0.0091394610473171 0.0076560878357615 0.0036050261633002 0.0150066714026752 0.0037448251718386 0.0073334088105687 0.0117916484399874 0.0726583180291477 0.0164093261153960 0.0133756025875730 0.0013476820560801 0.0027228414436437
0.0009410825300861233 0.2520173697025298 0.0207500565556068 0.0178598710248757 0.0199988137133743 0.0125205591687972 0.0765523507148196 0.0135174804880375 0.0224060359160080 0.0179069777276435 0.0302505181521064 0.0141452297940268 0.0303979634505398 0.0461622550997045 0.0184912020731088 0.0188051023596120 0.2252633606237268 0.0989485359879748 0.0502291624771320 0.0045120961848491 0.0092650587855263
