256 20
0     	0.020678149774710546 0.0819563268198679 0.0092081850021531 0.0567847620904727 0.0783454980452802 0.0140148148338128 0.0443902328563300 0.0464052656998738 0.0375351939710556 0.0768782415624917 0.0591050125443255 0.0194545940157288 0.0624518114253722 0.0165151448290927 0.0788163118490644 0.0742699291373835 0.0951733280138648 0.0752287249506231 0.0549645924179260 0.0033398101972867 0.0151622197379946
1     	0.014977471054582787 0.1126226778931699 0.0141080575923996 0.0408292599735680 0.0442680739485746 0.0125587601673517 0.0621670323660461 0.0236110711899827 0.0198305712151600 0.0452721734883973 0.0431701888007056 0.0146660192623349 0.0740320963803983 0.0195080486043792 0.0479160135768320 0.0444462806702750 0.2183887635733425 0.1034897178967189 0.0438228088296499 0.0026382340639398 0.0126541505067742
2     	0.014367193292648149 0.0605707597512980 0.0066343179255305 0.0373084566350856 0.0721355387264892 0.0081475621568285 0.0238740545275107 0.0405766638283353 0.0221813138762095 0.1912444682921997 0.0478656292051046 0.0179473612908478 0.0576429633687450 0.0103001376596572 0.0863245075452655 0.1380397641341381 0.0672405951990919 0.0583847697607591 0.0407817737528292 0.0027424689056430 0.0100568934584315
3     	0.01309530599441054 0.0667640247454378 0.0208138971279011 0.0197762842246263 0.0290129351644588 0.0751127613265080 0.0233027983466518 0.0739257082672034 0.0490913395817525 0.0480233660488156 0.0782376124394808 0.0265243033500780 0.0566477817554718 0.0120285809254683 0.0566305395886572 0.0627372834395058 0.0805821907806707 0.0606109746396820 0.0594160256021156 0.0159674460559895 0.0847941465895247
4     	0.01239091997946729 0.0673047177093730 0.0054563555120616 0.0965049898237968 0.2065606931438215 0.0080356821992021 0.0348854892724549 0.0356268890049820 0.0182621934561706 0.0797417891507849 0.0439823651903068 0.0133089938626111 0.0539822605468516 0.0104469218432508 0.0928032938225513 0.0583824713683471 0.0659440578246654 0.0535365637130684 0.0429338847307555 0.0021014932630021 0.0101988945619425
5     	0.01162094336394228 0.0655678539601579 0.0107346174073623 0.0115789157279090 0.0347130115087476 0.0532323372868984 0.0147122831683812 0.0298945432483681 0.0750429853967302 0.0476979719321913 0.1977524650668123 0.0788417236454551 0.0285105000809013 0.0100968465524808 0.0634734169786448 0.0557689549116923 0.0615413522299241 0.0572222659556454 0.0732330994562840 0.0058115607809792 0.0245732947044343
6     	0.011481206867050705 0.0427810281136133 0.0069840715965117 0.0127876955089875 0.0373420685556053 0.0073659170177506 0.0209770062011323 0.0399207216534269 0.0155856220502687 0.2296051044517282 0.0369051317441565 0.0135823915265792 0.0436823201397648 0.0088114628297831 0.0661333572939534 0.2798714229403234 0.0539538036376442 0.0442734002686394 0.0269621090111073 0.0031751671691316 0.0093001982898927
7     	0.011250213882393202 0.0324772193984025 0.0042041094018274 0.0085644587640927 0.0321974444946688 0.0037002053467023 0.0135724159890840 0.0295186513986147 0.0092454938802578 0.3048519976629277 0.0261314105943917 0.0090772372118433 0.0367097809716332 0.0044289235943114 0.0656537418834880 0.3254301563443134 0.0418736785715888 0.0329519696586691 0.0130655445725688 0.0015745035523339 0.0047710567082804
8     	0.011127587976957736 0.0825653120877985 0.0111772597948005 0.0137171614553036 0.0473517823806630 0.0194869575076851 0.0141521348712206 0.0149016599471338 0.1218557637190896 0.0496155461103530 0.0942820807346046 0.0542094107052632 0.0358130325408447 0.0093142205301849 0.0474975502412349 0.0451504892553054 0.0701152166929687 0.0952662699482496 0.1570267501081153 0.0028327603791087 0.0136686409900723
9     	0.010682712599098842 0.0962359332432278 0.0061470042614949 0.0398142705748075 0.0552563360543836 0.0106875935254277 0.0384883566425389 0.0216078096240030 0.0288512827839319 0.0580728627651843 0.0552033383107529 0.0125662080916443 0.0423454683780824 0.1953289973907633 0.0563701871048067 0.0551565118558287 0.1022433345641025 0.0650734060125267 0.0480280757052257 0.0024652831088509 0.0100577400024165
10    	0.009992585410369018 0.0578376752261637 0.0115166599502428 0.0156809141876067 0.0440096085873364 0.0139661436018818 0.0329387181667928 0.0650308852404643 0.0209128382750809 0.1107070076663912 0.0562488375339667 0.0163378347316297 0.0483789542513661 0.0102664020174217 0.0748235489604926 0.2421840231933609 0.0650388479305087 0.0495862023290566 0.0389367192347806 0.0062871201929011 0.0193110587225551
11    	0.009684594764159015 0.0650904765277873 0.0035928800158968 0.1917080392108099 0.2518642772395584 0.0049543464941246 0.0410735294960892 0.0272495900328345 0.0098191423076213 0.0576415820198274 0.0172207889873734 0.0078831685081574 0.0589487619546600 0.0118470599052962 0.0712463852257808 0.0386373057547969 0.0656707875543959 0.0432039087198032 0.0244019491335374 0.0011194468547727 0.0068265740568764
12    	0.009670335937945588 0.0593593915210497 0.0109628429729402 0.0712014844549182 0.0476324179541164 0.0117014412749282 0.0542361962350228 0.0632283598772665 0.0162907030762766 0.0580365023138196 0.0351772802233631 0.0120731942846094 0.2114382924294352 0.0099693250734875 0.0551983939008442 0.0507122595981785 0.1205439921764115 0.0675783422597000 0.0228489580563271 0.0029626433595007 0.0188479789578046
13    	0.009017281697370672 0.0611164761984539 0.0104940806656388 0.0058368942355152 0.0120821475430672 0.0598399890448412 0.0102224913872600 0.0121244870007638 0.1562621799351545 0.0161760104697077 0.2289862800379554 0.0793011886172912 0.0126063989984086 0.0076580166274721 0.0219534542865591 0.0196935164753631 0.0457606798621047 0.0591781861970760 0.1481192203893859 0.0047800218847606 0.0278082801432211
14    	0.008871841669993726 0.0921433044966355 0.0123582143516014 0.0141445759689755 0.0342468568824218 0.0137997753283925 0.0222783894601545 0.0146770276540155 0.0569518664183630 0.0422030941820497 0.0560627923554566 0.0418097226523878 0.0529915910483069 0.0109841033892525 0.0394898353134824 0.0381988335049120 0.1346663302573823 0.2352721794601572 0.0742583676238848 0.0027035555251988 0.0107595841269695
15    	0.008820509895625392 0.0521715797406477 0.0023074994337808 0.2248369906020346 0.3534341940530671 0.0030782854347426 0.0319143840514618 0.0187007217712927 0.0064534826642352 0.0442393268490034 0.0113580366352968 0.0051884053127516 0.0445033410821645 0.0070889860508208 0.0679580110150137 0.0275941074063989 0.0475105299938120 0.0313883878193822 0.0149212430255028 0.0007728532631084 0.0045796337954819
16    	0.008330006273883533 0.0836123549532965 0.0044913734769017 0.0546288215161854 0.0711538753871429 0.0049036018603220 0.0511479425765287 0.0356372479481174 0.0108786515084724 0.1227267419089338 0.0192019217946288 0.0099326854866044 0.0919836117602343 0.0086450315632952 0.0789163190320917 0.0951749089290205 0.1459758298983488 0.0835835759076152 0.0196693640326840 0.0011576090399105 0.0065785314196657
17    	0.008250156847088347 0.2437815468565329 0.0197011924203821 0.0130830277590702 0.0341892221391536 0.0202871725720901 0.0589273415576307 0.0152901588789071 0.0514167422917713 0.0321513970336042 0.0699465525005137 0.0407923771770577 0.0246823842308873 0.0139934840359377 0.0394044055894783 0.0325782563822602 0.1050155536867720 0.0758694675701903 0.0904678176529731 0.0037078380451623 0.0147140616196254
18    	0.008193121542234644 0.2475487521614366 0.0146607428351719 0.0182407819738005 0.0365712407796426 0.0087587670748594 0.0637459023001116 0.0126442422698557 0.0165566677271853 0.0315374729965010 0.0341908591056906 0.0127162650428653 0.0476066205507133 0.0158130745965948 0.0376150124820026 0.0295957225168066 0.2238500505154681 0.0923295045703756 0.0463857488502478 0.0018525217012823 0.0077800499493884
19    	0.008141789767866309 0.0593307809353890 0.0063056915820669 0.2276983268415166 0.1207996187159922 0.0080945984918620 0.0558550246055326 0.0437454863078559 0.0114367756203083 0.0548314882833244 0.0198477657240207 0.0087330568937769 0.1059542187090425 0.0137583894452461 0.0515767921145536 0.0420971689294984 0.0860099456335731 0.0504817284941352 0.0194713786945588 0.0023046328357066 0.0116671311420403
20    	0.00808760622825529 0.0577541991116392 0.0101881127957758 0.0030146106842642 0.0060668765628857 0.0443655654474203 0.0071523688415667 0.0055677006054354 0.2117260477531979 0.0079897790215431 0.2329870759190973 0.0724301506878526 0.0068545555065793 0.0050218397637626 0.0096132129834791 0.0088543687318628 0.0300259559072514 0.0537878601083576 0.2131303235384873 0.0027689031779373 0.0107004928516044
21    	0.007919352078936862 0.0864848261957390 0.0055690322140979 0.0206531824628148 0.0393981134407690 0.0085062751691782 0.0286996786171155 0.0175771107476067 0.0188230453109327 0.0449639026115221 0.0475703585794595 0.0100595087176022 0.0289147356557016 0.3659489533094059 0.0470102797896855 0.0443080577339786 0.0839659324764729 0.0526107718184209 0.0392722512289006 0.0022027819009329 0.0074612020196634
22    	0.007910796783208806 0.0972270692107223 0.0105237742367113 0.0171309020505645 0.0238844973004146 0.0075130913865559 0.0424542955377800 0.0114472167139156 0.0272260798733692 0.0329265368867013 0.0312594325074834 0.0125438547095372 0.0679387810681237 0.0119625112159751 0.0330375969364062 0.0280870790727778 0.2619459297336185 0.2337644183017948 0.0408229335575449 0.0016279341857406 0.0066760655142633
23    	0.007899389722238066 0.0945811158469139 0.0115379593935194 0.0540758160405809 0.0556319938368998 0.0109110293288360 0.2372112710981992 0.0234173228673099 0.0139630150260361 0.0563745844060275 0.0342030360783252 0.0116369136869127 0.0657732906124736 0.0147001458751222 0.0447235790081814 0.0606209612294033 0.1103727306483622 0.0519971735779672 0.0334891785977723 0.0040247643163395 0.0107541185248179
24    	0.007839502652141676 0.0434815640746003 0.0043824909030530 0.0146415388234433 0.0476505426677028 0.0044719820478788 0.0184760089657084 0.0241923603250284 0.0132420871605195 0.3583314221617788 0.0297685600407254 0.0129750776866969 0.0488489236227669 0.0079858040068134 0.0664129444490996 0.1780573861440518 0.0520296575742289 0.0439210987121526 0.0242746008328866 0.0016680540037954 0.0051878957970692
25    	0.007500142588262134 0.0377623797560633 0.0015635108703845 0.3228488620471601 0.3468070707677902 0.0020946869703162 0.0285614733608367 0.0147292220837437 0.0040423784522477 0.0330248208111799 0.0074838392974942 0.0033997600398145 0.0481102637649563 0.0063254087694446 0.0475173486588900 0.0178248160511412 0.0399285274043133 0.0249989272641564 0.0092390792688323 0.0005382960382385 0.0031993283229964
26    	0.007380368448069355 0.0481728395121474 0.0105973930831217 0.0353962495925262 0.0387775495530116 0.0389548565358632 0.0176576467985376 0.2472750150060753 0.0147126483860304 0.0495387356107484 0.0472714668178047 0.0119148132894463 0.0791009290413326 0.0090111419344845 0.0810169220320940 0.0717973526258376 0.0612299371177586 0.0406618787250757 0.0202753320125698 0.0047435217960479 0.0718937705294864
27    	0.007249187246905835 0.0405940422696736 0.0084189848862125 0.0034068584538957 0.0070638795815634 0.0551890755727749 0.0062814710485784 0.0071811928596370 0.1551579675820868 0.0096890298687077 0.3709071091153883 0.1018291049775464 0.0073096206937995 0.0051869174707539 0.0136374779026003 0.0111920660509968 0.0267016473653806 0.0381880733323684 0.1141585896860868 0.0037432279465166 0.0141636633354324
28    	0.007234928420692409 0.0305594650338559 0.0069240398308513 0.0017817833491913 0.0036946293389180 0.0487749733473427 0.0039272520595837 0.0037471009502115 0.1883529732664634 0.0046349281467196 0.4095425219497447 0.0877852878821848 0.0039344135080141 0.0035214783035863 0.0064954876912232 0.0056392231021692 0.0149684450377610 0.0264001504723436 0.1384329440365172 0.0025044815420309 0.0083784211512875
29    	0.007115154280499629 0.0319227133540971 0.0124123656575646 0.0056673801585766 0.0070548724109892 0.2501103867234061 0.0076269477605972 0.0575258082232327 0.0306771914045700 0.0091084745532172 0.0608368090202519 0.0133934963516248 0.0141705484886966 0.0043570984474872 0.0116269121707127 0.0126225495256751 0.0343666598750143 0.0208142456857109 0.0340675825100545 0.0350161527104864 0.3466218049680352
30    	0.007078081332344721 0.2878510004970740 0.0323545793448436 0.0100686989531237 0.0122792836087425 0.0065951774217500 0.0629938637397741 0.0063467050944816 0.0116636624128045 0.0099711814765993 0.0225243701599579 0.0085728132469480 0.0347630405483839 0.0103124143548095 0.0212481985783025 0.0097244406059202 0.3183413051678070 0.0915079110805806 0.0369320305977796 0.0012397820638244 0.0047095410464933
31    	0.006978269548850739 0.0490000451503391 0.0034114241928296 0.3473546581825654 0.2002013916993609 0.0040911394075344 0.0415498755542791 0.0251078005372438 0.0062988875418643 0.0376681419183516 0.0103277811222190 0.0050129985096565 0.0797493063440618 0.0094634515675405 0.0425507083655404 0.0239690962183326 0.0615781221812982 0.0344539730376433 0.0114816532967840 0.0009797225163802 0.0057498226561751
32    	0.006958307192151942 0.0518380164874812 0.0108444351597259 0.0016251410808824 0.0034099337693981 0.0357702612514427 0.0048977530028754 0.0031764103804553 0.2352689459060295 0.0040810885324059 0.2287782747162414 0.0602802308427404 0.0038639830385274 0.0033017347861261 0.0050181759780942 0.0048035123677458 0.0196614454750038 0.0399041359521729 0.2749187453640932 0.0019544145923088 0.0066033613162495
33    	0.00693549307021046 0.0586510674398719 0.0090409830880939 0.0068964109275041 0.0247370166052881 0.0306913748849779 0.0085935800856162 0.0089085285202654 0.2224920494184598 0.0324836252143271 0.1077195177668411 0.0539954070102763 0.0141080889876398 0.0066768050732341 0.0230923693427519 0.0298238010351935 0.0432345930242656 0.0754881638455075 0.2296050119999888 0.0023080431851063 0.0114535625447910
34    	0.006918382478754349 0.0909680558205353 0.0045394885192976 0.0137523120166290 0.0277794944852002 0.0055656323042276 0.0251296542417710 0.0105100584531055 0.0110172800301458 0.0284091385842038 0.0342884964815903 0.0059592077230742 0.0146007233630426 0.5127849165996176 0.0306251238762334 0.0266367658445273 0.0795157714894965 0.0420787874644615 0.0295412364113012 0.0015103673674910 0.0047874889240485
35    	0.006901271887298238 0.0220696113799955 0.0026784157730965 0.0045162567023214 0.0200811492721849 0.0022861307911989 0.0085570023972247 0.0207760740214094 0.0064133672297269 0.3829628495506427 0.0180055771546149 0.0065619366424919 0.0278784332634913 0.0030915556049898 0.0461410992875050 0.3629840693926073 0.0285975555309717 0.0240965874445429 0.0081970701089335 0.0010032726232331 0.0031019858288175
36    	0.006872754234871385 0.0546174734841083 0.0040375012524402 0.0333100345206937 0.0749870800608282 0.0034198464185346 0.0266477433790889 0.0398452564885499 0.0096601160959453 0.2135940458958731 0.0319273878891353 0.0109002796020910 0.0521079153156739 0.0041845044542057 0.1207788902039960 0.1949273343800708 0.0592478521286228 0.0447344968287498 0.0143635223343753 0.0012834338110547 0.0054252854559622
37    	0.006778645981862773 0.1605506935016855 0.0041020567518430 0.0838317951465846 0.1440151204782904 0.0041431716600896 0.0541040389101323 0.0165500615919378 0.0110401048726451 0.0669179891883790 0.0307694787660625 0.0094018406683326 0.0517464093484768 0.0099237539662757 0.0780613610890780 0.0537027490713287 0.1108842816001891 0.0666007387371574 0.0374687871910539 0.0011883890037193 0.0049971784567388
38    	0.0067073518507956426 0.0713719220681255 0.0023586982217731 0.0673838763592037 0.1835390457766687 0.0029383484267558 0.0250161130363192 0.0272110792790789 0.0088689567908096 0.1699861195078322 0.0261760582702816 0.0080864581420002 0.0523990296651703 0.0040448158371912 0.1105133619806668 0.1078470823444026 0.0564861049482285 0.0479825310256343 0.0226782691164515 0.0008430497791540 0.0042690794242521
39    	0.0066588718416699935 0.0266471122633297 0.0058539306424770 0.0012099748069773 0.0024446906895211 0.0402390208243466 0.0028036616136929 0.0023511338904728 0.2882206950561616 0.0030412078826437 0.3115989223067831 0.0691402643139537 0.0028686691890282 0.0023104986788312 0.0040052104372600 0.0034190956249749 0.0079610007721706 0.0235148956368693 0.1944192456554448 0.0016504583037571 0.0063003114113045
40    	0.006636057719728512 0.0563324000515755 0.0201353481535541 0.0074357183078353 0.0099104425413601 0.2271101006083143 0.0127628128738066 0.0380855220810644 0.0649343408990684 0.0121258027222898 0.1279596193094975 0.0477052174377145 0.0158655952818283 0.0084352401041661 0.0153885364994540 0.0161988419252795 0.0575123360873749 0.0451143138960487 0.0704250669905827 0.0190526856325727 0.1275100585966127
41    	0.006607540067301659 0.0507304676587670 0.0158298527204412 0.0110191375058460 0.0140425663763980 0.1374187411378700 0.0127740588533612 0.0893210178758398 0.0321206462572471 0.0180876048922891 0.0623801140569494 0.0155695411807299 0.0432250043091248 0.0063295408447992 0.0321547285880023 0.0375976990044563 0.0566352434992961 0.0395382502523394 0.0432621266905189 0.0149659351090423 0.2669977231866822
42    	0.006604688302058974 0.1197272586829663 0.0368802539824417 0.0254609663691345 0.0180398978004701 0.0098892740981726 0.0613816100175513 0.0129202877860661 0.0122068451610160 0.0262771690899063 0.0289905094969852 0.0094470077279963 0.0594027112222488 0.0139791769988532 0.0267079388124404 0.0304471703586405 0.3685828076984386 0.0987724813472704 0.0297775241265781 0.0021812263528655 0.0089278828699582
43    	0.006573318884389437 0.0606509418010598 0.0115969088183925 0.0038571698393676 0.0085050748026588 0.0274421821910965 0.0067364072957278 0.0050662902989541 0.2437601826440450 0.0101454687623673 0.0962821044147620 0.0407808980275676 0.0080324854934238 0.0049393093533477 0.0087952686307284 0.0091202687124072 0.0312827104788281 0.0603881350668613 0.3532720511886723 0.0016319412192173 0.0077142009605150
44    	0.006507728283807677 0.0605946971564644 0.0032534854150017 0.0985720761895618 0.3745405510776342 0.0045150338232267 0.0265512111042989 0.0162778071868761 0.0124102781029651 0.0635189061792393 0.0281575396827667 0.0087745517413186 0.0342509584714305 0.0064069534522163 0.0924354429987621 0.0397477493162670 0.0450188714100188 0.0412553551101040 0.0363086905642561 0.0014254132287324 0.0059844277888595
45    	0.006456396509439343 0.0172955596491484 0.0050108247767108 0.0014414178834767 0.0026606096423233 0.0513014632695052 0.0027108618335935 0.0033634868442924 0.1037328999834085 0.0034722585492143 0.6117858400402748 0.0817507012007527 0.0027679002989284 0.0027633163635080 0.0054346046166283 0.0042734756890487 0.0085648284380654 0.0148959387411448 0.0671735361177682 0.0020431730603330 0.0075573030018745
46    	0.0064478412137112875 0.0598112797279818 0.0064629019830704 0.0284537858494201 0.0883155756171251 0.0096287487864096 0.0185271184516154 0.0580780292816958 0.0211360532745979 0.0650487123470949 0.0645229303754837 0.0419229578445825 0.0465647906950065 0.0086714258332307 0.2570210680396936 0.0630862781075171 0.0576537996038353 0.0506572734453004 0.0405882542190184 0.0027109533416275 0.0111380631756935
47    	0.006430730622255176 0.0351321505061208 0.0078267307306443 0.0013563856822083 0.0023674110228577 0.0291572366805057 0.0034650233761925 0.0021820222748129 0.3383318011836307 0.0028985814385398 0.1554441121345080 0.0446974692066475 0.0029822482467412 0.0025658350641426 0.0033276073954219 0.0029626530962546 0.0124449846238669 0.0297122619032850 0.3170019792704800 0.0011601466683161 0.0049833594948236
48    	0.006382250613129527 0.0475070863290845 0.0087747705516851 0.0064269968415759 0.0146378315848475 0.0474630301236683 0.0087271949724453 0.0161968180882344 0.0743369435021315 0.0315384422109113 0.3726849898141869 0.0926179750528673 0.0128328057465781 0.0067700589062880 0.0471717110522488 0.0389065945017688 0.0393288774730392 0.0421162000789584 0.0634780348816725 0.0043993023597162 0.0240843359280923
49    	0.006037187018764615 0.4455531890814496 0.0323422019856331 0.0098205946523559 0.0237241198655253 0.0082545056742372 0.0654021787480004 0.0074195281798710 0.0270390833846745 0.0114942478025485 0.0339474105186210 0.0125016162303369 0.0201516244433505 0.0108976076304295 0.0141136020103968 0.0115946870382873 0.1319778133021401 0.0641910776468047 0.0609017578033454 0.0018504092418202 0.0068227447601720
50    	0.0060058176010950775 0.0215919221010742 0.0044705573223020 0.0011216524823184 0.0021106138020968 0.0382950229120150 0.0024331175516379 0.0023508376285799 0.1952829540067741 0.0027076048727741 0.4829898675650198 0.0721393815683590 0.0023471951228941 0.0024261350066640 0.0040009922227139 0.0035627759844349 0.0064697366017619 0.0177225916306266 0.1309322698278115 0.0014959197348033 0.0055488520553387
51    	0.005943078765756003 0.0174668393640518 0.0042451906455220 0.0007859514489670 0.0013519021979017 0.0329748227743090 0.0016504889683525 0.0015679840485719 0.2706604696847477 0.0016649503946878 0.4097455665949439 0.0666805820349213 0.0016428980580646 0.0014686159008768 0.0026033349831282 0.0020648255008046 0.0044167483796600 0.0148259905784881 0.1595096778483929 0.0009489173311141 0.0037242432624941
52    	0.00591456111332915 0.2433688235969700 0.0448352076947339 0.0056613503988517 0.0092544230319976 0.0142104270085209 0.0437322867841620 0.0056165621804397 0.0634609926949818 0.0086552729751723 0.0524911713384010 0.0316756154697113 0.0151640460587239 0.0091933800838963 0.0102519017905338 0.0083588818569601 0.1546169464138167 0.1458849752290486 0.1248532860227264 0.0018788406324981 0.0068356087378541
53    	0.005868932869446187 0.0187785193979092 0.0084584946076087 0.0028139631347362 0.0035472014646990 0.4041640390833717 0.0040431815761090 0.0285883734604371 0.0322129779973528 0.0042379281094186 0.0805524475489568 0.0222659352326924 0.0062624292169000 0.0027400929580198 0.0054448326391920 0.0056242570809442 0.0189330260833506 0.0093120907674532 0.0307138960784030 0.0277990488937382 0.2835072646687074
54    	0.005620829293332573 0.0163094306518211 0.0086410904433578 0.0030374935108923 0.0041866962693839 0.2700279173963758 0.0041847324622580 0.0451660951364092 0.0194563721633138 0.0048226095667626 0.0397350627385456 0.0080271910639976 0.0084489394149713 0.0027067962683038 0.0063955811065489 0.0070442998936783 0.0189595488292512 0.0090718815458950 0.0211545618052046 0.0263376043345247 0.4762860953985046
55    	0.005615125762847202 0.0869159132931450 0.0101463775991137 0.0413758560150616 0.0384992248998547 0.0081841421226418 0.4313114366897265 0.0133087905293425 0.0107289316169915 0.0369591362511212 0.0229031421054711 0.0085072780375090 0.0504173158511166 0.0109888825366643 0.0287356112769111 0.0398466945840309 0.0887060610946275 0.0374745643331390 0.0247058002871161 0.0028573432170610 0.0074274976593548
56    	0.005501055153139794 0.0106348765255756 0.0052385323129414 0.0017649847389280 0.0022448924851216 0.3758725442462260 0.0025661091277258 0.0279913415237206 0.0152554518597682 0.0025487399636354 0.0389308347037628 0.0080047569326520 0.0045140115895512 0.0015801903245908 0.0035664776983099 0.0033786779120115 0.0122507266335536 0.0056072168590289 0.0166030955645542 0.0205902912357317 0.4408562477626108
57    	0.005424057491587293 0.0253599838670737 0.0059293551983413 0.0009136347547340 0.0015973851904424 0.0180323376661843 0.0021653203645014 0.0013178623517381 0.3796984873480930 0.0018997286938680 0.1188577297314156 0.0286293302105178 0.0019222080262148 0.0016963752428544 0.0021035986697885 0.0020282101104259 0.0054455219357568 0.0197830492817535 0.3793224171117898 0.0006483988237398 0.0026490654207668
58    	0.0054069469001311815 0.0146705478592581 0.0034283259450563 0.0008484808543264 0.0014796665412147 0.0478582858330666 0.0018046818195812 0.0017856588045751 0.1406204215946532 0.0018323142254999 0.5739645508141431 0.0989455084312301 0.0017496522604077 0.0015621784206627 0.0032518700643317 0.0023898584799725 0.0047309661906516 0.0127193887858653 0.0805726661394055 0.0010689040896119 0.0047160728464863
59    	0.005404095134888496 0.0387344457903038 0.0084597006747987 0.0086716799132006 0.0271437857988893 0.0066351083872442 0.0177958095206900 0.0512767180829711 0.0123001570780394 0.1177940462900213 0.0361996839093378 0.0100745838572461 0.0329017894259899 0.0060767530387562 0.0615974835178226 0.4523518257883157 0.0431695124605679 0.0335718442673629 0.0221335384368187 0.0035970545377796 0.0095144792238440
60    	0.005392688073917755 0.0550874476233238 0.0165454072166538 0.0021412605345673 0.0043815328022144 0.0208792295643374 0.0044421908211340 0.0027914152920645 0.2677776591595477 0.0044670263887924 0.0808357043905739 0.0294156408298660 0.0042462354008480 0.0038452660065468 0.0043068840952405 0.0043535143646299 0.0205861396470853 0.0437795248300738 0.4241148352199259 0.0011192576790472 0.0048838281335275
61    	0.005386984543432385 0.0764891936701527 0.0030369148213171 0.0084143007379052 0.0202121614110550 0.0036322773058993 0.0169161472755502 0.0064075443322423 0.0082231309690844 0.0201538109055720 0.0229898743239711 0.0041681677219604 0.0076875098143442 0.6510450271055354 0.0195212340328222 0.0171487914016537 0.0582458322431197 0.0295581850878504 0.0221413128046987 0.0009661650376142 0.0030424189976517
62    	0.005369873951976274 0.0308638143820582 0.0136802875539117 0.0039374045335900 0.0049436872170356 0.3655399869643992 0.0068083717178808 0.0220072450482060 0.0501407995488559 0.0066567400033312 0.1441188132363237 0.0411262163523178 0.0084106693994572 0.0041756528262117 0.0076388165838075 0.0082258153491336 0.0287573723417678 0.0231209102981537 0.0468614052570833 0.0322350814163879 0.1507509099700871
63    	0.0053584668910055325 0.1505787120638352 0.0313581294004620 0.0064033948633141 0.0128884792110962 0.0240754917414408 0.0194003140158709 0.0069330147745171 0.1248390541890624 0.0120247016905560 0.0740115244205260 0.0405830890154418 0.0118174959314781 0.0090938070697416 0.0120496856613082 0.0114968099866476 0.0625653554538524 0.0872033957462146 0.2915118092509584 0.0022049897120183 0.0089607458016587
64    	0.005295728055666458 0.0256209012923652 0.0070541217820237 0.0027964449729386 0.0052910460058705 0.0504559298242251 0.0046063567011446 0.0067820485078163 0.0880010407419026 0.0078998508425363 0.5643277820545579 0.0773462365696854 0.0057035417650587 0.0049335108153949 0.0167956810154955 0.0093544381961697 0.0188818838135219 0.0227069314109094 0.0653492878367016 0.0027812620768520 0.0133117037748301
65    	0.005241544516055439 0.0440744506487515 0.0132748095426850 0.0037044777424333 0.0055642141521572 0.1926829224588715 0.0082455175005268 0.0112632130099961 0.0868572859470261 0.0067616361626549 0.2954112300550156 0.0745914517527722 0.0073489883626684 0.0050341074177834 0.0100530401131192 0.0090866554500575 0.0325557945699858 0.0335671816010454 0.0773598544518562 0.0124836489364162 0.0700795201241775
66    	0.005238692750812753 0.2341228801224178 0.0225934200838029 0.0170512370495414 0.0288097325801564 0.0096280010223029 0.2388907390740117 0.0088902132850742 0.0136127718917430 0.0148946204342837 0.0331371122633380 0.0103558211228138 0.0408648421608839 0.0127287578101028 0.0197768052857455 0.0175707495176090 0.1690180416420485 0.0591743106697234 0.0399074194199834 0.0024133701943461 0.0065591543700719
67    	0.005155991558774882 0.0388438588358878 0.0045419342446501 0.3453594201379696 0.0835509698437037 0.0049197200471487 0.0479933653305108 0.0367015157614662 0.0070306161669250 0.0389121682969008 0.0100554798703215 0.0049541733562042 0.1739498513912842 0.0065351895950251 0.0334976616655624 0.0276304344929503 0.0771754602102699 0.0395581278493687 0.0101601019087524 0.0013182593489499 0.0073116916461487
68    	0.005130325671590714 0.0749191603034819 0.0107264714476283 0.0225933710262455 0.0115113706602980 0.0052345478498453 0.0364471582964241 0.0074006521730120 0.0102681310716919 0.0214778697813075 0.0149057246919879 0.0075333600343815 0.0516940333176234 0.0105177634582503 0.0140520231365033 0.0182346840079260 0.3829354089617618 0.2693161597999828 0.0243741205754585 0.0012742221620393 0.0045837672441506
69    	0.004979182113728398 0.5037193650865972 0.0279918878546824 0.0052514733502862 0.0087254345913144 0.0052407808510518 0.0566280644214784 0.0041206437714321 0.0112689952888990 0.0077312000313937 0.0181369953774450 0.0067183867583671 0.0112291365928476 0.0090168777898774 0.0080763445150851 0.0070211749111402 0.2105304345326451 0.0554937900295158 0.0381134722811617 0.0010925944337618 0.0038929475310181
70    	0.004859407973535619 0.0388290945056070 0.0096264153485818 0.0008351455035314 0.0014313591889810 0.0302981395466449 0.0029293468610042 0.0014843691117385 0.2622356042746563 0.0016771240207243 0.2454656724109885 0.0458579715879774 0.0017862735403307 0.0019348902884376 0.0022851989176160 0.0019765950109769 0.0091288418756873 0.0238838145884710 0.3140478980383916 0.0010382790920694 0.0032479662875839
71    	0.004773855016255062 0.0430792177818274 0.0069123426951018 0.0849412950367755 0.0373367077728155 0.0068422767321413 0.0472996340114190 0.0457464838013034 0.0110710958065771 0.0479269732529739 0.0160951341060138 0.0073749415371730 0.3693353985383576 0.0064605981875121 0.0390247129316733 0.0353328546328138 0.1122565017205906 0.0561739250244720 0.0144342133753942 0.0016762798597738 0.0106794131952911
72    	0.004716819711401358 0.0564218556416733 0.0046369229444371 0.0235119494532274 0.0170826419891021 0.0031213377255192 0.7302622405795186 0.0047822366870464 0.0038622535956154 0.0155056577589802 0.0061408019591122 0.0032702434563155 0.0257314221731051 0.0040364649068683 0.0103292882470164 0.0171199176458764 0.0479972492744905 0.0150667433059420 0.0074906922698461 0.0011215947372241 0.0025084856490832
73    	0.004662636171790338 0.0255564504557589 0.0076004801556493 0.0009008527853261 0.0015654681117859 0.0103037750096141 0.0016969608393285 0.0011380611383191 0.3368446347223549 0.0017112571154412 0.0555763678160900 0.0169772299343952 0.0018437066609195 0.0014625574526868 0.0017864686427595 0.0016298422250907 0.0069186287059425 0.0197285914872717 0.5045222852057625 0.0004759052144623 0.0017604763210413
74    	0.0046227114583927455 0.0291962957785766 0.0030133011436782 0.0071701818032034 0.0308739223078162 0.0028614916410210 0.0107625987478005 0.0162854484162724 0.0099419005936660 0.4850447213798125 0.0215779252583249 0.0092311183539446 0.0359082160472809 0.0047699862163562 0.0517161411874910 0.1960327422137570 0.0333076816477834 0.0310713404541891 0.0168271733719316 0.0012108061184302 0.0031970073186641
75    	0.00455997262305367 0.0184695473476795 0.0033992179537226 0.0006214963571617 0.0011068675758047 0.0226728309681305 0.0014160603688327 0.0010252774549937 0.3823603339966092 0.0011017177652244 0.2146265098339346 0.0422934084684984 0.0012606221568708 0.0012136744836070 0.0015603120984264 0.0013413068534368 0.0034589499924541 0.0149378350178880 0.2840313567892454 0.0006174311655265 0.0024852433519532
76    	0.004551417327325615 0.1698922141909326 0.0303575520489711 0.0021400935906676 0.0034506025305543 0.0241765958100114 0.0217847396435048 0.0025891493038022 0.1597619609078560 0.0035500109207354 0.0923152350716521 0.0379338172017517 0.0044718320994052 0.0042030730707755 0.0039059871924716 0.0037062313012082 0.0383250028985234 0.0618162323714256 0.3298050362708905 0.0013404268384222 0.0044742067364388
77    	0.004454457309074317 0.0517511586618841 0.0061777450694201 0.0455526031720183 0.0345270676303710 0.0042916826166264 0.6078786656725809 0.0095783645172185 0.0055510848006032 0.0272243152019784 0.0090279861705683 0.0045151443662213 0.0458535241588693 0.0056393814180318 0.0181164521249345 0.0298860063385476 0.0580664201853369 0.0210854144125730 0.0090981124695650 0.0017854956366865 0.0043933753759644
78    	0.0044487537785889465 0.0314408985293919 0.0025851977024781 0.5209568642271943 0.1291587349680018 0.0028384344411205 0.0326581005019923 0.0223523511422689 0.0045337940503315 0.0253346250697086 0.0064061176054922 0.0034903045293365 0.0872339122726797 0.0054504925477120 0.0274294990691429 0.0159245751208078 0.0449245043487581 0.0247720863459908 0.0074585474764593 0.0008148597408736 0.0042361003102592
79    	0.0044487537785889465 0.0255892020900529 0.0070453085063408 0.0017245176587129 0.0028588357316836 0.1536002154168696 0.0042197361445158 0.0045726996406358 0.1078855626616278 0.0034493950234550 0.4318816900405301 0.0899259434574784 0.0039432215544788 0.0031335455714473 0.0057157221957631 0.0047963627863920 0.0162506753036817 0.0210874048245193 0.0751322134855242 0.0052027214516772 0.0319850264546136
80    	0.004380311412764501 0.0872135334407938 0.0029564062264613 0.1365654469261085 0.0889418356404724 0.0036560534221608 0.0707462915637181 0.0264912471645095 0.0060460162611910 0.0514734270653283 0.0096863013827064 0.0050200912021292 0.1211655621202461 0.0083232564702113 0.0474676619933063 0.0356651112369726 0.1982198247931571 0.0843314446185901 0.0108623086175277 0.0008324922801017 0.0043356875743078
81    	0.004351793760337649 0.0180973338116145 0.0037764201646512 0.0010252093694901 0.0016916069279473 0.0269806001574949 0.0018848342513173 0.0016473935071163 0.4314117393530611 0.0020289259356071 0.2104600203021322 0.0512495158578347 0.0021487350010086 0.0016016379265119 0.0023544707761199 0.0022444272643662 0.0051146746462893 0.0178337911136058 0.2133072175475374 0.0010998591769522 0.0040415869093422
82    	0.004340386699366908 0.0802134894080826 0.0134590021242652 0.0061763547094111 0.0125681376564976 0.0110078416317620 0.0098943743390865 0.0071464515192888 0.1229351018504148 0.0165684699528105 0.0689029950424808 0.0454026662916439 0.0314472147832905 0.0056221056011486 0.0158120598221279 0.0129461126527398 0.0843640610009271 0.2632227910060582 0.1837898617942017 0.0017731241012176 0.0067477847125449
83    	0.004331831403638853 0.0658353513190870 0.0108170730637046 0.0452111717615405 0.0174791443827386 0.0052408236004925 0.0637608178307138 0.0303934090135390 0.0086143479801986 0.0318522429183146 0.0110682441902533 0.0058058727382633 0.2275935340062697 0.0062706014120514 0.0306321885985708 0.0263852367195714 0.2970502010519354 0.0962534282173889 0.0126376798253334 0.0011610281346372 0.0059376032353961
84    	0.004300461985969315 0.0436543002380315 0.0105748976142752 0.0012963971858762 0.0020859960130810 0.1346115025651850 0.0063773091872878 0.0030230075551551 0.1964551321856711 0.0025750435198724 0.2760611595134155 0.0594405229706583 0.0028050075105283 0.0029502243531713 0.0033539728089120 0.0032982211052886 0.0183408024242643 0.0282130053176914 0.1670725438676438 0.0071938020626445 0.0306171520013467
85    	0.004274796098785148 0.0310125863944603 0.0010573637709167 0.2741277365941484 0.4997240673147378 0.0012433944749042 0.0188394908351048 0.0059845155879121 0.0029358022524343 0.0237287424699132 0.0045265371186804 0.0024166612835347 0.0256213032039758 0.0028977416406633 0.0449912249715376 0.0102680802943266 0.0242829298581107 0.0156448324916497 0.0085321912513838 0.0003078821377054 0.0018569160539002
86    	0.004200650202475332 0.0397894339534630 0.0126002637907079 0.0013501626902647 0.0022520899612871 0.0149303271381159 0.0028365921477768 0.0016820148599689 0.2628703871956387 0.0024945456653866 0.0731249988857436 0.0236629991897345 0.0025600612859311 0.0022303133402550 0.0025810623581275 0.0025791416355146 0.0109441238855922 0.0287645038199106 0.5093209591550552 0.0007099950471910 0.0027160239943350
87    	0.004194946671989962 0.0252712483616224 0.0040132084217946 0.0048039754467814 0.0156712857181339 0.0035261070311439 0.0097016862094146 0.0312389596806377 0.0079739433176195 0.1835895550176435 0.0237651575715657 0.0069081568441285 0.0232782450079532 0.0036452335903940 0.0491206312145332 0.5390231812670534 0.0289643329995061 0.0223944380903526 0.0100934858769368 0.0022706700193396 0.0047464983134451
88    	0.0041835396110192205 0.1792370597209990 0.0413799545945834 0.0026068562796074 0.0042202122675745 0.0504879310234677 0.0462279670990191 0.0034782890584292 0.0980139176539071 0.0045808796228989 0.1660227603809223 0.0646823905704404 0.0071031418847562 0.0046038917849681 0.0066924999272682 0.0051966833347109 0.0817141007443919 0.0837544335006454 0.1388200787902174 0.0031230118763890 0.0080539398848040
89    	0.00417213255004848 0.0193387527446764 0.0033462640546027 0.0005760425287293 0.0010417697739349 0.0131902026036691 0.0013339030483632 0.0007659930349824 0.3559432080692103 0.0011507951837827 0.1098103167071036 0.0218701282279292 0.0011469271819495 0.0010363059136116 0.0011396253248262 0.0012448441907754 0.0027219414954320 0.0129768611390645 0.4493973997904456 0.0004038616650363 0.0015648573218751
90    	0.0041493184281069986 0.0265041712628863 0.0115570064833155 0.0018802759631308 0.0025662629577708 0.3223225386184209 0.0048069819514777 0.0053642724875760 0.0693176578256970 0.0033529288360849 0.3115104441244550 0.0599174749485664 0.0039700142718810 0.0029418949379038 0.0047021446187770 0.0041565532916630 0.0179721317824176 0.0178032174644026 0.0544853466565795 0.0162609212721312 0.0586077602448631
91    	0.004075172531797183 0.0165729536573153 0.0028106829152800 0.0005424639127020 0.0009079375096401 0.0270162990802776 0.0011591794907601 0.0009371414436815 0.3193632993867802 0.0009914282071292 0.3555118318908751 0.0555699555105033 0.0011031961779192 0.0009333374089494 0.0014634144873576 0.0011602471341472 0.0030027092070894 0.0123106769416706 0.1955873468958162 0.0006335003394796 0.0024223984026263
92    	0.003992471339759311 0.5783316524662521 0.0263852255059188 0.0023697479167175 0.0034822551984848 0.0028721535594576 0.0456451194085139 0.0021593847982200 0.0096666027712166 0.0029625301246251 0.0107294747354703 0.0040194549718935 0.0051954002579935 0.0045460957884098 0.0036008075910689 0.0030533144010233 0.2190164837133440 0.0439897504256753 0.0293180677198330 0.0006373489832197 0.0020191296626623
93    	0.003983916044031256 0.0230204743725985 0.0055439033897758 0.0015483443915748 0.0026444287653789 0.0170172040305703 0.0027519935275134 0.0021244233481296 0.4532846839394972 0.0032357610646821 0.0725891005013666 0.0270596842680640 0.0030997519788223 0.0024471602079469 0.0030066895002062 0.0030690680962687 0.0106996904603471 0.0277580093038334 0.3348759613536179 0.0007493172238903 0.0034743502759160
94    	0.003958250156847088 0.0334532222974090 0.0018302136233324 0.1325142915997401 0.5667407306690129 0.0026193539012893 0.0189999187057083 0.0087368977673672 0.0052604049671851 0.0374006364683399 0.0091361116876420 0.0044715770210644 0.0239938261488271 0.0042195884559503 0.0665037811819937 0.0181590258345851 0.0253797866697033 0.0208877893833536 0.0159480683989055 0.0007628242414176 0.0029819509771734
95    	0.003918325443449495 0.0111816530235164 0.0020869614587934 0.0007008672845960 0.0011182134898277 0.0285020966806752 0.0012243704395940 0.0011664805230753 0.1796924287974556 0.0013765463517451 0.6044518876883788 0.0547012747226382 0.0013099152722443 0.0012883836355408 0.0020636455222004 0.0017075730312125 0.0029435426493616 0.0093118023693839 0.0914468684716595 0.0007841595603105 0.0029413290277910
96    	0.003889807791022643 0.0532002686602999 0.0041220539737522 0.1275188169850764 0.0760861614138084 0.0045475848557748 0.2675518163420146 0.0321543386626212 0.0051182958417616 0.0544991110226082 0.0094445843870473 0.0050677703389495 0.1321581389753671 0.0066476776497880 0.0426635283751664 0.0419906293428264 0.0894911578074080 0.0327013014922441 0.0083017177284933 0.0013409103833317 0.0053941357616609
97    	0.0038299207209262533 0.0576709926566677 0.0107508800581330 0.0095559712004525 0.0141210070127195 0.0068939760145839 0.0194678233117020 0.0078794289985493 0.0371464910258543 0.0239529552085887 0.0329297660356515 0.0248354746243997 0.0416593519067206 0.0069155044637092 0.0143752505179219 0.0214195834242876 0.1545677987095306 0.4631167651595671 0.0458188100331808 0.0015730051665876 0.0053491644711926
