20 A C D E F G H I K L M N P Q R S T V W Y
1024
0.003710146580733474 0.0393643881790373 0.0066644799002532 0.3892980202414674 0.1371874744816964 0.0068646978478570 0.0378977938980885 0.0223126101226497 0.0108040284939563 0.0346051855905665 0.0159089491329998 0.0076246858438468 0.1010587434808639 0.0144023782075962 0.0333474340130892 0.0233637753764241 0.0593320311821317 0.0323059545472031 0.0167423443598132 0.0020358292907913 0.0088791958096682
0.0034734500655906005 0.0652816240336954 0.0068182524648916 0.1252803716971941 0.3460384279806260 0.0078876320359199 0.0261160784540553 0.0208217215940200 0.0152028891531549 0.0529912401381409 0.0244589727983108 0.0120534918568587 0.0362871963018961 0.0156596461544320 0.0793148098776505 0.0343445409370192 0.0535420159877419 0.0391140973555630 0.0266269279771066 0.0027550927792677 0.0094049704224552
0.003208235898020875 0.0358346287835319 0.0117150003309497 0.0175430776035186 0.0355566576029090 0.0094622299341674 0.0170518015292448 0.0327596383413665 0.0166070967817955 0.2298865920018842 0.0328796370908248 0.0159028700808130 0.0372747759341720 0.0091707839575631 0.0693987402383123 0.3145147645985157 0.0459753504351471 0.0342243440123974 0.0202710531606508 0.0023253623962990 0.0116455951859372
0.0029059487822962415 0.0565959805002769 0.0048815147935329 0.1781804331523092 0.2490567576260840 0.0058256488343592 0.0352135664870379 0.0268336276972678 0.0107540964757900 0.0693768884152383 0.0205618634048173 0.0102050091053956 0.0658064042697262 0.0107268610209975 0.0840055486706385 0.0430605126964171 0.0625991145743215 0.0380385873710902 0.0191592180977978 0.0015251023545730 0.0075932644523292
0.0028745793646267038 0.0547041323622071 0.0112081047894639 0.0294532692383660 0.0515386997749516 0.0143835291250809 0.0294189445867029 0.0423636705819567 0.0229769609923399 0.1569403915185640 0.0407329789268127 0.0174118103968736 0.0452800131889799 0.0161300614458347 0.0707954576803141 0.2346196492317575 0.0625002024890222 0.0450174794076168 0.0294396375795829 0.0071514826796676 0.0179335240039050
0.002837506416471796 0.0600872912744375 0.0072829469115188 0.0350590705516195 0.0651577990522453 0.0088812324744218 0.0274251468404451 0.0282241099559977 0.0243814454884243 0.2173819358527105 0.0366550025987471 0.0187928610611225 0.0493534550139298 0.0172742413801479 0.0726076782190086 0.1629614726571153 0.0682941243634251 0.0550413214756548 0.0313754194800403 0.0032648261602425 0.0104986191887458
0.0025894028403581817 0.1423756022411447 0.0226112985397870 0.0317444267958040 0.0324166298562825 0.0120357472907963 0.0581290850079926 0.0191372445265538 0.0183778871384979 0.0320425340785362 0.0259090098286446 0.0132020014648428 0.0566006664637791 0.0286218600669846 0.0298945438397982 0.0302747896114446 0.2908824046915351 0.1101708219595321 0.0312503764779679 0.0030319228933706 0.0112911472267052
0.002569440483659385 0.0552839046970825 0.0150520700484903 0.0966141683548657 0.0552099594405972 0.0141665814386615 0.0525599520144565 0.0409525768704335 0.0207642229602873 0.0581272343277537 0.0287610382552521 0.0144195567584921 0.2418807351595082 0.0148493746103252 0.0397112792864511 0.0459069826103205 0.1038447736532790 0.0542652356626068 0.0264090670949083 0.0039709004593248 0.0172503862969037
0.0025323675355044773 0.0555599713020064 0.0151931858300584 0.0394660491028988 0.0463946466799563 0.0404413606046352 0.0319224532616831 0.1703153126225080 0.0260363575721984 0.0551381430158016 0.0505595949974790 0.0203675746469388 0.0647848844235844 0.0196283062701942 0.0663120264651756 0.0680516920154932 0.0727509997042323 0.0471833961177522 0.0342008688898826 0.0086090372670624 0.0670841392104590
0.002358409855700679 0.0884020535992343 0.0174250014244162 0.0184428316418666 0.0240866088945334 0.0115016254416537 0.0218625382474901 0.0134282950031367 0.0365630718767376 0.0275707945404363 0.0317181431151272 0.0186331610477657 0.0355254001602315 0.0147966150499940 0.0215750071840161 0.0240370075624834 0.1782754678890595 0.3479035262882578 0.0558744493452425 0.0028038537921724 0.0095745478961448
0.0023070780813323447 0.0307414950078919 0.0048578777109372 0.0139003887987403 0.0289650749534504 0.0050587642688795 0.0175523575060829 0.0182299936469662 0.0132724666360221 0.3344950032057507 0.0196190016515187 0.0122947886981865 0.0301446762681028 0.0134847146192613 0.0506006325965363 0.3047414254909122 0.0430672911555260 0.0331112566439885 0.0172707567091547 0.0020516561742166 0.0065403782578754
0.0023042263160896596 0.0629284154637997 0.0103629371541806 0.0437228514304246 0.0954435639765574 0.0157767109583388 0.0290073926027109 0.0448757390688750 0.0244323656845442 0.0752058924458028 0.0486764077495884 0.0251760480983674 0.0464615013557070 0.0184899450207266 0.2164217286137964 0.0697856973915933 0.0678007843465606 0.0497675752170115 0.0340563092039502 0.0044779408689972 0.0171301933484675
0.002284263959390863 0.0437753172761665 0.0026780332932413 0.3009955060718788 0.3369206667330490 0.0028403250682000 0.0257916241976137 0.0142432418066463 0.0071980780421724 0.0268404737207768 0.0128612430137600 0.0061847398083218 0.0431428586557945 0.0157692309330165 0.0509416722755805 0.0167102050853107 0.0442961683521594 0.0267797550205005 0.0139240449291303 0.0011619056589203 0.0069449100577609
0.002284263959390863 0.0175567933068131 0.0045909591374943 0.0032730497479477 0.0050737386045876 0.0550890968567719 0.0048996044560356 0.0063709077673463 0.1198248247155871 0.0064021752514722 0.5424449886644128 0.0816118654375509 0.0050458874210865 0.0047292063748901 0.0094851608060451 0.0089028397453040 0.0120814027169480 0.0152570081415243 0.0854851297289857 0.0032989469909414 0.0085764141282554
0.002261449837449381 0.1097824599844426 0.0131926031180356 0.0232560215304590 0.0351843941108268 0.0114372702732993 0.0276395465066265 0.0183765085628236 0.0249000856438244 0.0386670969857910 0.0419073009527675 0.0157257671605314 0.0294154001750072 0.2962184425276170 0.0440497492501631 0.0366244395780129 0.1120318032513158 0.0697674040730818 0.0383230637779476 0.0030686476313189 0.0104319949061082
0.002258598072206696 0.0204207969930420 0.0110121324302651 0.0024599960513299 0.0051694989022332 0.0364922922504490 0.0029278606323819 0.0037985447368721 0.2332984994005291 0.0063886898671722 0.3873178459910898 0.0743408764483217 0.0044709385810844 0.0041136317659795 0.0076661371537245 0.0066137698616370 0.0104735633267267 0.0196639488943614 0.1534023519902259 0.0012474540617235 0.0087211706608511
0.0022557463069640105 0.0256002888477523 0.0082755042951934 0.0024198176679822 0.0045423411079198 0.0166682735104684 0.0030306234916822 0.0031370012997174 0.3562960098631746 0.0046534810917062 0.1398377800977680 0.0322933940067482 0.0039665508096466 0.0040429354392873 0.0048822750294566 0.0046749919382518 0.0106406200828648 0.0242948450954971 0.3432226278488715 0.0016991943782060 0.0058214440978059
0.0022158215935664176 0.0401556226254853 0.0047367350088656 0.0198006843906110 0.0511456174884490 0.0054375814787538 0.0139028641142705 0.0230130498658141 0.0143370365394682 0.3070692683903083 0.0236187303675648 0.0116696958923647 0.0423827896626359 0.0040251195098007 0.0878632650857534 0.2382477048196294 0.0481094051588834 0.0383653653907593 0.0185171579143138 0.0014413702929418 0.0061609360033272
0.0021844521758968803 0.0221130839346502 0.0054015379641206 0.0015574062971356 0.0033864951546952 0.0326186320034162 0.0029614386963835 0.0036359701199367 0.2218697300100321 0.0031796217413447 0.4144856482944694 0.0796543706311970 0.0036798973613976 0.0032163907883774 0.0061674983033198 0.0049153080429617 0.0096072344191585 0.0215811929631802 0.1495722840669867 0.0034517661353109 0.0069444930719259
0.0021160098100724348 0.0126337561381636 0.0080218727736651 0.0009885804439544 0.0013154251850824 0.0427508079115145 0.0014972004824758 0.0017784769417511 0.1448376900719009 0.0020906150860260 0.5674825650467503 0.0977837148373957 0.0016699325285131 0.0011876198202327 0.0039459539635712 0.0037017947641887 0.0053827640259179 0.0113971350220585 0.0834070044647806 0.0023574954669637 0.0057695950250938
0.002104602749101694 0.0615656162501343 0.0044677016520723 0.0565553138696092 0.1262314531620063 0.0058988402931386 0.0235613728675935 0.0310488527278446 0.0126965190950116 0.1781023416563311 0.0261838322262334 0.0126065452120333 0.0543408947015244 0.0153961581384296 0.1163277757879026 0.1354686579648593 0.0662634404014394 0.0446376224961379 0.0195054082004917 0.0009834717014414 0.0081581815957654
0.0020846403924028975 0.0382395682406174 0.0097407024645101 0.0220649649970805 0.0381148200149116 0.0049322734714220 0.0232825832177316 0.0391888567555519 0.0108641843011859 0.2465692772783609 0.0198291793671193 0.0075405798440797 0.0488321861624107 0.0145752575554508 0.0773766124329519 0.2796893422429666 0.0588265685138623 0.0335071292185482 0.0153553631314151 0.0032079073408986 0.0082626434489247
0.0020561227399760454 0.0095905106003506 0.0034298796148294 0.0008528488295421 0.0021983695110758 0.0368714799095523 0.0021396592343223 0.0015595731066677 0.1476504483317657 0.0021263643556199 0.5975922869099640 0.0820856295296040 0.0014976484118313 0.0034281661539469 0.0037029775536113 0.0025987877209892 0.0051779431538192 0.0082152859851146 0.0824423092032928 0.0014204967026782 0.0054193351814227
0.00205327097473336 0.0846349562552139 0.0131073293110877 0.0206665908988203 0.0186614034560703 0.0067337391178299 0.0271387974056596 0.0100379295532145 0.0135723034769832 0.0213926631159348 0.0159023445204065 0.0098301758396705 0.0392600204846728 0.0133102526635217 0.0164963593823129 0.0179177689499532 0.3534358160236691 0.2870357214832733 0.0228558843102036 0.0018143694610975 0.0061955742904046
0.00205327097473336 0.0291272589283288 0.0050915538043845 0.3504785961775747 0.3613714524118030 0.0031591346906801 0.0204385443444087 0.0105358260060579 0.0069546303969263 0.0200234743709333 0.0108178595736907 0.0056526641725453 0.0437549179711059 0.0057109803531726 0.0382221749189745 0.0113942374948773 0.0387656477180244 0.0191982196847748 0.0144832271369785 0.0004366590745407 0.0043829407702179
0.0020219015570638226 0.1036531494493173 0.0172402847540467 0.0332691140542936 0.0425311161790136 0.0197067765072160 0.0390467830174671 0.0253956678717399 0.0457978680572896 0.0485033580045808 0.0572224587730358 0.0246992471394392 0.0551488209948507 0.0260398172631113 0.0411156261486685 0.0437756077353688 0.1508708674929156 0.1425836544655265 0.0622979883017636 0.0045163625819503 0.0165854312084053
0.0020076427308503963 0.0496132758641293 0.0095957552019770 0.0077418271286079 0.0128530310369997 0.0203681432610697 0.0093705987213689 0.0068819350582282 0.2658690502500667 0.0119819744469748 0.1065390606047931 0.0323173561108412 0.0103518173262661 0.0069671440014186 0.0116034997576344 0.0115266637974064 0.0236809891864329 0.0403598957260202 0.3511141018970098 0.0020278341079441 0.0092360465148114
0.0019990874351223406 0.0258376311281016 0.0075454378864722 0.0067115914121313 0.0126468418305828 0.0444000785436190 0.0069899078486822 0.0098603723907231 0.1198938665073439 0.0181999802097856 0.4518432863671156 0.1039227425229415 0.0100345469123266 0.0054277229755829 0.0191406855866469 0.0169931386909078 0.0191132253386832 0.0225123090391710 0.0802551651326465 0.0039751074059454 0.0146963622705906
0.001990532139394285 0.1730298976941096 0.0233946063726685 0.0172517276962609 0.0266322874143492 0.0205060194925327 0.0321007305242393 0.0148995535940080 0.0770372735264959 0.0243282590427485 0.0684842941731753 0.0316894144364352 0.0269162522499307 0.0174109719996696 0.0245037286409186 0.0239240204995151 0.1267330380497088 0.1190764865615499 0.1358990219034377 0.0032210346594019 0.0129613814688448
0.0019677180174528033 0.3416060025603315 0.0153078854218220 0.0232380494519780 0.0324775441355191 0.0122496952357399 0.0655805836878585 0.0143423002597239 0.0281418873710843 0.0258549460282377 0.0332098356174206 0.0156348711903596 0.0242898669477728 0.0252112904414715 0.0238035343818620 0.0259114152588344 0.1412179185365207 0.0713253478508720 0.0682444961254518 0.0032237860973980 0.0091287433997418
0.0019620144869674327 0.0929507620198571 0.0159051909896400 0.0389381624995425 0.0309812709485617 0.0112303515332330 0.4372639020101672 0.0162629311274833 0.0133127163450306 0.0264022149401645 0.0214200013459867 0.0097002881985873 0.0530036524230537 0.0149557396262796 0.0218984618572918 0.0258391752220007 0.0990199764819259 0.0360553016619565 0.0209161019152325 0.0039867935245888 0.0099570053294164
0.0019420521302686363 0.0247411957563190 0.0087238163947517 0.0171559385587836 0.0390615504842865 0.0061161010858581 0.0205322114782610 0.0278467138600858 0.0155233882637211 0.2899850905400028 0.0238908982259062 0.0156943744789980 0.0374418222090128 0.0067083543191209 0.0682832359290999 0.2968148249947909 0.0418778803388278 0.0308999694592148 0.0158657158498180 0.0064079693010684 0.0064289484720730
0.0019334968345405806 0.0353688148330031 0.0130554235121419 0.0014417342794786 0.0017586257920598 0.0162297401529516 0.0029521342660788 0.0019647588318145 0.3428589329156549 0.0023512665151146 0.1405557270760762 0.0347141686929102 0.0028912908260735 0.0039000411289680 0.0033570752441883 0.0028637164052355 0.0103757426976744 0.0284700848959366 0.3503293642274805 0.0003070576560941 0.0042543000510649
0.0019334968345405806 0.0331952488664708 0.0017351322145724 0.4632813138733994 0.1496317548806434 0.0034703860611731 0.0277394082302064 0.0199646828578184 0.0054228711650037 0.0297279946866489 0.0080690816445861 0.0050141781494721 0.1059319021265361 0.0069332855448109 0.0342475327364594 0.0190916085907519 0.0478744597251027 0.0234574262004089 0.0090235271258374 0.0009862876706649 0.0052019176494331
0.001913534477841784 0.0470644334087254 0.0130891633270836 0.0915884854155901 0.1566152709314267 0.0095142625071325 0.0302359964780789 0.0363642826198549 0.0208146413431852 0.1313643424387726 0.0315772864243903 0.0144741988199868 0.0767390859349836 0.0087521909917668 0.0856980598733865 0.0764709385999091 0.0728026918516960 0.0531670112615220 0.0272818793331794 0.0018557300069851 0.0145300484323446
0.0019049791821137284 0.0405143881062677 0.0062798158406268 0.2999903952050039 0.3085502499896323 0.0042616239403101 0.0286658855268439 0.0189958433225794 0.0072407712089715 0.0342132183807121 0.0121469373627721 0.0056458450243525 0.0575546562995793 0.0058993738644012 0.0517157287333159 0.0207502704813660 0.0471719017134294 0.0269364544991319 0.0138894498086154 0.0033293572776784 0.0062478334144101
0.0019049791821137284 0.0510809162320821 0.0147298630023683 0.0082134817319422 0.0217996175946285 0.0248092130412360 0.0088410328661017 0.0141453501443340 0.1638866837346704 0.0346910072965179 0.2107848947201386 0.0787171546507460 0.0200918981670615 0.0063491669584920 0.0357477215966399 0.0305989130148952 0.0420858278757708 0.0663683154786360 0.1507279313934752 0.0027837328594590 0.0135472776408048
0.0018964238863856727 0.0190407363949987 0.0190533268510602 0.0050741698929085 0.0088060036523559 0.2930243708145687 0.0058618114502233 0.0417197627629270 0.0392506513022095 0.0136507248948180 0.0821420159674726 0.0196857620026048 0.0153236375290374 0.0048230915893952 0.0138420225615846 0.0127271621173483 0.0234314057468057 0.0170867300494126 0.0354029150013449 0.0178726194586745 0.3121810799602493
0.0018821650601722466 0.0395100248383938 0.0176097958443415 0.0039535724888960 0.0061661061312564 0.0837318592560930 0.0071784054355805 0.0066964454817318 0.1746282598276392 0.0076128448576187 0.3178224997690816 0.0824918481035083 0.0069390851539968 0.0034688281578303 0.0075121010610531 0.0080962017525791 0.0178454730900478 0.0263861589967271 0.1541102492919035 0.0059854750971593 0.0222547653645625
0.0018821650601722466 0.0134996254184680 0.0108959524793683 0.0019491473768702 0.0044938178862419 0.0789881551747605 0.0027056690123075 0.0082223536539608 0.1166052024632166 0.0055279948778896 0.5175609691102993 0.0924162161156842 0.0050063939950001 0.0041516007452035 0.0087867333023515 0.0065731497305505 0.0111399951895443 0.0140631661782345 0.0704529223459393 0.0034956367062026 0.0234652982379070
0.001873609764444191 0.0584908801955882 0.0039247241792008 0.2033394401286599 0.2681834886172256 0.0059463139894656 0.0254384358808427 0.0206034998193526 0.0136746019506668 0.0533176353266108 0.0181224114959008 0.0083409311370502 0.0597710841950272 0.0233557683824373 0.0677792027385344 0.0280588846842352 0.0672948860507773 0.0420973275097276 0.0239751053989403 0.0004423188060066 0.0078430595137502
0.0018679062339588205 0.0700325239871448 0.0086547401648837 0.1388417763196061 0.1102586146019385 0.0069849919299467 0.0530819876756998 0.0337635022495377 0.0120646788700282 0.0583245198050267 0.0181442499183159 0.0084819551418571 0.1281994223152219 0.0132493200128975 0.0557273040207145 0.0392520089760162 0.1457871962323636 0.0685308343868473 0.0184602190496740 0.0017537974944730 0.0104063568478068
0.0018479438772600239 0.2559210937276317 0.0287526650416223 0.0147542086306289 0.0161378797049265 0.0071330919287882 0.0453580773673049 0.0090987625345722 0.0110737812642710 0.0150836794727956 0.0161625640561734 0.0079419939741955 0.0233322255997512 0.0141461390787001 0.0151516740166507 0.0159591141075374 0.3861534875128741 0.0833449253350144 0.0264771336664840 0.0022781613745525 0.0057393416055253
0.0018450921120173388 0.4154252891900401 0.0387811266112802 0.0049518943722562 0.0081441819340203 0.0067201047720618 0.0515562490330728 0.0048194659821218 0.0226934226805562 0.0085487440958504 0.0202368620477498 0.0093992541793778 0.0119468392297960 0.0071452622114865 0.0088916813134579 0.0072624991731612 0.2170404243764245 0.0902717130368496 0.0605629389606614 0.0009936952728776 0.0046083515268977
0.001836536816289283 0.5134376248486717 0.0186185392031842 0.0102348691575225 0.0172771671082497 0.0047816322016649 0.0641871921026557 0.0059868695274732 0.0126530786636499 0.0139417229254760 0.0146408909170090 0.0072440359808556 0.0124260303427063 0.0105855800031447 0.0117338723566620 0.0140573158808231 0.1738022003467722 0.0504559864625478 0.0382730770942118 0.0011266874360333 0.0045356274406862
0.001836536816289283 0.0179780818449001 0.0092605937315361 0.0006479333489429 0.0016408663587660 0.0199039991775861 0.0012181623952972 0.0013439683311539 0.3493859281797144 0.0013791210899128 0.2604929358353346 0.0502523355887159 0.0025635211498930 0.0024330980014840 0.0026726904785017 0.0019178076338975 0.0058547664258380 0.0198667788807050 0.2462915017291585 0.0009945051100651 0.0039014047085974
0.001825129755318542 0.0315353294861448 0.0146624195144727 0.0113014510945119 0.0130770573668880 0.3234731440919496 0.0131492780359869 0.0252469479990528 0.0469714908689384 0.0138960578652673 0.1176207205993753 0.0302081763637203 0.0175291116697570 0.0093166159527783 0.0148388480638268 0.0167967090175254 0.0342377681813254 0.0262276431509335 0.0462262021239117 0.0173944950463567 0.1762905335072772
0.001825129755318542 0.0261902332712974 0.0020866091524874 0.1353095255865264 0.6122851364515171 0.0039601234801828 0.0164696218847309 0.0083087623133303 0.0068954155460463 0.0295589185626942 0.0110517761414727 0.0058027544511503 0.0186636793647081 0.0072581498395151 0.0427119784512096 0.0172194648644943 0.0241703746676359 0.0147721754304615 0.0122350150632052 0.0010522064270663 0.0039980790502687
0.001825129755318542 0.0820138686516330 0.0099957145290091 0.1462316508794278 0.1338033579029384 0.0133701030071550 0.0545506542608162 0.0283522968977086 0.0184772260662083 0.0541949670501783 0.0318284286457418 0.0139060895001994 0.0710732975911870 0.0282632507649191 0.0559649116077339 0.0439124296808314 0.1019452433155551 0.0610128143087480 0.0311034926611179 0.0044733716689523 0.0155268310099396
0.00179661210289169 0.0808209904029677 0.0162504520538775 0.0011444585686269 0.0020925505059001 0.0377583616554468 0.0135011584011266 0.0021098328878464 0.2413892697244251 0.0021757390304117 0.1534338051921129 0.0398720699756617 0.0030424903914315 0.0044427441724412 0.0035599006174438 0.0029366659091849 0.0212515933396781 0.0412248683561724 0.3226788600534837 0.0034629957336403 0.0068511930281206
0.00179661210289169 0.0302626961891626 0.0117781870248446 0.0012806638568989 0.0020474579028176 0.0573478448929531 0.0075227142651828 0.0016281994466621 0.2023965551957917 0.0043553425528371 0.3810354661567376 0.0922553087467527 0.0028609130796554 0.0030228437173113 0.0050766744082756 0.0026922962885667 0.0131508096405140 0.0230205914798918 0.1482181644020902 0.0029398554396227 0.0071074153134318
0.0017795015114355785 0.3273487261923214 0.0660561735249143 0.0040316336088524 0.0073620634161757 0.0142219073696628 0.0462586249557265 0.0051796185216797 0.0541395658325980 0.0057368290034675 0.0448381737629893 0.0199646338486348 0.0111227844219696 0.0077267677813430 0.0079545282514832 0.0060342772832873 0.1489981139317379 0.0958508994424248 0.1183637206062770 0.0014457374927930 0.0073652207516616
0.0017737979809502081 0.0672374662180221 0.0216188569218273 0.0502836952119251 0.0295376485829478 0.0078376719982660 0.0575861523504688 0.0282251985660904 0.0122591520759588 0.0392709605956448 0.0186388987328381 0.0098891537298974 0.1774638375229242 0.0152409877489046 0.0314956424718745 0.0334676473621489 0.2617847835962873 0.1055103142001657 0.0196174612463732 0.0024687276750745 0.0105657431923606
0.0017680944504648377 0.0604484977306546 0.0158112572749224 0.0084334223552522 0.0138464399993744 0.0447792171113171 0.0180223657616812 0.0116956409752602 0.1220676825474190 0.0158742211077975 0.2909464860662314 0.0956681396804546 0.0168942761619664 0.0112356895835768 0.0215246307079504 0.0160468080106104 0.0470243673197663 0.0517867376936867 0.1180022340645655 0.0049384702905998 0.0149534155569130
0.001745280328523356 0.0331608903819007 0.0086860395451198 0.0104867979891893 0.0225443377340850 0.0138812745392494 0.0171627445419314 0.0218347167753577 0.0236425250348224 0.1989221011940874 0.0456599711427636 0.0217030656335833 0.0247010062536047 0.0105200778804802 0.0452818248600973 0.3884053574659193 0.0377306083295941 0.0310535665255219 0.0263842341437525 0.0053251780134502 0.0129136820154895
0.0017367250327953003 0.0820795479660755 0.0223873744358706 0.0025000741869267 0.0040490709874798 0.0974035102707963 0.0247373117770608 0.0039777043357843 0.1465228968408525 0.0044314151545838 0.2625198804157173 0.0672628311582451 0.0051997823755847 0.0053891649317238 0.0052628375099446 0.0057833961993294 0.0351253647597783 0.0436608898637193 0.1565660547544875 0.0093074833134424 0.0158334087625969
0.0017310215023099299 0.0385827003630417 0.0042857221380304 0.0033088099906796 0.0081114565989585 0.0444622984104965 0.0066066197444267 0.0068020326676770 0.2111697665967960 0.0109060736909879 0.2783047633475199 0.0809192689894645 0.0066980087922258 0.0086003143716587 0.0097573386720715 0.0127825057372636 0.0219886083695263 0.0407620055194271 0.1899897911351489 0.0036037364602658 0.0123581784043339
0.0017196144413391889 0.0847501384862233 0.0048251361481249 0.0491283891703069 0.0577130273313384 0.0080167955029786 0.0252122304977237 0.0206786533094716 0.0139496930262007 0.0450111057629645 0.0257099159584351 0.0099516077218851 0.0321188732556548 0.3881838430523180 0.0387568949129004 0.0322579496125893 0.0846654216538307 0.0437753272934464 0.0237782920024500 0.0028131455359416 0.0087035597652161
0.0017196144413391889 0.3810572686529297 0.0276975042504322 0.0104458285818703 0.0144300359929770 0.0128013886127691 0.0647291137368658 0.0083951266589694 0.0269880403815554 0.0134406940309769 0.0351689354144464 0.0156439457486164 0.0165512170477760 0.0152808312856384 0.0140393111031644 0.0143007342468057 0.1699795444307567 0.0815179638806038 0.0665776335495893 0.0037818957613952 0.0071729866318617
0.0017167626760965038 0.0708056012954831 0.0121099510219651 0.0037123010041086 0.0070477107553123 0.0376568154855242 0.0134859491950286 0.0045568168589527 0.2297018825954713 0.0058225338391153 0.1768861520328424 0.0481137865178541 0.0052250396199218 0.0046126561124865 0.0052865917800570 0.0064159630824240 0.0224549491905510 0.0400957576943358 0.2943221045633329 0.0029339418522502 0.0087534955029832
0.0017167626760965038 0.1327712907794784 0.0110392897982211 0.0165578533976467 0.0221322771652184 0.0055265440120926 0.0282722659532058 0.0099398408825769 0.0108273086225139 0.0162963481266102 0.0158505814725187 0.0065727156684451 0.0169717051336776 0.5150391568102783 0.0161874767484754 0.0132508661152948 0.0984149129887354 0.0357188577713117 0.0215016224368159 0.0011282206183015 0.0060008654985820
0.0017167626760965038 0.0228880412985650 0.0168816697702532 0.0106116927918459 0.0207880111559027 0.0078462428509918 0.0171327445895576 0.0490956467976072 0.0119349804077229 0.1792618070270067 0.0268238487309996 0.0123769221633366 0.0283960125536883 0.0068877759892476 0.0619257753891939 0.4308381625511048 0.0387026265078568 0.0255172339965750 0.0144225599135867 0.0066431292253915 0.0110251162895661
0.0017167626760965038 0.0236395022352190 0.0071901437536710 0.0015950601834736 0.0023401706799230 0.0355783632042013 0.0032636458563436 0.0023386803407560 0.3153621318415125 0.0025111773869321 0.2719935329752359 0.0549080304432579 0.0027020018823083 0.0013419111664360 0.0023324198379093 0.0035086679545140 0.0060711875563415 0.0163072515565863 0.2397657081807861 0.0019821686927416 0.0052682442718509
0.0016996520846403924 0.0459398594733166 0.0009496543270188 0.2706939472335535 0.3588286391850941 0.0047676451912320 0.0224930850649381 0.0124307177180089 0.0108760659494071 0.0326899704338357 0.0132585290618983 0.0075046811223677 0.0453592473034757 0.0080437923226982 0.0546888665252479 0.0156185510753892 0.0461233537581909 0.0280363596777769 0.0171948027641830 0.0004757834521256 0.0040264483602422
0.0016882450236696514 0.0665386441457563 0.0188522502792653 0.0177751160712890 0.0406649862491390 0.0190236870487787 0.0187470698636337 0.0311325327910322 0.0853086510317268 0.0913726212430854 0.0831282977828462 0.0291623076331663 0.0322635631453897 0.0152746853442424 0.0618186522929331 0.1104434924360780 0.0641836112175014 0.0792892812298165 0.1143630745431021 0.0037000654570751 0.0169574101941428
0.0016853932584269663 0.1366582781927017 0.0085726915988469 0.0493118619241338 0.0846121819805637 0.0100933057977962 0.0436236735468808 0.0211211748592610 0.0217001590580085 0.0586445410948925 0.0352713319582146 0.0206563327352360 0.0540836596460414 0.0165692077777645 0.0726713603018396 0.0430445481694089 0.1692016907991431 0.1042012489742555 0.0358906629385298 0.0036811054547037 0.0103909831917778
0.0016768379626989106 0.0688462236701519 0.0035559949897460 0.0120835217495200 0.0107258156467638 0.0039350884492176 0.7530907006263856 0.0060919495051063 0.0045363578384526 0.0121837704957665 0.0076510482601947 0.0048022117856756 0.0146370255341253 0.0090897037247088 0.0105066303617889 0.0144865525788135 0.0384490433326077 0.0127064153972558 0.0080630617407082 0.0011265614665567 0.0034323228464545
0.0016768379626989106 0.1119572526689894 0.0388668091910719 0.0084024172132054 0.0142735254145551 0.0196725904167742 0.0141422640998480 0.0100422235727468 0.1473513923921765 0.0184471564916365 0.0914185228072505 0.0390192305820188 0.0171954932313554 0.0102506093062763 0.0177102702180263 0.0163396792719373 0.0669470334776409 0.1144155138313992 0.2290819307050867 0.0027440671788940 0.0117220179291108
0.0016568756060001142 0.1024804874594728 0.0084487963031188 0.0118999491517943 0.0179630782345291 0.0137636858014724 0.0187781012036573 0.0117300552896546 0.0392182251331746 0.0196321135611491 0.0606597672991439 0.0159924607753748 0.0149588047934371 0.4523890940235009 0.0190925365393260 0.0199614843233003 0.0560279924621591 0.0438622148888084 0.0600390322624386 0.0026997598172541 0.0104023606772340
0.0016426167797866879 0.0760985196785132 0.0098687592909739 0.0885747736116424 0.2028425326001052 0.0151103965643418 0.0309789557844253 0.0208417030876844 0.0512279348650540 0.0504042735165146 0.0604736657008627 0.0250325813568258 0.0363592785095779 0.0155055156710638 0.0616013359539706 0.0336929532102688 0.0606959192555264 0.0582045050820026 0.0848723448970825 0.0038009039997560 0.0138131473638084
0.0016426167797866879 0.0554002554276064 0.0121973216498628 0.0193105296006667 0.0324210377871827 0.0458843640861014 0.0178572603815242 0.0219356782318477 0.0915202168685893 0.0347120325959346 0.2414677268137713 0.0907742639680152 0.0251607017745072 0.0166849343446264 0.0427439138840208 0.0388809164464572 0.0517969824665925 0.0489869724372530 0.0855602983563650 0.0067145710172807 0.0199900218617946
0.0016369132493013175 0.0370177044820871 0.0074269172733169 0.0410209442794056 0.1074514707411703 0.0027941576414351 0.0298224941180804 0.0292392156030485 0.0122723803138516 0.2349309508513557 0.0206141050762356 0.0142013910973012 0.0608979411566711 0.0053700040702416 0.1035039354422220 0.1730850200497568 0.0562251444260701 0.0403313472286815 0.0131052039907940 0.0039244884557812 0.0067651837024939
0.0016283579535732618 0.0967951912004084 0.0153781121666408 0.0441010795090280 0.0446120209614321 0.0111207496693211 0.0624691548834153 0.0320775157500197 0.0157569719010040 0.0465124090699477 0.0291595521027806 0.0119198594917073 0.0698024288670813 0.1352865889567585 0.0441045709373267 0.0473880088552399 0.1770392310038588 0.0740538817904243 0.0255369374422374 0.0025147352000550 0.0143710002413129
0.0016283579535732618 0.0306400411363191 0.0212574088228710 0.0174961923780453 0.0169569682341568 0.2089675558884422 0.0146723095023400 0.0744470787868495 0.0245866327950445 0.0172070855236135 0.0530482574802491 0.0163936542515898 0.0326191827403277 0.0080380257343636 0.0227105185895352 0.0212501484363528 0.0466808560780051 0.0264053675030767 0.0250940027903051 0.0102283610337658 0.3113003522947475
0.0016255061883305767 0.2134083077065121 0.0244320148807332 0.0191609929224808 0.0216031209811832 0.0071113795618224 0.3158241399651738 0.0103127365065576 0.0116826774998605 0.0190420172555721 0.0174020372390401 0.0074969061901000 0.0326405908347746 0.0165226382513985 0.0166085202157058 0.0179127262274700 0.1705511413629656 0.0470666692001687 0.0227379065657130 0.0017122841493877 0.0067711924833801
0.001616950892602521 0.0920345043881987 0.0099081052053984 0.0238007187439766 0.0527197746747478 0.0214059756288622 0.0218200904533344 0.0182037815161492 0.0964296448257192 0.0455180533051346 0.1067314807949083 0.0457826632015724 0.0327327409008842 0.0122162854050432 0.0484066112979824 0.0362725165026038 0.0893444845059725 0.1072870777036465 0.1201453133189703 0.0050544948347384 0.0141856827921569
0.0016140991273598357 0.0770790537016471 0.0118759014693270 0.0410717997043682 0.0544164914361858 0.0062617072633049 0.0450304385223231 0.0322282626436363 0.0136781844047257 0.1384085733030437 0.0205864235075180 0.0110092679674314 0.0898755081866366 0.0202902206303115 0.0698641990382612 0.1065055703435301 0.1473223420687440 0.0827104651657882 0.0222541397576493 0.0010166954147828 0.0085147554707852
0.00160554383163178 0.0543342245587583 0.0105066691575323 0.0267238136278445 0.0550240857999681 0.0216571585140822 0.0226370447910041 0.0279427775375518 0.0535698042600108 0.1677535675619979 0.0754314089526110 0.0428934142606107 0.0496672255075054 0.0123010684967602 0.0628526526175662 0.1215660778507058 0.0596865012748359 0.0576178299291931 0.0515856914876219 0.0080561908567898 0.0181927929570498
0.001602692066389095 0.1055774974674528 0.0206276800130908 0.0130951084125889 0.0128719888024975 0.0049962578370414 0.6582504504299999 0.0073358866337034 0.0068164711650274 0.0111728116933456 0.0103751326259601 0.0047306756578863 0.0179256146433327 0.0045757564450229 0.0089186368943385 0.0126382687301119 0.0621436255626340 0.0189196165917397 0.0133363095333490 0.0014847844214945 0.0042074264393826
0.0015969885359037243 0.0112027285816994 0.0031011653433177 0.0007088673959056 0.0016458566603522 0.0152751329755742 0.0009827716658930 0.0014631173922879 0.4641594348849122 0.0021944043767965 0.1421950955499992 0.0298653800236653 0.0018360973687461 0.0025495053223561 0.0014187775684359 0.0015956183466702 0.0039821245655288 0.0146420750493787 0.2984529930059799 0.0002185611044085 0.0025102928180926
0.0015798779444476131 0.0957075976693835 0.0169480238721582 0.0228339299770620 0.0350301582122109 0.0124247860962415 0.0439720450395104 0.0259463286992598 0.0221065630821909 0.1152028781799903 0.0347303504875610 0.0187913307960412 0.0505169800045863 0.0237639088007730 0.0502926144933821 0.1365236082811854 0.1519213477180925 0.0924585819767757 0.0343661895375737 0.0037963970605056 0.0126663800155160
0.0015770261792049278 0.0258588230277835 0.0075576495799266 0.0092163801849586 0.0220989476136986 0.0056411974079042 0.0119136534530899 0.0246504482599103 0.0134905604405709 0.3273713339338299 0.0237555542463826 0.0115218121296580 0.0288945015245897 0.0077770245867153 0.0621047090960896 0.3227130805260447 0.0394402999769944 0.0307671008597617 0.0169974939796049 0.0004595464107518 0.0077698827617349
0.0015684708834768721 0.0574266621630928 0.0042209335954290 0.1246124334496083 0.3019717923906660 0.0025217272798942 0.0180935570143070 0.0162108812211678 0.0131240264924545 0.1063226964873928 0.0196863809787197 0.0089651952189095 0.0480282782234630 0.0075324707122545 0.1035759352900241 0.0524115092918688 0.0475241426194718 0.0401822869225692 0.0234832838570401 0.0006102232506289 0.0034955835410382
0.001565619118234187 0.0263050331744916 0.0081674758887989 0.0104603681179454 0.0111456701899538 0.2609114790900245 0.0100171281787135 0.0367674534270959 0.0214714632299468 0.0131018060399776 0.0456750088946241 0.0148107973116230 0.0136397141816150 0.0075604182334447 0.0138515519583944 0.0175043144282308 0.0243029364779185 0.0189963770712997 0.0237187968484226 0.0297679941440146 0.3918242131134644
0.0015513602920207608 0.2216542811439329 0.0147128909647338 0.0083701137021555 0.0089610982892757 0.0094922953911279 0.5258901320675452 0.0061244484492763 0.0104765963610503 0.0080042941462859 0.0172306684620248 0.0068963916626175 0.0110736513153155 0.0070321100718496 0.0076794305143947 0.0080978363654032 0.0746211404058787 0.0234991568263418 0.0233581911338447 0.0018104119410748 0.0050148607858714
0.0015485085267780757 0.0263037686220403 0.0018038137859567 0.2192923347975031 0.4851234240065923 0.0012556945024957 0.0281426442690581 0.0120965624877319 0.0043954094991715 0.0451416700408712 0.0072301658256003 0.0060929930432184 0.0329525544199846 0.0025077872258238 0.0589736034064291 0.0196656015002427 0.0207989290508076 0.0114289114648714 0.0129588776949696 0.0003474861527930 0.0034877682038385
0.0015485085267780757 0.0192211895792125 0.0073064202802844 0.0010732968724803 0.0012377493607193 0.0754113952934853 0.0037412187930398 0.0031362165709984 0.1362531259269850 0.0014425311603360 0.5139745973736799 0.0961445047704573 0.0022917585146272 0.0052093783972100 0.0035201944843497 0.0022575536404161 0.0100921826282671 0.0135758312364557 0.0910111974833693 0.0052348303926592 0.0078648272409674
0.0015456567615353904 0.0831599039764989 0.0057781948928747 0.0596045136446300 0.1223551075055026 0.0094241636292158 0.0267446777858216 0.0261425196146993 0.0245525902602896 0.0904890485058264 0.0395425352525048 0.0168126686823293 0.0416476889642047 0.0977005370988343 0.0967250680077622 0.0650342189584670 0.0842016075566933 0.0621553849957687 0.0377542318680777 0.0019719096805945 0.0082034291194044
0.0015456567615353904 0.0797141103515307 0.0117344163174082 0.0399126673582042 0.0424521881552482 0.0111383467058532 0.3396011627340079 0.0279711374434493 0.0147066184088480 0.0578162288795409 0.0245295218427654 0.0129617881192451 0.0537930180970138 0.0144288370039907 0.0401319960780837 0.0668090853908425 0.0866443885349643 0.0363825562711498 0.0233501369100821 0.0040101993966935 0.0119115960010787
0.0015428049962927053 0.0947554949321162 0.0101340083847286 0.0538457605041943 0.0420515729009352 0.0075231129958272 0.2596967315797546 0.0187059090662275 0.0100205321963281 0.0417158216537660 0.0164472584048673 0.0085096061421067 0.0841906162142898 0.0168550029445398 0.0315287016956284 0.0350395804167902 0.1836247602044392 0.0592545045835290 0.0171274918781572 0.0019945060137013 0.0069790272880735
0.0015428049962927053 0.0958866154791495 0.0059824442335523 0.0893339094666392 0.1477502455765414 0.0049625043643828 0.0310348766062425 0.0268655344463924 0.0176788989004665 0.0891842853631006 0.0332537719725829 0.0171515110052733 0.0713262611216404 0.0069659431855423 0.0967106016339157 0.0562416458383313 0.1023198966982731 0.0693145255828825 0.0306518149394240 0.0002575695831650 0.0071271440025020
0.00153995323105002 0.0915114653790944 0.0042763247602741 0.0648731519723536 0.1093108732546662 0.0031863258716642 0.0346657610252165 0.0280480942439579 0.0172439331746756 0.1117410644628146 0.0260506144532870 0.0155309216106810 0.0863147178469750 0.0064600436485445 0.0959405022665081 0.0737895426618583 0.1209851395585937 0.0785496314606061 0.0246036629348028 0.0015721119070238 0.0053461175064026
0.00153995323105002 0.1852101340042012 0.0211189847310713 0.0147777926100382 0.0262246965191487 0.0059039521186524 0.0472779282929888 0.0110198040035626 0.0267214387084978 0.0247587370397395 0.0289831338966025 0.0185336240403292 0.0574060944716878 0.0103165280706748 0.0284531813962253 0.0194186815423325 0.2567172873781096 0.1652393700199489 0.0460787966367516 0.0008919362111873 0.0049478983082500
0.001525694404836594 0.0239216457291512 0.0077246349437901 0.0006788276661948 0.0014452114619514 0.0318068943477025 0.0023240662865310 0.0009970514037526 0.3184872729603831 0.0016074808604033 0.2813807129342102 0.0502094061416029 0.0014052531681297 0.0032765566089276 0.0022147654308641 0.0029930857820693 0.0055824895940508 0.0140389573442881 0.2413812559473416 0.0023046672612798 0.0062197641273757
0.001525694404836594 0.0150066511051250 0.0069661849365882 0.0010565809330298 0.0016948012657775 0.0351404674385893 0.0031798325025566 0.0019340216496484 0.1835691052629475 0.0017235069611151 0.5121409426544347 0.0877403745968853 0.0031912982940082 0.0037136458840938 0.0033023369537565 0.0034200398267921 0.0065727955181673 0.0129080910598564 0.1139918245914235 0.0005854388252835 0.0021620597399212
0.0015199908743512235 0.0187585898547258 0.0094247586759053 0.0012808840536935 0.0034082107763796 0.1140495638992223 0.0036172855110786 0.0028722693410084 0.1534663506528396 0.0049800684708736 0.4456083094461035 0.0777295700680121 0.0029238095200365 0.0049369524550295 0.0043896845522627 0.0051083117373392 0.0111225107142111 0.0172958153387009 0.0933490077244442 0.0044875328091335 0.0211905143990000
0.0015171391091085382 0.1140013099310198 0.0129030643145050 0.0504287129481269 0.0533274396041857 0.0091197288528747 0.0651261680500699 0.0260289052183744 0.0141866894997877 0.0496051841603172 0.0233239039158711 0.0137157306430676 0.1012162394099009 0.0235019169212175 0.0540041040411366 0.0372123970102217 0.2172621788822675 0.0994513748728432 0.0254081445330251 0.0005205353150285 0.0096562718761595
0.001514287343865853 0.0156070712120750 0.0079552701362006 0.0034707282750884 0.0059564176617396 0.3655116457310577 0.0042587203507420 0.0320714492833140 0.0213131868089816 0.0035041211612337 0.0610837907962799 0.0164031738074657 0.0049160812845851 0.0038939111589113 0.0089530298264788 0.0085505858716755 0.0110818973711786 0.0107799946641080 0.0221905891538847 0.0371803338845303 0.3553180015604694
0.001514287343865853 0.0211945976169079 0.0058939750701185 0.0051390805347130 0.0069190373897285 0.3337028067396355 0.0054041721976664 0.0224593946648540 0.0719310965922369 0.0087516144804570 0.1767713221491001 0.0436117648397296 0.0094853718567221 0.0055202468411578 0.0103034962090619 0.0096321237036151 0.0187662772922645 0.0176704347968251 0.0592945197217804 0.0110930496808618 0.1564556176225636
