# This script is generated automatically.
# Vector of amino acid stationary distributions.
distributions <- [
              [0.04024789088703151, 0.008211303125936674, 0.024659659354337168, 0.04754760887741907, 0.009275758495380695, 0.021638812783190662, 0.02451271742539904, 0.01979735383585704, 0.3005624364916564, 0.030543379491090105, 0.015416590860737451, 0.0407045504634642, 0.011575004638380858, 0.06102198697766765, 0.21688637810274256, 0.049247445091263324, 0.04018916605139741, 0.023997081343042796, 0.0031657595576174355, 0.010799116146388314]
            , [0.1316129692164282, 0.022978402894862023, 0.03246592258087367, 0.03164585822606969, 0.01318978834530674, 0.053850616815608585, 0.01987561677134178, 0.020092737380409675, 0.032786505939182, 0.027801912067249062, 0.013945031036174263, 0.056604100713436356, 0.027932442970808626, 0.02830871939568051, 0.03197134141973518, 0.2948462637161499, 0.11275278293384254, 0.03149235301453271, 0.003620246358288972, 0.012226388204019457]
            , [0.06740461128799342, 0.007352298401619301, 0.1470113173611358, 0.271777282159274, 0.007783399053062835, 0.030698483534985808, 0.023178402010616092, 0.015483056362526957, 0.060347458259980634, 0.02409316455081303, 0.011223604442357699, 0.05155292840174173, 0.020341923127553865, 0.07648272282987438, 0.0366973771208029, 0.0666638796580338, 0.04426189265451142, 0.026592800400358482, 0.0018312385530809302, 0.00922215982967699]
            , [0.06090013248716147, 0.013409720184245343, 0.027346959674910437, 0.04592991821781959, 0.013927727176819477, 0.03235728278184424, 0.03494872010887106, 0.023559852255033542, 0.15354884313954217, 0.04101125271585709, 0.017900422501472335, 0.03880159197116563, 0.017991496351895456, 0.060540134434386654, 0.26005171321014525, 0.061113082662137864, 0.04327039120231998, 0.03088697481786175, 0.0069590225376657865, 0.015544761568844786]
            , [0.06458210310078608, 0.010576896564835968, 0.046110391888794164, 0.09334879085869001, 0.015408759194736629, 0.030907491086188534, 0.04170993060081582, 0.024509904082985947, 0.07499219935057462, 0.04548264995974822, 0.024789543798702206, 0.048796367387063826, 0.019275324408257254, 0.21767085439257303, 0.06829199721513443, 0.06811053184446605, 0.05109410899601393, 0.033226333219541486, 0.004537612820475934, 0.01657820922961591]
            , [0.048731526407743815, 0.003770105135923632, 0.13041023067264546, 0.4578682368781531, 0.005283476936006013, 0.019195175690852065, 0.014677628368405568, 0.011117593900972675, 0.0480357306338953, 0.016654121289746488, 0.009507380079817138, 0.029842366520719317, 0.009183943383603935, 0.07694026570656728, 0.02818324062131952, 0.03737251107653758, 0.026836002078161496, 0.018646576274292115, 0.0017098722308158047, 0.006034016113821476]
            , [0.06104450863588664, 0.0027367630895747024, 0.20580126799880985, 0.3022321698889622, 0.004069046393762731, 0.03007443569886254, 0.018376373818291623, 0.00924186053463337, 0.053935641121331174, 0.013986229395708835, 0.006800008073057723, 0.05521093436834018, 0.013896847999288824, 0.07105652659383012, 0.02717003954928144, 0.06376659596462451, 0.036169003346602405, 0.018772022756302215, 0.00029729406142308686, 0.005362430711425997]
            , [0.0479888710504116, 0.003214639050558459, 0.26289971032911175, 0.32884152237807684, 0.0031888078412333214, 0.030302877161998695, 0.019063935695154473, 0.0074064187606910845, 0.03419221475430844, 0.013194366653608819, 0.004469850093721151, 0.04554947101982229, 0.015266314062455271, 0.06280254092928785, 0.02365041973055301, 0.049384371189659514, 0.0279887222224694, 0.013173705792243137, 0.0014625984466443893, 0.005958642837990603]
            , [0.025365362426522, 0.012192198130662753, 0.012484961895306812, 0.02786355177351604, 0.00612427699952324, 0.014669915500678057, 0.03015958215820234, 0.010798124349315777, 0.2705873504079629, 0.02196176826373289, 0.01182373798188082, 0.02705925687645894, 0.00536984514957323, 0.06524558875463489, 0.3780228509380844, 0.03537184098506178, 0.022901357004916453, 0.012247088144189951, 0.003181161221700109, 0.00657018103807667]
            , [0.03187327083176299, 0.004672423198438523, 0.012948221418485286, 0.023690017658468232, 0.007872836856361304, 0.015486591112226694, 0.023776105411531103, 0.013843855768375612, 0.15705237313720616, 0.022682567086131585, 0.011472227862259373, 0.02279173562264244, 0.008191315704481067, 0.04236615282856668, 0.5174962648047885, 0.03069099167438492, 0.023819489860032367, 0.017326149999533785, 0.002961523685841073, 0.008985885478482423]
            , [0.04016054558102751, 0.007186439707501713, 0.4049356306477512, 0.1724722394581338, 0.005291605058208231, 0.03216963275566335, 0.01821365676658761, 0.009131558858363427, 0.027900417041145827, 0.014394830204426686, 0.007234352138679657, 0.08274027238104065, 0.015601131355548241, 0.0310195351681381, 0.0178627713952685, 0.059204398067246165, 0.030334940178188784, 0.014814509342402337, 0.0011711092979025228, 0.008160424596775432]
            , [0.0826347307417582, 0.017144342509297396, 0.022476573884425102, 0.030332175751975783, 0.010910838950480785, 0.022321462394184862, 0.014753897724610504, 0.03501903472183475, 0.033082506977760454, 0.032400084097358964, 0.018653169341255892, 0.036743113711497175, 0.014008237953510813, 0.026692008624252844, 0.026486253826661373, 0.17078302513382437, 0.3403260283259734, 0.05292414038766501, 0.0026922062647749883, 0.009616168676897264]
            , [0.05173644550732204, 0.01576007288995643, 0.03907814024688915, 0.04566107568365628, 0.047054457797860334, 0.031086937397759862, 0.18671958582048354, 0.025283085347296796, 0.05228051155904374, 0.048940254875263635, 0.019776422390369613, 0.06338169036108404, 0.020991573603255702, 0.05931165510584841, 0.06174739466175646, 0.06570805740975255, 0.04174184377399417, 0.03229497523444725, 0.009463107115009693, 0.08198271321895068]
            , [0.035764608112860294, 0.0033217011315920283, 0.2684727379858883, 0.400434289513315, 0.0030383906976543186, 0.02613046364974931, 0.013233942657289091, 0.007454267299438866, 0.026909166255820047, 0.012873714499429319, 0.008045511600352169, 0.041659030754506325, 0.007325113442476902, 0.04707023151714618, 0.015053404611953935, 0.0387055192258884, 0.0215298828481246, 0.016413611061500785, 0.0008593573118718652, 0.005705055823142418]
            , [0.05139258313053142, 0.008044704462183923, 0.34891380571113967, 0.11772641949549568, 0.011277065421627343, 0.04319168577321238, 0.02267983381882698, 0.015054485888258856, 0.035491264342825506, 0.02223940128752176, 0.010705757288964295, 0.08562287543428365, 0.017935464486222328, 0.03609209930944042, 0.027410783900758642, 0.06537544214576091, 0.040579254813921696, 0.02354838345393148, 0.003772987652637511, 0.012945702182455318]
            , [0.02014950910241622, 0.0059151844895869105, 0.004215075698329527, 0.005962751376335951, 0.06344427086585247, 0.006672852551774088, 0.007406284463058311, 0.1129940321757592, 0.0072571814999898634, 0.5329425728015146, 0.07165295566047027, 0.0067402615146059126, 0.006551901393237138, 0.008849388564170063, 0.010075133996788256, 0.014570442811230707, 0.01618650797588443, 0.08447788429842332, 0.0035660464714741204, 0.010369762289098618]
            , [0.02261752918119581, 0.01216525072633166, 0.002539613010673399, 0.006336941593669693, 0.03525113414393699, 0.003309310723901426, 0.004669590983874218, 0.25807413393063705, 0.00835853064145502, 0.32688814500607744, 0.06835375807295635, 0.005333941823412887, 0.004515983606617433, 0.00875564297531034, 0.008552433479040581, 0.011190587986583459, 0.023891636658209446, 0.17789941294990486, 0.001142193913205211, 0.01015422859300673]
            , [0.012462939845181228, 0.006011940492528511, 0.002210300347811895, 0.0036180038820761437, 0.10925969551331421, 0.0032650318338802308, 0.005238206508105851, 0.1118042399930246, 0.005648053830010914, 0.5241087635213842, 0.0867483404791296, 0.004011734096586105, 0.0029718784577990685, 0.005991997356333647, 0.006000350895129181, 0.008932687624946253, 0.012093134778082361, 0.06141241002818103, 0.0038663440127336118, 0.024343946503761472]
            , [0.057491171305514704, 0.007157780386453657, 0.12863582787982034, 0.3425636792371612, 0.010403491954915418, 0.02836716219780482, 0.023374561782203034, 0.01631454209446634, 0.05099660944620559, 0.02669501505305568, 0.013026652196785931, 0.03856937902684777, 0.016082848117063495, 0.07096571431499704, 0.03802118237967254, 0.051634497726976085, 0.036056657975366016, 0.026470698820460003, 0.0048336835754214475, 0.012338844528808823]
            , [0.06782596792483574, 0.00909431908713138, 0.03584912434145408, 0.06302395348913281, 0.00840809062424625, 0.03134320378284033, 0.028006688698362057, 0.017811046433108848, 0.20477757414362513, 0.03220058425567115, 0.016467554280576672, 0.04957446846524544, 0.0216375788615023, 0.07566180763237128, 0.17032161328725628, 0.07845394610154492, 0.052118250056921986, 0.02547218618212838, 0.0024973393001309434, 0.009454703051913824]
            , [0.050225990122348976, 0.00760573328917013, 0.10432825254593396, 0.05478476013501223, 0.01019254111334837, 0.04756587640663569, 0.03561256287097924, 0.016403566007896005, 0.0674023177038939, 0.02250168257647763, 0.011650876066574174, 0.2654453080349626, 0.012248382408782189, 0.041997722181776026, 0.04932556765774618, 0.10725128892295652, 0.05619017848023365, 0.022789779270860174, 0.002654958579297899, 0.013822655625114299]
            , [0.0726417269845975, 0.008414184223892816, 0.037216698075981075, 0.01843256406574139, 0.0051907949924278225, 0.6386963174121506, 0.011411344560694484, 0.006165982183093419, 0.018684090582010197, 0.009407530451663964, 0.004877359375158013, 0.04388550681989626, 0.005542900624504937, 0.013198889790181308, 0.015459031166829612, 0.05690438286942605, 0.015862582678550462, 0.009799701786396262, 0.00273344563489275, 0.005474965721910817]
            , [0.05232914880850659, 0.006206057597516224, 0.29311564908244087, 0.2188979464046212, 0.005802550418562004, 0.03607326408296066, 0.02086979044881906, 0.010341525966944688, 0.04250666933028441, 0.01699532895466757, 0.007312602305153045, 0.075816958101705, 0.008646674240661066, 0.05225451136598438, 0.028399119461414317, 0.06287938021947756, 0.0355314955514203, 0.017684004883265537, 0.00243350953060096, 0.005903813244994425]
            , [0.06898019846745845, 0.01686012914529476, 0.057150115597820815, 0.034070797173786506, 0.008765821253901204, 0.05104524576533526, 0.03266203481493749, 0.015276294133897396, 0.03798481017841971, 0.020293718322951616, 0.010816973770892004, 0.2020503984389621, 0.013988142920413784, 0.032695241043673565, 0.030974365848570953, 0.2327540935115373, 0.09871332671171873, 0.021173991174485186, 0.0022622976024503877, 0.011482004123492682]
            , [0.04299947118097374, 0.005487960290984094, 0.01941906665982789, 0.049440496342842685, 0.004191578638969801, 0.01687153527526457, 0.02718246929833416, 0.013482133272718022, 0.2795848422369278, 0.02057154888184099, 0.01058501438182146, 0.045064530261307204, 0.003958591729562024, 0.09256818958334627, 0.23771802636275619, 0.05952216000757474, 0.04404803273713261, 0.01918540367415758, 0.0014179921996083198, 0.006700956984049872]
            , [0.01700564583511075, 0.008697983389691973, 0.0020758794416679697, 0.003736022811730776, 0.04299666090171041, 0.003024354266782731, 0.0037656896199626203, 0.11167025489424556, 0.005150803072202972, 0.5609199408581941, 0.10983222971582354, 0.0042126764663416695, 0.0026682666930971386, 0.008690109107332197, 0.00501408618289626, 0.01038735038644996, 0.01679902511370413, 0.07337868344525526, 0.0013769292458118596, 0.008597408551988045]
            , [0.019201729170868338, 0.018379094019562132, 0.006877857967778714, 0.007342545609941936, 0.3371211224078273, 0.006266174104048677, 0.034476613230371454, 0.03828465409949382, 0.008641939500630127, 0.10153959955327772, 0.02376203271969667, 0.01201013912565994, 0.004869726656431586, 0.012510731693418113, 0.009650935109974413, 0.020127034668720283, 0.015164589275854127, 0.0364568148087367, 0.013112788224542937, 0.2742038780531649]
            , [0.11112198518951238, 0.01363006004895495, 0.043652799545284726, 0.041324765111450674, 0.008647924387735166, 0.2801528776678317, 0.01971263272598967, 0.013294951055819942, 0.03751490532963613, 0.020036689024048794, 0.010205059934498443, 0.06633322642974598, 0.016583111656811825, 0.033215986584528914, 0.03450286989748281, 0.16047059805945307, 0.057678628273644325, 0.02140120733080856, 0.001995327972640283, 0.00852439377412153]
            , [0.028249538855017936, 0.011455720322104918, 0.011046507457580306, 0.02699555068319939, 0.007752723745011423, 0.01328837918912847, 0.03305042032220054, 0.01946621399881572, 0.2769317785022497, 0.03645443767628576, 0.019765124592130204, 0.03694948915469133, 0.014106841905219075, 0.07910404909020036, 0.2831144067820928, 0.036759433329324756, 0.03100080001687965, 0.021903609397787863, 0.0023660716014865146, 0.010238903378593345]
            , [0.05063344191688028, 0.00877734600376559, 0.03286972756811678, 0.056893901572235624, 0.009577639684363985, 0.03153091428483278, 0.06344980676072405, 0.012751225725667968, 0.16245424946528197, 0.02903161218942453, 0.013127587510334044, 0.06716673935154618, 0.01178542097016012, 0.09575314810821839, 0.21219717095804877, 0.0690828689554977, 0.03699102591901027, 0.01850903372091727, 0.003966206026470854, 0.01345093330850283]
            , [0.028814786623873188, 0.0028376776706242, 0.5612716413349071, 0.08563054148752132, 0.004897997971948964, 0.026854939331049887, 0.016142553234188412, 0.007098346673775839, 0.020235891801679767, 0.010233532000505552, 0.004959227009170414, 0.10563351959599887, 0.009645585456901818, 0.019370077418198094, 0.016467335767653784, 0.04065850282004364, 0.021134547475755914, 0.011351846306398116, 0.0014786722704381878, 0.0052827777493669155]
            , [0.16981850813518595, 0.020957252236836848, 0.018292807807369943, 0.017477056927541115, 0.006185121295091788, 0.045961919116559884, 0.009579816434326203, 0.010648303047391358, 0.018412600277681743, 0.014559650684586785, 0.0079993387585721, 0.03454945313743497, 0.011919015285945626, 0.016958236274008366, 0.016900950835555185, 0.44288093325142847, 0.10798038025920086, 0.02141856402544116, 0.001972992040368279, 0.005527100169473378]
            , [0.02222132783542866, 0.008572264318642909, 0.001480796012252035, 0.0029911654388625492, 0.03434315854550503, 0.0034279386612567344, 0.002120030600303723, 0.3000659708034523, 0.005282639616462592, 0.29903263414145087, 0.05911044408959706, 0.003476694024677503, 0.003000211810655149, 0.0037177848507823135, 0.0051930422898557186, 0.007892389857322086, 0.018355564334198105, 0.20882510527123474, 0.003131203592592326, 0.0077596339054676056]
            , [0.013871089268206597, 0.007068395477662509, 0.001980614535565862, 0.0030796394047936985, 0.057085095532311246, 0.0030350229623699967, 0.004062866083696677, 0.12161020150892414, 0.0036022322117473084, 0.5748177298821674, 0.0819136632086346, 0.0022923474664644787, 0.0062335613978632635, 0.004976818123046121, 0.004683059819137948, 0.008989238950733338, 0.010820645318636714, 0.0787641300870572, 0.002555527667554707, 0.008558121093426197]
            , [0.12884856390576324, 0.02235316441737227, 0.0220855020684863, 0.021293355008516104, 0.007731571611125803, 0.5078704211081008, 0.010898988381695883, 0.009571279563739824, 0.019136116480625683, 0.016844330591176754, 0.00764772289996271, 0.03200571747261679, 0.011595371309628942, 0.01620855193268532, 0.018202707712254546, 0.09260446809827387, 0.02737568369890987, 0.01798817525470577, 0.0018607139046567026, 0.007877594579702952]
            , [0.4021358364170879, 0.02220438226116282, 0.018741324918609865, 0.026821880930286934, 0.007592816993010159, 0.0695083450674908, 0.010964884880377761, 0.017129349057350772, 0.02408812338723891, 0.021324799904296587, 0.011583415351396358, 0.023678210489507755, 0.01893566364441154, 0.02150388713672909, 0.020263474850902602, 0.1810469439517567, 0.05430071370196822, 0.03940929821704339, 0.001783154727300393, 0.006983494112071286]
            , [0.10276380924112304, 0.011367393547072833, 0.11947040408076025, 0.12247671259157926, 0.007872792406644446, 0.060957678727714966, 0.025664432954291154, 0.013044149808451729, 0.05149838555041503, 0.02364780743192754, 0.010268085302677046, 0.07454373701612592, 0.02407851044088724, 0.05656297739953239, 0.042042195299746635, 0.14513366269553615, 0.0712872834926706, 0.02501732906713604, 0.0032684311549095414, 0.009034221790798243]
            , [0.050929085548139456, 0.011537246402684304, 0.14047669889266087, 0.18018063779096172, 0.01002362112232311, 0.039518881620822253, 0.044576807026753124, 0.014795645801573092, 0.07639756006001992, 0.027660255132549046, 0.011648655125832014, 0.07868098536697211, 0.013474145590279525, 0.0844112516314983, 0.057525987482353394, 0.07375426175609469, 0.042738036066234386, 0.023346308356280744, 0.002183742995525399, 0.01614018623044251]
            , [0.09306134082418713, 0.0075177194554062274, 0.036336298041340774, 0.049528629181812896, 0.01042574020697833, 0.027368376038859187, 0.017642630870421918, 0.017916999366538258, 0.0457122438399906, 0.032243763673662156, 0.012497502734769102, 0.029389388978302212, 0.37538694785172616, 0.037941016677310764, 0.03529534267887921, 0.08520286425889927, 0.04518366028167941, 0.029384662979455887, 0.0031624579886087734, 0.008802414071171898]
            , [0.026401905566592374, 0.010844111796991143, 0.0008996403256535417, 0.0029181478387724593, 0.023321825359608566, 0.002135900500957555, 0.001884088817656412, 0.31919329150499703, 0.0024021215721902484, 0.24056673214489127, 0.052557243711976204, 0.002816680355057389, 0.0023481227492091043, 0.0043166785633237765, 0.0032922328145324493, 0.009869802393361339, 0.025628313843190993, 0.2619715417100039, 0.0015804318409883564, 0.005051186590045864]
            , [0.22941333260638214, 0.0255272592553239, 0.012685076424867792, 0.014166661151286473, 0.006207329196617283, 0.3347999822886591, 0.006732390297663074, 0.00988652215848265, 0.01262930015335024, 0.014709653782397658, 0.0060542082338738154, 0.026261841437157485, 0.011748071392298165, 0.011928132759828038, 0.011866075651404438, 0.19179458929193394, 0.04720400079839911, 0.01955080024401805, 0.0015893037342645739, 0.005245469141792172]
            , [0.03437966988531078, 0.011624996366981352, 0.007986059591435763, 0.014301999236758439, 0.04235819605600413, 0.00877647897673353, 0.009018750960879009, 0.1505262939337546, 0.017820090874954578, 0.3800824583551288, 0.08680601672571318, 0.011617419155565854, 0.006732579913470115, 0.01789187885693757, 0.0152649047977801, 0.025963987584924225, 0.031116301911907267, 0.10960158202132468, 0.0028122279076189575, 0.015318106886817126]
            , [0.016156592798431665, 0.0036250103903126326, 0.007476889971024448, 0.020010111553734927, 0.003969963513366687, 0.008016025773860977, 0.014061928390587855, 0.0068024709685180545, 0.4899326403295892, 0.01547328699438872, 0.009294279995462177, 0.02232879677416022, 0.00760707318977418, 0.043733018483374485, 0.2702037982168413, 0.024276413837378455, 0.01800511009474923, 0.00976386001640499, 0.0019435978917007367, 0.007319130816338937]
            , [0.060671664072775924, 0.012068949801659458, 0.008537661226527, 0.013608649096672944, 0.016705945164486015, 0.010384904767880758, 0.006924434289060931, 0.23839057462536192, 0.01218044256368563, 0.09342072455003145, 0.030825587900608076, 0.011013406588439276, 0.008630393624597362, 0.012298898126564109, 0.011136534230574254, 0.028408666315584176, 0.04692265894318593, 0.36868113010184034, 0.0018683653818785545, 0.007320408628585733]
            , [0.026300306996161624, 0.008880901854859019, 0.010207583898369866, 0.011677212882385197, 0.2412917559824998, 0.011174891887781499, 0.04898367198330656, 0.022164988117670537, 0.013453162179772807, 0.04889258028400087, 0.016380922126513937, 0.017716897724152848, 0.006952814338441099, 0.014515000112476247, 0.018157419625729868, 0.025874845491895268, 0.019784667003829016, 0.02555910155886833, 0.026129027431072562, 0.38590224852021315]
            , [0.055633728121186186, 0.016583087822441063, 0.01644644201980404, 0.028237709073909552, 0.04154571572968376, 0.015924111155707493, 0.022098513022894496, 0.09907501794971507, 0.03272517016049881, 0.24384189286437719, 0.0935264178254117, 0.025277936667905815, 0.013358460766814531, 0.03941124229071466, 0.03137334079424638, 0.05368417659884816, 0.053576484909716574, 0.0908792179460941, 0.005297404273038146, 0.02150393000699231]
            , [0.017178429164570404, 0.008059567650467378, 0.0009741794046997613, 0.0017600468731071848, 0.045254649041078336, 0.0033050654365037613, 0.002590261214254139, 0.19337812110276734, 0.002415596797944271, 0.45773640711527064, 0.09554765125152764, 0.0036340801907685416, 0.0030995508955169063, 0.005628646495226123, 0.002619214525477057, 0.010030800408645693, 0.01671602405864069, 0.12063696715326139, 0.0013666998080240638, 0.008068041412248561]
            , [0.030274254399953595, 0.005645147042590371, 0.013281174550229978, 0.0288080864381837, 0.0033639301082354833, 0.015277140351300511, 0.015985057922152674, 0.011592542601144567, 0.34880513889415055, 0.01919662938436518, 0.011167181140488983, 0.03045427886672025, 0.012815924092711596, 0.05494556155533209, 0.3030698286720357, 0.04327967840910219, 0.030840099053508773, 0.015156753156284208, 0.0010188022014633743, 0.005022791160046173]
            , [0.07403689699607141, 0.017450804749556913, 0.08277914502631763, 0.06084112354134452, 0.018099662566652547, 0.06468310978166061, 0.033799560504800596, 0.02429217667939315, 0.05662032330481213, 0.03625812473008477, 0.016550278018152117, 0.15039803412234065, 0.02078031111391132, 0.042746205576462235, 0.04691196079001433, 0.12881887846902207, 0.06919186349672372, 0.03239449354432938, 0.005193938000708663, 0.018153108987641293]
            , [0.10370509412187032, 0.0193534121934787, 0.03296524053397618, 0.04033277602105682, 0.019955548550993883, 0.03992208945429769, 0.021987954641698466, 0.04918504525730072, 0.047776375335543964, 0.061465968985525365, 0.02497988992695959, 0.05230751907775765, 0.030325005824606486, 0.036718298111010586, 0.042033013012099586, 0.15321041762862514, 0.1392346089822855, 0.06518754399856436, 0.003976663527195871, 0.015377534815153276]
            , [0.10489272691048292, 0.015891251147120575, 0.0489490656730287, 0.039084615531097405, 0.011996446572011609, 0.3348459214473593, 0.017942952863929374, 0.01635653499702517, 0.030104449010411292, 0.023829109226490744, 0.01120309394643384, 0.05591737161230345, 0.016022768369855195, 0.0258388143055477, 0.03392160556959859, 0.12124146627695832, 0.04710109819244981, 0.026893738164803564, 0.007574796716875233, 0.010392173466216828]
            , [0.06483166448018632, 0.020861162709692314, 0.004568759070210147, 0.009227031051420132, 0.02579242580017274, 0.009001846775231174, 0.006781701470647994, 0.23129340338838547, 0.01038941895616384, 0.1449483467592661, 0.03728450120600667, 0.008202649839132778, 0.006824264645874284, 0.01007636235066152, 0.011357771433432154, 0.02518710871171354, 0.05312343133033988, 0.3031803922139819, 0.003292515075965811, 0.013775242731515223]
            , [0.047385145164095054, 0.013604928344221476, 0.0863832301323475, 0.038784847699794275, 0.01494146112058703, 0.041656506874919286, 0.04396485299848736, 0.019807327262864743, 0.0385001576050516, 0.025717805093316403, 0.014303296019669407, 0.35607866928312504, 0.01199466442488233, 0.03174904337405679, 0.03542868943095843, 0.08356717474624485, 0.047704484018338184, 0.024375892436331453, 0.004552417237531045, 0.019499406733177686]
            , [0.10119221735972501, 0.00833795362069947, 0.055241640547417856, 0.08732697821447695, 0.0057559630292031705, 0.048439880260530165, 0.032504115928721995, 0.015371349735516562, 0.09616822563705617, 0.024819357158299936, 0.013016431959810722, 0.08245202223000114, 0.007845321178371188, 0.08785662128440053, 0.07472423316683632, 0.1463031149354223, 0.0788803406601816, 0.023488705767708278, 0.0022586589921151164, 0.008016868333505407]
            , [0.04762289003317466, 0.010628603414553042, 0.03289646392846802, 0.08006769047526553, 0.014979364377555494, 0.01863675898635946, 0.04239428850729889, 0.02880436979378891, 0.1524014060037931, 0.05937688472011069, 0.02616657978087564, 0.04536658983874762, 0.009578955389616622, 0.1107927629755411, 0.15890851166645328, 0.0555155138790216, 0.044544599144596075, 0.03526390413759469, 0.005284301846267368, 0.020769561100918134]
            , [0.020380724606139388, 0.006631924991290711, 0.004228091072302573, 0.00861721756248481, 0.04359395114959595, 0.004420400169769879, 0.008859126182506212, 0.10527804511285259, 0.013649232809065444, 0.5088452596030064, 0.11638314928164215, 0.007724264300999854, 0.0038582712587677216, 0.017867117749379918, 0.01316030014703363, 0.013940009405406203, 0.018169704580587316, 0.06394439933315688, 0.003230308121803665, 0.017218502562208825]
            , [0.0587361100119699, 0.004744737079530528, 0.06913674448848188, 0.1958332906871562, 0.007017093067419843, 0.02076022626041389, 0.026078063488135052, 0.01648598997107036, 0.1545942121460225, 0.02631518496526945, 0.014142494589804438, 0.039470049204779756, 0.008712361892231336, 0.1117651418631565, 0.11649083081852153, 0.05099503910425238, 0.04348440177262681, 0.024861490729117534, 0.002452829941667027, 0.007923707918372916]
            , [0.036031038073757564, 0.015513622330859537, 0.012541910249539514, 0.01552800035131649, 0.26313759870784287, 0.014526391131406028, 0.0353169182173386, 0.05196065030513333, 0.018000819216902483, 0.1220727767738725, 0.032056392653684096, 0.020858300039367565, 0.011782833856869075, 0.02003184434396521, 0.02193069296596955, 0.03884118357253731, 0.03099826545054159, 0.05242667697144348, 0.014324906294298854, 0.17211917849335429]
            , [0.037558799673510626, 0.011460021852867612, 0.001243810234608242, 0.0020010252603645516, 0.07249642330652074, 0.00885767566615403, 0.0020981889401248755, 0.21027310819568834, 0.002725834897423009, 0.34736601103635134, 0.07174171417295905, 0.002676219692004118, 0.0029694350536479067, 0.0035576457361298063, 0.0030186800015972568, 0.014741618330720607, 0.025071812158732523, 0.16910924886459347, 0.004020469579284593, 0.00701225734671729]
            , [0.05459468347774393, 0.0034128377730859452, 0.01024807507382531, 0.009463175368288532, 0.0037122034248810577, 0.7818607055355691, 0.0052369020607711154, 0.0038248921082487536, 0.011502059471570514, 0.006022425024910901, 0.0036712803100046, 0.01668772011021629, 0.008650837880740204, 0.007997305058682257, 0.01240764383529465, 0.03896060149163439, 0.011673699208973706, 0.006628552971159259, 0.000852894720897758, 0.0025915050935016518]
            , [0.05658068139881508, 0.004303388391656308, 0.13200486433720915, 0.31062303227867705, 0.0034264364151443904, 0.02170981442967948, 0.019371343227199307, 0.012035741891111377, 0.07421725462802778, 0.024093531334339408, 0.008993440667401448, 0.04522096784163127, 0.006040718848939022, 0.11652482452730975, 0.04411771542638942, 0.05198071478459053, 0.04076291641656075, 0.022197775395860254, 0.001095857675365108, 0.004698980084093319]
            , [0.07546869642825164, 0.014664178161978037, 0.01715799653662938, 0.014224009129546227, 0.005088599185168774, 0.020737929880154424, 0.007251418694648356, 0.011926127269680684, 0.017648256195835085, 0.012703354109947447, 0.0088196034459218, 0.033046172209712385, 0.011957217228137485, 0.012820733783974579, 0.013326626217843085, 0.34850039241227226, 0.3474283384643772, 0.021830264440328286, 0.001169870142655674, 0.004230216062937184]
            , [0.03414414184689471, 0.0036919831975199486, 0.017988120788160155, 0.03265284613678045, 0.010396324443134049, 0.022378172872989675, 0.039382258344370286, 0.018008580794942955, 0.21896959188460988, 0.031018751338257128, 0.018805447612742866, 0.03994525004004494, 0.016786639471075646, 0.06315271934368318, 0.27158241898295554, 0.06116934005007483, 0.04967820094516152, 0.025347115405216114, 0.008558914066678375, 0.01634318243470775]
            , [0.0662981157437701, 0.0013647549619282195, 0.16033727085792562, 0.2474685509226114, 0.007891737216964335, 0.03821707248831198, 0.026665616038260318, 0.011477916845751671, 0.06857657762999132, 0.021694571341545912, 0.011159895724572962, 0.05680350717894263, 0.0139800672034698, 0.089817457861656, 0.04621031599823052, 0.06308301143346975, 0.03695271218785916, 0.01908553864039837, 0.002750970501514892, 0.01016433922282503]
            , [0.2571550110605246, 0.03946214630958251, 0.010846439184288037, 0.015313201499033653, 0.014908092937493614, 0.04536155692013552, 0.010294360187389842, 0.04727608567555235, 0.015517389259416682, 0.04154668724204393, 0.021049305986782466, 0.023560958684770913, 0.01080014989010095, 0.0167411666786685, 0.014575999119489631, 0.1904822336626978, 0.13121408227358533, 0.08250736328258235, 0.0021314434028761745, 0.009256326742985054]
            , [0.06530691256436165, 0.005044727186040148, 0.11307630420499351, 0.1956995445768167, 0.004435266234802805, 0.03782838284262031, 0.022863842397421202, 0.011146211929466458, 0.12824965560821794, 0.019797377453428147, 0.00999938616028151, 0.05985396336777064, 0.01808207140885672, 0.08075324746415027, 0.08416280510763381, 0.07095609484579428, 0.04577952431425423, 0.019197355712007567, 0.0019481146391609548, 0.005819211981921377]
            , [0.2857331219064231, 0.01619559190066203, 0.02679361207643726, 0.0396647434503977, 0.01491922157067133, 0.06385699402636806, 0.015403886564466056, 0.04018373925006152, 0.028740878082096157, 0.04522633391681779, 0.019905517179861273, 0.02607723558571776, 0.023487120414756913, 0.02649694820444815, 0.02906166018026478, 0.11857870040957044, 0.0764491289541696, 0.08851844796220769, 0.004064201466012423, 0.010642916898590036]
            , [0.026366585018110053, 0.00756551496426567, 0.012995865579874947, 0.029097822167577954, 0.009771339141388445, 0.013356795512550357, 0.031908674971031725, 0.01511845836131078, 0.28919928471132333, 0.02655727395617642, 0.012833197361349072, 0.035111408286141725, 0.007537247598512003, 0.06402037624428387, 0.3067369991972977, 0.04330894990987293, 0.03602957815119205, 0.021251983691270415, 0.00067632000991971, 0.010556325166550945]
            , [0.46382823331560774, 0.01824925699276723, 0.005625547031770602, 0.008848750387727816, 0.0073099083172146135, 0.04519035123637389, 0.004929599686836422, 0.014795521718010435, 0.009387210253855562, 0.01848833702618103, 0.007997955999474771, 0.012274228250025943, 0.011138588690542432, 0.010815904202924413, 0.008584322026150996, 0.23164989369518277, 0.07224393644660228, 0.043335044974036924, 0.0014907291727541993, 0.003816680575959871]
            , [0.0408594733464651, 0.012617061845917507, 0.0026042431577902314, 0.0042961332857046645, 0.09355108238773283, 0.012147707320995113, 0.0042131079852765875, 0.1301717230774272, 0.00498343929246119, 0.39956275127302476, 0.08854558365963065, 0.005096310708346758, 0.007175156134252759, 0.007536626081552697, 0.006318541332510266, 0.021474031163277015, 0.0261387700088928, 0.10875117409710776, 0.009824551360521848, 0.014132532481112257]
            , [0.50087802758602, 0.022219301727647026, 0.011354251092029104, 0.016378225497160195, 0.008268055314924517, 0.07323688683146837, 0.00821345180149518, 0.02009141592674169, 0.012719237998211303, 0.023587485188910323, 0.010869054164596397, 0.012192855314834284, 0.014886486008145688, 0.012733497806086222, 0.013817854561511739, 0.11961004604329642, 0.04695176884719542, 0.0630320373460972, 0.002102255135081798, 0.006857805808547171]
            , [0.12017596112049639, 0.021041047392153813, 0.016398179827232736, 0.022036068545032355, 0.020831628537226404, 0.026494310223470506, 0.014955054236843174, 0.06231075669205194, 0.02359243975196082, 0.05491174921161753, 0.026271930350951284, 0.03107207697691809, 0.017514110262642584, 0.020717784413915582, 0.022468061320380865, 0.1628172124315059, 0.21651297473069728, 0.1012092884015496, 0.004345254917432461, 0.0143241106559208]
            , [0.020718402043956665, 0.005804139408974552, 0.0026818787755443054, 0.005628230636992284, 0.013859400280156333, 0.0028191804510041872, 0.003609159750761652, 0.4208269481735429, 0.006916108356292247, 0.12473290197692281, 0.03163775417185698, 0.005141222250661508, 0.002417402396122167, 0.006528389417114799, 0.00594172667342271, 0.009222953802611206, 0.02128368710067632, 0.30255530216601156, 0.001652129073063033, 0.006023083094311839]
            , [0.03141742146066949, 0.008942771531815105, 0.0033981390311700376, 0.0065403713031292245, 0.04336784893625244, 0.004237801422380774, 0.006927707484028101, 0.20340338952055484, 0.008925672494905517, 0.36240018086827214, 0.06503007051214652, 0.004508458189053793, 0.006366972009345687, 0.011090857974178315, 0.01338003904973792, 0.015906800359377016, 0.026917424454269447, 0.1633469319875225, 0.0041375918754718325, 0.009753549535719282]
            , [0.05777782633757227, 0.020125657160378018, 0.02020079481815767, 0.038677730828361, 0.026324981667453354, 0.021953697807241428, 0.028350013559481742, 0.07436895320458463, 0.10276299679083759, 0.08964250757040618, 0.03624377466092591, 0.036665068186132445, 0.015548745096614318, 0.049186828995560095, 0.1352912298708892, 0.0661739744164475, 0.06760057580907027, 0.08541613800166054, 0.006390359492406318, 0.0212981457258195]
            , [0.024299428136385498, 0.0079522294200382, 0.0012379984349724614, 0.0036121946460140365, 0.023267920444075506, 0.0019320717024645868, 0.002549177657339118, 0.3393182071304274, 0.0029306779675624456, 0.22011756452779122, 0.04680996158527907, 0.003287171350525546, 0.0029137348852601615, 0.0038170119686748664, 0.0031429931553020596, 0.008238585888878013, 0.02334570442896207, 0.2772988786747195, 0.00031239651532925263, 0.0036160914799989504]
            , [0.08021871941517493, 0.008544719443828345, 0.09911653054240378, 0.15218312955943286, 0.013866566734120175, 0.03475861385247609, 0.025319477900533547, 0.03167775336093193, 0.06663384056076228, 0.041050374356855164, 0.018722137285014876, 0.05613274532571031, 0.019327051259258734, 0.06388876887875058, 0.04876484942046804, 0.08902360949024239, 0.08124438800097285, 0.049201227916581707, 0.004428059228904786, 0.015897437467576523]
            , [0.040150497680514874, 0.007523862941825144, 0.25081379482337224, 0.12929012155098155, 0.006384595599522496, 0.05811085979577487, 0.034448984617619895, 0.01120890819833507, 0.0577399339587839, 0.017094929269346977, 0.007284875193237184, 0.1392077572276708, 0.017070137187202492, 0.04200277745029533, 0.032904736305555994, 0.07984538337941009, 0.03574637068707169, 0.017699984928801878, 0.002389599438327732, 0.013081889766349657]
            , [0.04696949793905392, 0.023948983520863366, 0.00610370439313511, 0.011017910722830591, 0.0896369468554191, 0.012772098661666816, 0.014629127441865716, 0.11514063410145242, 0.014910547513217846, 0.30656377579056204, 0.07131007972439794, 0.012372251629428331, 0.01166765668226112, 0.017465905286746224, 0.01753820181490439, 0.03512094484478168, 0.039240074361550546, 0.1089872045838503, 0.011761347618885521, 0.032843106513127246]
            , [0.2966111370071047, 0.0386056630910497, 0.0043126005474527435, 0.0066369060692109, 0.01653157830905545, 0.05800491751222098, 0.003680212727421476, 0.04585344334521274, 0.005516270496138813, 0.03948512149848185, 0.020278590001008793, 0.01312341696653734, 0.008420728854845601, 0.007121253604257064, 0.00673441688313284, 0.19045477653341564, 0.13655340018311266, 0.09274512156256316, 0.0035939837250055008, 0.005736461082772244]
            , [0.04410514779089738, 0.00393149790148227, 0.30196195600406467, 0.21722186066639274, 0.004338141139511862, 0.03162661058951608, 0.020423141129030712, 0.005229627499085016, 0.050696236183867274, 0.011204405645117786, 0.005579582892917166, 0.09408839292173116, 0.011573411508187217, 0.054321320594837796, 0.0281480872100403, 0.06860101727776649, 0.031705012130016086, 0.009047532918434456, 0.000688533638901195, 0.005508484358202143]
            , [0.12046424851687652, 0.012994561397187774, 0.06043320336499247, 0.05926023932903172, 0.008242206136276712, 0.08009919641324838, 0.019725009955926767, 0.014577951433662589, 0.048490797824552165, 0.020804008225311654, 0.01202751452475273, 0.09464130062492254, 0.021413521587035744, 0.045358042680459815, 0.03652314568122676, 0.21268232130083714, 0.09957069610322361, 0.025074982452323032, 0.0005256976621401152, 0.007091354786011531]
            , [0.036931721676106775, 0.0009467323922387178, 0.2857007831197515, 0.403594230164381, 0.0036024183408371155, 0.01383032104524988, 0.010891108471065307, 0.01010961860494385, 0.02907025123845019, 0.009871491612538584, 0.005841666400900192, 0.03715808467492155, 0.0072509066040256755, 0.051025879469374064, 0.014435118583758899, 0.03749665458807344, 0.025067968332422183, 0.012573654151979788, 0.0003308844413593662, 0.004270506087622044]
            , [0.07924175883375462, 0.007057884641551725, 0.10593465408199511, 0.1343908900825265, 0.007451203059562562, 0.2695218534858653, 0.01892958340259725, 0.012367717495509389, 0.04568924014129369, 0.019634387994282385, 0.009665988645717589, 0.0526220577902166, 0.013898911401782192, 0.048723979294480316, 0.036128842048174195, 0.07343393599677364, 0.03525454957424368, 0.01952629248520314, 0.0024246708936592172, 0.008101598650810752]
            , [0.07387118238694425, 0.016020254201516003, 0.027125886011766378, 0.07329225219480125, 0.015019776233178019, 0.021398081313305402, 0.02858561770039515, 0.07058754696409689, 0.08283564502286567, 0.06517595602248309, 0.0274266637018264, 0.04393848273391391, 0.010860333825035356, 0.08839136534965873, 0.06463152122219673, 0.08587744873429906, 0.09873088462213246, 0.08955940576265424, 0.0028932078942251944, 0.013778488102705691]
            , [0.04622635579682499, 0.015015394924880968, 0.0031269643153357778, 0.005710607346426293, 0.05851819983642051, 0.00970392330999593, 0.006127174429363624, 0.18299129540986328, 0.005086323000490848, 0.32448729184207015, 0.07876061541599688, 0.0066913635946090795, 0.004484699307179911, 0.007800634644469226, 0.005571159118071474, 0.02145340811382456, 0.03268851025374171, 0.16982372658892986, 0.0029800681736520404, 0.012752284577853018]
            , [0.18442802586723117, 0.020317802488652403, 0.021027778028636587, 0.02133578494141171, 0.020892436022965175, 0.23451295986039108, 0.013717751491369818, 0.02577361236259267, 0.02163166719790133, 0.03811277930509911, 0.017275902770913874, 0.031509831631488634, 0.013477251162335719, 0.018028999135324575, 0.026285326534206024, 0.15759089797331638, 0.06937044111997798, 0.04720784825909434, 0.005926409211138505, 0.01157649463595307]
            , [0.3628927087443904, 0.0663244788453361, 0.005874722936135583, 0.008914323263612904, 0.0067287166886951496, 0.08089977790525583, 0.0057545824807483815, 0.027370450384610105, 0.008137036988120362, 0.024252787301670527, 0.009595430469531168, 0.014388234577169319, 0.005271768885523675, 0.009200857339974486, 0.007493087821646212, 0.21494636237653791, 0.07726191991319396, 0.057382279472308576, 0.0015944246017676462, 0.0057160490037715195]
            , [0.02482138249977939, 0.009071909861343588, 0.003112139196121381, 0.0032091434046397755, 0.021313104128175685, 0.0033593707229437777, 0.0030166698154260206, 0.36789885769096803, 0.0031022275901288754, 0.14348967815184727, 0.03209414788876597, 0.0034409534966848266, 0.005474150917161673, 0.004221252773504917, 0.0029880341593667877, 0.011058248542537239, 0.01989886195890961, 0.3306909937149967, 0.0018578431871953214, 0.005881030299503169]
