# This script is generated automatically.
# Vector of amino acid stationary distributions.
distributions <- [
              [0.0423715782278291, 0.010749952192357517, 0.021136724598518335, 0.04137688914031838, 0.010412151094612434, 0.0230082464755968, 0.0335117559982218, 0.019644388049024682, 0.21636773383187416, 0.03450954898039923, 0.016460419976312902, 0.04060895796240453, 0.012351997514508606, 0.06971594406031874, 0.2724057644809667, 0.054232418723113684, 0.04024688347273171, 0.02468177224284357, 0.004065931477388388, 0.012140941500658677]
            , [0.05548541543366435, 0.0061176642075771665, 0.13738858946977175, 0.29855694579540415, 0.007346326381140785, 0.029149804169586797, 0.025356102432765617, 0.014036151190857063, 0.06746473047767584, 0.024617009387957713, 0.011345287195249614, 0.04511584568346672, 0.013899861153333037, 0.09215137482098656, 0.0425249303372185, 0.05448840637588016, 0.037882241979872326, 0.025370891790237226, 0.0022304714593161545, 0.00947195025803864]
            , [0.022388911557249386, 0.009444298571875455, 0.0030310548512724805, 0.006056035292138212, 0.04621311528210547, 0.004543368298356757, 0.00688836982410728, 0.14872853539492387, 0.008963152127791004, 0.46798768669632596, 0.08920541568788451, 0.0064104176190486065, 0.005277282170686613, 0.011175001193400083, 0.009893055251428454, 0.015264241369112638, 0.021521285344856037, 0.10322754345549046, 0.0021308704748662305, 0.011650359537080362]
            , [0.05125369184752443, 0.006227232751803006, 0.047695340017628166, 0.09842464359524954, 0.005172048316065631, 0.02630484337515248, 0.028327213386186163, 0.0165785814338237, 0.2106426490415352, 0.02657159404622428, 0.014456830444863481, 0.06263448299888852, 0.0126256190157542, 0.09333412448448031, 0.14556851773963297, 0.07073441719033245, 0.05238716900179466, 0.02149059679113522, 0.001985319912228023, 0.007585084609697621]
            , [0.13180895560672615, 0.01859401425254827, 0.031248181971865213, 0.03677521779642775, 0.015014854172909611, 0.04415130528142658, 0.020522508232213077, 0.030358436516302642, 0.038169353091544365, 0.038723706313684, 0.019258397099252245, 0.05303934826245219, 0.024008324018687136, 0.03311976134032091, 0.035378301869340344, 0.2176225331704447, 0.14798409963469894, 0.04719605634225056, 0.003906085796750689, 0.013120559230154684]
            , [0.04235937262792109, 0.00683369751122415, 0.3573622193671902, 0.1415832272484389, 0.007087376987947159, 0.04196020106390828, 0.023909795341465978, 0.010590049171252156, 0.0356456729383443, 0.01611004178593167, 0.00760564343286045, 0.10602632993814669, 0.012799811150796796, 0.03573409879664412, 0.024693384284854902, 0.06623715179991777, 0.03392798101304544, 0.017377884018657308, 0.0022588998207876856, 0.00989716170066499]
            , [0.3797936629507772, 0.022557345058061652, 0.015613769048730733, 0.02192096614019801, 0.0069723480454459835, 0.0715988407441528, 0.008565860965523498, 0.014564630608207334, 0.015981700516682677, 0.01846971035501454, 0.00932743482797729, 0.02105106208957323, 0.015030328417088448, 0.016449472132281123, 0.015559056219139706, 0.23099271089726164, 0.06920846584691888, 0.03898374485606575, 0.0015503895674758596, 0.005808500713423667]
            , [0.03207869607740787, 0.012097402947107604, 0.0012743868278549135, 0.003206238408452622, 0.017540538041228345, 0.0027002668269887377, 0.0027248375690570713, 0.33650807181716935, 0.003835065663707115, 0.14655854929310239, 0.038929702345522954, 0.003647040855212172, 0.002614823569886405, 0.004677798044616224, 0.0037150829101403734, 0.011712000196802528, 0.02906034024956685, 0.3405529872790799, 0.0003648957828863817, 0.0062012752942101745]
            , [0.029516710784719746, 0.016032750407360068, 0.008169519272739486, 0.010759071440415087, 0.2736975605067717, 0.010969160587522805, 0.04307801218362369, 0.0337673490085467, 0.01345895374941671, 0.07647909463449641, 0.020961711794856713, 0.016723211629857987, 0.007548304066529788, 0.015512291222637047, 0.01762781464766625, 0.030952056077372808, 0.022664339255020267, 0.03586580256477356, 0.027609844625995954, 0.288606441539677]
            , [0.025207059712607276, 0.004571053999248491, 0.0016837954759131868, 0.003469445505338997, 0.03057070692470229, 0.003577353387598812, 0.00270651199187013, 0.2823287196635912, 0.005010399261229747, 0.29795889739827647, 0.07128153273746317, 0.003571291444523209, 0.004102224955725064, 0.004982322617875302, 0.006366949464301862, 0.010200404205177658, 0.023112997825011826, 0.21222446662275588, 0.0027303706365745094, 0.004343496170215007]
            , [0.05844618560671434, 0.014109392796252274, 0.08036183175597639, 0.05252447131221938, 0.013114031363431228, 0.04947862781275009, 0.043682771184553736, 0.019281159311355735, 0.0601270564256013, 0.028038534441048906, 0.013793494234634792, 0.2109616231098973, 0.015084113863773299, 0.04505619467699463, 0.04771178504102846, 0.13376327549911196, 0.06744564933246715, 0.025476194968801612, 0.003554007467798721, 0.017989599795588753]
            , [0.046870547704710025, 0.011927499846673668, 0.004684076865699845, 0.008377785505783436, 0.02422883693337195, 0.007117455322052139, 0.005725427177837056, 0.28129578930153576, 0.008822555560246201, 0.12976973012831902, 0.0395810642365665, 0.00818058971358877, 0.005769443763850908, 0.008011873898408524, 0.00863015711266514, 0.02156890816195417, 0.04363528669422198, 0.3239771471435742, 0.002153785220022281, 0.009672039708918459]
            , [0.009007530517802722, 0.010719669216702029, 0.0017824326589020792, 0.0023976581757216885, 0.426714426011127, 0.002517012997196441, 0.021826067256212296, 0.014816300261093528, 0.002526191069362389, 0.04985489533219384, 0.012078423426018987, 0.004430390216155393, 0.0019267932095754865, 0.00380797523112957, 0.0035202260457791843, 0.00917545458543138, 0.006582540380117711, 0.015488558254582452, 0.02172955313295908, 0.37909790202193683]
            , [0.04558965996168561, 0.01174202447247402, 0.00093328148472534, 0.0012952855765198594, 0.06313789906082513, 0.008154994509457622, 0.0017762155922108685, 0.24511433865711932, 0.002201238865379742, 0.2789744819749864, 0.05619822491628735, 0.002112178862974265, 0.0032764310120353326, 0.002431016790882807, 0.0025371977404481526, 0.012165910996958865, 0.024797026164343743, 0.22851159955729947, 0.0033588301265552204, 0.005692163676830595]
            , [0.014961853902983695, 0.007911428866681383, 0.0011918045795206536, 0.0020638775816791775, 0.045935944443375495, 0.00273085084599052, 0.0019875679529046736, 0.1228173349377905, 0.002674356885903387, 0.5606901777822845, 0.12182593871964272, 0.002287635633953132, 0.001660918355739469, 0.005140376129757315, 0.0032157103036533573, 0.007709644774680964, 0.013020062895874433, 0.07307837260810471, 0.0033037171020542993, 0.0057924256974257226]
            , [0.13437672483255456, 0.01143772086033811, 0.016410736064277644, 0.014984452167628413, 0.005738067572497043, 0.5812550932482294, 0.007760665411270773, 0.007736778490323386, 0.012704106130204246, 0.0115273279469864, 0.005759473969357213, 0.022184428504496825, 0.009225191600517463, 0.011111865409066704, 0.01391844081347911, 0.08865413077023337, 0.02396095768056727, 0.015057185938106003, 0.0015458629662892089, 0.004650789623576867]
            , [0.05128435569517008, 0.0013439583663482258, 0.23578484986504508, 0.3390326115060562, 0.0040311405409415345, 0.02421626578651706, 0.016602942363210745, 0.008753376208980887, 0.04402714205535844, 0.014170452783802896, 0.006657872575396315, 0.04682421543285921, 0.014462668335651479, 0.06796723805068937, 0.023304315705690557, 0.04935023540669632, 0.029673935004669905, 0.01644356792204618, 0.000513875430389853, 0.005554980964479675]
            , [0.008351393501437496, 0.0037721327859773996, 0.001029934655787101, 0.001478743432740408, 0.059851649002831776, 0.001784153321092526, 0.0031383207919507715, 0.10049412245469995, 0.0019387383633124285, 0.6542061167589045, 0.06718029007406574, 0.0017846765921842574, 0.004315101954322539, 0.0034502916704712452, 0.0033385445736915727, 0.00615751217507887, 0.006574635570134798, 0.06326412895831726, 0.003331835772625452, 0.004557677590374095]
            , [0.03018202258279343, 0.004340303020282947, 0.3516872130002865, 0.3636715721148109, 0.0036218108771456483, 0.019469828857377906, 0.013464268185360317, 0.0065278485245543255, 0.020122620760975353, 0.010583676995693885, 0.004989740370651101, 0.0391732127966849, 0.006276239669733287, 0.040621067149748814, 0.011750881969412654, 0.03542624872440709, 0.019141693282502138, 0.012730462976941168, 0.0006969820601504047, 0.005522306080487447]
            , [0.0822346005334725, 0.010495743509137873, 0.04935567566199163, 0.1001778040422908, 0.015147040791615083, 0.03281729758587248, 0.039345987471165834, 0.026256536134992105, 0.09350620135628805, 0.04907377818084533, 0.021307033681631112, 0.048125408734769476, 0.020629008959187185, 0.11153517360564297, 0.08774671789793137, 0.0850838734647112, 0.06347397784455036, 0.04046986596414541, 0.005454330807660498, 0.01776394377209898]
            , [0.023816796868269218, 0.005614773984298573, 0.008958876401633961, 0.020193419324868806, 0.0029346283177602776, 0.012628391071127374, 0.019152604685884523, 0.00842050383576754, 0.3723775006441611, 0.015077675407354874, 0.00821206650895267, 0.03125690028555422, 0.010768019682962331, 0.05432037911933871, 0.3244197892402508, 0.03764580441920486, 0.02724042288311969, 0.012365889969639955, 0.0005426099408154264, 0.004052947409035226]
            , [0.3640034949427904, 0.025841409681999074, 0.00932102177179026, 0.014864690065284463, 0.011789180437721095, 0.04089222819830044, 0.007716913633813404, 0.04177419476151439, 0.013269743477510886, 0.034021923527760435, 0.015939239670838316, 0.014967681042040196, 0.011327214417441755, 0.012514255484090565, 0.01294626141092614, 0.1464291279052676, 0.10214583357969705, 0.11043829542491804, 0.0020729690137432154, 0.007724321552552216]
            , [0.1082291527067916, 0.015304074347182553, 0.015470848779091084, 0.025992153887618226, 0.022277690807726194, 0.021660002603976058, 0.012698249139532998, 0.13437217967359394, 0.026726676001646178, 0.0979561104436843, 0.04362361190225554, 0.024219917984665724, 0.014880400547580452, 0.024547694901605525, 0.023353402296768005, 0.07737801563737758, 0.10863078002830497, 0.18658507532170662, 0.0033560657647242953, 0.01273789722416815]
            , [0.014434781648211785, 0.007400279013317559, 0.0010012316396243815, 0.0017977802739234034, 0.04302787968342553, 0.0020461813422558445, 0.0020101997374258026, 0.18712540364634284, 0.002369322744786161, 0.5125658994090849, 0.0794497593141659, 0.002082977045368997, 0.004495289180134565, 0.0039566793233977654, 0.0029946138348318687, 0.006385712059070672, 0.011460375098796358, 0.10840676227681781, 0.0004642797371331975, 0.006524592991884864]
            , [0.04331961432829744, 0.010970772788697833, 0.010084858152487308, 0.01730360776640925, 0.046514162996384174, 0.012351835228322599, 0.01599502161936217, 0.12106655697776951, 0.024404521674480484, 0.30830234797006945, 0.09638150019688713, 0.016991249234680008, 0.014374761919527202, 0.029690044965722147, 0.027302965607073213, 0.037802589943538356, 0.04356433139912235, 0.10189446139132512, 0.005212732776074138, 0.016472063063770317]
            , [0.10547231589027108, 0.015514098691729088, 0.049469486075599985, 0.04721853599415156, 0.012663148058305493, 0.3119786645755205, 0.021543498434961554, 0.016346360586669755, 0.03518990434372894, 0.025714976218420577, 0.012473632024436913, 0.055848924587593635, 0.016531055886789253, 0.031188646943673373, 0.03552806621923289, 0.11882624972685188, 0.04553711852006622, 0.026931845081656802, 0.004131730749011514, 0.01189174139132892]
            , [0.045963801347217316, 0.004077808093825161, 0.05867461609365018, 0.03218255213780667, 0.0038495483714936223, 0.6251267683417604, 0.009646268988058697, 0.004777400577266465, 0.022486388094330893, 0.007943755300482427, 0.0042654351703182575, 0.060542101252988804, 0.00544170655626882, 0.015749011253831203, 0.01603846587299645, 0.054340848098519266, 0.016084510076247484, 0.008072824198358317, 0.0011006378706199167, 0.0036355523039594486]
            , [0.30014161934788935, 0.010239416145525308, 0.004416838657680049, 0.004671816298126473, 0.0031682697015296777, 0.5334618923498088, 0.00278222978935001, 0.004626022199374345, 0.0035233378842368054, 0.00656749915868522, 0.0038411322565414384, 0.005595023013266134, 0.0034308000070827132, 0.0038744585833095286, 0.004660980102179286, 0.076030753166515, 0.014328408698880626, 0.011534716429598848, 0.0008321787013988425, 0.0022726075090215504]
            , [0.07149834972411011, 0.004560809750644373, 0.14734460311708825, 0.24584888739429303, 0.0024241221492058342, 0.029391583136639737, 0.02064899946926908, 0.01004143953262008, 0.08767621002519962, 0.017779924939409348, 0.008948000657647455, 0.06554267924903717, 0.00722703130198964, 0.09307077053611791, 0.04539100824226602, 0.07140343326980002, 0.04741409016040696, 0.019204963041664573, 0.0003461219422377837, 0.0042369723603533724]
            , [0.05380357643411775, 0.015649685665651423, 0.03305978820728667, 0.03943925488868552, 0.038161011213600333, 0.029559830456970762, 0.18942232368641923, 0.02498720346771471, 0.049093705186702016, 0.051720162204607886, 0.019176226894378073, 0.07123859467769571, 0.020434498471840656, 0.07229535574938148, 0.06300267317964012, 0.07470366407729638, 0.04559086697875258, 0.03307620897811261, 0.007807853599748424, 0.06777751598139796]
            , [0.09415000169740453, 0.013036718295494848, 0.025446536857445655, 0.03503291126148008, 0.016714773419256, 0.0268985775976033, 0.031255451478116134, 0.023441850707504434, 0.039905575792034374, 0.0475414964766036, 0.014438948042575207, 0.033377899715561876, 0.2777903672609385, 0.04378204387000049, 0.0430640337133587, 0.11341472270366786, 0.061470802883934, 0.03669698208491877, 0.004988783701675798, 0.01755152244042563]
            , [0.011704525101020824, 0.0015997093550174921, 0.7277600238700982, 0.06467428005073227, 0.0020291857837954654, 0.012484616201669251, 0.009443146948654295, 0.002977862199585961, 0.007614925427761709, 0.0041328806400584795, 0.0019993473510285646, 0.09331842460310387, 0.0029340393207091015, 0.008495269811914277, 0.005204335531489871, 0.024738106469449534, 0.010319693430938432, 0.004815751308374346, 0.0005248593249727592, 0.0032290172696252]
            , [0.009951064586055318, 0.018008034617624336, 0.002500869829209334, 0.0034626175154138083, 0.3020865917329934, 0.0035649113984425216, 0.05178158638828836, 0.012007477501443702, 0.004950676261913015, 0.035976966093600474, 0.006264313586420193, 0.010213911169279033, 0.0018286663504694105, 0.007058486405125495, 0.007889554081089385, 0.01637233642162151, 0.007870940231084209, 0.013864238971416755, 0.014987598819481635, 0.4693591580390282]
            , [0.04247468295268884, 0.010223186233787249, 0.004313718001900569, 0.004487984125066995, 0.003591706546836817, 0.010379808975632348, 0.0036725282411557312, 0.008035572943319276, 0.005200879870729143, 0.008335403921789322, 0.00586732666569432, 0.015571775392321211, 0.003602975729345623, 0.004942153545949884, 0.0051827982379456135, 0.332345588498715, 0.5139416975927559, 0.013845385163606835, 0.0009090315344984946, 0.003075795826260649]
            , [0.04056026965803368, 0.0020638514979650904, 0.35975467653239274, 0.1635543953041366, 0.0026902860320863024, 0.04544008846332999, 0.025124232639765345, 0.0035280742661420814, 0.037341031907164826, 0.007112839739511722, 0.0031432677453834793, 0.12224397510128979, 0.0158210435819488, 0.03839126480603338, 0.020178178730196564, 0.07054411622657564, 0.029748782560451895, 0.007477542930967489, 0.0006328715641302841, 0.00464921071249426]
            , [0.6079861348903741, 0.018700977367599684, 0.002041450576056796, 0.0032721361057002833, 0.002365219203887777, 0.07559434799598204, 0.0019472269753797538, 0.005322923647025093, 0.0028383939591970406, 0.005503716040192741, 0.0030867677917669075, 0.004005095116838654, 0.008916671553017022, 0.003456777430923656, 0.0032324939577985036, 0.19707405917705367, 0.031901210485594904, 0.02056418966968818, 0.0005977170043012847, 0.0015924910516216468]
            , [0.06411363029910368, 0.01710399328159144, 0.017346540084064416, 0.036523628389598266, 0.023119765952434333, 0.021685084295534, 0.028252101610999048, 0.06645749820924038, 0.10803243650690678, 0.10478233770372683, 0.04952507232276426, 0.03596215002256285, 0.012472882787843009, 0.05906927291731903, 0.12668274287895573, 0.06607083583693922, 0.06585826033539686, 0.07276791366060602, 0.00665388689347897, 0.01751996601093489]
            , [0.082525274666605, 0.010694518167894454, 0.01464761794636024, 0.011234455223302351, 0.005387969060738639, 0.030416829131392067, 0.00928001895913424, 0.01053612493144153, 0.016603851752096752, 0.013686195887769651, 0.007997550344088, 0.050957964377455464, 0.023738862367775757, 0.014015985234098615, 0.013262723331041589, 0.4029802272766814, 0.25801394882490225, 0.017858228595139924, 0.0012749142389830719, 0.004886739683099058]
            , [0.017299962670759707, 0.005889723375193276, 0.007110767052143033, 0.0243036648353785, 0.0023735576187476548, 0.016335644399222013, 0.015606599463117455, 0.009792529735457262, 0.36541067650697273, 0.015176965649791305, 0.012680587863099925, 0.03249904157432138, 0.003919458776437458, 0.05319158557282331, 0.3409062049743748, 0.03462285158065353, 0.026202132201015544, 0.009344798521866201, 0.0048628593723072855, 0.0024703882563176962]
            , [0.1431210409636591, 0.0064325384266850924, 0.04337655514543596, 0.05521486682903212, 0.005833048086548025, 0.054182881799590486, 0.01585514925355151, 0.01784048912171709, 0.05070816797588875, 0.023883920625802323, 0.0132461507014518, 0.07507031523930893, 0.02828313324158791, 0.04869903826861733, 0.033334393263741345, 0.21639754408737574, 0.12849560409557717, 0.03410665390490929, 0.0006791345191150457, 0.005239374450405008]
            , [0.0903717334202504, 0.004448527132848658, 0.010599544630001312, 0.016896593132109415, 0.0048812708611058325, 0.013472649433473647, 0.007025806343003966, 0.010361862912875639, 0.01467525168396546, 0.01753646777886802, 0.005630383126265749, 0.009251186660498551, 0.6722135571885197, 0.01198663181296704, 0.01252287380525186, 0.04668439948663231, 0.02384385120165718, 0.02222769082020258, 0.001408480316851455, 0.003961238252651527]
            , [0.022080681364656046, 0.008412108385428206, 0.0008108416839021145, 0.0018752380676506505, 0.01518298925621135, 0.0019065751694385341, 0.00149724816946673, 0.3888370094067333, 0.001784694096858016, 0.13513380461162136, 0.03257592498098671, 0.001865980317186502, 0.0006571575237828655, 0.002076116538154761, 0.0020575328684123728, 0.005042837261938737, 0.017333339199166964, 0.3563853633270887, 0.0018216239390206302, 0.002662933832295462]
            , [0.024502330775412202, 0.002150900175039921, 0.00838668582253192, 0.02111918327416624, 0.0046707762106306845, 0.011282185600768891, 0.02244538993874067, 0.009896270871806718, 0.3269546031795969, 0.018790279416956802, 0.009632372914187002, 0.023768107843525833, 0.01077100060370144, 0.05522297702871893, 0.37123121457667696, 0.03142814497637613, 0.024207451640545052, 0.01289291519595762, 0.0030876868182705824, 0.007559523136389687]
            , [0.009929374431876636, 0.004628308577711015, 0.0008311129982948944, 0.0011885651114458408, 0.027849858009697324, 0.0009647028733849516, 0.0011663126114289536, 0.28760631732485203, 0.0011827539581727533, 0.43606402850175763, 0.06096994929038895, 0.0013851958801500133, 0.0005625056649889907, 0.0019081872050695928, 0.0015171183948844247, 0.0030617017187848814, 0.007188426754322263, 0.14960763809779293, 0.00036954252240868857, 0.002018400072587224]
            , [0.014434891527579466, 0.005151116315274585, 0.000704163188997643, 0.0010656142650269733, 0.01212501833358094, 0.0010932532662051245, 0.0009441012937340069, 0.43330227838879937, 0.0013735217764115092, 0.14059929796713241, 0.026616719786167364, 0.0013900015822855987, 0.003371090668352156, 0.0014978661267930713, 0.0016946300691109502, 0.0034035672778341066, 0.010760624786559871, 0.3382085618795911, 0.000252833261181272, 0.002010848239382621]
            , [0.017751268795345505, 0.007938304639610979, 0.0006985860475629578, 0.0010821617817330452, 0.006409017770212346, 0.0011308174969336788, 0.0007915928261765061, 0.39092597383867855, 0.0013207635127727112, 0.07259236180350544, 0.017662710525732553, 0.0011891727020334549, 0.000581468100855823, 0.001197699847121336, 0.0012040590544025568, 0.003830346453084581, 0.014770831519383649, 0.4580287860113848, 0.00020477243919185005, 0.0006893048342779017]
            , [0.016609256512888207, 0.005852811375767805, 0.0005860325975867568, 0.0010434479912487557, 0.0339380309926909, 0.0012833287227233653, 0.0015379426277043174, 0.315654615641875, 0.0011847241955372369, 0.33500759065174135, 0.05477631479931821, 0.0013334563654312322, 0.003174032806994612, 0.0018241117950265498, 0.0015187865520882916, 0.0038416113480465508, 0.01131904498176332, 0.2015955198214268, 0.0019307889905713965, 0.005988551229569243]
            , [0.10893559437269562, 0.002951029523717439, 0.02671030374121671, 0.03797752823899903, 0.003871464197612304, 0.02741136405200222, 0.01297431979935132, 0.009195213738844982, 0.03275343124501643, 0.01860269238691192, 0.0052312311206430505, 0.02109322281115656, 0.4680734984842779, 0.03217753366481494, 0.02242358134345533, 0.10415451716754952, 0.04240654296949391, 0.018051627285022683, 0.0009198350220470374, 0.004085468835171142]
            , [0.014863487364082113, 0.006187870769676334, 0.000613190613357927, 0.0010492243675796554, 0.015328007295449787, 0.0011879659940124492, 0.0008197202688206033, 0.43557178915423606, 0.0011119225244364107, 0.11573656161728299, 0.022602781864183866, 0.0011808362095703866, 0.0005254485928376289, 0.0012684520688053837, 0.0009912260011843913, 0.0031899355696983858, 0.010614752252634654, 0.3624266808356468, 0.0002188405591684809, 0.004511306077335717]
            , [0.026632811079190476, 0.007390124681909536, 0.003781452353964043, 0.007430467440297569, 0.10078775198512527, 0.007064828326484987, 0.010307636019736938, 0.12286023077867005, 0.008511378508583675, 0.3964655806336131, 0.0892358029682425, 0.007294829103733728, 0.008848441161625753, 0.013560494898064126, 0.01160360345334058, 0.01961133663438349, 0.023863517336230152, 0.09458710766640621, 0.012307416288983913, 0.027855188681413838]
            , [0.013106930463208908, 0.0064473590094092145, 0.0014118905607634132, 0.002165040571347428, 0.21367651449201108, 0.00217330027404243, 0.003941479666755069, 0.09969653345793214, 0.00254905224222972, 0.4338364914318579, 0.08539483593072872, 0.0027485883088827294, 0.0018964868356380563, 0.0042848112825386335, 0.003165737596481246, 0.006693194368196942, 0.010129416150126485, 0.05761476393414132, 0.01158662075092679, 0.037480952672781884]
            , [0.09550525357728586, 0.0053919025102009506, 0.042199539253098245, 0.07941920583745558, 0.010052261261867146, 0.030106480223351318, 0.03117097479497121, 0.03542253248545498, 0.09075829913120473, 0.04948899115096866, 0.026543261863852, 0.06530218455004423, 0.009003542876076975, 0.09034455759800143, 0.06822635476928014, 0.11247843917793542, 0.09340485615818761, 0.05241298129736448, 0.0006955961071180032, 0.01207278537628114]
            , [0.45014384846505595, 0.04201729373691398, 0.003744397411582215, 0.0049353068926609005, 0.011949589046673056, 0.16150966979823794, 0.0034816729850587814, 0.01989983450832189, 0.0044384242192878785, 0.024760994794999415, 0.011724367073673043, 0.00688035572359736, 0.005256308294171051, 0.005251909035516126, 0.005822264140654305, 0.1326465387700406, 0.04531105043781641, 0.05248340757396089, 0.0023720016544520276, 0.0053707654373261375]
            , [0.1342037910420593, 0.009102529522665794, 0.09518053369949453, 0.1374748983414988, 0.004411274994132381, 0.0716103651367503, 0.022753967683016383, 0.010395303086049645, 0.06538844348831112, 0.02068324168280101, 0.008990016335454421, 0.054856182939017326, 0.01209337138081185, 0.068946757313828, 0.057804555020569595, 0.13138319548493696, 0.06334669309156077, 0.023505296393403857, 0.0027489340992298754, 0.0051206492644080915]
            , [0.03476823883333573, 0.0013960005850853577, 0.001229102294666162, 0.001871864915499508, 0.012219841029194519, 0.003268421511220294, 0.0013093059981985433, 0.3320384044426128, 0.0021049986624124225, 0.08485925555618022, 0.026656348526911858, 0.0026889269763061678, 0.0019743460974182845, 0.0018967691306258606, 0.0027637541765854648, 0.007022409321355414, 0.02164342768331995, 0.4585113984953772, 0.00040564982963417327, 0.0013715359340599883]
            , [0.11311627802362464, 0.07364087647767276, 0.014549123846155717, 0.011644043182056096, 0.013215472697874929, 0.042969136496216614, 0.012808640178463759, 0.015124331857200963, 0.013974402451687101, 0.021207084749771617, 0.010167734050504524, 0.052981552031091596, 0.010618197446120501, 0.013210370785249753, 0.01669296945627092, 0.4035292644381273, 0.12099189966733008, 0.024232872307939232, 0.0031306724606922805, 0.012195077395949477]
            , [0.09085948139339795, 0.007630324720966924, 0.011813541928033118, 0.01620552478200205, 0.009711290558638697, 0.01744974336003508, 0.010989355138818243, 0.0498446059759408, 0.02941368851091493, 0.03356413113661523, 0.02396601243737949, 0.04320964218331748, 0.009473743551987535, 0.018009106279713603, 0.025037746917364132, 0.18356480313996568, 0.34309486931173233, 0.06616639348957455, 0.0020509237494578817, 0.007945071434144246]
            , [0.030556456380170335, 0.011312704575866563, 0.0019675801880666677, 0.003680339520324828, 0.07068967732571271, 0.003405688973140829, 0.006895791322083779, 0.270953005619651, 0.00485753687809284, 0.23619423317623198, 0.055871382101729684, 0.003992059576288469, 0.001957314601974959, 0.005336476373077637, 0.005680443898370973, 0.010559507157629475, 0.022833705753419517, 0.21992146758628411, 0.004530682318293414, 0.028803946673590368]
            , [0.019553431575837114, 0.004335301895360484, 0.0009506713896274544, 0.0016602091622464235, 0.012949329099649312, 0.0018457754988051732, 0.0012303228412948355, 0.39152711100106635, 0.001887374335704668, 0.09265372044729228, 0.01799023256866576, 0.0017732549183522611, 0.00396496583730829, 0.0019384786635264478, 0.0018218519064710484, 0.004903804081573037, 0.015014681112648838, 0.41909511540499217, 0.0019881919968957854, 0.0029161762626821355]
            , [0.05441630312612682, 0.0016362950813574907, 0.25092409085328166, 0.3411116185657137, 0.0029754959423806157, 0.027279984793770248, 0.016434394543450647, 0.005516784520406088, 0.04601505770624407, 0.011141239266678956, 0.004805208080987003, 0.045965319695995495, 0.004608463684855726, 0.0680956902539427, 0.027795338284690226, 0.04536292517515174, 0.02653465106561804, 0.011385328487099798, 0.003234947272807138, 0.004760863599441987]
            , [0.39431003739934756, 0.04758961714551625, 0.003816242028821141, 0.005670025310573886, 0.004341156355477113, 0.03935545115161003, 0.004225175977325186, 0.008725755251932222, 0.00574299457475922, 0.010992868961226063, 0.005580611929494008, 0.012225068162665257, 0.0031310552013562396, 0.007654590169983743, 0.006035107151694416, 0.3290443841070483, 0.07907188366756239, 0.028090228717932757, 0.0008332594138280055, 0.00356448732184641]
            , [0.49084738192390875, 0.05250206704697505, 0.0020247721086952904, 0.0033518369578589783, 0.003627527039839017, 0.040428809200248064, 0.0023479269282799886, 0.020179897154356693, 0.0029464581827680692, 0.014508826210302703, 0.006540780971400954, 0.0050606039583135235, 0.003634314013892578, 0.0033150785099987806, 0.0030444699642331375, 0.17113025575810414, 0.09243089542338223, 0.07895817076660719, 0.0006319926300851967, 0.0024879352507494556]
            , [0.0903876781924532, 0.00891139786262133, 0.0013462226800855335, 0.0021343784635630735, 0.02770501207698119, 0.013012042365645904, 0.0015191234522255466, 0.24771930195748346, 0.001734588686367061, 0.12085428555248781, 0.04172151990540571, 0.00348781636604866, 0.003327702414427547, 0.002382989995919118, 0.0020649271992814397, 0.024818919776201893, 0.05517468823702098, 0.3460034386827273, 0.0021012025876408903, 0.0035927635454123625]
            , [0.019348290633394025, 0.00624938579940027, 0.003825875548541051, 0.0063689793507526555, 0.3161798617474396, 0.004517878080379863, 0.02111202427150664, 0.0646608953311804, 0.00804456265493853, 0.2030338251516801, 0.04930101466040878, 0.00785352960206961, 0.002898025526263125, 0.010000318851847153, 0.010957028983578998, 0.013632549766022324, 0.01469966543127928, 0.050960617221226114, 0.022685889887829814, 0.16366978150026187]
            , [0.009722144820742813, 0.0009264430162346695, 0.001333186085627044, 0.0018667096028868004, 0.03701550305451332, 0.001863243081102842, 0.0020002194370737016, 0.16457298835623602, 0.002464016468593723, 0.5744589480856976, 0.08879747927156778, 0.0019614213648811536, 0.002073393889032842, 0.0037064352795700252, 0.004231444054923838, 0.005127328380258849, 0.008245621631025504, 0.0857572163812905, 0.00045205154295211954, 0.0034242061957888282]
            , [0.19657426506915135, 0.06436715515953292, 0.004905970425389618, 0.007756117967317328, 0.021747662396151193, 0.02402165439195382, 0.006676743810937587, 0.11743637469745387, 0.008671823940692906, 0.09707904406846864, 0.03419434683100776, 0.009137952103559463, 0.005930718022598119, 0.009665061404763252, 0.009010395127917941, 0.05524890443506056, 0.06169096136848821, 0.2529482533326867, 0.0023857733322344547, 0.010550822114634437]
            , [0.0877605131398355, 0.02184608983537326, 0.045155234191967465, 0.023298831571912926, 0.005940213909611607, 0.09678064545334321, 0.020313394205217564, 0.009825396310488161, 0.025852448647832017, 0.013118271700199016, 0.006950928430953481, 0.14358043586393668, 0.007329061344862037, 0.02219166784422394, 0.023643997264933436, 0.32385906635631667, 0.09895611841482761, 0.015341071917862693, 0.0013223805873066798, 0.006934233008996037]
            , [0.12204576909975985, 0.03462509584461957, 0.0012893880098116795, 0.0018790056569846676, 0.010521559974443031, 0.007348418283375905, 0.0016109350474982351, 0.19960753558591787, 0.002164924226097742, 0.0861068461521193, 0.02751416416360561, 0.0033826016086637464, 0.0016234001624863769, 0.0023964071974234952, 0.002160952128679263, 0.02461465280509943, 0.058167345444170335, 0.40904213046384064, 0.000499705491344433, 0.0033991626540588182]
            , [0.01607472284809599, 0.002917086765232002, 0.0037942476354738772, 0.013163467657995203, 0.002946729267623997, 0.006527618628681813, 0.014961687822668865, 0.006274193506660386, 0.42722314573543485, 0.012240661250038117, 0.00664327624520022, 0.02057142494130078, 0.0010042285291590083, 0.04269152470181136, 0.3684052418062981, 0.02316804636200613, 0.018305394289778825, 0.008350097498003528, 0.0007458980206298822, 0.003991306487906872]
            , [0.09603698413649983, 0.010425671348074459, 0.04303569914535105, 0.046656039624009306, 0.007881108135127508, 0.060300125721421495, 0.03315808987645141, 0.011984056825310868, 0.07749138590070341, 0.024557079699163105, 0.009345209355855595, 0.07052363962844967, 0.10528762568780037, 0.05425299095990593, 0.07353948094554645, 0.1673390852466095, 0.07508685083953524, 0.021197103454321364, 0.0021383677500135976, 0.009763405719849814]
            , [0.08237490258044954, 0.01446953451586453, 0.0029258023270971106, 0.004700343477277797, 0.07191819590634027, 0.018390757602177687, 0.0054140334807994085, 0.16000906365592035, 0.005600185951433403, 0.2389093943853465, 0.06804496652116825, 0.006708034442002932, 0.012110271410468474, 0.007252608831258101, 0.007029028225505469, 0.03585590163425205, 0.05155899915691699, 0.18501508719335286, 0.007205139854231573, 0.014507748848136758]
            , [0.06325546373565644, 0.022775078839028143, 0.009354533202236915, 0.013673672710358763, 0.14336581271733426, 0.015045590644179626, 0.031113368046961333, 0.09723554868349646, 0.014957127875205319, 0.1438059765768562, 0.0429452323774109, 0.022309917543230775, 0.010999123454348754, 0.02023617953019403, 0.0177330050928658, 0.059005166893239314, 0.05807181696958858, 0.11529985610290636, 0.006678237602785988, 0.09213929140211605]
            , [0.0526616704391879, 0.00915767870058719, 0.02228711692607812, 0.06514001444976604, 0.0030774839600511868, 0.015853053920182394, 0.028848758037515253, 0.011281524001891616, 0.2591788941917072, 0.02372846111847731, 0.012301771681558302, 0.048867241676874326, 0.002054116153142055, 0.10537821820464409, 0.2118707710424178, 0.061537704753651175, 0.04486808146561883, 0.017285034112087722, 0.000574055133024542, 0.004048350031536976]
            , [0.010206957822960121, 0.005867304419762574, 0.0009668679815539933, 0.00206470239680364, 0.050090572848941674, 0.0017163514328143068, 0.002352696294819057, 0.09697744200030554, 0.0029328744522944543, 0.627673622443839, 0.1149790309976958, 0.0023339086620103944, 0.0007524470089917678, 0.004608543169186597, 0.0020414532271951324, 0.005585958890393393, 0.009619803604695, 0.04972810601340895, 0.00042109811186844746, 0.00908025822046002]
            , [0.24299508875483125, 0.01186871878377522, 0.014230451771125174, 0.0165591894539619, 0.006544662243134775, 0.07224100178600985, 0.009763226038172675, 0.011437400725038223, 0.014186859893210545, 0.017389068035346303, 0.008264261992789753, 0.020803956742176173, 0.2407306908404254, 0.016424937900478845, 0.013824367521401046, 0.19185131318754023, 0.05772290166595963, 0.02532047942054824, 0.001865309422889375, 0.005976113821185576]
            , [0.11977394711440047, 0.04245141533744492, 0.007187454890983396, 0.008831502404124184, 0.012729474768948605, 0.01686505563911791, 0.009497619866480192, 0.06971304842115751, 0.010751950324210006, 0.04770183727833368, 0.028971892658287424, 0.03350229338426028, 0.007351301970160153, 0.013446385129717223, 0.010319982814142044, 0.1676602172699015, 0.2728687331728773, 0.10989942802256664, 0.0018233565013474526, 0.00865310303153916]
            , [0.025810273345442992, 0.00229575237340871, 0.10627961016865564, 0.04772023158125517, 0.0024499397388183662, 0.4519619161856793, 0.021515215853873258, 0.00277076258544034, 0.05913066681581245, 0.005245784236810547, 0.002939053568361949, 0.14674379137560128, 0.0028538634746052794, 0.03029671178927551, 0.029802206527231805, 0.044853974115640384, 0.0094556604742499, 0.004151808282202325, 0.0007614211440977396, 0.0029613563635370274]
            , [0.01021099498295554, 0.0014591399011675572, 0.002154005112624036, 0.0027775655254948725, 0.4416579871074369, 0.003145856889897789, 0.014560514825202025, 0.013789906672669187, 0.0033898620228087744, 0.043634893345772606, 0.011487323417328468, 0.004571958061612588, 0.00177909514236545, 0.004155966779480841, 0.004247778170395013, 0.008789067520290322, 0.007697311803716012, 0.014453293494124199, 0.026653938005951224, 0.37938354121870643]
            , [0.023501396644081077, 0.0008118840672660137, 0.003603135288796178, 0.0018195627815911684, 0.000898027072594998, 0.9348023851062047, 0.0014323644014098567, 0.0012047716199205818, 0.001885595296855277, 0.0019592344809243505, 0.0010755977718370478, 0.004144049891578782, 0.0005596743323840397, 0.001751913465198298, 0.0019395894542482291, 0.012707077762466129, 0.002951465203747508, 0.001878357069989359, 0.0002854297190341498, 0.0007884885698722301]
            , [0.0691738692572975, 0.019653462919571624, 0.003788371144798689, 0.008778736857497004, 0.007718797722222431, 0.0056814930357131, 0.005172433793495394, 0.22561636799380277, 0.01016444521877787, 0.06880023551078447, 0.03090854011868984, 0.010845002157950756, 0.0029532771081354626, 0.010962267622773044, 0.009169880151651821, 0.03781271849887465, 0.12417924207546245, 0.3428396524437457, 0.0010122012299793749, 0.004769005138776036]
            , [0.016924641154194085, 0.005569999839626624, 0.0015653242700774217, 0.0031277137556956582, 0.015638811755444876, 0.002515922263494743, 0.002273468929815866, 0.20428976662560674, 0.0034612197277955805, 0.42187076369054644, 0.17062017716822472, 0.0033067318039319334, 0.0012122486244641544, 0.006714215911006986, 0.0040894956766357425, 0.007749531838462054, 0.018116750131055202, 0.10822531589430125, 0.0005895732512453166, 0.002138327688374464]
            , [0.09778743084065404, 0.0006418883669132275, 0.18082337722570613, 0.2976898348973693, 0.001191811518589987, 0.026506719129563632, 0.012153968316719735, 0.0037040146842351363, 0.08275987246578038, 0.007306038227710759, 0.0022992837052393986, 0.04944912993913594, 0.007029651676993334, 0.08243386610646945, 0.03980064702626198, 0.060306116933933986, 0.03540924110040601, 0.010316094545276813, 0.0003229100803433635, 0.0020681032126973827]
            , [0.03883834451011607, 0.0011276720793397725, 0.3335491976045069, 0.4123574965543677, 0.001556001637466446, 0.01899726913243319, 0.005295864143486088, 0.0029053151920164625, 0.02316907831251334, 0.0048105440757543454, 0.0025793733881424984, 0.03558231687712156, 0.01127149695148899, 0.038822595277515824, 0.007195492751807798, 0.03396146374255707, 0.018824437529118894, 0.007259718625945213, 0.00032363233726449614, 0.0015726892770371649]
            , [0.007583616262210892, 0.0009070853673310645, 0.0009796555881172327, 0.0016828420221757056, 0.005133820500662483, 0.0010756754419717187, 0.001067161180738057, 0.5346258216822385, 0.0018172973861227738, 0.0856251426196604, 0.015290372501405764, 0.0014148275867001897, 0.0007482661160961671, 0.0018026011732055114, 0.0018696178978093842, 0.002619825428289734, 0.007483925165039141, 0.3264889080345149, 0.0003554063234781998, 0.0014281317222321296]
            , [0.07114218058310713, 0.02355057060894946, 0.0020473219804513563, 0.0038966736007688277, 0.03486473924039622, 0.009259022763532522, 0.004491334800403579, 0.16920864624066143, 0.004371126922056709, 0.23239599150432547, 0.10764441425006412, 0.010872680663819018, 0.002139122718786163, 0.010249803358739283, 0.00462260918715998, 0.04020135441592018, 0.07109372315742211, 0.18444193491622052, 0.0021869686883461623, 0.01131978039886953]
            , [0.041245214984315, 0.006132046968738342, 0.0095449862735955, 0.007202509885971076, 0.0013692217330184729, 0.8561080298954217, 0.002607972301687687, 0.0018386493237790833, 0.005241952844296694, 0.003045995807195073, 0.0017351267645250663, 0.011249675657956225, 0.001541552850697879, 0.0033639613519915925, 0.006899633579143304, 0.02992118560837337, 0.005560177314590009, 0.003712873868703044, 0.0003749205808066483, 0.0013043124051942097]
            , [0.037741155715041275, 0.02265222595480661, 0.0032241464097319, 0.004257469347688564, 0.2801657316800272, 0.009669351308036188, 0.01198077615452523, 0.08578807607260162, 0.00557647598169215, 0.1976286401726336, 0.04601870459010488, 0.007298820405800933, 0.0050591826482173, 0.007275040799360294, 0.007604426357760609, 0.027230991400057965, 0.025991816637034777, 0.08838878211421006, 0.018979798624670665, 0.10746838762599824]
            , [0.10638933059047935, 0.0016002691312781427, 0.0957249862241661, 0.22442402237454018, 0.0015483152937145774, 0.020814764072398226, 0.015264194945181655, 0.004649813255888952, 0.15094054642184937, 0.013309664964577576, 0.005211055234625666, 0.05026976065014317, 0.0009660070221947074, 0.11066561722484208, 0.091718704008491, 0.0590029060390733, 0.035101927724769666, 0.010072191852601938, 0.0004674295421784214, 0.0018584934270058327]
