20 A C D E F G H I K L M N P Q R S T V W Y
512
0.006037187018764615 0.0326069295558573 0.0111450167353972 0.0165936716994985 0.0344751854598924 0.0085131530919083 0.0171804648083623 0.0313916397182650 0.0168764482893714 0.2498179371625115 0.0307182340683919 0.0148627223741274 0.0368346170116438 0.0097110824927914 0.0700577017851680 0.3077967139850702 0.0445410947584985 0.0336681730187804 0.0204161944331110 0.0027632187880943 0.0100298007632594
0.004654080876062282 0.0687087014984241 0.0054757363135582 0.1270253932712120 0.2874915180141349 0.0060761270518718 0.0277328550229143 0.0213807961484272 0.0143063821638968 0.0720355074150445 0.0250883426820655 0.0109829792451214 0.0434365151441571 0.0141220813483250 0.0969279894514323 0.0439404686716489 0.0586365344545069 0.0425234405148058 0.0257820212943026 0.0014898374048266 0.0068367728893240
0.0044002737694632975 0.0504492356160226 0.0085631540896500 0.2903343178570137 0.1372177493141512 0.0094128489223272 0.0459021577198004 0.0254277942576478 0.0144281687725156 0.0423771295047849 0.0214658441313509 0.0100184606411163 0.1013455915981516 0.0149583338403674 0.0406767865070145 0.0291579856659340 0.0780336165519789 0.0430607092390889 0.0224708288894597 0.0028964924706937 0.0118027944109310
0.004263389037814407 0.0159622048082098 0.0060944864676879 0.0017549572852669 0.0033640632932699 0.0448034039655871 0.0029991442039471 0.0035803887680224 0.1456277110786560 0.0038737041585359 0.5355154097823541 0.0908374748885057 0.0031849325824853 0.0035425616385966 0.0063186311436407 0.0050542647197475 0.0091862206570370 0.0143356370774125 0.0938435144047621 0.0024168552772151 0.0077044337990598
0.00423772315063024 0.0598147442148303 0.0068305856469465 0.0305610455692507 0.0585832826695396 0.0088698569884541 0.0277246920361968 0.0248461292894417 0.0264911692112407 0.2226497885462512 0.0377139933300165 0.0200299301496169 0.0482924563074259 0.0176722851981458 0.0671056829552835 0.1653694383065131 0.0692471751174794 0.0611452971623308 0.0339899634747882 0.0033048223840227 0.0097576614422255
0.004209205498203388 0.0247098589130165 0.0097918068182398 0.0012213505722944 0.0026012881046703 0.0336494245674612 0.0029176089489265 0.0018062513961132 0.2934769358659339 0.0031875950963990 0.2897239102949585 0.0652719759364672 0.0028116246713678 0.0020456718682144 0.0035208736049021 0.0031986733572699 0.0090085455583778 0.0223627341394455 0.2199343409954894 0.0026196324270359 0.0061398968634165
0.004169280784805795 0.0509287682537694 0.0116599577778755 0.0901787483080415 0.0494469319294769 0.0136998012156195 0.0459080443827178 0.0441391699338797 0.0195155171833335 0.0567156991125208 0.0271873031684213 0.0138195427442521 0.2672617189324507 0.0147340116144099 0.0393726736805254 0.0446196402846166 0.1079990963288779 0.0555180083736910 0.0248264680258789 0.0038914045845014 0.0185774941651402
0.004160725489077739 0.0531874676485362 0.0042582204444510 0.2484828032440418 0.2514766072426822 0.0038362707118141 0.0341461708556553 0.0235997428065010 0.0072073832565052 0.0512101293501694 0.0138233439181481 0.0057328050639457 0.0698137253090649 0.0133555483744577 0.0654635901049315 0.0323817496754509 0.0645185822662263 0.0357350195633050 0.0138013986896332 0.0015764598183083 0.0063929816561718
0.0041436148976216275 0.0595823232522348 0.0123614174686842 0.0254296077034347 0.0435426267823736 0.0144021551413263 0.0338794034931637 0.0362420379055723 0.0220206771649360 0.1551116971405782 0.0398614030157651 0.0166038090816384 0.0390164794700980 0.0165907452545959 0.0623595461447047 0.2602738904744256 0.0646792489805558 0.0444699909501395 0.0298517879044181 0.0077174413933245 0.0160037112780309
0.0040609137055837565 0.1431782632223320 0.0219891048626423 0.0276553427167901 0.0261698474565847 0.0129168395955463 0.0576090139503058 0.0174617704254280 0.0189111530419190 0.0264061753652087 0.0264432471682323 0.0133779261295373 0.0514119161907554 0.0255506076781070 0.0248776871820065 0.0263843205745918 0.3141039864448713 0.1186746354756278 0.0318213718967177 0.0036422577764360 0.0114145328463601
0.0038726971995665317 0.0284860293322084 0.0045139665098024 0.5093689372295270 0.1288117303441018 0.0044359399535497 0.0263442487035114 0.0165353308867812 0.0070814658000884 0.0232180421639104 0.0107520990865864 0.0053002969121242 0.0967284169427207 0.0116886678633069 0.0236259723708901 0.0170227243586147 0.0450938351105484 0.0228140399019142 0.0110585657856728 0.0012772972265763 0.0058423935175644
0.003761478355101808 0.0714406270826004 0.0100372612505444 0.0434057475705377 0.1146735053892401 0.0138464239291953 0.0266241610808509 0.0378357446513556 0.0283867607687778 0.0868782815321983 0.0575359035737373 0.0284079399434749 0.0413195708706944 0.0145661732440699 0.1676875970387310 0.0773843502446157 0.0657620548849537 0.0536121268116616 0.0418117570037680 0.0044782360221939 0.0143057771067993
0.0037443677636456968 0.0522624143543611 0.0147639230422097 0.0347960038676258 0.0381139890973333 0.0403522195089447 0.0281517425108986 0.2312378383939886 0.0254257181232100 0.0448235273278254 0.0483328367694579 0.0194882502646094 0.0649202440710402 0.0167221799715164 0.0592202009223839 0.0575677455729226 0.0665682530288279 0.0434563247252449 0.0334363679303388 0.0086940496627380 0.0716661708545228
0.003681628928306622 0.0478980955611239 0.0009310165752465 0.2611734826328194 0.3641309890322706 0.0032512018134022 0.0229280310816003 0.0131991899607861 0.0081642980189227 0.0342235921834154 0.0123750313815792 0.0065923403698574 0.0439311431769590 0.0117645741502833 0.0596260831605932 0.0176794116087359 0.0452331541615987 0.0277644164667403 0.0143768634866743 0.0004246226620143 0.0043324625153772
0.003673073632578566 0.0893222304529662 0.0164583246865101 0.0249483092627183 0.0341767342816640 0.0132220081882040 0.0247313151913976 0.0172140217889229 0.0415060175331547 0.0461788902101240 0.0381903009235828 0.0200864486760060 0.0474995021094141 0.0201068956279821 0.0306355537578913 0.0388669718362627 0.1709436436297402 0.2539712826989211 0.0566355390306137 0.0034766674588953 0.0118293426550288
0.0036360006844236583 0.1068561847654956 0.0154777202196697 0.0463461156378509 0.0451119198928297 0.0117882851292645 0.2905295126103811 0.0218858364787600 0.0171454921491498 0.0385194529450512 0.0258603047640027 0.0127626268669916 0.0571789693653650 0.0171367648962660 0.0320053937879809 0.0408989640491884 0.1267462321911709 0.0508202139748643 0.0282404010043298 0.0038359987700172 0.0108536105013705
0.0035675583185992127 0.0322260331491205 0.0055636522255525 0.3234451309426867 0.3475082283679009 0.0048126091351593 0.0199060283076484 0.0143638305343901 0.0083202457132415 0.0254756253333109 0.0130433210420530 0.0062163795510970 0.0467854424145599 0.0057973495198184 0.0458869421789963 0.0133190678479943 0.0428760376779359 0.0220588522145958 0.0154732035825473 0.0004911658015129 0.0064308544598787
0.003553299492385787 0.0337170786422115 0.0027808583149987 0.1919883150909008 0.5003264353055280 0.0043088908533953 0.0192144452502916 0.0110294197120958 0.0081148587296958 0.0302586618416198 0.0132613950415972 0.0063123634175307 0.0267566805115183 0.0102648746662886 0.0514090607302089 0.0180954747371956 0.0312061768058480 0.0197294091085722 0.0149714109607268 0.0014625890689328 0.0047916012108438
0.003544744196657731 0.1590380462974351 0.0200368630116063 0.0206454585423689 0.0185102957068297 0.0071317396842037 0.4673807055244275 0.0097350364377790 0.0090121017439098 0.0139602551020579 0.0139668221056788 0.0062486528926201 0.0297129349347568 0.0092755236204641 0.0130569646065408 0.0140143490349953 0.1298205499317872 0.0328226763590679 0.0174800792953742 0.0017461784395277 0.0064047667285693
0.00352763360520162 0.0285970668931223 0.0127034169300718 0.0038250691476257 0.0071914517244687 0.0464421788200467 0.0046147156081362 0.0072981871336075 0.2526499644345672 0.0098922209901836 0.2801976801299411 0.0698916127979102 0.0075926258754211 0.0044911987163022 0.0089245385093405 0.0102036597662416 0.0166890154339043 0.0294077038793270 0.1801528429468726 0.0034033135111287 0.0158315367517811
0.0034705983003479155 0.3935277085676429 0.0306571133963876 0.0093680563866781 0.0132799132189517 0.0057737195303532 0.0525164866184892 0.0067907677675225 0.0109562360725164 0.0117019756111317 0.0148045562777936 0.0078352934271893 0.0160532323452724 0.0113666255290989 0.0121017777654856 0.0113837442504770 0.2794137463985956 0.0735151854983498 0.0329199679485136 0.0012976212300479 0.0047362721595031
0.0034620430046198598 0.0618958661988355 0.0048862006419348 0.0560295012100066 0.1226392734832967 0.0058204026436304 0.0234182799952428 0.0298989164871820 0.0152749246471660 0.1759270030676106 0.0281534704490778 0.0136592628581391 0.0584914801019500 0.0147994754747752 0.1100438897362789 0.1256624981637260 0.0702838276083525 0.0501921041544444 0.0231596718059059 0.0009219814239225 0.0088419698485220
0.0034591912393771747 0.0266463645868987 0.0105401649420437 0.0075148130797650 0.0092259361483145 0.3341856537927969 0.0089192704199533 0.0229261097871205 0.0576561323811878 0.0113623512007768 0.1415212596071944 0.0342685761760559 0.0128154293395475 0.0065815360616487 0.0125457849462553 0.0140388874959752 0.0252404053850468 0.0215816279466392 0.0533637236342456 0.0141280105783621 0.1749379624901720
0.003450635943649119 0.0661531929056413 0.0071863535479548 0.0411941146277492 0.0260453291719030 0.0062073486774670 0.6056287749971238 0.0112080046245271 0.0068555063269285 0.0233513968603729 0.0109055065343879 0.0057333780920080 0.0516804802535360 0.0069041632218747 0.0163979228303146 0.0168017678976325 0.0603294787310405 0.0192551139692719 0.0110197328639248 0.0016334962761819 0.0055089375901596
0.003450635943649119 0.0212496937644510 0.0076706038015689 0.0018072009128135 0.0029270328662050 0.0182412390434014 0.0028588861345289 0.0027420612985131 0.3847187474915921 0.0037753898355090 0.1344859246590547 0.0329040846844989 0.0040406068900689 0.0044025972975366 0.0040970669740392 0.0033247595458540 0.0092895582505553 0.0226398325766498 0.3328221102964751 0.0014188350062482 0.0045837686704363
0.0034477841784064335 0.1150930108289147 0.0113300248106863 0.0665895882309884 0.0951832032499633 0.0098963855749174 0.0554567430116988 0.0279574863898882 0.0184741471732154 0.0653788286619391 0.0319305076760895 0.0150975998250175 0.0667593104854921 0.0177483381584668 0.0715649470608226 0.0527038427539156 0.1491300280712419 0.0837809662278689 0.0312612587423523 0.0035493186073449 0.0111144644591764
0.0034420806479210633 0.0796195821312369 0.0043921394044022 0.1460578591451041 0.2194203891958474 0.0027529844501868 0.0338396835028005 0.0203125848194772 0.0106392435937068 0.0838846377272647 0.0173379214756517 0.0093491357551564 0.0703212777526381 0.0125218544076413 0.0855950618716575 0.0434247145006158 0.0842844662849585 0.0519845139147453 0.0197028812081841 0.0002893152395486 0.0042697536191760
0.00340215593452347 0.0411731979018992 0.0091292099684327 0.0096312241879322 0.0164740183467837 0.0549648101573001 0.0119015387084235 0.0160726923986605 0.1157160261578434 0.0222430789228254 0.3177256179286427 0.1007749600812358 0.0162966028073032 0.0128466790123177 0.0276298222688654 0.0250233860954746 0.0375733069217333 0.0409932622375371 0.0978976388769883 0.0066600325222366 0.0192728944975645
0.0033936006387954142 0.0220533699596485 0.0038715819647353 0.0084496077721942 0.0189074046200723 0.0052583107842314 0.0142206650472547 0.0223257901862729 0.0095229343673217 0.2796540407380677 0.0186985961085867 0.0104323780854253 0.0224174726297373 0.0088732755268092 0.0480997019141250 0.4329777706593798 0.0287439693905468 0.0208285542922645 0.0124303165984136 0.0037277943214538 0.0085064650334590
0.003387897108310044 0.0955252404122556 0.0112805832813866 0.0276789323762184 0.0382741965602509 0.0160550500357161 0.0278509266372285 0.0259287351143918 0.0252251612694296 0.0422329001129132 0.0480000698772866 0.0159392056592969 0.0336590697660796 0.2803585530665800 0.0444085382094722 0.0405587390427821 0.1076742031710505 0.0613377801314868 0.0383039354899164 0.0038638040751455 0.0158443757111124
0.003350824160155136 0.3815086016191377 0.0428994235414994 0.0060606417257194 0.0098979474244221 0.0111484089421874 0.0578759510594213 0.0066488086156382 0.0397444595567520 0.0089045732909351 0.0356551519594444 0.0162251818927194 0.0121616567704240 0.0079171976310468 0.0099539059814001 0.0097944928914728 0.1470014079803920 0.0857055529100772 0.1023861760082068 0.0021281966629656 0.0063822635361384
0.0033194547424855985 0.3756507802186318 0.0225943451854886 0.0180205321749855 0.0256520510224542 0.0110446512599128 0.0736491181608354 0.0121960655315579 0.0251167807306413 0.0207539855751106 0.0303541661740709 0.0149664456573385 0.0212945849845012 0.0214595743102923 0.0195038021423353 0.0206331637176878 0.1498213275732213 0.0653002368689826 0.0605160505377024 0.0028593957477564 0.0086129424264933
0.0033137512120002283 0.0432502111042511 0.0048511008935071 0.0298388539237801 0.0764601544748383 0.0041316878312653 0.0188944087142425 0.0245397873742991 0.0141965289523984 0.2722692236513439 0.0217750199232599 0.0129068038333455 0.0488697718328798 0.0044609229796802 0.0985933511633260 0.2002203233949697 0.0555396310724765 0.0438518826487647 0.0173496186598666 0.0019896983029689 0.0060110192685365
0.003302344151029487 0.0648706978755488 0.0070700337163444 0.1219374072755394 0.3016791908240004 0.0100536867353175 0.0268299056165903 0.0246134918387117 0.0180169910173295 0.0601922250925473 0.0293597073626779 0.0138831128731685 0.0385551798272485 0.0187629628314082 0.0780914713082090 0.0420451471795857 0.0545328255323719 0.0410875743456879 0.0296236495936164 0.0051950364705116 0.0135997026835851
0.0032167911937489306 0.0436203389818749 0.0084392554444394 0.0454455559525753 0.0700275481680281 0.0070784329016730 0.0335425411359421 0.0502308988351642 0.0124618658500536 0.1849694506596178 0.0245099421390095 0.0115971761699823 0.0770985790851531 0.0137223177727979 0.0926184349526163 0.1795887887047566 0.0720119571380424 0.0404673675165425 0.0167113690276281 0.0039634328079387 0.0118947467561645
0.0031882735413220785 0.1163918828132288 0.0107255785585984 0.0130251405253109 0.0224369942756334 0.0051298856978371 0.0191430849285561 0.0093373580958724 0.0140739856902652 0.0195888517445154 0.0186594447695661 0.0067599507707142 0.0140984415838787 0.5486550607424344 0.0202142455595892 0.0154434720051377 0.0783560146562296 0.0348184078203986 0.0273081999120652 0.0010477345994844 0.0047862652506843
0.003171162949865967 0.0185486012088232 0.0110081038777857 0.0070545814477414 0.0085330568651589 0.2650083726253942 0.0081435389335168 0.0454241610071393 0.0160457791481444 0.0090843853014678 0.0363990318585376 0.0093843194184713 0.0124472399700139 0.0061520236293851 0.0112443130323231 0.0138955298341698 0.0189555729203343 0.0136417563768380 0.0188374652997800 0.0180792626370212 0.4521129046079540
0.003168311184623282 0.0684989507883514 0.0144735304345448 0.0472876943851155 0.0302207884723566 0.0091847191003920 0.0404169850262121 0.0247434516554596 0.0166123005466666 0.0376831155014125 0.0222659741423605 0.0119183519780012 0.1784038853765847 0.0130211781606942 0.0306406082131631 0.0300501441988760 0.2505335290634042 0.1374467114576802 0.0233024117734040 0.0024888906852619 0.0108067790400589
0.003148348827924485 0.0149030909983668 0.0115049455958716 0.0016126260859606 0.0025587646714951 0.1682965710676066 0.0030007554169080 0.0044570770022411 0.1111172415249646 0.0037076940757244 0.4649255971546619 0.0727583644227396 0.0034323316157271 0.0046607609990376 0.0052370375855032 0.0046723793428011 0.0105327437431495 0.0137772409105588 0.0692930866555730 0.0040401766693127 0.0255115144617966
0.003134090001711059 0.0650870717145911 0.0113960123103135 0.0034965198118655 0.0064626609371846 0.0352969218869347 0.0113330025590261 0.0045344906439531 0.2379171227611841 0.0054700597726158 0.1701945493983060 0.0494732124090774 0.0058658086764936 0.0041515746082219 0.0056175390119306 0.0060849692291562 0.0216887437586748 0.0419797566499269 0.3015583339394434 0.0023928474458404 0.0099988024752598
0.0030884617578280957 0.0302168549943471 0.0099301632197514 0.0044236112571064 0.0085872760340341 0.1091459526530373 0.0077297741923322 0.0130976787710404 0.1319306693004101 0.0100249750265210 0.3455622561437033 0.0818620418205739 0.0083867844429863 0.0083661398795919 0.0138727211201410 0.0132177578101779 0.0207979776345999 0.0277690706337595 0.1015914387578402 0.0155010996911439 0.0379857566169021
0.00307990646210004 0.0319872818544762 0.0070170433252944 0.0191964056308366 0.0345299722746167 0.0030609712326302 0.0202648273250123 0.0218415663358910 0.0070263975686194 0.3235645800501800 0.0143762960770650 0.0083679567194689 0.0461764725212519 0.0126191279654369 0.0653382581709062 0.2829147506580865 0.0507408437208711 0.0334588587799068 0.0121386556532790 0.0006796112989898 0.0047001228371811
0.002923059373752353 0.0470778125904721 0.0111842820893218 0.0201367694096581 0.0457964541862684 0.0286170434797749 0.0184387781712626 0.0462777204052022 0.0455349031135447 0.1226635527309512 0.0966708353370898 0.0384639337681562 0.0392449650078900 0.0100240246267306 0.0848271430328775 0.1578626132411768 0.0533664043501387 0.0481792408812175 0.0465213134182937 0.0097060862551222 0.0294061239048511
0.0029030970170535564 0.0757686714559281 0.0158971581327992 0.0077702237011492 0.0134927528736597 0.0274416487575781 0.0133503909584309 0.0087403232996166 0.1984114807654423 0.0166192496812850 0.1222326490383836 0.0410694374186846 0.0132690431008602 0.0096963534322489 0.0136544094043688 0.0166447837235288 0.0401861358398198 0.0739008773037125 0.2736963943372943 0.0052974209644433 0.0128605958107662
0.002900245251810871 0.0192425433994374 0.0073329643342521 0.0043708961999597 0.0063525824671730 0.0558089483603593 0.0053741394901443 0.0085625861441220 0.1035479066889321 0.0090936884139451 0.5395691086083747 0.0781072351934641 0.0065381042132832 0.0104715778278842 0.0127067368209186 0.0117748531015890 0.0167802253552783 0.0180428427514175 0.0734141697766463 0.0018171642513969 0.0110917266014221
0.002900245251810871 0.0254873965599861 0.0269807862378830 0.0072057871487214 0.0107450004475245 0.2498107086453522 0.0085699460357806 0.0582738143465499 0.0382343998882332 0.0129082010202343 0.0863375530579603 0.0221140589825403 0.0217496183086192 0.0050558945703499 0.0172315317864643 0.0155219732588625 0.0338825331632292 0.0234708133405849 0.0365415534261980 0.0178217675538299 0.2820566622210963
0.0028945417213255007 0.0794508363769609 0.0185612518505637 0.0191429093608566 0.0154784504654364 0.0049838560576100 0.0265911438691231 0.0086267097710424 0.0109974404375971 0.0208319676213108 0.0127546058028615 0.0078995630038825 0.0487002385371108 0.0099280741798542 0.0162750793783853 0.0155679692766043 0.3789500798571441 0.2797561579272224 0.0198372512677439 0.0010408656552261 0.0046255493034639
0.002885986425597445 0.1573731230124548 0.0220333540274767 0.0135458942580158 0.0192045166630475 0.0266385832711771 0.0312521749731029 0.0133731139191868 0.0709512331096105 0.0213977912819308 0.0717866695868456 0.0311409954434554 0.0269341331906183 0.0256872924380343 0.0199651777993296 0.0206636727108836 0.1448084250376493 0.1461646969685807 0.1184675537264358 0.0048008732869662 0.0138107252951980
0.0028802828951120744 0.0219422257697856 0.0065060813009126 0.0040771524835746 0.0092619087781677 0.0348614048154897 0.0044063030930128 0.0063524730786484 0.1279908309389416 0.0158838237464963 0.4661289772987109 0.1278474063986372 0.0062671021129056 0.0029836095139470 0.0167568188960408 0.0165235126764665 0.0141481236614870 0.0213577649359835 0.0842421179063663 0.0027247968143891 0.0097375657800369
0.0028745793646267038 0.0539466488502329 0.0159396454241584 0.0022106376096283 0.0035174110253523 0.1226971143775665 0.0153865539087188 0.0037777656337966 0.1427032182184853 0.0037665994195999 0.3278658521734593 0.0721683640868083 0.0044014375669597 0.0048578228091195 0.0053668891783799 0.0050530935785245 0.0244513033759498 0.0319947143483629 0.1331371379588833 0.0095562313571201 0.0172015590988936
0.0028318028859864257 0.0334131691412841 0.0057078608490333 0.0059821474989525 0.0103369044451621 0.0160060655112472 0.0052817677169339 0.0045366972422698 0.3336082374723824 0.0088888820978882 0.0922053887053343 0.0265720277548638 0.0063042069577131 0.0047122469581390 0.0075074202334921 0.0074950144503208 0.0141419457357533 0.0326637980469124 0.3778760744378216 0.0009843050088761 0.0057758397356203
0.00282895112074374 0.0765130616228347 0.0117604848275822 0.0240525589734672 0.0502666808802310 0.0323042211761777 0.0207986183239285 0.0210234393513219 0.1049356858989411 0.0382824228671819 0.1628677210824341 0.0625083161419202 0.0263794551667716 0.0160910550809973 0.0468074823394584 0.0350543846860223 0.0623079219172305 0.0670728471944835 0.1156994974816704 0.0058067312700255 0.0194674137173201
0.00282324759025837 0.0463746353214962 0.0112609973267779 0.1205243188612546 0.1939532633330338 0.0092511759859514 0.0310206521468186 0.0468845551930685 0.0157746752117509 0.0938330639632499 0.0272516162537152 0.0124511983032718 0.0751180652175368 0.0068037395340783 0.0980696211713614 0.0602766441634107 0.0647219061509685 0.0432907310396528 0.0237035135213332 0.0016750783994837 0.0177605489017861
0.0028203958250156845 0.0147651640278924 0.0070907502913271 0.0007594230928671 0.0013939490160482 0.0275874981395170 0.0015090873778191 0.0009734777427286 0.3651019818094223 0.0015456120065490 0.2693045363801054 0.0441571959513654 0.0016692402382075 0.0036533211096650 0.0021552049324233 0.0017831012602797 0.0043843112492410 0.0117274289425545 0.2371321976951429 0.0003308009055313 0.0029757178313133
0.002811840529287629 0.0768663302100623 0.0027433478852392 0.0096097309483940 0.0094046580334357 0.0035861392427778 0.7624965720477549 0.0049249911098735 0.0042529378257747 0.0093085015011375 0.0066100798591100 0.0042243436402617 0.0133949797653680 0.0067228424858656 0.0088347394006788 0.0121977879744273 0.0413997600672468 0.0118917444213639 0.0074406900505146 0.0011308607534458 0.0029589627772681
0.002794729937831518 0.0604477446354539 0.0142097408035331 0.0010393924702863 0.0018876023114021 0.0347577880713523 0.0088805357350204 0.0025917685389153 0.2679256207883256 0.0016343532127379 0.1591459693285310 0.0426614143083031 0.0029909676946961 0.0037397918763067 0.0032916730220278 0.0023687905946908 0.0163771572956613 0.0347926542869718 0.3335923665364762 0.0026569967693601 0.0050076717199485
0.0027833228768607767 0.5956112526574764 0.0190951548185853 0.0032016516583880 0.0043487615622256 0.0038392358797932 0.0600084776301784 0.0024481541184834 0.0154228793580511 0.0035245094597109 0.0116238146606492 0.0047791812066595 0.0048340403109465 0.0089659909894106 0.0040400883490326 0.0034605278843148 0.1547868549879728 0.0461573826977170 0.0504178951271201 0.0005659326340958 0.0028682140091886
0.00276336052016198 0.0323525238606342 0.0057752431045262 0.1261973890820516 0.0509605271131403 0.0043672616369813 0.4274609002430231 0.0220246029319622 0.0048630331920557 0.0368550253026164 0.0087306785964539 0.0045253089857754 0.1322510469355415 0.0070331457278396 0.0228232241758028 0.0231669071111211 0.0583419623412956 0.0176409677451598 0.0076676508729778 0.0016851977276288 0.0052774033134127
0.0027405463982204986 0.1229379692612340 0.0126891663637812 0.0543441467281786 0.0655053892830709 0.0074585294697069 0.0528148158706067 0.0244059912454030 0.0194565336543251 0.0580355991986662 0.0281722218218278 0.0151214450165640 0.0849942547654413 0.0254448350135346 0.0581160264006153 0.0397965330315777 0.1859637944234180 0.1032336515718487 0.0332810582399553 0.0005877739616564 0.0076402646785885
0.002731991102492443 0.0810138218420982 0.0125700212997529 0.0449104433829425 0.0665890276980038 0.0109449380852563 0.0415331174055377 0.0433788015653714 0.0178813760103078 0.0874352095911934 0.0371650812853224 0.0120947306598676 0.0569347305171121 0.0966735715897498 0.0782330127964630 0.0857915845467084 0.1177219952768369 0.0632329675926394 0.0280226588801326 0.0037383906464682 0.0141345193282354
0.0027262875720070723 0.2515842370681315 0.0174923780574437 0.0095151400344961 0.0105059773199017 0.0104139042939858 0.4120077983506461 0.0066954079305405 0.0132739289603759 0.0084596480443475 0.0194817442938083 0.0084505100311812 0.0147161524914212 0.0094827014766220 0.0086306132819140 0.0105247934441030 0.1147872120365438 0.0366241588004311 0.0287303488321763 0.0027078050965129 0.0059155401554174
0.0027148805110363316 0.0632514836543631 0.0216217403927977 0.0148254191682731 0.0320165290573518 0.0208375492607863 0.0203000672988494 0.0247138362548237 0.0825489376504240 0.1091650534858350 0.0888832939298415 0.0440870350399558 0.0317897560356470 0.0124911521625745 0.0485514483350179 0.1319349807132697 0.0635884665167259 0.0756406712670753 0.0937441532725607 0.0048308363394566 0.0151775901643710
0.00269776991958022 0.0210581388189272 0.0093829408190512 0.0016158630107781 0.0044440136172036 0.0284671402570866 0.0022729364689680 0.0027695758077908 0.2258897035399668 0.0065592746100522 0.4146218603833248 0.0814982569798784 0.0029712671246071 0.0024890538751529 0.0060194170236751 0.0063956218284154 0.0084014513391803 0.0168932348701126 0.1533462807820510 0.0004522416744973 0.0044517271692809
0.002694918154337535 0.0849133708180533 0.0081066084374960 0.0781153858869248 0.0498638338479369 0.0061006018820653 0.1150413484650852 0.0239720536835139 0.0082637091211609 0.0456606831664042 0.0123699953241814 0.0063396905357671 0.1437311620113186 0.0174127898305487 0.0385027038197075 0.0322835503662003 0.2228276699639425 0.0843148415438057 0.0142734955804951 0.0009521402632659 0.0069543654521265
0.0026863628586094794 0.1046484337944230 0.0062806227240774 0.0383907310224739 0.0568346364317615 0.0044893111394141 0.0360266810426102 0.0211980973517822 0.0100644802869256 0.0524940170962622 0.0224607988133314 0.0059679909221741 0.0408681448473702 0.2934015454177739 0.0560176959699862 0.0368058387749974 0.1306191313605127 0.0571199109867215 0.0208395945542443 0.0008649964868592 0.0046073409762990
0.0026549934409399417 0.0512430003705163 0.0172480632277309 0.0072036409037044 0.0180858919776737 0.0286802052286505 0.0081258403023224 0.0155089526323846 0.1685364731045217 0.0218650284416253 0.2262124428769370 0.0889408956733182 0.0173435496578786 0.0050319079196356 0.0328073364598664 0.0218445338130623 0.0402330724866423 0.0602400612746056 0.1513993732254360 0.0023593890911553 0.0170903413323327
0.0026521416756972566 0.0128069585960320 0.0089634405431593 0.0023427116691287 0.0046176915150945 0.4087964799516851 0.0030580382723482 0.0201688072366387 0.0337090212627147 0.0037137640094099 0.0955958140139471 0.0230679001578999 0.0050127074179227 0.0013617493794626 0.0051046177526635 0.0068082048990625 0.0089820098223957 0.0093078620043644 0.0284093302687562 0.0342004784977069 0.2839724127296072
0.0026492899104545715 0.0732789305879671 0.0049541146175084 0.0797326130542349 0.1565778056331212 0.0030273564969439 0.0314051451828250 0.0244397816194210 0.0165196665635902 0.1283729600359808 0.0273219613546085 0.0161114306204479 0.0795911560761827 0.0031031532989554 0.1033207974723454 0.0747158555703263 0.0842729617995335 0.0611936534005053 0.0254639202249719 0.0016598430830707 0.0049368933074599
0.0026492899104545715 0.1064007484695782 0.0110205415968004 0.0128216381294176 0.0206175605091098 0.0161783698178268 0.0199841660614099 0.0136970665671750 0.0506092534116966 0.0229697522193238 0.0760388702097005 0.0200061664230962 0.0164159817868387 0.3575859013176048 0.0221879124770230 0.0240271201999709 0.0644919353674770 0.0535734151735581 0.0766167757314964 0.0034348497622071 0.0113219747686890
0.002643586379969201 0.0232312923967639 0.0061879219618861 0.0008860581539328 0.0016732373185429 0.0401043423568350 0.0025788576267147 0.0043192362288015 0.2200563358564923 0.0016633703154429 0.4274052068444804 0.0727173994881189 0.0019436306077312 0.0045504570072869 0.0040209283778463 0.0038949472250147 0.0079740018477735 0.0173611884447255 0.1515408438377266 0.0007015493463169 0.0071891947575669
0.002643586379969201 0.1004729979637884 0.0206718374719865 0.0083683264857345 0.0143875520379301 0.0169192535846482 0.0137085485500467 0.0078265549262654 0.1706664957568921 0.0167358497594494 0.0987548800392454 0.0470524179079477 0.0183000414080155 0.0141051760761987 0.0171539277142083 0.0143575492571821 0.0667737447422576 0.1134481302583980 0.2296624108590671 0.0014050321542889 0.0092292730464493
0.0026264757885130895 0.0505309509611131 0.0328726206592677 0.0084695538268890 0.0131491673629805 0.1240441120320464 0.0134346814258690 0.0291559956230188 0.1000063498245463 0.0166668502786909 0.2011922223739354 0.0585492927893300 0.0212790439499795 0.0099736432824133 0.0232297030673796 0.0194604790177739 0.0509561964285260 0.0467421920039652 0.1040832445404532 0.0084280199380249 0.0677756806137972
0.0026264757885130895 0.0111351686036670 0.0026428265728185 0.0006715502761986 0.0010880397901345 0.0121647778179480 0.0010222664101177 0.0008121502882893 0.4523256044265619 0.0013239986315738 0.0982456547192643 0.0170785039336315 0.0011686001506067 0.0031742047499299 0.0012698901398529 0.0013706665198224 0.0026334754953527 0.0080833191234811 0.3793086032026324 0.0015027184482786 0.0029779806998380
0.002617920492785034 0.0201603078228354 0.0022645812594824 0.0018989488868662 0.0037758149601631 0.0249701946578897 0.0029516781131426 0.0031547009890996 0.2951527100888521 0.0045465417550675 0.3285016843526147 0.0599503996286601 0.0030360846261601 0.0036354531201042 0.0054323714527633 0.0065757926012159 0.0073627519726827 0.0159854614758665 0.2053235294656966 0.0023563133946440 0.0029646793761931
0.002606513431814293 0.0220731806566230 0.0099910163114894 0.0021579300122611 0.0030959993787456 0.3227418993383065 0.0042308693419495 0.0179792730004697 0.0901682906728319 0.0041870224723107 0.1951722016482554 0.0417222954536709 0.0042145975846013 0.0043511516474884 0.0051882099843847 0.0060676299331818 0.0152455266459576 0.0175817769502453 0.0766180866445623 0.0189385264103655 0.1382745159122998
0.002603661666571608 0.0383212244748439 0.0139301986102349 0.0017750778286748 0.0048287198556853 0.0155779941803346 0.0035423458920474 0.0025498118769977 0.3205882258299382 0.0042366492909137 0.0999376722782951 0.0291350290988578 0.0036395871578630 0.0064379166376294 0.0053668376656291 0.0044822878202435 0.0133534750753389 0.0341636908406516 0.3912880522194377 0.0003356019070831 0.0065096014593001
0.0026008099013289225 0.0396356965216907 0.0141708427716432 0.0022862576189535 0.0048886426276987 0.0134740899850984 0.0033146415964224 0.0037118309803023 0.3151087145153256 0.0058050796149969 0.1297071934256914 0.0414062137705125 0.0071535413821624 0.0012579063926996 0.0075566697452094 0.0053784110381966 0.0187520796650169 0.0432597432623939 0.3366132034228831 0.0004969455156827 0.0060222961474201
0.002580847544630126 0.0129867710494148 0.0060783795011531 0.0010765047698868 0.0025966400734168 0.0350976496335226 0.0012569679314908 0.0030065814114928 0.2751979964260053 0.0035378156327014 0.3889069852675634 0.0746499301302327 0.0019957467397144 0.0007982495399601 0.0039466061709903 0.0027074408567843 0.0042563913016755 0.0127800157202627 0.1574926977519684 0.0027527854759429 0.0088778446158210
0.002580847544630126 0.0079747616304306 0.0116610616819479 0.0021835657669807 0.0039197102735135 0.3274010331452397 0.0027320430038761 0.0453107073372876 0.0127092465037564 0.0078732345075094 0.0386293547614329 0.0108693554485462 0.0082529002789692 0.0010627036847938 0.0075519469241707 0.0085880342069020 0.0116855441200456 0.0075579705808999 0.0156766338218260 0.0172358900333553 0.4511243022885166
0.002575144014144756 0.0342714997657968 0.0140789160890538 0.0006924389544810 0.0022947475372695 0.0238092664036108 0.0020467555676579 0.0026990823733299 0.3157922273690656 0.0027639612619482 0.1951747685873196 0.0519973184660974 0.0022815739266567 0.0014715761354655 0.0037472653444393 0.0021182818743858 0.0090263976344701 0.0249527699729836 0.3019826429432245 0.0003105776464489 0.0084879321462949
0.002555181657445959 0.0780556813806146 0.0094778677951373 0.0087587040234192 0.0111048432412848 0.0086031382774657 0.0177168198486880 0.0074556407205026 0.0212270708670688 0.0127307244306470 0.0235887643737138 0.0150756482404223 0.0246520463978786 0.0073195296744511 0.0116495835369627 0.0135233998659877 0.2407396338824229 0.4460267792429703 0.0334736982907683 0.0025542758188076 0.0062661500907867
0.002540922831232533 0.0317523974684685 0.0100191687287656 0.0007389317739027 0.0008504626448755 0.0087043659416258 0.0015422749336461 0.0011723963016153 0.3494139294165010 0.0013555439634713 0.0845149045289116 0.0202033377701062 0.0013738500840592 0.0036286954347054 0.0016104703930733 0.0016415270786180 0.0050969587060715 0.0186374359001655 0.4542073440365120 0.0002491449569957 0.0032868599379097
0.002518108709291051 0.0495329217586314 0.0091734312699284 0.0387655310909102 0.0708610487119123 0.0190098344030898 0.0249784873136638 0.1423758949247935 0.0194851575860226 0.0697342039820045 0.0427744558510409 0.0177744813836729 0.0650802884586884 0.0201159766412755 0.1572402579800857 0.0765200275854250 0.0676304537368138 0.0429540706589299 0.0267920703745528 0.0040923396190668 0.0351090666694920
0.002515256944048366 0.0838077953761740 0.0411365203406190 0.0021216310671950 0.0035432501320157 0.0200126393510893 0.0080507449696548 0.0039907946718322 0.1786940707936063 0.0045281750919137 0.1867220589713278 0.0766149178337596 0.0082460577468980 0.0034553776557203 0.0074256909384888 0.0046361818729280 0.0407764857849423 0.0817420277914730 0.2365170961680019 0.0014091955841949 0.0065692878581655
0.0025095534135629954 0.0168409441206243 0.0048054198272669 0.0127054902814148 0.0346371717547679 0.0028627513549212 0.0186552655571161 0.0115458251120494 0.0120264020488474 0.4144284548858921 0.0138483987319495 0.0176385499566318 0.0455973941573941 0.0057382088254533 0.0453868851983956 0.2503851713413058 0.0410779962359489 0.0358408094710855 0.0095774655655374 0.0039101178406335 0.0024912777327646
0.0024838875263788287 0.0122541925901035 0.0079055375427022 0.0010196772494279 0.0013939408118896 0.0543410400952760 0.0019242623525047 0.0017079049344661 0.1058629452601648 0.0017734998653039 0.6060120294597455 0.1047803381732178 0.0016948460495938 0.0010638675802357 0.0045687110197716 0.0034343129721243 0.0067817077234947 0.0101669950344817 0.0631430226665082 0.0047641400209443 0.0054070285980433
0.0024838875263788287 0.4997361487293133 0.0191110459354137 0.0066313667689065 0.0103357568554665 0.0031587791365473 0.1633319653909876 0.0032379647400133 0.0068632509681110 0.0057310644838257 0.0075959774449011 0.0043272450242115 0.0099216082585352 0.0052519779719745 0.0061795019039529 0.0054260518119117 0.1850990071009686 0.0342900222142985 0.0208113852969454 0.0006257305480362 0.0023341494156795
0.0024724804654080875 0.0919292493173641 0.0058653129752460 0.1505246069189717 0.1506527424527641 0.0057375536727674 0.2133418650952641 0.0157806111208498 0.0087943127206636 0.0339243525027066 0.0154023178382854 0.0083514495080071 0.0596187117186097 0.0144236683631272 0.0441313979033860 0.0239406515876757 0.0965787509194103 0.0356987737752213 0.0176309959627178 0.0018113347933729 0.0058613408535891
0.0024610734044373467 0.0485619999551647 0.0011595781871192 0.3040979306354724 0.3530097449971600 0.0010477009336933 0.0259155558956363 0.0100493409460194 0.0028384925837389 0.0367834993475980 0.0065386368839546 0.0033305846368225 0.0481808420911511 0.0138529118470058 0.0519285410645599 0.0125962336526485 0.0454071448289056 0.0247937956240637 0.0085210823377534 0.0002811976991416 0.0011051858523909
0.0024610734044373467 0.0150805868879325 0.0083112552905104 0.0012517627225546 0.0018034196859493 0.0150086587537468 0.0018897034582170 0.0018437738747234 0.2579133637324452 0.0019129617527008 0.3919549247084093 0.1160027613444059 0.0034879048747421 0.0007509900787400 0.0047761303114969 0.0028701563974763 0.0068675324484592 0.0195260627250985 0.1460624549754889 0.0005511320613847 0.0021344639155180
0.002455369873951976 0.0634506863851301 0.0084170307121058 0.0383264372735206 0.0526377374616925 0.0068623703391218 0.3043838642023204 0.0218209275944593 0.0113491269634140 0.1014075111629304 0.0190347865495463 0.0105860490599621 0.0562396242478505 0.0102036973804489 0.0461611901808286 0.1130049836279780 0.0756749814993774 0.0317985735474849 0.0176349991426643 0.0033321113040541 0.0076733113651098
0.002452518108709291 0.0085307719888620 0.0039225095685780 0.0007058971839899 0.0013565742307224 0.0458192570904325 0.0014700368572914 0.0018482975359452 0.1511004343075011 0.0026713306982286 0.6027192643187245 0.0717388928187310 0.0017464586992394 0.0029478799742974 0.0015300984063876 0.0036013606932329 0.0036404874279974 0.0064838945697407 0.0804653665402091 0.0031615130998152 0.0045396739900738
0.0024411110477385502 0.0335640647563964 0.0088441511578002 0.0135439673651659 0.0358995143127517 0.0045602705751709 0.0130193955339210 0.0300026413627161 0.0176711681370851 0.2861091991939885 0.0298145889716402 0.0143475538658921 0.0374030958073489 0.0067210122941474 0.0811349109732778 0.2713519491732322 0.0472373867807325 0.0379647889384900 0.0221998980441269 0.0004655651348428 0.0081448776212733
0.0024354075172531796 0.0367219792882430 0.0088999388772834 0.0004645728148215 0.0005877253295917 0.0492053313024747 0.0052941903528121 0.0007443948334995 0.3071387632495878 0.0017279616859409 0.2353834982964175 0.0468709216358242 0.0011520812151919 0.0031994369828034 0.0015177249426854 0.0011134757936412 0.0075635260761809 0.0207460813184112 0.2652980715008715 0.0032307499475441 0.0031395745561740
0.0024297039867678095 0.0915575931950233 0.0016430886599309 0.0152787172898720 0.0244273489018912 0.0030525783304967 0.0154598060858637 0.0093561515201863 0.0074262452359649 0.0255152659711186 0.0149571385399195 0.0038590785775687 0.0090476833771633 0.6472306768731970 0.0163637117485734 0.0179482590267892 0.0542113488868438 0.0237070717998505 0.0153657050428889 0.0007397780781367 0.0028527528587214
0.0024297039867678095 0.0165458984808146 0.0069936052720035 0.0006542981687041 0.0009882485127753 0.0087907613491442 0.0013970671445678 0.0006826404912797 0.4176853581832204 0.0008225775643535 0.0765506764929182 0.0118422798007768 0.0012717006788765 0.0004156262869801 0.0010071610597254 0.0008509392959225 0.0033694584066531 0.0118538769655894 0.4338821505385921 0.0002095919483775 0.0041860833587254
0.002426852221525124 0.0121294248609178 0.0030689807638901 0.0007767873377723 0.0018400903557198 0.0115063822067982 0.0011210510759738 0.0011612093174767 0.4482465874090653 0.0034525417506676 0.0905476187778218 0.0191762286996365 0.0015441215514501 0.0013908011427023 0.0018648557882816 0.0023872287858799 0.0037507582549868 0.0135485855384699 0.3779599401127305 0.0002220403529048 0.0043047659168542
0.0024182969257970682 0.5177757914924691 0.0400350770756553 0.0023161446722171 0.0050974445390619 0.0028135974369818 0.0492369611943057 0.0028107511059394 0.0087185516757673 0.0051179359176039 0.0100418036606925 0.0040855489648888 0.0084169196791371 0.0023219371984191 0.0067875959553691 0.0052039461984019 0.2327868204303483 0.0593073754666069 0.0346661726627510 0.0004769383360954 0.0019826863372886
0.002415445160554383 0.0329749725818276 0.0087581397106851 0.4289257782837316 0.1164938900352533 0.0024851764144999 0.0615751778475793 0.0147422405724083 0.0048883839946322 0.0233730699239429 0.0064893787186558 0.0028888214014407 0.1478410386604044 0.0026818082479329 0.0207139477425918 0.0149617777422566 0.0741247895276938 0.0232523421721164 0.0077657537916944 0.0007509792939103 0.0043125333367422
