# This script is generated automatically.
# Vector of amino acid stationary distributions.
distributions <- [
              [0.0777551919617716, 0.007055524074566272, 0.07018164024802359, 0.08650264721286051, 0.008356627199342746, 0.05628852318474134, 0.05808452436764301, 0.015115064006144867, 0.0827130652050504, 0.038158819374486834, 0.011923847625876829, 0.09352135325871772, 0.01592290402628593, 0.0801862210301991, 0.07422434702076747, 0.10523357775455816, 0.06966622444346299, 0.03581528099094957, 0.002269979061695502, 0.011024637952855494]
            , [0.06836212397260118, 0.031255390628722485, 0.008272146302780352, 0.014587978348329905, 0.08532300106443554, 0.01387241226638473, 0.03870508726790973, 0.08982326232799338, 0.02420457593711227, 0.13419102309678366, 0.061879626528533654, 0.01860842529140607, 0.009021501795119355, 0.0368229074398517, 0.03854176601590691, 0.05849210484018854, 0.06612892661062926, 0.09974207395857877, 0.030723324373726886, 0.07144234193300551]
            , [0.2886340406108013, 0.059610816337977365, 0.007480464172831881, 0.011231032189608572, 0.009438985831960244, 0.0698947926580117, 0.006240636834108389, 0.038468696797934285, 0.009814763606357142, 0.03973751682731471, 0.01552493756233804, 0.028962953441257076, 0.011772403698779531, 0.011922890975607774, 0.009568305809510014, 0.19448645273427945, 0.10239512391391664, 0.07723335935072777, 0.0017091982484472976, 0.00587262839823071]
            , [0.0448142549395409, 0.0020408335272480206, 0.32632674223638486, 0.2821579867394642, 0.002532194755357214, 0.030982478732000718, 0.018553719813058173, 0.00475311898748439, 0.03894745445824845, 0.007733609946884054, 0.0037665505868188995, 0.07108935272075527, 0.005220768505703444, 0.05178915178519386, 0.022550579047553344, 0.045743620240989456, 0.027412785404706142, 0.009369416200121121, 0.0006796930566733561, 0.003535688315814124]
            , [0.035460500661662654, 0.007670885140226952, 0.0019461810390936079, 0.003414431682084753, 0.10002397550087064, 0.005263022381665707, 0.004204143496908672, 0.13911622396357834, 0.004372816942637128, 0.3997507178783475, 0.09798009250333248, 0.004113359620075496, 0.0033659256358254215, 0.006511230697469052, 0.0053502896787159275, 0.019806341864206548, 0.027767230628986707, 0.10449285407402291, 0.0037373900058230132, 0.02565238660446653]
            , [0.035192412517181824, 0.003774346950219973, 0.008776741694783496, 0.03688970187360213, 0.003497290500439663, 0.012718195738863994, 0.02879628035617406, 0.009257278591795998, 0.30181808862246323, 0.025802843605691277, 0.008737515242741713, 0.03567724975375212, 0.004235488960731402, 0.06384807091593409, 0.3297462180017827, 0.038793444623729655, 0.03271245164228079, 0.013731544008520278, 0.0015240241491987065, 0.004470812250112763]
            , [0.08265682470077726, 0.021342643000897336, 0.001966762378918246, 0.003460590425576698, 0.029564290629126442, 0.009660195562296388, 0.0026333408009740983, 0.23802723279448418, 0.0038333655324528895, 0.11743896196204989, 0.042467056579060566, 0.004195843734995446, 0.0035160790261010463, 0.004216654492922564, 0.003962680298724042, 0.02925850957983616, 0.05849504980741962, 0.3370320414747192, 0.0013875996342720693, 0.004884277584395667]
            , [0.028896889726033433, 0.00491005104316031, 0.0006427750683747149, 0.0010620625622793731, 0.03815247842885319, 0.003048971445660972, 0.0010398830430793855, 0.32038021861179006, 0.0011700590591628732, 0.29080684361042214, 0.05447213544900909, 0.0013794758862697713, 0.001372435680501094, 0.0016603601734878778, 0.0013603539406007931, 0.008423951268749267, 0.018621127437514224, 0.21839056949772342, 0.00099836624177256, 0.003210991825555495]
            , [0.01518198919673907, 0.0062026061067869944, 0.0023191003288594225, 0.0029610211488403826, 0.3856065299927669, 0.003382567231828593, 0.033358977281984635, 0.023350835371506184, 0.003455728118276787, 0.058106177219795066, 0.016456318448184678, 0.005639659678001818, 0.002071774901499909, 0.004474657580201856, 0.004582067812589137, 0.015063572459486925, 0.007478520257497781, 0.022811445110324617, 0.02836948369660107, 0.35912696805822825]
            , [0.019020628785746924, 0.003969517387085482, 0.0006494298320376034, 0.001023657337905093, 0.011141125357263791, 0.0012694234028101912, 0.000792195391386741, 0.4169311000933239, 0.0011315953984579368, 0.07864363502663203, 0.019213527895747946, 0.0012217612687115227, 0.0009619215747991482, 0.0012241498928718694, 0.0011947470246685, 0.0036698181786183684, 0.014168614610161409, 0.4219788307745309, 0.0003681694105308179, 0.0014261513567100207]
            , [0.013399969647881085, 0.0027745325136333287, 0.0007752272430423455, 0.0012414454745423155, 0.04944614041867129, 0.0016042218620378069, 0.001390009398918729, 0.1168911027349926, 0.0014991618288421457, 0.62727690893445, 0.09193044778659769, 0.0014493264257962788, 0.0012823491309843138, 0.002589404638201676, 0.001815145475059889, 0.004364467738623847, 0.010677559617101822, 0.06431927881600742, 0.0010420641018612892, 0.004231236212754278]
            , [0.5631727418963337, 0.023212527989703788, 0.0017327440658432267, 0.002391718848816342, 0.002774374924582283, 0.08866209234909375, 0.0015280595564531585, 0.011283930561376679, 0.00198627106109575, 0.011091097848432669, 0.004352764187414345, 0.004065689234702089, 0.003232569937058294, 0.0026261717430973116, 0.002160072767261273, 0.19869183735378743, 0.043880782110891976, 0.030876245916007714, 0.0005992248622018822, 0.0016790827858465538]
            , [0.10106863286348991, 0.006515363366809042, 0.031546556287091826, 0.02229332916810004, 0.003908011036272456, 0.601602169247351, 0.006324571610632324, 0.005044425552153997, 0.02092369647542349, 0.00840953802845944, 0.004193043176403224, 0.03776692258220723, 0.004709087877380688, 0.01424243447427038, 0.019438290013191847, 0.0710478642260925, 0.021949472460172544, 0.014482960504006404, 0.001282901068514957, 0.003250729981976439]
            , [0.0721110347063026, 0.019477807157501182, 0.016746758277040686, 0.007086610995133031, 0.004265554020009617, 0.028622377577268373, 0.005035876959665332, 0.017526358491308017, 0.009223456213620593, 0.017209847255879804, 0.006913106985706618, 0.04294847361234961, 0.005963976652082803, 0.0076982562736926455, 0.00782459395341196, 0.34895756151924306, 0.34956300910255916, 0.028310407886203627, 0.0010539032263700303, 0.0034610291346510286]
            , [0.0998633393514134, 0.003801202869066656, 0.012437567420731299, 0.024768094703510404, 0.004545739309698845, 0.02351002405957487, 0.007756408176957718, 0.011779692006804534, 0.0232763463056811, 0.027842878998397835, 0.005236413304089128, 0.011490752866316383, 0.5544032596682262, 0.023683767283237605, 0.020019272183733092, 0.07301988677326783, 0.0379549365911015, 0.029499324519492748, 0.0012041801948079478, 0.003906913413890975]
            , [0.029941721108281104, 0.0013655161308553634, 0.00447592080263162, 0.002056346262907369, 0.0008841542375493892, 0.9184024924380465, 0.001055368582764832, 0.0011245032511587461, 0.0015099029011436352, 0.0017429375315700126, 0.0009215500256411328, 0.0056954483953277355, 0.000867862506980247, 0.0013409038740066245, 0.003063457149530001, 0.017477958082759776, 0.004222675641636813, 0.002862084383727804, 0.00031312418972275256, 0.0006760725037584754]
            ]
# The number of clusters.
n_clusters <- 16
# The base file name of this file (for reproducibility).
fn_distributions = "udm_0016_lclr_rb"
