20 A C D E F G H I K L M N P Q R S T V W Y
32
0.1487480750584612 0.0857466887090921 0.0111252257094728 0.0459362986755328 0.0645228784122758 0.0172950807564370 0.0486235141182099 0.0481369152362063 0.0440663218894387 0.0681917716594229 0.0634362927713229 0.0205931674135842 0.0629727815774131 0.0354209883335269 0.0712075878732285 0.0682435364118496 0.0922043052718094 0.0696622098037491 0.0591541145496936 0.0041025304437382 0.0193577903839964
0.06710773969086865 0.0511323732951003 0.0049093536635113 0.0196603983500585 0.0577358785612721 0.0050037191635446 0.0245123689554101 0.0374323382356622 0.0130495576325133 0.2349436052858702 0.0359813280170925 0.0117824300396935 0.0485947611840783 0.0061892856232888 0.0848221822751772 0.2282664409979289 0.0552919303227974 0.0460750775766257 0.0262190437103930 0.0019622667681375 0.0064356603418445
0.06555923116409057 0.1299031077518489 0.0267243816086890 0.0267048432599125 0.0299237980608665 0.0085112881223419 0.0534218925079283 0.0114371454801389 0.0315046760247555 0.0333895380636842 0.0353245366721884 0.0127681160766501 0.0613499698015616 0.0181311759072116 0.0331408960232075 0.0290991312183413 0.2408441445824867 0.1587301053146725 0.0501880626761579 0.0017620583011730 0.0071411325461837
0.06396794615867221 0.0717290969232677 0.0030499016654910 0.1744082041236054 0.2482867107512496 0.0038847011619181 0.0392377541197341 0.0261671913035691 0.0081411140945099 0.0691800610413725 0.0155382017925667 0.0065608528772783 0.0615748294575126 0.0090455162308570 0.0818502142907269 0.0446622451455053 0.0644911499126368 0.0432356620937211 0.0225200868515689 0.0010348248378939 0.0054016813250149
0.04907887982661267 0.0591568663255162 0.0113535020520769 0.0049803497593611 0.0096138474694291 0.0764358699121275 0.0100279243876923 0.0106172213580319 0.1206370855461026 0.0139299770722729 0.2762241482568718 0.0976104113104584 0.0104733197357028 0.0064758103729754 0.0298731734999758 0.0189572593697665 0.0420847809280342 0.0516191880626918 0.1085626089283448 0.0053547092363251 0.0360119464162428
0.04399988592939029 0.0390019307869910 0.0075909791099672 0.0010510100117396 0.0018231749838242 0.0531526072475945 0.0045283257411018 0.0019299759519272 0.2605843882258378 0.0022502954259567 0.2966059489710007 0.0688251893185938 0.0023461228305400 0.0023350797550261 0.0030041378710635 0.0026552413984910 0.0146499154494273 0.0268190085823767 0.2023367780177899 0.0019250407613217 0.0065848495594293
0.042365824445331664 0.0780682573046039 0.0200232835273843 0.0037512997955112 0.0075323174105100 0.0336482203030729 0.0087193002768098 0.0050230420341802 0.2178000657504739 0.0089416796055048 0.1187990511969922 0.0525508427820379 0.0081509741420170 0.0058951316432115 0.0088207944409861 0.0086309650408869 0.0404352553308271 0.0790311988445350 0.2840612203307096 0.0019842422879905 0.0081328579517549
0.03849597901100781 0.4186727866068753 0.0432074872105077 0.0053492061930615 0.0088884975059565 0.0080953468835362 0.0757012679145772 0.0046352928008024 0.0318738100219621 0.0074204788082028 0.0337523236074238 0.0132840039499253 0.0111135975164373 0.0103693912783964 0.0085585515456169 0.0072876050581657 0.1524967921987573 0.0799905981118261 0.0729396885643683 0.0014995421809633 0.0048637320426378
0.03748930588033993 0.0378154935654677 0.0108806855124138 0.0010981924621015 0.0018535315870424 0.0177562979392530 0.0027674304048071 0.0014702611459660 0.3321178047011389 0.0020998757049652 0.0936889030276578 0.0286672921397386 0.0022774416948167 0.0019295612205572 0.0022482833995714 0.0021672975952198 0.0109724667965623 0.0281081828446513 0.4186538653215773 0.0007092227364560 0.0027179102000359
0.03619460446016084 0.0237524709716467 0.0057147303747836 0.0016367783454709 0.0029414032174437 0.0669139464630703 0.0035137509460122 0.0034621088289598 0.1141100790188616 0.0037095053767071 0.5113225801702630 0.1194707353063710 0.0033552932898574 0.0027850296945683 0.0061411298938223 0.0045266625606934 0.0137135484598583 0.0201099950814912 0.0754173773129266 0.0025106768656619 0.0148921978215306
0.03211372839787829 0.0300744103129027 0.0121015933667043 0.0048799079377714 0.0061860588642187 0.2740254068003195 0.0068014440986775 0.0567283959172222 0.0365020652184411 0.0076846165694030 0.0755166712598513 0.0223337991470183 0.0127685763182083 0.0041310491038761 0.0098655080504665 0.0108780879421483 0.0313828294033533 0.0178989115687434 0.0375482001703701 0.0363166751197855 0.3063757928305187
0.028007186448411568 0.0981343945308431 0.0037088308501605 0.0113249902169107 0.0235389794664756 0.0043681564320808 0.0226969468398040 0.0074434981573593 0.0108889345530817 0.0223345623300369 0.0267564814026440 0.0050027339425370 0.0108316630238925 0.5703170453927979 0.0227581523326103 0.0191222580574916 0.0709460320968052 0.0365864522521736 0.0283120464376712 0.0011604826342571 0.0037673590503670
0.026230536702218674 0.0938537293843063 0.0076086437087559 0.0502575881355299 0.0381013269699288 0.0056359205210076 0.4608626562627556 0.0119878497537035 0.0070393016982837 0.0362090770565107 0.0120719946907220 0.0059648278384527 0.0601292416811141 0.0074319084795367 0.0266964741510880 0.0330888770279666 0.0908000212353166 0.0318645323253865 0.0133834623408310 0.0018706997744154 0.0051418669643883
0.02597672959561969 0.0230780812006404 0.0033726401039286 0.0004817122726539 0.0007572250296092 0.0313465676162416 0.0022462293003223 0.0007044090665880 0.3502219105575096 0.0007785725348522 0.2982397753434776 0.0471442736655405 0.0009733426497335 0.0009726927394078 0.0011461631596380 0.0009055706338377 0.0055154209774048 0.0142688590537966 0.2149944297410491 0.0006819151100339 0.0021702092437351
0.02586836251639765 0.0119661156280021 0.0023919338645508 0.0006698577083193 0.0010451743004736 0.0448734437041304 0.0013751079379283 0.0011679612873273 0.1175808789432652 0.0012549197925977 0.6477910061330965 0.0837138130390523 0.0012231407432697 0.0010916579314897 0.0022138505294089 0.0015127953534179 0.0036792915249082 0.0094273215318084 0.0628016929280208 0.0008656021484431 0.0033544349704898
0.02573718131523413 0.0221930719735367 0.0026727039407069 0.0044231189924643 0.0201914758028880 0.0023694249605017 0.0078436050804850 0.0201308693297682 0.0061339847680521 0.3414285787590514 0.0174004056545217 0.0060519941347515 0.0245951393596381 0.0027858630365336 0.0434782314280058 0.4184673440170996 0.0258278271144817 0.0220209907642231 0.0078994145446117 0.0010938566582316 0.0029920996804473
0.023746649175839844 0.0382843632365168 0.0012531695722582 0.2429083926232554 0.4808894351917154 0.0016440278380463 0.0212845433985187 0.0071019904705308 0.0033819609158374 0.0312730509451458 0.0057933224245702 0.0028931819349624 0.0313503766491958 0.0037202076240443 0.0530392762012138 0.0154594427887383 0.0296581432333972 0.0195007000617454 0.0079029476514715 0.0004490497364254 0.0022124175024110
0.02351565619118234 0.0140871295446530 0.0024609648868971 0.0005415054132321 0.0008424708003313 0.0091153571482462 0.0009225906466667 0.0006387754237923 0.4484570284809751 0.0009074413434738 0.0682965597580185 0.0155628653923069 0.0009535766738364 0.0007099474429600 0.0009852060620461 0.0009608589101263 0.0024943041844789 0.0107458448564662 0.4199005034206817 0.0002851508291085 0.0011319187817027
0.021065989847715735 0.0397926523693851 0.0053614539970951 0.1213540323636568 0.0407333391525611 0.0050445409950420 0.0537317797866478 0.0443651974335383 0.0073351384833680 0.0435244203424375 0.0101231118590734 0.0052725050679937 0.3624771811874432 0.0051696522956237 0.0325805921709295 0.0315056685644433 0.1203102265138822 0.0526746717400073 0.0098951949386511 0.0013045823241782 0.0074440584140428
0.02047282267723721 0.0093522685496104 0.0040866236111995 0.0015728279155367 0.0019878986495608 0.3875054500159679 0.0021963143917603 0.0258564217146103 0.0131568377461621 0.0022058478977416 0.0343129998718664 0.0084126532067008 0.0037829814098800 0.0013257799184848 0.0028873066718752 0.0028244903441948 0.0097339995361670 0.0046048843135133 0.0137368806398564 0.0194224159658090 0.4510351176295029
0.01871328352250043 0.2304027128404015 0.0348732970921773 0.0014152753089844 0.0021397872474026 0.0249212022650610 0.0339555406038603 0.0016005927550638 0.1128864879653091 0.0019935767848645 0.0781386276253526 0.0302451808854845 0.0031030466400403 0.0029043016910420 0.0025355394744194 0.0021514992419821 0.0560737637544778 0.0919565166494234 0.2848060958060638 0.0010930211909895 0.0028039341775999
0.01737580562368106 0.0232777413787519 0.0071941408948398 0.0015534713675319 0.0021053851457509 0.4152784978011596 0.0040063228217749 0.0042208578822117 0.0680971362921297 0.0025454232903463 0.2417087708486924 0.0481634243618122 0.0032554959529919 0.0022641564558212 0.0033827882359190 0.0031369641372340 0.0140507030911862 0.0157423044952443 0.0539430412132055 0.0150431709052399 0.0710302034281569
0.01674841727029031 0.6344058085183296 0.0195136143237427 0.0012986739505162 0.0018111255418410 0.0018811152636909 0.0578648945023774 0.0011168791029844 0.0082192295292926 0.0014963671539664 0.0076664099819653 0.0032667076280041 0.0028387506416635 0.0025351985345649 0.0019767710263679 0.0015932657744654 0.1870878881351834 0.0373755944329878 0.0263142452876314 0.0004518356179101 0.0012856250525150
0.01667712313922318 0.2497108325566038 0.0377393459584568 0.0044795238073778 0.0046310230032684 0.0041333543694192 0.0593179261464802 0.0034031614262478 0.0071490705397635 0.0042884622726206 0.0126500729090077 0.0051239217295282 0.0221068603138958 0.0058997324904487 0.0056305208604197 0.0045035431413463 0.4536964132479311 0.0858066604984914 0.0258662489051498 0.0009246718721447 0.0029386539513988
0.015681857069526038 0.0501899493436276 0.0031514738321118 0.0157753818507623 0.0105208278546287 0.0019087362431860 0.8114433386235320 0.0028565955610078 0.0024645770697101 0.0097334565685631 0.0038185393637076 0.0020917588955655 0.0181386806025214 0.0021343482288878 0.0044434424383111 0.0098974864800100 0.0348786622874220 0.0094502924703513 0.0048279495771603 0.0006990661130257 0.0015754365959077
0.015539268807391775 0.0216762372141838 0.0018884194216153 0.6125292184690406 0.0864365531945427 0.0020938411493562 0.0255028168384673 0.0172524909847553 0.0031794404295409 0.0175644637666636 0.0044342118996339 0.0023106574231996 0.1116694890384472 0.0032999400496428 0.0181142134641123 0.0076423011270588 0.0371857579391529 0.0186575923972725 0.0049995434118930 0.0006037968844954 0.0029590148969258
0.015385273484286774 0.0533761238642481 0.0138745888570777 0.0107242173201785 0.0050183255197335 0.0032875337904085 0.0191256653937170 0.0035466950629902 0.0148368224585764 0.0063494589931613 0.0135923347710657 0.0058765239673256 0.0303018752015648 0.0042386700559465 0.0052737390709369 0.0057101043871435 0.3077363887053617 0.4703036151605068 0.0233117432174083 0.0008528074572639 0.0026627667453851
0.011837677522386358 0.0327841487562016 0.0068426312392685 0.0202618868892179 0.0298379066115572 0.0318389639337136 0.0107511792126000 0.3639555261217471 0.0096840006999494 0.0336465284791615 0.0357723078390639 0.0086459075000788 0.0759554403812767 0.0054904529039886 0.1250621568018873 0.0508104147438285 0.0422652805355896 0.0275606785611866 0.0124347363153857 0.0031289622910515 0.0732708901832458
0.010870929105116067 0.3898896373940859 0.0161278516223570 0.0020378472296489 0.0026776300793908 0.0035787383206246 0.3961292986457188 0.0017036094838997 0.0088288818275585 0.0020705073544463 0.0117212889047360 0.0044661875325129 0.0041834515806897 0.0030486057354730 0.0027006294942050 0.0025200872843081 0.1029978778696668 0.0232804662633803 0.0194566840979112 0.0007329293329566 0.0018477899464295
0.00826726743854446 0.0186503141031820 0.0007867516070026 0.0027526653801085 0.0011422334740327 0.0006138374101308 0.9494496159265839 0.0007487672678482 0.0007415279398526 0.0008878478757740 0.0012051758417009 0.0005894578622417 0.0035010684096956 0.0005950935422775 0.0008657521536365 0.0014961314380328 0.0111514964832631 0.0026581805357946 0.0015048828159787 0.0002148532045315 0.0004443467283319
0.004913591513146638 0.0182785317143825 0.0074204549971598 0.0032112905917998 0.0043540128239372 0.0752876937080117 0.0075865785709154 0.0077856139752950 0.0149742198173262 0.0053649136460128 0.0351689785830141 0.0071762612467521 0.0054249362435167 0.0032851759513597 0.0057030486644598 0.0114490184412889 0.0200770126420467 0.0103257399217458 0.0162221185079106 0.6790447631011092 0.0618596368519561
0.0022471910112359553 0.0148918158908660 0.8840741119611617 0.0024082252154481 0.0026860135098427 0.0038427154908499 0.0079940404709994 0.0026637119309728 0.0067478194014923 0.0028962534221415 0.0087336072383637 0.0025606492067957 0.0037297837327616 0.0020313289714328 0.0027897386232612 0.0039225835195446 0.0215596066190582 0.0111941325580727 0.0104630753673254 0.0011291216421922 0.0036816652274174
