# This script is generated automatically.
# Vector of amino acid stationary distributions.
distributions <- [
              [0.03260692955585726, 0.011145016735397214, 0.01659367169949854, 0.03447518545989235, 0.008513153091908292, 0.01718046480836227, 0.03139163971826499, 0.01687644828937145, 0.24981793716251152, 0.030718234068391945, 0.014862722374127372, 0.03683461701164382, 0.009711082492791383, 0.07005770178516804, 0.30779671398507025, 0.044541094758498476, 0.03366817301878038, 0.02041619443311102, 0.0027632187880942583, 0.010029800763259423]
            , [0.06870870149842415, 0.0054757363135582325, 0.12702539327121198, 0.2874915180141349, 0.006076127051871799, 0.027732855022914286, 0.02138079614842722, 0.014306382163896774, 0.07203550741504453, 0.02508834268206555, 0.010982979245121365, 0.043436515144157084, 0.014122081348324982, 0.09692798945143226, 0.043940468671648907, 0.05863653445450692, 0.04252344051480578, 0.025782021294302623, 0.001489837404826561, 0.006836772889324004]
            , [0.050449235616022596, 0.008563154089649968, 0.29033431785701375, 0.13721774931415118, 0.009412848922327188, 0.0459021577198004, 0.025427794257647823, 0.014428168772515551, 0.04237712950478494, 0.021465844131350942, 0.010018460641116337, 0.10134559159815162, 0.014958333840367419, 0.04067678650701448, 0.029157985665934007, 0.0780336165519789, 0.043060709239088855, 0.02247082888945967, 0.0028964924706937137, 0.01180279441093098]
            , [0.015962204808209826, 0.006094486467687919, 0.0017549572852669168, 0.003364063293269916, 0.04480340396558713, 0.0029991442039470875, 0.003580388768022405, 0.14562771107865602, 0.0038737041585359265, 0.5355154097823541, 0.09083747488850573, 0.0031849325824853483, 0.003542561638596584, 0.006318631143640721, 0.00505426471974751, 0.009186220657036956, 0.014335637077412483, 0.09384351440476212, 0.0024168552772151405, 0.007704433799059813]
            , [0.05981474421483034, 0.0068305856469465295, 0.030561045569250656, 0.05858328266953963, 0.008869856988454123, 0.027724692036196846, 0.024846129289441656, 0.02649116921124067, 0.22264978854625123, 0.03771399333001645, 0.020029930149616865, 0.04829245630742594, 0.01767228519814578, 0.06710568295528349, 0.16536943830651307, 0.06924717511747937, 0.0611452971623308, 0.0339899634747882, 0.0033048223840227335, 0.009757661442225495]
            , [0.024709858913016487, 0.00979180681823978, 0.0012213505722943774, 0.002601288104670308, 0.0336494245674612, 0.002917608948926523, 0.0018062513961131733, 0.29347693586593393, 0.0031875950963990494, 0.28972391029495853, 0.06527197593646716, 0.002811624671367795, 0.0020456718682144354, 0.0035208736049021482, 0.0031986733572698907, 0.009008545558377828, 0.022362734139445464, 0.21993434099548945, 0.0026196324270358986, 0.006139896863416547]
            , [0.05092876825376942, 0.011659957777875471, 0.09017874830804148, 0.04944693192947693, 0.013699801215619535, 0.045908044382717755, 0.04413916993387969, 0.019515517183333466, 0.05671569911252079, 0.027187303168421308, 0.013819542744252128, 0.2672617189324507, 0.014734011614409903, 0.039372673680525425, 0.044619640284616596, 0.10799909632887786, 0.05551800837369101, 0.02482646802587894, 0.0038914045845013954, 0.018577494165140176]
            , [0.053187467648536164, 0.004258220444450998, 0.24848280324404184, 0.2514766072426822, 0.00383627071181406, 0.03414617085565535, 0.02359974280650105, 0.007207383256505227, 0.05121012935016944, 0.013823343918148146, 0.005732805063945708, 0.06981372530906485, 0.013355548374457724, 0.06546359010493145, 0.03238174967545088, 0.06451858226622627, 0.03573501956330501, 0.013801398689633163, 0.001576459818308347, 0.0063929816561718285]
            , [0.059582323252234844, 0.01236141746868422, 0.0254296077034347, 0.04354262678237356, 0.01440215514132631, 0.033879403493163734, 0.03624203790557226, 0.02202067716493601, 0.15511169714057818, 0.039861403015765115, 0.016603809081638367, 0.03901647947009803, 0.016590745254595862, 0.06235954614470465, 0.26027389047442556, 0.06467924898055578, 0.04446999095013949, 0.029851787904418083, 0.007717441393324493, 0.016003711278030908]
            , [0.14317826322233196, 0.021989104862642342, 0.027655342716790078, 0.026169847456584655, 0.012916839595546268, 0.05760901395030578, 0.017461770425428028, 0.018911153041918986, 0.026406175365208673, 0.02644324716823225, 0.013377926129537254, 0.05141191619075535, 0.025550607678107046, 0.024877687182006513, 0.02638432057459183, 0.3141039864448713, 0.1186746354756278, 0.03182137189671774, 0.0036422577764360147, 0.011414532846360115]
            , [0.028486029332208413, 0.004513966509802356, 0.509368937229527, 0.12881173034410176, 0.004435939953549688, 0.026344248703511375, 0.016535330886781188, 0.007081465800088395, 0.02321804216391044, 0.010752099086586364, 0.005300296912124178, 0.09672841694272069, 0.011688667863306922, 0.023625972370890078, 0.01702272435861468, 0.045093835110548396, 0.022814039901914204, 0.011058565785672807, 0.001277297226576324, 0.005842393517564434]
            , [0.0714406270826004, 0.010037261250544395, 0.04340574757053771, 0.11467350538924011, 0.013846423929195311, 0.02662416108085089, 0.03783574465135562, 0.028386760768777816, 0.08687828153219826, 0.05753590357373731, 0.02840793994347489, 0.04131957087069437, 0.014566173244069888, 0.167687597038731, 0.07738435024461571, 0.0657620548849537, 0.053612126811661616, 0.04181175700376803, 0.004478236022193877, 0.014305777106799268]
            , [0.052262414354361096, 0.014763923042209692, 0.034796003867625824, 0.03811398909733334, 0.040352219508944694, 0.028151742510898636, 0.23123783839398857, 0.025425718123209956, 0.04482352732782545, 0.0483328367694579, 0.019488250264609385, 0.06492024407104018, 0.01672217997151642, 0.05922020092238386, 0.057567745572922574, 0.06656825302882786, 0.04345632472524491, 0.03343636793033884, 0.008694049662738046, 0.07166617085452277]
            , [0.047898095561123934, 0.0009310165752465093, 0.26117348263281936, 0.36413098903227065, 0.0032512018134021508, 0.022928031081600284, 0.013199189960786084, 0.00816429801892268, 0.03422359218341541, 0.012375031381579174, 0.006592340369857443, 0.04393114317695895, 0.011764574150283251, 0.05962608316059318, 0.017679411608735943, 0.045233154161598656, 0.027764416466740275, 0.014376863486674312, 0.0004246226620142654, 0.004332462515377182]
            , [0.08932223045296617, 0.016458324686510067, 0.02494830926271826, 0.03417673428166404, 0.013222008188204043, 0.024731315191397648, 0.017214021788922933, 0.04150601753315472, 0.04617889021012402, 0.03819030092358276, 0.020086448676006043, 0.04749950210941407, 0.020106895627982055, 0.03063555375789131, 0.0388669718362627, 0.17094364362974016, 0.25397128269892105, 0.05663553903061373, 0.003476667458895294, 0.01182934265502879]
            , [0.10685618476549565, 0.015477720219669694, 0.04634611563785092, 0.0451119198928297, 0.011788285129264546, 0.29052951261038107, 0.02188583647876, 0.017145492149149823, 0.03851945294505123, 0.02586030476400267, 0.012762626866991643, 0.057178969365365026, 0.01713676489626597, 0.03200539378798094, 0.040898964049188434, 0.1267462321911709, 0.0508202139748643, 0.028240401004329795, 0.0038359987700171973, 0.010853610501370455]
            , [0.03222603314912052, 0.005563652225552459, 0.32344513094268673, 0.34750822836790085, 0.004812609135159283, 0.01990602830764838, 0.0143638305343901, 0.008320245713241522, 0.025475625333310863, 0.013043321042053005, 0.006216379551097039, 0.046785442414559904, 0.00579734951981838, 0.04588694217899626, 0.013319067847994265, 0.04287603767793595, 0.022058852214595755, 0.015473203582547314, 0.0004911658015129455, 0.006430854459878693]
            , [0.0337170786422115, 0.00278085831499872, 0.19198831509090078, 0.500326435305528, 0.004308890853395295, 0.01921444525029163, 0.011029419712095836, 0.008114858729695782, 0.030258661841619787, 0.013261395041597162, 0.006312363417530662, 0.026756680511518287, 0.01026487466628865, 0.05140906073020895, 0.01809547473719559, 0.031206176805848033, 0.01972940910857216, 0.014971410960726787, 0.001462589068932834, 0.004791601210843782]
            , [0.15903804629743515, 0.0200368630116063, 0.020645458542368936, 0.01851029570682973, 0.007131739684203715, 0.46738070552442745, 0.009735036437778998, 0.00901210174390977, 0.01396025510205786, 0.013966822105678761, 0.006248652892620062, 0.02971293493475681, 0.00927552362046408, 0.013056964606540777, 0.01401434903499525, 0.12982054993178718, 0.03282267635906794, 0.017480079295374183, 0.001746178439527704, 0.006404766728569345]
            , [0.028597066893122254, 0.012703416930071843, 0.0038250691476256846, 0.007191451724468713, 0.04644217882004669, 0.004614715608136242, 0.007298187133607513, 0.2526499644345672, 0.00989222099018357, 0.28019768012994106, 0.06989161279791022, 0.00759262587542108, 0.004491198716302191, 0.008924538509340493, 0.010203659766241569, 0.01668901543390427, 0.029407703879326987, 0.18015284294687256, 0.003403313511128685, 0.01583153675178106]
            , [0.3935277085676429, 0.03065711339638763, 0.009368056386678059, 0.013279913218951734, 0.005773719530353234, 0.05251648661848916, 0.00679076776752252, 0.010956236072516369, 0.01170197561113171, 0.014804556277793568, 0.007835293427189272, 0.016053232345272436, 0.011366625529098937, 0.01210177776548564, 0.011383744250476982, 0.2794137463985956, 0.07351518549834976, 0.03291996794851356, 0.0012976212300478817, 0.004736272159503136]
            , [0.06189586619883553, 0.004886200641934831, 0.05602950121000663, 0.12263927348329674, 0.0058204026436304195, 0.023418279995242826, 0.029898916487182018, 0.015274924647166009, 0.1759270030676106, 0.028153470449077782, 0.013659262858139124, 0.058491480101949954, 0.014799475474775177, 0.11004388973627889, 0.12566249816372604, 0.07028382760835249, 0.0501921041544444, 0.023159671805905873, 0.0009219814239224719, 0.008841969848522015]
            , [0.026646364586898726, 0.010540164942043675, 0.007514813079764969, 0.009225936148314472, 0.33418565379279686, 0.008919270419953341, 0.022926109787120515, 0.057656132381187795, 0.011362351200776808, 0.14152125960719436, 0.034268576176055894, 0.012815429339547527, 0.006581536061648722, 0.012545784946255259, 0.01403888749597518, 0.02524040538504679, 0.02158162794663915, 0.053363723634245595, 0.014128010578362105, 0.174937962490172]
            , [0.06615319290564126, 0.007186353547954814, 0.041194114627749245, 0.02604532917190303, 0.006207348677466992, 0.6056287749971238, 0.011208004624527092, 0.00685550632692851, 0.0233513968603729, 0.010905506534387877, 0.005733378092008043, 0.05168048025353599, 0.0069041632218747135, 0.016397922830314635, 0.01680176789763248, 0.060329478731040456, 0.019255113969271903, 0.011019732863924816, 0.0016334962761818507, 0.005508937590159639]
            , [0.021249693764450992, 0.007670603801568889, 0.0018072009128135467, 0.0029270328662050044, 0.018241239043401435, 0.0028588861345289476, 0.0027420612985131127, 0.38471874749159213, 0.0037753898355089802, 0.13448592465905465, 0.03290408468449886, 0.004040606890068864, 0.0044025972975365955, 0.004097066974039176, 0.0033247595458539714, 0.009289558250555314, 0.022639832576649834, 0.3328221102964751, 0.0014188350062481912, 0.00458376867043629]
            , [0.11509301082891465, 0.011330024810686339, 0.06658958823098836, 0.09518320324996325, 0.009896385574917354, 0.05545674301169877, 0.027957486389888226, 0.018474147173215386, 0.06537882866193911, 0.031930507676089494, 0.015097599825017453, 0.06675931048549207, 0.01774833815846677, 0.07156494706082264, 0.052703842753915604, 0.14913002807124193, 0.08378096622786892, 0.031261258742352346, 0.00354931860734494, 0.011114464459176392]
            , [0.07961958213123695, 0.004392139404402212, 0.14605785914510414, 0.21942038919584744, 0.002752984450186841, 0.03383968350280051, 0.020312584819477182, 0.010639243593706785, 0.08388463772726472, 0.017337921475651708, 0.009349135755156395, 0.07032127775263813, 0.012521854407641326, 0.08559506187165745, 0.04342471450061576, 0.0842844662849585, 0.051984513914745324, 0.019702881208184055, 0.0002893152395485536, 0.004269753619175968]
            , [0.041173197901899224, 0.009129209968432722, 0.009631224187932151, 0.01647401834678371, 0.0549648101573001, 0.011901538708423497, 0.016072692398660503, 0.11571602615784336, 0.022243078922825375, 0.31772561792864273, 0.1007749600812358, 0.016296602807303176, 0.012846679012317662, 0.02762982226886538, 0.025023386095474585, 0.0375733069217333, 0.04099326223753707, 0.09789763887698825, 0.006660032522236641, 0.019272894497564513]
            , [0.0220533699596485, 0.003871581964735284, 0.008449607772194152, 0.01890740462007234, 0.005258310784231418, 0.014220665047254659, 0.02232579018627293, 0.009522934367321748, 0.2796540407380677, 0.018698596108586745, 0.010432378085425267, 0.022417472629737322, 0.008873275526809216, 0.04809970191412503, 0.4329777706593798, 0.028743969390546752, 0.020828554292264496, 0.012430316598413597, 0.0037277943214537716, 0.008506465033459048]
            , [0.0955252404122556, 0.011280583281386564, 0.027678932376218424, 0.03827419656025091, 0.016055050035716074, 0.027850926637228463, 0.025928735114391768, 0.025225161269429558, 0.04223290011291322, 0.04800006987728663, 0.01593920565929693, 0.033659069766079554, 0.28035855306658, 0.044408538209472215, 0.04055873904278214, 0.10767420317105054, 0.06133778013148682, 0.03830393548991638, 0.003863804075145489, 0.015844375711112448]
            , [0.38150860161913774, 0.04289942354149941, 0.006060641725719352, 0.009897947424422082, 0.011148408942187445, 0.057875951059421296, 0.006648808615638202, 0.03974445955675196, 0.008904573290935114, 0.035655151959444395, 0.01622518189271944, 0.01216165677042396, 0.007917197631046815, 0.009953905981400096, 0.009794492891472767, 0.14700140798039202, 0.08570555291007721, 0.10238617600820678, 0.002128196662965635, 0.0063822635361384045]
            , [0.3756507802186318, 0.022594345185488567, 0.018020532174985514, 0.02565205102245421, 0.011044651259912806, 0.07364911816083537, 0.012196065531557866, 0.02511678073064127, 0.020753985575110562, 0.03035416617407086, 0.014966445657338455, 0.021294584984501194, 0.021459574310292287, 0.019503802142335325, 0.020633163717687822, 0.14982132757322134, 0.06530023686898263, 0.06051605053770241, 0.0028593957477564165, 0.00861294242649329]
            , [0.04325021110425113, 0.004851100893507099, 0.029838853923780058, 0.07646015447483834, 0.004131687831265322, 0.018894408714242496, 0.024539787374299137, 0.014196528952398394, 0.27226922365134393, 0.02177501992325985, 0.012906803833345519, 0.04886977183287985, 0.00446092297968017, 0.09859335116332603, 0.2002203233949697, 0.055539631072476524, 0.04385188264876468, 0.01734961865986657, 0.0019896983029688894, 0.006011019268536535]
            , [0.06487069787554885, 0.007070033716344415, 0.12193740727553935, 0.3016791908240004, 0.010053686735317511, 0.02682990561659033, 0.024613491838711695, 0.018016991017329495, 0.06019222509254735, 0.029359707362677904, 0.013883112873168471, 0.038555179827248535, 0.01876296283140823, 0.07809147130820904, 0.04204514717958569, 0.05453282553237193, 0.04108757434568788, 0.029623649593616398, 0.005195036470511553, 0.013599702683585138]
            , [0.043620338981874854, 0.008439255444439353, 0.04544555595257534, 0.07002754816802807, 0.007078432901673015, 0.033542541135942086, 0.05023089883516419, 0.012461865850053575, 0.18496945065961778, 0.024509942139009495, 0.01159717616998232, 0.07709857908515313, 0.013722317772797872, 0.09261843495261635, 0.17958878870475664, 0.0720119571380424, 0.04046736751654249, 0.016711369027628098, 0.003963432807938739, 0.011894746756164509]
            , [0.11639188281322876, 0.010725578558598372, 0.013025140525310905, 0.022436994275633407, 0.005129885697837141, 0.01914308492855614, 0.009337358095872359, 0.014073985690265179, 0.01958885174451537, 0.018659444769566054, 0.006759950770714165, 0.014098441583878709, 0.5486550607424344, 0.02021424555958924, 0.015443472005137692, 0.07835601465622957, 0.03481840782039864, 0.027308199912065196, 0.0010477345994843502, 0.00478626525068432]
            , [0.018548601208823217, 0.01100810387778566, 0.007054581447741426, 0.008533056865158902, 0.26500837262539423, 0.008143538933516822, 0.04542416100713928, 0.016045779148144406, 0.009084385301467792, 0.03639903185853761, 0.009384319418471324, 0.012447239970013903, 0.006152023629385106, 0.011244313032323096, 0.013895529834169779, 0.018955572920334306, 0.013641756376838031, 0.018837465299780018, 0.018079262637021202, 0.452112904607954]
            , [0.06849895078835139, 0.0144735304345448, 0.04728769438511554, 0.030220788472356614, 0.009184719100392024, 0.040416985026212125, 0.02474345165545964, 0.016612300546666594, 0.03768311550141252, 0.022265974142360534, 0.011918351978001212, 0.1784038853765847, 0.013021178160694164, 0.030640608213163136, 0.030050144198876028, 0.2505335290634042, 0.13744671145768023, 0.023302411773404048, 0.002488890685261875, 0.01080677904005895]
            , [0.014903090998366763, 0.011504945595871589, 0.0016126260859605983, 0.002558764671495118, 0.16829657106760657, 0.003000755416907967, 0.004457077002241149, 0.11111724152496462, 0.0037076940757243835, 0.4649255971546619, 0.07275836442273961, 0.0034323316157271314, 0.004660760999037619, 0.005237037585503175, 0.00467237934280111, 0.010532743743149452, 0.013777240910558836, 0.06929308665557296, 0.004040176669312654, 0.02551151446179665]
            , [0.0650870717145911, 0.011396012310313513, 0.003496519811865536, 0.006462660937184555, 0.03529692188693473, 0.011333002559026112, 0.004534490643953128, 0.23791712276118412, 0.005470059772615773, 0.17019454939830603, 0.04947321240907739, 0.0058658086764935705, 0.004151574608221896, 0.005617539011930641, 0.006084969229156244, 0.02168874375867482, 0.041979756649926876, 0.3015583339394434, 0.0023928474458404262, 0.009998802475259812]
            , [0.03021685499434713, 0.009930163219751436, 0.004423611257106366, 0.008587276034034069, 0.1091459526530373, 0.0077297741923322335, 0.013097678771040448, 0.1319306693004101, 0.010024975026521027, 0.3455622561437033, 0.08186204182057387, 0.008386784442986284, 0.008366139879591897, 0.013872721120141004, 0.013217757810177946, 0.020797977634599927, 0.027769070633759496, 0.10159143875784023, 0.015501099691143931, 0.03798575661690213]
            , [0.031987281854476204, 0.007017043325294404, 0.019196405630836553, 0.03452997227461674, 0.003060971232630239, 0.020264827325012294, 0.02184156633589098, 0.007026397568619388, 0.32356458005018, 0.014376296077064973, 0.008367956719468873, 0.046176472521251906, 0.012619127965436882, 0.06533825817090624, 0.2829147506580865, 0.05074084372087106, 0.03345885877990683, 0.012138655653279037, 0.0006796112989897586, 0.004700122837181093]
            , [0.04707781259047206, 0.011184282089321788, 0.020136769409658088, 0.0457964541862684, 0.02861704347977494, 0.01843877817126264, 0.04627772040520219, 0.04553490311354474, 0.1226635527309512, 0.09667083533708984, 0.038463933768156204, 0.03924496500788995, 0.010024024626730606, 0.08482714303287749, 0.15786261324117679, 0.05336640435013866, 0.04817924088121752, 0.04652131341829371, 0.009706086255122152, 0.029406123904851124]
            , [0.07576867145592807, 0.01589715813279915, 0.007770223701149223, 0.01349275287365967, 0.02744164875757808, 0.013350390958430927, 0.008740323299616626, 0.19841148076544232, 0.016619249681285038, 0.12223264903838357, 0.04106943741868455, 0.013269043100860191, 0.0096963534322489, 0.013654409404368826, 0.016644783723528764, 0.040186135839819774, 0.0739008773037125, 0.2736963943372943, 0.005297420964443349, 0.012860595810766177]
            , [0.019242543399437394, 0.007332964334252077, 0.004370896199959728, 0.006352582467172985, 0.055808948360359295, 0.005374139490144275, 0.008562586144121954, 0.1035479066889321, 0.009093688413945058, 0.5395691086083747, 0.07810723519346412, 0.0065381042132832395, 0.010471577827884231, 0.012706736820918626, 0.011774853101588965, 0.01678022535527829, 0.018042842751417456, 0.07341416977664633, 0.0018171642513969462, 0.011091726601422124]
            , [0.02548739655998606, 0.02698078623788304, 0.0072057871487214, 0.01074500044752453, 0.24981070864535218, 0.008569946035780556, 0.0582738143465499, 0.03823439988823324, 0.012908201020234343, 0.0863375530579603, 0.022114058982540343, 0.02174961830861916, 0.0050558945703498975, 0.017231531786464336, 0.015521973258862462, 0.03388253316322921, 0.023470813340584894, 0.03654155342619802, 0.01782176755382992, 0.28205666222109627]
            , [0.07945083637696086, 0.018561251850563662, 0.01914290936085661, 0.015478450465436425, 0.004983856057610021, 0.02659114386912308, 0.008626709771042422, 0.010997440437597077, 0.020831967621310767, 0.012754605802861516, 0.00789956300388246, 0.04870023853711082, 0.009928074179854203, 0.016275079378385314, 0.015567969276604268, 0.37895007985714413, 0.2797561579272224, 0.01983725126774387, 0.0010408656552261253, 0.004625549303463895]
            , [0.15737312301245485, 0.022033354027476658, 0.013545894258015825, 0.019204516663047493, 0.026638583271177085, 0.0312521749731029, 0.013373113919186826, 0.07095123310961053, 0.021397791281930843, 0.07178666958684557, 0.03114099544345536, 0.026934133190618326, 0.02568729243803427, 0.019965177799329607, 0.02066367271088358, 0.14480842503764932, 0.14616469696858073, 0.11846755372643578, 0.004800873286966224, 0.01381072529519799]
            , [0.0219422257697856, 0.006506081300912634, 0.004077152483574592, 0.009261908778167679, 0.03486140481548966, 0.004406303093012798, 0.0063524730786484246, 0.1279908309389416, 0.015883823746496318, 0.46612897729871094, 0.12784740639863718, 0.006267102112905602, 0.002983609513946974, 0.016756818896040762, 0.016523512676466515, 0.01414812366148703, 0.021357764935983452, 0.08424211790636625, 0.002724796814389132, 0.009737565780036931]
            , [0.053946648850232884, 0.01593964542415843, 0.0022106376096283262, 0.003517411025352322, 0.1226971143775665, 0.01538655390871882, 0.0037777656337966052, 0.14270321821848533, 0.003766599419599938, 0.3278658521734593, 0.07216836408680832, 0.004401437566959749, 0.004857822809119486, 0.0053668891783798635, 0.005053093578524487, 0.024451303375949807, 0.031994714348362874, 0.13313713795888327, 0.00955623135712015, 0.017201559098893645]
            , [0.033413169141284144, 0.005707860849033302, 0.005982147498952477, 0.010336904445162056, 0.016006065511247163, 0.005281767716933949, 0.004536697242269788, 0.3336082374723824, 0.008888882097888198, 0.09220538870533429, 0.02657202775486383, 0.006304206957713104, 0.004712246958138974, 0.007507420233492052, 0.0074950144503208435, 0.014141945735753288, 0.0326637980469124, 0.3778760744378216, 0.000984305008876087, 0.005775839735620314]
            , [0.07651306162283474, 0.011760484827582225, 0.024052558973467152, 0.05026668088023098, 0.03230422117617768, 0.02079861832392845, 0.021023439351321862, 0.10493568589894113, 0.038282422867181885, 0.16286772108243408, 0.0625083161419202, 0.026379455166771634, 0.016091055080997282, 0.0468074823394584, 0.035054384686022254, 0.06230792191723046, 0.06707284719448352, 0.11569949748167037, 0.005806731270025529, 0.01946741371732013]
            , [0.046374635321496216, 0.011260997326777936, 0.12052431886125456, 0.19395326333303384, 0.009251175985951406, 0.031020652146818588, 0.04688455519306846, 0.0157746752117509, 0.09383306396324986, 0.027251616253715184, 0.012451198303271818, 0.07511806521753685, 0.006803739534078252, 0.09806962117136137, 0.06027664416341067, 0.06472190615096853, 0.04329073103965282, 0.023703513521333163, 0.0016750783994837152, 0.017760548901786095]
            , [0.01476516402789241, 0.007090750291327058, 0.000759423092867068, 0.0013939490160482372, 0.027587498139516994, 0.0015090873778190956, 0.000973477742728621, 0.36510198180942227, 0.0015456120065489506, 0.2693045363801054, 0.04415719595136543, 0.0016692402382074707, 0.003653321109665025, 0.0021552049324233395, 0.0017831012602797056, 0.004384311249241004, 0.011727428942554463, 0.23713219769514293, 0.00033080090553125666, 0.0029757178313132584]
            , [0.0768663302100623, 0.002743347885239235, 0.009609730948393977, 0.009404658033435695, 0.0035861392427778225, 0.7624965720477549, 0.00492499110987352, 0.004252937825774663, 0.00930850150113748, 0.006610079859110013, 0.00422434364026168, 0.013394979765367966, 0.006722842485865558, 0.008834739400678833, 0.012197787974427278, 0.04139976006724682, 0.011891744421363938, 0.007440690050514642, 0.0011308607534458023, 0.0029589627772681295]
            , [0.060447744635453854, 0.014209740803533101, 0.0010393924702863317, 0.0018876023114020556, 0.03475778807135227, 0.0088805357350204, 0.0025917685389152696, 0.2679256207883256, 0.001634353212737887, 0.15914596932853103, 0.04266141430830314, 0.002990967694696053, 0.0037397918763066758, 0.00329167302202779, 0.0023687905946907914, 0.01637715729566134, 0.034792654286971765, 0.33359236653647617, 0.002656996769360061, 0.005007671719948467]
            , [0.5956112526574764, 0.019095154818585314, 0.0032016516583880206, 0.004348761562225566, 0.003839235879793222, 0.06000847763017842, 0.0024481541184834307, 0.015422879358051101, 0.0035245094597108582, 0.011623814660649226, 0.004779181206659484, 0.004834040310946451, 0.00896599098941055, 0.0040400883490325735, 0.0034605278843147596, 0.15478685498797284, 0.04615738269771701, 0.05041789512712007, 0.0005659326340958159, 0.00286821400918864]
            , [0.032352523860634155, 0.005775243104526232, 0.12619738908205158, 0.05096052711314025, 0.004367261636981348, 0.42746090024302313, 0.022024602931962213, 0.0048630331920557325, 0.03685502530261639, 0.00873067859645393, 0.004525308985775354, 0.13225104693554146, 0.007033145727839595, 0.02282322417580282, 0.02316690711112107, 0.05834196234129565, 0.017640967745159795, 0.007667650872977775, 0.0016851977276287904, 0.005277403313412736]
            , [0.12293796926123396, 0.012689166363781207, 0.05434414672817863, 0.06550538928307086, 0.007458529469706908, 0.05281481587060671, 0.02440599124540301, 0.019456533654325057, 0.0580355991986662, 0.028172221821827798, 0.015121445016563966, 0.08499425476544127, 0.025444835013534613, 0.058116026400615306, 0.03979653303157771, 0.18596379442341804, 0.10323365157184866, 0.03328105823995526, 0.0005877739616564465, 0.0076402646785884805]
            , [0.08101382184209822, 0.01257002129975288, 0.04491044338294248, 0.06658902769800384, 0.010944938085256322, 0.04153311740553774, 0.043378801565371446, 0.017881376010307752, 0.08743520959119336, 0.037165081285322414, 0.012094730659867627, 0.05693473051711211, 0.09667357158974978, 0.07823301279646301, 0.08579158454670845, 0.1177219952768369, 0.0632329675926394, 0.028022658880132643, 0.003738390646468218, 0.01413451932823545]
            , [0.25158423706813154, 0.017492378057443726, 0.009515140034496087, 0.010505977319901681, 0.010413904293985815, 0.4120077983506461, 0.006695407930540465, 0.01327392896037594, 0.008459648044347515, 0.019481744293808313, 0.008450510031181182, 0.014716152491421235, 0.009482701476621981, 0.008630613281914026, 0.01052479344410296, 0.11478721203654384, 0.036624158800431086, 0.028730348832176254, 0.0027078050965129406, 0.005915540155417398]
            , [0.06325148365436313, 0.0216217403927977, 0.01482541916827314, 0.032016529057351834, 0.02083754926078625, 0.020300067298849422, 0.024713836254823686, 0.08254893765042401, 0.10916505348583502, 0.08888329392984154, 0.04408703503995578, 0.03178975603564696, 0.012491152162574452, 0.04855144833501793, 0.13193498071326967, 0.06358846651672588, 0.0756406712670753, 0.09374415327256069, 0.00483083633945656, 0.015177590164371046]
            , [0.0210581388189272, 0.009382940819051229, 0.0016158630107781084, 0.004444013617203596, 0.028467140257086593, 0.0022729364689680373, 0.0027695758077908336, 0.22588970353996685, 0.006559274610052197, 0.41462186038332477, 0.08149825697987836, 0.002971267124607139, 0.0024890538751528553, 0.0060194170236750714, 0.006395621828415382, 0.008401451339180313, 0.016893234870112576, 0.15334628078205098, 0.0004522416744972696, 0.004451727169280905]
            , [0.0849133708180533, 0.00810660843749597, 0.07811538588692478, 0.04986383384793691, 0.006100601882065322, 0.11504134846508524, 0.02397205368351391, 0.008263709121160943, 0.04566068316640417, 0.01236999532418144, 0.0063396905357671314, 0.14373116201131864, 0.017412789830548718, 0.038502703819707516, 0.03228355036620028, 0.2228276699639425, 0.08431484154380567, 0.01427349558049506, 0.0009521402632659107, 0.006954365452126518]
            , [0.10464843379442303, 0.0062806227240774296, 0.03839073102247392, 0.05683463643176153, 0.0044893111394141315, 0.036026681042610184, 0.021198097351782214, 0.010064480286925559, 0.05249401709626219, 0.022460798813331413, 0.005967990922174145, 0.040868144847370155, 0.29340154541777386, 0.05601769596998617, 0.0368058387749974, 0.13061913136051267, 0.05711991098672153, 0.02083959455424426, 0.0008649964868592273, 0.0046073409762990266]
            , [0.051243000370516274, 0.017248063227730922, 0.007203640903704447, 0.018085891977673747, 0.02868020522865052, 0.008125840302322447, 0.01550895263238456, 0.1685364731045217, 0.0218650284416253, 0.226212442876937, 0.08894089567331824, 0.01734354965787856, 0.005031907919635583, 0.03280733645986635, 0.021844533813062308, 0.04023307248664229, 0.060240061274605614, 0.15139937322543603, 0.0023593890911553102, 0.017090341332332712]
            , [0.012806958596032014, 0.008963440543159326, 0.002342711669128656, 0.0046176915150945175, 0.4087964799516851, 0.003058038272348162, 0.020168807236638688, 0.03370902126271472, 0.0037137640094098705, 0.09559581401394714, 0.02306790015789991, 0.005012707417922749, 0.0013617493794625963, 0.005104617752663526, 0.006808204899062453, 0.008982009822395692, 0.009307862004364375, 0.02840933026875616, 0.03420047849770693, 0.2839724127296072]
            , [0.07327893058796713, 0.00495411461750841, 0.07973261305423486, 0.15657780563312118, 0.003027356496943879, 0.03140514518282497, 0.024439781619421033, 0.01651966656359022, 0.12837296003598078, 0.027321961354608463, 0.0161114306204479, 0.07959115607618271, 0.003103153298955398, 0.1033207974723454, 0.0747158555703263, 0.08427296179953349, 0.06119365340050528, 0.02546392022497192, 0.0016598430830706676, 0.004936893307459895]
            , [0.10640074846957823, 0.01102054159680045, 0.012821638129417603, 0.020617560509109806, 0.01617836981782684, 0.019984166061409916, 0.013697066567174994, 0.05060925341169659, 0.02296975221932379, 0.07603887020970054, 0.020006166423096175, 0.016415981786838705, 0.35758590131760476, 0.022187912477023026, 0.02402712019997085, 0.06449193536747705, 0.053573415173558146, 0.07661677573149638, 0.003434849762207111, 0.011321974768688991]
            , [0.02323129239676392, 0.006187921961886092, 0.0008860581539327549, 0.0016732373185428576, 0.04010434235683503, 0.0025788576267146636, 0.004319236228801512, 0.22005633585649234, 0.0016633703154429172, 0.42740520684448036, 0.07271739948811888, 0.0019436306077312323, 0.004550457007286871, 0.004020928377846288, 0.003894947225014688, 0.007974001847773481, 0.017361188444725464, 0.15154084383772662, 0.0007015493463169421, 0.007189194757566917]
            , [0.10047299796378843, 0.02067183747198654, 0.00836832648573447, 0.014387552037930053, 0.016919253584648204, 0.01370854855004667, 0.007826554926265428, 0.1706664957568921, 0.016735849759449424, 0.09875488003924536, 0.04705241790794771, 0.018300041408015527, 0.014105176076198675, 0.017153927714208265, 0.014357549257182111, 0.06677374474225763, 0.11344813025839803, 0.22966241085906713, 0.0014050321542889445, 0.00922927304644928]
            , [0.05053095096111306, 0.03287262065926774, 0.008469553826888953, 0.013149167362980524, 0.12404411203204642, 0.013434681425869004, 0.029155995623018773, 0.10000634982454633, 0.016666850278690887, 0.20119222237393536, 0.05854929278933005, 0.02127904394997946, 0.009973643282413304, 0.023229703067379613, 0.01946047901777389, 0.05095619642852602, 0.046742192003965205, 0.10408324454045316, 0.00842801993802489, 0.06777568061379723]
            , [0.011135168603666977, 0.0026428265728184923, 0.0006715502761986077, 0.0010880397901344991, 0.012164777817948044, 0.0010222664101176813, 0.000812150288289278, 0.45232560442656194, 0.001323998631573801, 0.09824565471926426, 0.017078503933631545, 0.0011686001506066943, 0.0031742047499299366, 0.0012698901398528527, 0.0013706665198224466, 0.0026334754953527364, 0.008083319123481114, 0.3793086032026324, 0.0015027184482785585, 0.002977980699837993]
            , [0.020160307822835444, 0.002264581259482363, 0.0018989488868662245, 0.0037758149601630556, 0.024970194657889654, 0.0029516781131425965, 0.003154700989099614, 0.2951527100888521, 0.004546541755067479, 0.32850168435261473, 0.059950399628660056, 0.0030360846261601343, 0.0036354531201042467, 0.005432371452763314, 0.006575792601215943, 0.00736275197268268, 0.015985461475866547, 0.20532352946569657, 0.0023563133946440224, 0.0029646793761931366]
            , [0.02207318065662302, 0.0099910163114894, 0.002157930012261092, 0.003095999378745612, 0.3227418993383065, 0.0042308693419494505, 0.01797927300046968, 0.09016829067283189, 0.004187022472310651, 0.1951722016482554, 0.04172229545367086, 0.004214597584601281, 0.004351151647488368, 0.005188209984384706, 0.006067629933181769, 0.01524552664595761, 0.01758177695024533, 0.07661808664456234, 0.018938526410365527, 0.13827451591229978]
            , [0.03832122447484392, 0.013930198610234881, 0.0017750778286748272, 0.004828719855685344, 0.015577994180334603, 0.0035423458920474365, 0.0025498118769976684, 0.3205882258299382, 0.004236649290913681, 0.09993767227829511, 0.02913502909885778, 0.003639587157863031, 0.0064379166376294095, 0.005366837665629084, 0.004482287820243538, 0.01335347507533888, 0.03416369084065155, 0.39128805221943774, 0.0003356019070830695, 0.006509601459300148]
            , [0.03963569652169066, 0.014170842771643165, 0.0022862576189535185, 0.004888642627698669, 0.013474089985098386, 0.0033146415964224107, 0.003711830980302275, 0.3151087145153256, 0.005805079614996854, 0.1297071934256914, 0.041406213770512464, 0.0071535413821624105, 0.0012579063926995695, 0.00755666974520935, 0.005378411038196595, 0.018752079665016894, 0.043259743262393936, 0.33661320342288314, 0.0004969455156826866, 0.006022296147420057]
            , [0.012986771049414758, 0.006078379501153084, 0.001076504769886809, 0.002596640073416771, 0.035097649633522576, 0.001256967931490788, 0.003006581411492817, 0.27519799642600534, 0.0035378156327013975, 0.3889069852675634, 0.07464993013023273, 0.0019957467397144217, 0.0007982495399600981, 0.003946606170990308, 0.00270744085678434, 0.0042563913016755335, 0.012780015720262676, 0.15749269775196845, 0.0027527854759429016, 0.008877844615821043]
            , [0.007974761630430623, 0.011661061681947853, 0.002183565766980654, 0.003919710273513457, 0.3274010331452397, 0.0027320430038761, 0.045310707337287634, 0.012709246503756362, 0.007873234507509411, 0.03862935476143295, 0.010869355448546213, 0.008252900278969194, 0.0010627036847937724, 0.007551946924170727, 0.008588034206902032, 0.01168554412004564, 0.007557970580899882, 0.01567663382182598, 0.017235890033355288, 0.4511243022885166]
            , [0.03427149976579679, 0.014078916089053798, 0.0006924389544810498, 0.002294747537269453, 0.02380926640361081, 0.002046755567657881, 0.002699082373329908, 0.3157922273690656, 0.002763961261948221, 0.19517476858731958, 0.051997318466097404, 0.0022815739266567256, 0.0014715761354654841, 0.003747265344439315, 0.0021182818743857865, 0.00902639763447014, 0.024952769972983613, 0.3019826429432245, 0.00031057764644893874, 0.0084879321462949]
            , [0.0780556813806146, 0.00947786779513725, 0.008758704023419184, 0.01110484324128485, 0.008603138277465661, 0.017716819848687997, 0.007455640720502635, 0.021227070867068817, 0.012730724430646984, 0.023588764373713777, 0.015075648240422325, 0.02465204639787863, 0.007319529674451102, 0.011649583536962696, 0.013523399865987705, 0.24073963388242295, 0.4460267792429703, 0.03347369829076832, 0.0025542758188076132, 0.006266150090786745]
            , [0.03175239746846846, 0.010019168728765597, 0.0007389317739027098, 0.000850462644875531, 0.008704365941625807, 0.0015422749336460588, 0.0011723963016152532, 0.34941392941650096, 0.0013555439634713438, 0.08451490452891164, 0.020203337770106203, 0.0013738500840591514, 0.0036286954347054413, 0.0016104703930732572, 0.0016415270786180416, 0.005096958706071475, 0.018637435900165544, 0.454207344036512, 0.0002491449569957025, 0.003286859937909699]
            , [0.04953292175863135, 0.009173431269928353, 0.0387655310909102, 0.07086104871191226, 0.01900983440308984, 0.024978487313663842, 0.14237589492479347, 0.019485157586022636, 0.06973420398200446, 0.0427744558510409, 0.017774481383672897, 0.06508028845868842, 0.020115976641275454, 0.15724025798008573, 0.076520027585425, 0.06763045373681376, 0.04295407065892985, 0.026792070374552793, 0.004092339619066797, 0.035109066669492]
            , [0.08380779537617401, 0.04113652034061897, 0.002121631067195027, 0.003543250132015697, 0.020012639351089278, 0.008050744969654803, 0.0039907946718322, 0.17869407079360633, 0.00452817509191371, 0.1867220589713278, 0.0766149178337596, 0.008246057746897954, 0.0034553776557202523, 0.007425690938488754, 0.004636181872928024, 0.0407764857849423, 0.08174202779147303, 0.23651709616800187, 0.0014091955841949277, 0.006569287858165521]
            , [0.016840944120624264, 0.0048054198272669095, 0.012705490281414801, 0.034637171754767875, 0.002862751354921171, 0.018655265557116118, 0.0115458251120494, 0.012026402048847386, 0.41442845488589214, 0.013848398731949534, 0.017638549956631753, 0.045597394157394076, 0.005738208825453269, 0.04538688519839562, 0.2503851713413058, 0.041077996235948884, 0.035840809471085526, 0.009577465565537372, 0.003910117840633478, 0.0024912777327645505]
            , [0.012254192590103487, 0.00790553754270216, 0.0010196772494279003, 0.001393940811889567, 0.05434104009527602, 0.0019242623525046897, 0.0017079049344661374, 0.10586294526016482, 0.001773499865303929, 0.6060120294597455, 0.10478033817321783, 0.0016948460495938395, 0.0010638675802357148, 0.00456871101977163, 0.003434312972124297, 0.006781707723494729, 0.01016699503448167, 0.06314302266650822, 0.004764140020944283, 0.0054070285980433366]
            , [0.4997361487293133, 0.019111045935413698, 0.006631366768906478, 0.010335756855466545, 0.003158779136547299, 0.16333196539098757, 0.00323796474001326, 0.006863250968110961, 0.005731064483825736, 0.007595977444901051, 0.00432724502421147, 0.009921608258535155, 0.005251977971974464, 0.006179501903952913, 0.005426051811911717, 0.18509900710096858, 0.03429002221429851, 0.02081138529694544, 0.0006257305480362328, 0.002334149415679471]
            , [0.09192924931736413, 0.005865312975246026, 0.15052460691897174, 0.15065274245276405, 0.0057375536727673725, 0.21334186509526412, 0.015780611120849757, 0.008794312720663642, 0.033924352502706624, 0.015402317838285431, 0.008351449508007076, 0.05961871171860972, 0.014423668363127232, 0.04413139790338602, 0.023940651587675735, 0.0965787509194103, 0.03569877377522128, 0.01763099596271776, 0.0018113347933728784, 0.005861340853589054]
            , [0.04856199995516474, 0.0011595781871191662, 0.30409793063547236, 0.35300974499716004, 0.0010477009336933405, 0.025915555895636287, 0.010049340946019416, 0.0028384925837388834, 0.03678349934759798, 0.0065386368839546105, 0.0033305846368224742, 0.04818084209115109, 0.013852911847005838, 0.05192854106455986, 0.012596233652648546, 0.04540714482890561, 0.024793795624063746, 0.008521082337753389, 0.0002811976991415831, 0.001105185852390923]
