# This script is generated automatically.
# Vector of amino acid stationary distributions.
distributions <- [
              [0.08647107517810132, 0.009459563049810936, 0.07341184367870432, 0.08144115949389139, 0.009371688963878388, 0.04476619076985022, 0.034667954965823165, 0.03806788391091307, 0.0788025606493069, 0.05240196160271835, 0.016146364707107168, 0.06341690508471558, 0.03986703359484065, 0.05795832510209765, 0.07496643786762826, 0.09817024223911454, 0.07599612512509481, 0.052814305787448154, 0.002357584728435649, 0.009444793500519492]
            , [0.03593958668518193, 0.007121398239643422, 0.0011221342846020053, 0.0018896905186914783, 0.040191247831770874, 0.0035190720590552306, 0.0017771741665703572, 0.2780585411193892, 0.0021820170041904397, 0.2695857735721461, 0.060761078136471934, 0.002302450394586192, 0.002031563426536221, 0.0028825869716540675, 0.0024624414251046287, 0.013207170649293047, 0.025951030378114266, 0.2433609416571723, 0.0012382737118502532, 0.004415827767976214]
            , [0.29706780262787996, 0.024016348560111925, 0.005961471775611255, 0.005509526915919744, 0.004103548409675162, 0.3502545573663311, 0.0030850600465290195, 0.013512638002672495, 0.004560315640274127, 0.015862555883583627, 0.005206282383085978, 0.017902301689053848, 0.0048879763419825886, 0.004885261437438175, 0.005021501833829897, 0.1540131725465317, 0.047888576302145026, 0.032604734985368096, 0.0010073671648416049, 0.0026490000871347277]
            , [0.021842787270350512, 0.00799002520112245, 0.0027807299243139518, 0.0036077133417121267, 0.35617417747820374, 0.004538464587782616, 0.03436054724802154, 0.03822476721537252, 0.004322844127370422, 0.10215396441558532, 0.030430318215471777, 0.006488587957663033, 0.0027279842057103673, 0.005674171148867097, 0.0057223496940578145, 0.019378798270869295, 0.011349024821719794, 0.03507014232242724, 0.03886787489603343, 0.26829472765734486]
            ]
# The number of clusters.
n_clusters <- 4
# The base file name of this file (for reproducibility).
fn_distributions = "udm_0004_lclr_rb"
