# This script is generated automatically.
# Vector of amino acid stationary distributions.
distributions <- [
              [0.08574668870909209, 0.011125225709472823, 0.045936298675532825, 0.06452287841227579, 0.01729508075643696, 0.04862351411820985, 0.04813691523620633, 0.044066321889438695, 0.06819177165942293, 0.06343629277132286, 0.02059316741358423, 0.06297278157741305, 0.03542098833352685, 0.07120758787322853, 0.06824353641184959, 0.09220430527180935, 0.06966220980374914, 0.0591541145496936, 0.004102530443738174, 0.01935779038399643]
            , [0.05113237329510026, 0.00490935366351132, 0.019660398350058523, 0.05773587856127208, 0.005003719163544627, 0.024512368955410056, 0.03743233823566224, 0.013049557632513323, 0.23494360528587022, 0.03598132801709249, 0.011782430039693502, 0.04859476118407835, 0.0061892856232888165, 0.08482218227517717, 0.22826644099792892, 0.055291930322797445, 0.04607507757662572, 0.026219043710392978, 0.0019622667681375235, 0.006435660341844523]
            , [0.1299031077518489, 0.026724381608689046, 0.026704843259912504, 0.029923798060866487, 0.008511288122341925, 0.05342189250792828, 0.01143714548013889, 0.03150467602475548, 0.033389538063684165, 0.03532453667218837, 0.012768116076650134, 0.061349969801561564, 0.01813117590721164, 0.03314089602320751, 0.029099131218341297, 0.24084414458248668, 0.15873010531467252, 0.050188062676157906, 0.001762058301172977, 0.007141132546183737]
            , [0.07172909692326768, 0.0030499016654910107, 0.17440820412360544, 0.24828671075124958, 0.003884701161918135, 0.039237754119734146, 0.026167191303569138, 0.008141114094509912, 0.06918006104137248, 0.0155382017925667, 0.006560852877278313, 0.06157482945751262, 0.00904551623085697, 0.0818502142907269, 0.04466224514550527, 0.06449114991263681, 0.043235662093721136, 0.022520086851568866, 0.0010348248378939304, 0.005401681325014929]
            , [0.05915686632551625, 0.011353502052076896, 0.00498034975936115, 0.009613847469429077, 0.07643586991212749, 0.010027924387692264, 0.01061722135803191, 0.12063708554610263, 0.013929977072272934, 0.2762241482568718, 0.09761041131045839, 0.0104733197357028, 0.006475810372975429, 0.029873173499975782, 0.018957259369766513, 0.04208478092803425, 0.05161918806269181, 0.10856260892834475, 0.005354709236325122, 0.03601194641624279]
            , [0.039001930786991004, 0.007590979109967213, 0.001051010011739607, 0.0018231749838242136, 0.05315260724759448, 0.004528325741101831, 0.001929975951927208, 0.2605843882258378, 0.002250295425956738, 0.2966059489710007, 0.06882518931859381, 0.002346122830539982, 0.002335079755026106, 0.0030041378710634835, 0.0026552413984910163, 0.01464991544942728, 0.026819008582376735, 0.20233677801778993, 0.001925040761321691, 0.006584849559429268]
            , [0.07806825730460391, 0.020023283527384285, 0.0037512997955111596, 0.0075323174105100315, 0.03364822030307294, 0.008719300276809757, 0.00502304203418022, 0.2178000657504739, 0.008941679605504816, 0.11879905119699219, 0.05255084278203791, 0.008150974142017021, 0.00589513164321151, 0.008820794440986135, 0.008630965040886925, 0.040435255330827126, 0.07903119884453497, 0.2840612203307096, 0.0019842422879905327, 0.008132857951754916]
            , [0.4186727866068753, 0.04320748721050767, 0.00534920619306155, 0.008888497505956501, 0.008095346883536225, 0.0757012679145772, 0.004635292800802355, 0.031873810021962067, 0.007420478808202822, 0.0337523236074238, 0.01328400394992533, 0.011113597516437264, 0.010369391278396397, 0.008558551545616891, 0.007287605058165719, 0.1524967921987573, 0.07999059811182606, 0.07293968856436833, 0.0014995421809633161, 0.0048637320426378125]
            , [0.03781549356546766, 0.010880685512413814, 0.0010981924621015172, 0.001853531587042429, 0.017756297939252968, 0.002767430404807115, 0.0014702611459660462, 0.33211780470113894, 0.002099875704965192, 0.09368890302765778, 0.028667292139738645, 0.0022774416948166632, 0.0019295612205571886, 0.002248283399571375, 0.0021672975952197675, 0.010972466796562328, 0.028108182844651285, 0.41865386532157733, 0.0007092227364560389, 0.0027179102000358794]
            , [0.02375247097164673, 0.005714730374783553, 0.0016367783454709238, 0.0029414032174436672, 0.06691394646307025, 0.0035137509460122117, 0.0034621088289597873, 0.11411007901886164, 0.0037095053767071356, 0.511322580170263, 0.11947073530637098, 0.0033552932898573977, 0.0027850296945683113, 0.0061411298938223455, 0.004526662560693436, 0.013713548459858291, 0.020109995081491173, 0.07541737731292655, 0.00251067686566186, 0.014892197821530614]
            , [0.030074410312902707, 0.012101593366704324, 0.004879907937771353, 0.0061860588642186675, 0.2740254068003195, 0.006801444098677497, 0.0567283959172222, 0.03650206521844108, 0.007684616569403001, 0.07551667125985131, 0.022333799147018274, 0.012768576318208264, 0.004131049103876103, 0.009865508050466503, 0.010878087942148344, 0.03138282940335326, 0.01789891156874339, 0.03754820017037012, 0.03631667511978555, 0.3063757928305187]
            , [0.0981343945308431, 0.003708830850160482, 0.011324990216910675, 0.023538979466475582, 0.004368156432080832, 0.02269694683980395, 0.007443498157359273, 0.010888934553081708, 0.022334562330036944, 0.02675648140264405, 0.005002733942537012, 0.01083166302389252, 0.5703170453927979, 0.022758152332610287, 0.01912225805749161, 0.07094603209680522, 0.036586452252173635, 0.028312046437671157, 0.0011604826342570854, 0.003767359050366954]
            , [0.09385372938430633, 0.007608643708755919, 0.050257588135529906, 0.03810132696992884, 0.005635920521007581, 0.46086265626275563, 0.011987849753703539, 0.007039301698283702, 0.036209077056510726, 0.01207199469072198, 0.005964827838452749, 0.06012924168111412, 0.00743190847953667, 0.02669647415108804, 0.033088877027966576, 0.09080002123531658, 0.03186453232538654, 0.013383462340831005, 0.0018706997744153523, 0.005141866964388256]
            , [0.023078081200640393, 0.003372640103928577, 0.0004817122726538665, 0.0007572250296091949, 0.03134656761624159, 0.0022462293003222924, 0.0007044090665879863, 0.3502219105575096, 0.0007785725348521531, 0.29823977534347756, 0.0471442736655405, 0.0009733426497335038, 0.0009726927394077641, 0.0011461631596379925, 0.0009055706338376992, 0.005515420977404777, 0.014268859053796617, 0.21499442974104907, 0.00068191511003385, 0.0021702092437350723]
            , [0.011966115628002056, 0.002391933864550815, 0.0006698577083193076, 0.0010451743004736443, 0.044873443704130364, 0.0013751079379283487, 0.0011679612873272684, 0.11758087894326524, 0.0012549197925977422, 0.6477910061330965, 0.08371381303905226, 0.0012231407432697068, 0.001091657931489696, 0.0022138505294088885, 0.0015127953534179207, 0.0036792915249082144, 0.00942732153180836, 0.06280169292802078, 0.000865602148443066, 0.0033544349704897982]
            , [0.022193071973536656, 0.0026727039407069154, 0.0044231189924643305, 0.020191475802887965, 0.002369424960501673, 0.007843605080484983, 0.02013086932976822, 0.006133984768052094, 0.34142857875905136, 0.01740040565452173, 0.006051994134751452, 0.024595139359638054, 0.0027858630365335873, 0.04347823142800579, 0.4184673440170996, 0.025827827114481738, 0.022020990764223078, 0.00789941454461167, 0.0010938566582315862, 0.0029920996804473367]
            , [0.03828436323651685, 0.001253169572258152, 0.24290839262325545, 0.4808894351917154, 0.0016440278380463376, 0.021284543398518662, 0.0071019904705308294, 0.003381960915837416, 0.03127305094514577, 0.005793322424570237, 0.002893181934962377, 0.031350376649195794, 0.003720207624044256, 0.05303927620121385, 0.015459442788738264, 0.029658143233397185, 0.019500700061745403, 0.007902947651471457, 0.0004490497364253742, 0.0022124175024109865]
            , [0.01408712954465304, 0.0024609648868970696, 0.0005415054132321004, 0.0008424708003313394, 0.009115357148246215, 0.0009225906466667051, 0.0006387754237922815, 0.4484570284809751, 0.0009074413434737622, 0.06829655975801854, 0.015562865392306948, 0.0009535766738364482, 0.0007099474429599749, 0.000985206062046082, 0.0009608589101262701, 0.002494304184478931, 0.010745844856466173, 0.41990050342068175, 0.00028515082910848203, 0.0011319187817027407]
            , [0.03979265236938506, 0.00536145399709513, 0.12135403236365681, 0.04073333915256107, 0.005044540995042005, 0.05373177978664778, 0.04436519743353827, 0.007335138483368047, 0.043524420342437545, 0.010123111859073428, 0.005272505067993736, 0.3624771811874432, 0.005169652295623721, 0.032580592170929484, 0.031505668564443284, 0.12031022651388219, 0.052674671740007284, 0.009895194938651056, 0.001304582324178177, 0.007444058414042758]
            , [0.009352268549610384, 0.004086623611199463, 0.0015728279155367022, 0.001987898649560786, 0.38750545001596787, 0.002196314391760344, 0.02585642171461032, 0.013156837746162144, 0.0022058478977415663, 0.034312999871866375, 0.00841265320670076, 0.0037829814098799606, 0.0013257799184847503, 0.00288730667187523, 0.0028244903441947593, 0.009733999536167045, 0.004604884313513266, 0.013736880639856352, 0.019422415965809042, 0.45103511762950294]
            , [0.23040271284040148, 0.034873297092177256, 0.0014152753089844258, 0.002139787247402629, 0.024921202265061046, 0.03395554060386031, 0.0016005927550638375, 0.11288648796530912, 0.001993576784864527, 0.07813862762535262, 0.03024518088548451, 0.0031030466400403167, 0.0029043016910420376, 0.002535539474419391, 0.0021514992419821477, 0.056073763754477805, 0.0919565166494234, 0.28480609580606375, 0.0010930211909895105, 0.0028039341775999236]
            , [0.023277741378751948, 0.007194140894839842, 0.0015534713675318798, 0.002105385145750935, 0.41527849780115955, 0.004006322821774919, 0.0042208578822116845, 0.06809713629212966, 0.002545423290346315, 0.2417087708486924, 0.048163424361812215, 0.0032554959529918553, 0.00226415645582116, 0.0033827882359190103, 0.0031369641372339593, 0.01405070309118617, 0.01574230449524428, 0.053943041213205464, 0.015043170905239947, 0.0710302034281569]
            , [0.6344058085183296, 0.019513614323742736, 0.0012986739505162436, 0.0018111255418409916, 0.0018811152636909005, 0.0578648945023774, 0.0011168791029843774, 0.008219229529292582, 0.001496367153966377, 0.007666409981965258, 0.0032667076280040604, 0.0028387506416635054, 0.002535198534564892, 0.0019767710263679486, 0.001593265774465364, 0.18708788813518343, 0.03737559443298781, 0.026314245287631422, 0.0004518356179100893, 0.0012856250525150384]
            , [0.24971083255660378, 0.037739345958456766, 0.004479523807377832, 0.0046310230032684295, 0.0041333543694191816, 0.05931792614648019, 0.0034031614262478114, 0.007149070539763468, 0.00428846227262058, 0.012650072909007664, 0.005123921729528205, 0.022106860313895763, 0.005899732490448742, 0.005630520860419721, 0.004503543141346258, 0.45369641324793114, 0.08580666049849138, 0.025866248905149783, 0.0009246718721447444, 0.002938653951398805]
            , [0.050189949343627596, 0.003151473832111813, 0.015775381850762334, 0.010520827854628672, 0.001908736243185988, 0.811443338623532, 0.0028565955610077988, 0.002464577069710138, 0.009733456568563097, 0.0038185393637075733, 0.0020917588955655284, 0.0181386806025214, 0.002134348228887798, 0.004443442438311137, 0.009897486480010024, 0.03487866228742203, 0.009450292470351288, 0.004827949577160289, 0.0006990661130256909, 0.0015754365959076892]
            , [0.021676237214183772, 0.001888419421615277, 0.6125292184690406, 0.08643655319454274, 0.0020938411493561966, 0.025502816838467297, 0.01725249098475528, 0.003179440429540909, 0.017564463766663603, 0.004434211899633938, 0.0023106574231995824, 0.11166948903844723, 0.003299940049642831, 0.01811421346411234, 0.00764230112705883, 0.03718575793915287, 0.018657592397272525, 0.0049995434118930045, 0.0006037968844953709, 0.0029590148969257765]
            , [0.05337612386424814, 0.013874588857077654, 0.010724217320178548, 0.0050183255197334695, 0.003287533790408451, 0.019125665393716976, 0.0035466950629902292, 0.014836822458576414, 0.006349458993161314, 0.013592334771065693, 0.0058765239673256205, 0.030301875201564795, 0.004238670055946546, 0.005273739070936931, 0.005710104387143495, 0.30773638870536174, 0.4703036151605068, 0.02331174321740828, 0.0008528074572638808, 0.0026627667453850575]
            , [0.03278414875620158, 0.006842631239268487, 0.020261886889217946, 0.029837906611557233, 0.031838963933713625, 0.010751179212599974, 0.3639555261217471, 0.009684000699949399, 0.03364652847916153, 0.03577230783906392, 0.00864590750007883, 0.07595544038127668, 0.00549045290398861, 0.12506215680188734, 0.05081041474382846, 0.04226528053558957, 0.027560678561186637, 0.012434736315385733, 0.0031289622910514814, 0.07327089018324581]
            , [0.38988963739408594, 0.016127851622357022, 0.0020378472296488748, 0.0026776300793908206, 0.00357873832062464, 0.39612929864571883, 0.0017036094838996606, 0.008828881827558546, 0.0020705073544462996, 0.011721288904735973, 0.004466187532512896, 0.004183451580689686, 0.003048605735472992, 0.0027006294942049595, 0.00252008728430805, 0.10299787786966677, 0.02328046626338028, 0.019456684097911223, 0.0007329293329565561, 0.00184778994642953]
            , [0.018650314103181954, 0.0007867516070026105, 0.002752665380108536, 0.0011422334740326936, 0.0006138374101307999, 0.949449615926584, 0.0007487672678482243, 0.0007415279398526241, 0.0008878478757740334, 0.001205175841700892, 0.0005894578622416608, 0.0035010684096955526, 0.0005950935422774591, 0.0008657521536364943, 0.0014961314380328254, 0.011151496483263076, 0.0026581805357945997, 0.0015048828159787107, 0.00021485320453152904, 0.00044434672833186675]
            , [0.018278531714382526, 0.007420454997159782, 0.0032112905917997597, 0.004354012823937155, 0.07528769370801168, 0.0075865785709154174, 0.00778561397529499, 0.014974219817326176, 0.00536491364601276, 0.03516897858301406, 0.007176261246752096, 0.005424936243516704, 0.0032851759513597353, 0.0057030486644598175, 0.01144901844128886, 0.020077012642046657, 0.010325739921745788, 0.016222118507910638, 0.6790447631011092, 0.061859636851956126]
            , [0.014891815890866002, 0.8840741119611617, 0.002408225215448101, 0.002686013509842668, 0.0038427154908499146, 0.007994040470999405, 0.0026637119309728422, 0.006747819401492337, 0.0028962534221414777, 0.008733607238363684, 0.0025606492067956773, 0.0037297837327615996, 0.0020313289714328233, 0.0027897386232612195, 0.003922583519544614, 0.021559606619058185, 0.011194132558072703, 0.010463075367325372, 0.0011291216421921903, 0.003681665227417433]
            ]
# The number of clusters.
n_clusters <- 32
# The base file name of this file (for reproducibility).
fn_distributions = "udm_0032_lclr_rb"
