# This script is generated automatically.
# Vector of amino acid stationary distributions.
distributions <- [
              [0.12123189550426758, 0.020967949761358417, 0.06973653768285121, 0.07806611894303554, 0.012861586472008031, 0.04475373345208236, 0.030120139688112866, 0.022496474173826185, 0.07575617047108942, 0.032091671077071796, 0.016529485602432878, 0.056594873698452605, 0.045697440665808935, 0.05014531814305011, 0.07353244141073237, 0.11515495671050997, 0.0742807407518932, 0.03757804058743906, 0.008654219079981805, 0.013750207234921898]
            , [0.04214396783573124, 0.01162389775464585, 0.0028993215545843817, 0.005650955236827654, 0.046873021208642, 0.00776261520726472, 0.005258233870252323, 0.2253293690276375, 0.007153821057356562, 0.27021496612499524, 0.0661417526583432, 0.0057781105601023425, 0.005696332736515014, 0.008590693538225655, 0.007814452409982589, 0.0172660571122335, 0.032058154948993, 0.215914552586304, 0.004107600576857029, 0.01172212290011056]
            , [0.020703788964165123, 0.014859410897057682, 0.005601481781134426, 0.006743855061836251, 0.32199877349696865, 0.00792127619943337, 0.04166843755849257, 0.03141464342514365, 0.008325268762096084, 0.08622528475163248, 0.022449045495004323, 0.013063946678703319, 0.0051332228301471, 0.010587827070175464, 0.011465720679765583, 0.020859616948351728, 0.015296225661474538, 0.03067242184273459, 0.03589695257547818, 0.2891127966377164]
            , [0.09139282240106658, 0.008430146597606235, 0.022096992619332213, 0.014945598154111922, 0.004522439263274891, 0.6797841721107839, 0.007013692659657034, 0.0053330975708136275, 0.013567346215259866, 0.008114481203442173, 0.00436527592503496, 0.02631458799963643, 0.005874875357499528, 0.009563444594267036, 0.013425097644385292, 0.055310889173868345, 0.014609224325919705, 0.00988861016374798, 0.001811636096194235, 0.0036355659724743687]
            ]
# The number of clusters.
n_clusters <- 4
# The base file name of this file (for reproducibility).
fn_distributions = "udm_0004_none_rb"
