4096 20
0     	0.0017652426852221524 0.0580564898955481 0.0093244260876034 0.0290084739239735 0.0618984083834399 0.0109060070747030 0.0248701266485768 0.0458030803574317 0.0218132725425926 0.1768701092772197 0.0479647542466922 0.0179694541078342 0.0562536731524260 0.0139375076626905 0.0796107352724199 0.1730512105946659 0.0704739458683835 0.0539708027055861 0.0299980671861711 0.0045963520482429 0.0136231029637992
1     	0.0016853932584269663 0.0649915185173899 0.0111539658155989 0.0470003887575769 0.0851089271265767 0.0168710785634104 0.0266282922827758 0.0634731409704763 0.0249243756264274 0.0780165259755050 0.0591553846005162 0.0227865797830164 0.0568251759007599 0.0198473943435422 0.1507890501872342 0.0763538783083766 0.0725833969538930 0.0554655007440176 0.0435982632129874 0.0045261171726030 0.0199010451573161
2     	0.0014829179261963154 0.0603873735338520 0.0138881122630257 0.0350336130243378 0.0497528642730384 0.0456780975302672 0.0274587489169039 0.1431017621541764 0.0236922350310839 0.0556242354406174 0.0607997377616444 0.0195870241903625 0.0647215086834008 0.0185649036740155 0.0698546994388477 0.0669048409051349 0.0742615398201502 0.0531677843670064 0.0407604450249307 0.0079790341688301 0.0687814397983740
3     	0.0014686590999828894 0.0516624678450119 0.0105318377352228 0.0199235274000514 0.0454418907026420 0.0133276320023276 0.0221100815255274 0.0464612812177366 0.0223255014838898 0.1594631510629041 0.0481584537444283 0.0186269071526041 0.0453405102131925 0.0121877314645595 0.0674194562489309 0.2631520159244703 0.0599944381821783 0.0455382500662123 0.0284310138897889 0.0052787292082807 0.0146251229300404
4     	0.0013945132036730736 0.0643800637818371 0.0168521528930556 0.0267868990684831 0.0545384036065025 0.0603001226612478 0.0233371912522035 0.0591247062279232 0.0487014268466473 0.0669446262604829 0.0813506100999248 0.0273216323616850 0.0567921449223445 0.0118827433442799 0.0637975047629669 0.0739056335597962 0.0709254938008357 0.0596334409817059 0.0546262370680114 0.0176191110790113 0.0611798554210557
5     	0.0013774026122169622 0.0935711584876878 0.0119578564859798 0.0548475788884907 0.0682960904046093 0.0135956060621736 0.0580354014436425 0.0423464265405690 0.0205773661714649 0.0665140056841142 0.0468449746201321 0.0137489550049391 0.0654368144803620 0.0506347089778737 0.0652573265281091 0.0657726776523550 0.1300648091001667 0.0733773877803304 0.0399479526246952 0.0045307027221668 0.0146422003401377
6     	0.0012747390634802944 0.0846755751731282 0.0152480330756355 0.0255294338479221 0.0437834043420055 0.0196086335501902 0.0389296853896086 0.0284875051372238 0.0536105393227579 0.0521624367272128 0.0579988438412255 0.0234342527215010 0.0626259485831071 0.0169007419740226 0.0506237101516163 0.0518654969499537 0.1367134466993183 0.1489001219575915 0.0656082190587550 0.0039407567875415 0.0193532147096828
7     	0.001271887298237609 0.0451909006496757 0.0095405713765143 0.0201854480256279 0.0472332090775815 0.0081919766646406 0.0222706604440545 0.0385130710601776 0.0159322627981247 0.2320227108781597 0.0368825968307339 0.0139202595045481 0.0465714485267404 0.0093452145631376 0.0727313481709950 0.2490345061392623 0.0576746038893881 0.0417273087293903 0.0201544030796566 0.0038446611777776 0.0090328384138131
8     	0.0012661837677522387 0.0602744167974338 0.0111634102685148 0.0228298708109779 0.0501358181368202 0.0158915733127949 0.0386633091323018 0.0552463916126165 0.0220765408631955 0.1090634178989088 0.0541103074393895 0.0178996065596252 0.0547579995137292 0.0170826487470416 0.0727895150474664 0.2089069512610429 0.0709021929712572 0.0545708680779426 0.0358087248343445 0.0086486912046419 0.0191777455099549
9     	0.0012547767067814977 0.0342973512056570 0.0077709470387506 0.0123093958486329 0.0343396440236314 0.0085463411300837 0.0140832848219146 0.0350952713399044 0.0163814205770372 0.2862496340054656 0.0376274199871511 0.0135883003945799 0.0360630736319139 0.0091912327666435 0.0588087461668091 0.2822302133983294 0.0429546882156855 0.0361453081310837 0.0214068882135090 0.0033153574120221 0.0095954816911954
10    	0.0012490731762961273 0.0637728176681863 0.0147313435240157 0.0658584153089102 0.0529729936723756 0.0174108488327238 0.0584791550844999 0.0508336865330249 0.0277131988502460 0.0634802751034925 0.0469309671922343 0.0173177231237794 0.1696663305389131 0.0144837961624546 0.0545049753677806 0.0584415305405267 0.0935970421800864 0.0617505299900141 0.0429017268136863 0.0048562912252785 0.0202963522877711
11    	0.0012234072891119602 0.0819039105324984 0.0143615593345983 0.0252598706474983 0.0547070205757680 0.0213602460080071 0.0218822224149643 0.0264318324565573 0.0766159833365251 0.0609938515764901 0.0828821904368338 0.0509052569173666 0.0489450617002882 0.0222103611060245 0.0641229610510215 0.0576425456203957 0.0833990894363007 0.0835613901131464 0.1010201624272308 0.0042959198421363 0.0174985644663486
12    	0.0012177037586265898 0.1842210213983549 0.0205083032655268 0.0208715014045709 0.0268783020273256 0.0130734547054454 0.0640413663415483 0.0188190961205225 0.0185628040338697 0.0259298934096849 0.0412568099788070 0.0138354436667359 0.0523745662236849 0.0239004649663401 0.0327856563385510 0.0335979145160936 0.2562282249361645 0.0940649958004902 0.0431163916618809 0.0030556960016682 0.0128780932027346
13    	0.001206296697655849 0.0424838200831991 0.0065815819414618 0.0152533827814678 0.0445173831117589 0.0089595443058026 0.0166073610021227 0.0309799352340949 0.0201651723609944 0.2943109891238025 0.0389681406356310 0.0155959310102158 0.0430915369320384 0.0099722561402424 0.0607473696532862 0.2110868479048009 0.0491748698666238 0.0463805750790278 0.0318214780745503 0.0024561560926350 0.0108456686662437
14    	0.0011891861061997377 0.0712860290155176 0.0108849750561330 0.0398206656197369 0.0591135826767922 0.0130523200781439 0.0474900640439163 0.0483608547648385 0.0230465009149798 0.1072777915045746 0.0512029942594172 0.0168312893644680 0.0609898911142382 0.0321513044246830 0.0740154958605260 0.1201707234080689 0.0936689184527135 0.0693813402219180 0.0417284291699115 0.0042662319379111 0.0152605981115118
15    	0.0011834825757143673 0.0303952793976861 0.0053959961334546 0.0099297584203603 0.0298472270889373 0.0050670803775783 0.0130919319108308 0.0248274926650175 0.0112751661261972 0.3476091520400360 0.0266109099127559 0.0104991244327446 0.0334906482237238 0.0060092151377533 0.0472588468545422 0.3076179109559803 0.0393380811454450 0.0313831027875220 0.0135002438056828 0.0018677816176240 0.0049850509661276
16    	0.0011492613928021445 0.0424704824297693 0.0068896464422686 0.0119781143303392 0.0298033172983543 0.0100986039202069 0.0170984396704880 0.0388422066766699 0.0184700417657447 0.2076042852913399 0.0431405610504151 0.0170851357659277 0.0399753545126418 0.0092437508371828 0.0557564870418539 0.3064000453476524 0.0541776996578913 0.0412991427712000 0.0320850107606210 0.0052568756835146 0.0123247987459186
17    	0.001129299036103348 0.0765661969738330 0.0078985173449997 0.0193444659772145 0.0375527022549984 0.0105875038236306 0.0208658009685295 0.0170083388153057 0.0176920190958906 0.0341464888048474 0.0422983440015662 0.0110305959191268 0.0222649851724279 0.4429406235650191 0.0360934455756228 0.0335342992070813 0.0742137023808892 0.0473585436460306 0.0357693616742306 0.0032634586432952 0.0095706061554609
18    	0.0011235955056179776 0.0712911084143255 0.0213246188673880 0.0562829534155177 0.0453498893442539 0.0156128248789033 0.0578999571172466 0.0474255489333436 0.0197108021757595 0.0523604668770781 0.0379404033725419 0.0131531220226150 0.1390446249674444 0.0148025460087212 0.0467878588222744 0.0483486857818139 0.1827007594836415 0.0798376100671635 0.0278451005014287 0.0034502164125590 0.0188309025359806
19    	0.001117891975132607 0.0535255320951772 0.0046781810416296 0.1948482641594108 0.2772792916559988 0.0071362886362549 0.0396950879380745 0.0210522571361169 0.0132253409775135 0.0539632455915480 0.0196498973402878 0.0094390572946886 0.0548183306342833 0.0118361587902852 0.0630421741360203 0.0345391069270391 0.0570307751415504 0.0402875289452902 0.0319545682673810 0.0018595714070908 0.0101393418843589
20    	0.0011093366794045513 0.0424279073626444 0.0027213562663142 0.2947814089958302 0.2965491969713052 0.0039751380506323 0.0314747751698930 0.0266142429514453 0.0075312930211857 0.0363729291621846 0.0127864282833936 0.0056664985486487 0.0535293415862069 0.0090948527309234 0.0536542649809446 0.0248779584899625 0.0450619333679702 0.0299604691725676 0.0151331140751610 0.0012615494304138 0.0065253413823729
21    	0.0010865225574630696 0.0513770929455954 0.0080063004030188 0.0286229916378677 0.0533855046467706 0.0081806907545861 0.0344285744194475 0.0337855066398154 0.0179060404699020 0.2431474789289178 0.0354034910987971 0.0152720458345240 0.0562022156244818 0.0138811737350790 0.0652765852204679 0.1771971097795331 0.0675472450061375 0.0532591154239534 0.0249555256463513 0.0027814944479638 0.0093838173367900
22    	0.0010836707922203845 0.0722347521453588 0.0303426549416844 0.0230454517163650 0.0441697729597171 0.0338673542554503 0.0297769583711577 0.0525830345467747 0.0476317165323583 0.0539861039057167 0.0616000089587269 0.0212306635939435 0.0659126417275364 0.0114966074333968 0.0546741835300427 0.0628685912794674 0.1423863796393696 0.0770821697700819 0.0573571874066399 0.0088423132353850 0.0489114540508268
23    	0.0010836707922203845 0.0541821771946762 0.0137108523230858 0.0282450282333050 0.0406340994573958 0.0432172555530313 0.0247307471569141 0.2304547477867371 0.0213471545240694 0.0461336295603575 0.0505746526701425 0.0158684487554311 0.0667430700104381 0.0140503273464243 0.0599282591921116 0.0616267741716431 0.0623244987953281 0.0442457449326849 0.0392558774091582 0.0070775092425814 0.0756491456844844
24    	0.001066560200764273 0.1513118303911468 0.0252880508412883 0.0228041219163866 0.0421178965884583 0.0217785522786032 0.0597583777706942 0.0266090146530681 0.0292477876419500 0.0375264970847986 0.0594743417838477 0.0210240861357160 0.0599636252939747 0.0137350143618152 0.0438535943137624 0.0415534312247928 0.1774299342531062 0.0839041953456470 0.0579619214136221 0.0048119669878951 0.0198457597194268
25    	0.0010608566702789027 0.1346376823544288 0.0130662117450421 0.0205849189849069 0.0350536259669922 0.0138620680815990 0.0437046743158387 0.0157699776228913 0.0472107073884304 0.0369810719659942 0.0483350873775122 0.0217452231833043 0.0504771349535605 0.0379638371008760 0.0387702591814289 0.0270803130319174 0.1661797702568607 0.1697565650825568 0.0656334767722239 0.0027254212169973 0.0104619734166382
26    	0.0010608566702789027 0.0555005761534305 0.0074781953585779 0.1530191599608630 0.2156944673743073 0.0101480811410676 0.0350509000615541 0.0365973842675425 0.0176834273545735 0.0580341372348800 0.0422289626394309 0.0139340926397640 0.0554420368860459 0.0124535011014620 0.0758649300570945 0.0464583096229333 0.0620799793691979 0.0461533544187697 0.0405843932174666 0.0022664478805263 0.0133276632605123
27    	0.0010580049050362174 0.0697130953612652 0.0056659029965942 0.1117228881871198 0.1425680698846073 0.0108090443781944 0.0443682548924905 0.0412134786289718 0.0179062127187785 0.0807968969192979 0.0382164124626783 0.0123924039724552 0.0687528948262486 0.0176475338157595 0.0708992471317331 0.0646344865502347 0.0873212141870487 0.0597458734213382 0.0415452029007416 0.0024172340782685 0.0116636526861740
28    	0.001052301374550847 0.1422141168059878 0.0222152148759384 0.0179539247350165 0.0236604359803925 0.0115816829173976 0.0468234975966069 0.0145078025010942 0.0308114183127453 0.0248032165104148 0.0370714167327245 0.0153317347204378 0.0549185727522377 0.0180179583296819 0.0283091236912268 0.0204538000425128 0.2554940562143133 0.1740760611576778 0.0488913630459869 0.0023357941270190 0.0105288089505876
29    	0.001052301374550847 0.0724481809800602 0.0138563732517467 0.0194525408378161 0.0395174790183221 0.0473476407933430 0.0215602190391224 0.0287119807745355 0.0664343691293184 0.0420239883332675 0.1674175218184013 0.0640621314910529 0.0486203371181919 0.0177093843618492 0.0510742708651935 0.0468136350103553 0.0806746491967163 0.0688870163264076 0.0714759915497110 0.0064174950933157 0.0254947950112735
30    	0.0010494496093081617 0.0751684293431533 0.0115673888700809 0.0256563129741373 0.0473956121575622 0.0239021301520633 0.0249121629358838 0.0604120775087526 0.0304042869037789 0.0587260745749857 0.0627486508016339 0.0182206059314601 0.0512759983033688 0.1519298154270192 0.0542501052659630 0.0633986879419223 0.0919517326692001 0.0645281523561929 0.0500868174858947 0.0061254730564018 0.0273394853405453
31    	0.0010209319568813095 0.0401779889843648 0.0082126805340573 0.0111418346829552 0.0322801679396384 0.0060256597157701 0.0279324116057842 0.0367338893627181 0.0120220969174830 0.2089192199430877 0.0268878391260192 0.0111084253569436 0.0405629627411119 0.0096275562017474 0.0619567884058197 0.3486220672828932 0.0537057417387506 0.0371611619568938 0.0144821640256379 0.0037543771405520 0.0086849663377717
32    	0.0010180801916386242 0.0341419848678882 0.0052280951322916 0.0119375507735798 0.0318700654278236 0.0050195754724274 0.0159468668761280 0.0158042194948331 0.0126842691937217 0.3871668995485348 0.0259949641199779 0.0119426049536951 0.0390360116354345 0.0086704929338586 0.0501348693790381 0.2357686134231867 0.0453781045831912 0.0362706670453548 0.0173041637067389 0.0031620942898235 0.0065378871424726
33    	0.0010152284263959391 0.0757488387026002 0.0081148597279368 0.0501137975676230 0.0841544556894902 0.0104626518693807 0.0302547003242598 0.0470030525138117 0.0249762820611697 0.0879030455563039 0.0506008192590769 0.0221093157295349 0.0713011344776568 0.0080801596052899 0.1092211663952487 0.0703690442614519 0.1069001622006477 0.0817568037656376 0.0462941055636793 0.0008650400468636 0.0137705646823367
34    	0.0010123766611532538 0.0509374556663434 0.0086120614475784 0.0207763634359106 0.0599702519497301 0.0060848910911393 0.0181571021763865 0.0451080552779387 0.0185588577922020 0.1897046729018163 0.0457162562735682 0.0181710140375830 0.0498801560504044 0.0071923429533396 0.1204950674288856 0.1868155901017196 0.0584308782006032 0.0493203615313995 0.0348868299391255 0.0013206025982524 0.0098611891460735
35    	0.001000969600182513 0.0846452805707131 0.0219798841892135 0.0296172133441704 0.0399065717274267 0.0187959810818650 0.0518335830123225 0.0408564985823905 0.0204975573510908 0.0495187886775831 0.0513417268615386 0.0150911285222549 0.0625602171283092 0.0222193385761237 0.0519291451605308 0.0573913975837145 0.2299818208864387 0.0874599399892426 0.0396030209311002 0.0053481249283744 0.0194227808955967
36    	0.0009924143044544574 0.0439909879925332 0.0056275134431940 0.0151473770078212 0.0474159637569530 0.0051479570306126 0.0148091282172529 0.0264378184102411 0.0148946388687640 0.3253236574329841 0.0308636087818671 0.0141509624679916 0.0463014798450881 0.0057984481507262 0.0777218358579473 0.2116185202082036 0.0471930911814808 0.0400902883885422 0.0197924657032610 0.0025111481819723 0.0051631090725634
37    	0.0009838590087264017 0.0421204121336451 0.0090674567001054 0.0151857693682615 0.0473626362135806 0.0051527917264907 0.0160064342690587 0.0397157918876052 0.0121135882434022 0.2248187490085710 0.0304563170892432 0.0120144028727870 0.0414406378034304 0.0100400510228750 0.1045994022513863 0.2695556921923383 0.0520785504537135 0.0431546244996845 0.0166470030812865 0.0014957808353814 0.0069739083471535
38    	0.0009838590087264017 0.0933188433433326 0.0125721645083439 0.0477909921927364 0.0466047291654404 0.0091030440292693 0.0547413735781336 0.0235189269366581 0.0189521359850946 0.0523686343338874 0.0316907563550406 0.0139712811694614 0.0958203347732269 0.0207837525662072 0.0490957308621042 0.0415392386399806 0.2211330495228566 0.1190441701155174 0.0368619312044947 0.0014673382098046 0.0096215725084095
39    	0.0009696001825129756 0.0555012505651145 0.0118443616814197 0.0875619236936745 0.0497618679931745 0.0142147375161886 0.0522342992594461 0.0510918863282108 0.0205747872227501 0.0548628952277479 0.0352307492925489 0.0148479805386166 0.2738075327186757 0.0109348786112976 0.0440534736951143 0.0458097267382679 0.0785646847890674 0.0518166965992469 0.0252441574373738 0.0040857886976840 0.0179563213943802
40    	0.0009667484172702903 0.2389018304479099 0.0402572556263734 0.0162144653650933 0.0277922472069985 0.0151326799915714 0.0598822111570839 0.0144881720142388 0.0388704779953200 0.0241709820882307 0.0527080452444322 0.0203936765334205 0.0384023308690924 0.0192216044302950 0.0277450113559570 0.0256374316071379 0.1698096612110447 0.0837739490988817 0.0709495624459996 0.0029943335725950 0.0126540717383239
41    	0.0009667484172702903 0.0677981416648716 0.0212893763667308 0.0128244069898785 0.0202385569755850 0.0743450649246046 0.0141422156621183 0.0289513951650162 0.1137158060921685 0.0291204948362717 0.1244698159994529 0.0580725884247900 0.0392098937173866 0.0093043530841598 0.0337048328089086 0.0362750112976861 0.0660984868914218 0.0693938123455446 0.1144732609247938 0.0104368500370607 0.0561356357915500
42    	0.000949637825814179 0.0234438698475977 0.0040474593040463 0.0075315358273381 0.0191199279081076 0.0037189675034663 0.0099323901212589 0.0236336117867878 0.0078621677400394 0.3535977099964104 0.0194770753723656 0.0069941347260625 0.0304709607103236 0.0069299217969717 0.0437686190752149 0.3589611789171602 0.0358301721304612 0.0264989417260033 0.0118816964062228 0.0018299009541140 0.0044697581500478
43    	0.0009439342953288085 0.0466135122457177 0.0064759039582052 0.0326795973330358 0.0724994963549648 0.0038065403565584 0.0189079414461877 0.0364851173899942 0.0128262500561589 0.2558957387256186 0.0324600337461748 0.0122079894059789 0.0515681083173065 0.0075180371882594 0.1113779896025285 0.1704539104687850 0.0616649121822544 0.0420703660773066 0.0151366197062301 0.0022281018614933 0.0071238335772410
44    	0.0009439342953288085 0.0757217895688643 0.0085921360550367 0.0215402004529375 0.0383300267348511 0.0126999998373354 0.0249918821579092 0.0261067462047756 0.0224300239463439 0.0455745417120839 0.0497207215348557 0.0129855404631704 0.0354713057120754 0.3397667045217403 0.0444761888635259 0.0464386333050990 0.0833041880782520 0.0524906129394881 0.0436845001486682 0.0037868700064294 0.0118873877565579
45    	0.0009410825300861233 0.0706451939101752 0.0148955798625222 0.0289226551009818 0.0461712881753783 0.0112611783516320 0.0509134836211843 0.0547036167641013 0.0154653169257547 0.1053758112045301 0.0270376304240120 0.0140178171465825 0.0886564592653498 0.0102475343387791 0.0681496552274441 0.1332072148582489 0.1532711861817599 0.0671123112905064 0.0223696383903633 0.0034445331941662 0.0141318957665279
46    	0.0009382307648434381 0.0853276976335743 0.0129577301070131 0.0360933553527893 0.0446895384036100 0.0117208027627119 0.0437232784599278 0.0340926789145990 0.0189854034840539 0.0453104547442502 0.0494307205919876 0.0115442367134147 0.0474408751415419 0.2217973872015723 0.0504496891576715 0.0452497695408137 0.1270935942528483 0.0606417458819783 0.0378642900809908 0.0029937675091108 0.0125929840655407
47    	0.0009382307648434381 0.0307668265142421 0.0055857493796749 0.0080343905538536 0.0243645442455594 0.0070793010188051 0.0140341732683982 0.0287368102400927 0.0145990275793697 0.2652583304111916 0.0334392117791645 0.0137398554730712 0.0286933140520700 0.0087701186635917 0.0496676194649169 0.3597880989201810 0.0391402871487862 0.0329379477217726 0.0234347398191117 0.0041286302555889 0.0078010234905577
48    	0.0009296754691153824 0.0719804958136435 0.0118527175547807 0.0722612171656413 0.1388204546007991 0.0177472969671348 0.0258646887023409 0.0275770927468133 0.0612475669068669 0.0588024019495251 0.0689968059879603 0.0261752932307997 0.0531957477794345 0.0109762229063632 0.0673499264359457 0.0510378256300894 0.0736046504565934 0.0661602367226170 0.0743818755487661 0.0038870906918182 0.0180803922020669
49    	0.0009296754691153824 0.0268246374222323 0.0061010861160548 0.0076924106924922 0.0253642554076907 0.0048948606460268 0.0122838344291839 0.0281972043790782 0.0105658156656307 0.2859704508612584 0.0252278534060921 0.0095726089885410 0.0311498330094162 0.0051166409658754 0.0530538080894924 0.3849223889645156 0.0358969363028766 0.0275860681113772 0.0117910409983488 0.0017160623553398 0.0060722031884769
50    	0.0009239719386300119 0.0242692473660137 0.0039211550406304 0.0073476926017884 0.0248893912979782 0.0035641574119269 0.0085637601570703 0.0208284217266518 0.0101960973608434 0.4119627141947269 0.0210942679806605 0.0092075498752840 0.0291664519553612 0.0049841605652644 0.0531685803526391 0.2914154607259737 0.0312870538853753 0.0260063532784695 0.0112344904374346 0.0014300052978333 0.0054629884880746
51    	0.0009239719386300119 0.1007744602074555 0.0468368148083572 0.0236381651111866 0.0228642501628789 0.0163151792127193 0.0515341323992525 0.0206425333199290 0.0186767856777230 0.0394041473693373 0.0430578018133216 0.0144139274724366 0.0643839453566140 0.0146751487854710 0.0253744909473236 0.0401621339231047 0.3105135037740291 0.0898433087265765 0.0369464595161595 0.0034737223320629 0.0164690890840610
52    	0.0009211201733873267 0.0785181765275429 0.0085939728556623 0.0828021329224603 0.1060005803329282 0.0085805740115944 0.0553464180824015 0.0385900623012532 0.0162762906298537 0.0703717516311436 0.0289421940785066 0.0125870473952460 0.0839370765738585 0.0154997902797658 0.0691828696562041 0.0522387930066150 0.1516897637432876 0.0830062300830694 0.0247416965147619 0.0022162642510065 0.0108783151228385
53    	0.0009211201733873267 0.0314608292723106 0.0059554327437191 0.0101742545100578 0.0361468362036344 0.0042966907135833 0.0142665826323501 0.0325715544491381 0.0119079810437461 0.2974198459190625 0.0284831095742282 0.0117981386170170 0.0358693656040788 0.0058687175012596 0.0839752938511060 0.2923119240453914 0.0419633586955746 0.0315389629632505 0.0140581221559083 0.0038330758645340 0.0060999236400500
54    	0.0009182684081446415 0.0741607176024245 0.0143538594476637 0.0559569741996648 0.0523466823807834 0.0124985500853234 0.2563704822960799 0.0256634190193534 0.0164728036721813 0.0559344103430962 0.0345455151882186 0.0131832418402220 0.0662649666699501 0.0161518040920077 0.0422374821818101 0.0640429257833033 0.1038656567439831 0.0511808572933802 0.0275833207648323 0.0052461873163660 0.0119401430793560
55    	0.0009182684081446415 0.0723594139693765 0.0044328058940471 0.0744551398393618 0.0960499113746564 0.0061107007172972 0.0486291478920323 0.0402425531763843 0.0128650238774356 0.1202940580883996 0.0205752405964313 0.0099116876569186 0.0936699183407856 0.0133267115222131 0.0861382308070307 0.0969880415303986 0.1108874403907413 0.0628337470234659 0.0196192464926396 0.0010605448222070 0.0095504359881773
56    	0.000912564877659271 0.0629792703607581 0.0069047193395698 0.0732083306147784 0.1832367076760154 0.0097628866285828 0.0360964406307081 0.0483754941423652 0.0171680883157635 0.0689580177546081 0.0459263306571929 0.0166513085295048 0.0563623423421625 0.0104443171864296 0.1351440439426064 0.0556859922245862 0.0703034980472221 0.0508926408108444 0.0363596135047031 0.0023515417573252 0.0131884155342734
57    	0.0009097131124165858 0.0576027110241488 0.0165161916471709 0.0589103718251009 0.0413435683479482 0.0127426611307762 0.0550647761350926 0.0528822623866074 0.0166168695219538 0.0542317769244994 0.0271463736168397 0.0130081058627751 0.2324596488080959 0.0116709816784721 0.0467453092374443 0.0453610563270610 0.1533659904117473 0.0626671332642123 0.0204392198918730 0.0034868552254551 0.0177381367327261
58    	0.0009068613471739006 0.0636245677507303 0.0174745121934868 0.0161804543926114 0.0242543710672557 0.0817012283427269 0.0258077451929024 0.0310438748605432 0.0515691754441275 0.0320711570217917 0.0886955925920627 0.0321789700409137 0.0293045264821307 0.0169447785012943 0.0295473014773453 0.0573634721521387 0.0710672335716105 0.0563271631379395 0.0605369426254945 0.1408065209341885 0.0735004122187058
59    	0.0009068613471739006 0.0768454765729592 0.0127051778835305 0.0161692789643917 0.0442199829732531 0.0169845255564814 0.0158526128018107 0.0174606756212414 0.1111869892947307 0.0485445786445970 0.0812041555302294 0.0487837649589844 0.0451172383840696 0.0104358119682490 0.0428351254789883 0.0403821639765481 0.0912051688882056 0.1384316619372270 0.1240834867534860 0.0029612743536451 0.0145908494573719
60    	0.0009011578166885301 0.0447426492121331 0.0051602832930197 0.3273911637069582 0.2151786247265606 0.0061111241059785 0.0399189726396522 0.0258206189810098 0.0099332334771737 0.0379579420119929 0.0165406393701301 0.0074442598233030 0.0675861714815496 0.0091451482287297 0.0446982353605772 0.0278515393456594 0.0540002215886720 0.0348301658226816 0.0162172601896177 0.0019849511198799 0.0074867955147212
61    	0.0009011578166885301 0.0590889779667421 0.0066964786371763 0.0580842862411095 0.1129651742296496 0.0110526421659408 0.0223383573038282 0.0379080944616419 0.0361900736943324 0.1430511251365274 0.0525784525806369 0.0193178547493409 0.0585034255643904 0.0143995210596130 0.0783978731501967 0.0886580253663341 0.0688602299866637 0.0652160782887635 0.0488989970669227 0.0041749986610177 0.0136193336891720
62    	0.000898306051445845 0.0755611167855358 0.0045725792739600 0.1051722315126209 0.2169355609969713 0.0054979720983412 0.0369423879002105 0.0217032963301324 0.0129162733153645 0.0929892430834680 0.0315062136866501 0.0097916054801914 0.0579173855876675 0.0097414703132235 0.1025669913980685 0.0559158999890345 0.0703846147298473 0.0518357196171464 0.0296148500485529 0.0013479279365539 0.0070866599164595
63    	0.0008954542862031598 0.0407392190433105 0.0032376680027806 0.2222886587732744 0.3870001567197862 0.0043897255767284 0.0286130456301255 0.0125519734711436 0.0096883428546384 0.0375073098147037 0.0138686054159566 0.0062676151043215 0.0387245652007494 0.0096292813723538 0.0561307881507454 0.0243299172837836 0.0425980735170000 0.0299787294355501 0.0252708249276689 0.0010751125129200 0.0061103871924594
64    	0.0008926025209604746 0.2905990220933811 0.0199872430585855 0.0186384323485370 0.0331266783300582 0.0102260482926246 0.0513436042019047 0.0126408662850718 0.0173634171537246 0.0308005359638488 0.0310302664082677 0.0128665671015964 0.0409727034122909 0.0133483447638654 0.0328619611788522 0.0179378350985819 0.2332618134496866 0.0741375017974741 0.0474678820246943 0.0024477074552623 0.0089415695816921
65    	0.0008926025209604746 0.2339389774637738 0.0117529642075483 0.0161746330775776 0.0354537805281265 0.0106622678758466 0.0459244306445318 0.0108935332490087 0.0421636781219639 0.0191431245171117 0.0448921164844903 0.0234135207861535 0.0372857050107454 0.0114055464526468 0.0348565951687841 0.0200472287434178 0.1555821295627570 0.1601619406297624 0.0759622912391479 0.0023728358581849 0.0079127003784210
66    	0.0008840472252324189 0.0968109531424630 0.0073164963159763 0.1305780202627512 0.1674223240434766 0.0062961185099741 0.0553455005740423 0.0214702406844924 0.0137962245663408 0.0526987175015596 0.0241374612353420 0.0115116768823691 0.0689903099728550 0.0142303553651269 0.0646548522565970 0.0406825597950179 0.1114520588720645 0.0664317557800763 0.0356430547452610 0.0014861112834900 0.0090452082107240
67    	0.0008811954599897337 0.0333207159694173 0.0047089101084128 0.0129717651785207 0.0422763968882785 0.0042692904380289 0.0128600008137905 0.0280078073843389 0.0094104810010840 0.3722653268207379 0.0253998046275644 0.0110010672855495 0.0396326249512052 0.0041773107380327 0.0812443405744849 0.2282654273705148 0.0400923259006112 0.0322634418684403 0.0111451394817098 0.0009834502424249 0.0057043723568528
68    	0.0008811954599897337 0.0597087891023891 0.0072462775078506 0.0434766386565230 0.0820491772707714 0.0073540970378940 0.0321853317158198 0.0514278637473811 0.0149365379792940 0.1429406032604288 0.0438983521683972 0.0155615829330461 0.0554295062011974 0.0154381495538473 0.1347297981716787 0.1277794174845329 0.0742752913525992 0.0541189378096487 0.0252905996373377 0.0014056227930499 0.0107474256163130
69    	0.0008811954599897337 0.0815136518248454 0.0194052947909511 0.0193025291171832 0.0364421478145560 0.0156403272139297 0.0261851491347352 0.0176256988146449 0.0527423327954020 0.0424558198632381 0.0501993875978800 0.0271276951244588 0.0505196020398747 0.0147784399666964 0.0365445508925794 0.0357859795428468 0.1309966711163700 0.2587213318332707 0.0666286876302945 0.0037692803977551 0.0136154224884881
70    	0.0008754919295043632 0.0660342972447648 0.0082876486392071 0.0146294890160217 0.0391312907813299 0.0275068403694975 0.0135506623762935 0.0163940706690798 0.1485858292263936 0.0410152985803267 0.1534991106277332 0.0560098341757240 0.0202050564114120 0.0198821346733840 0.0420545295546607 0.0405723716197230 0.0588673525020748 0.0685342714818969 0.1454103058506444 0.0044216855282993 0.0154079206715330
71    	0.000872640164261678 0.1540177429243253 0.0068589615996262 0.0636534560246667 0.1399579215263907 0.0094722665008108 0.0527436247637706 0.0225197526976347 0.0209009046334543 0.0659495958711367 0.0504736779939019 0.0167090713782360 0.0391015151429383 0.0120064565577902 0.0766152424092569 0.0592034645352138 0.0787115217436822 0.0609769517840075 0.0564706993721589 0.0033250126090419 0.0103321599319563
72    	0.0008669366337763075 0.0471570471801747 0.0045669013648872 0.2313531100881047 0.3114649352397188 0.0056849027845083 0.0337716853499081 0.0300392301447406 0.0094969244267036 0.0401088149303508 0.0156395758934826 0.0063699283095034 0.0491294795637058 0.0098881393040966 0.0634563086444449 0.0297064317387932 0.0508635099704657 0.0325427365053542 0.0184640278204329 0.0017619596262025 0.0085343511144213
73    	0.0008669366337763075 0.0567216025325958 0.0014865172302295 0.2564187626689927 0.3387939019486891 0.0025717380967548 0.0303908941806310 0.0134995199501593 0.0077832011663610 0.0347410615709876 0.0113872018723264 0.0050957552956319 0.0470414836804255 0.0081602273794172 0.0543695778322058 0.0221290915787559 0.0530019151576425 0.0335788793278994 0.0182671867058730 0.0004133458161895 0.0041481360082322
74    	0.0008612331032909371 0.0678144192161929 0.0114807754306716 0.0514090153796015 0.0486129955647840 0.0103385812987364 0.3888686443534361 0.0197191536213543 0.0133985487723284 0.0425047614329018 0.0217071370725929 0.0101934966007070 0.0573151081870594 0.0129617724729942 0.0359894076853427 0.0462395084567914 0.0871840690631049 0.0406682776867288 0.0204496759037877 0.0033079548383725 0.0098366969625113
75    	0.0008526778075628814 0.0548733020904729 0.0046807621655925 0.1465765469744291 0.3766584898107528 0.0066278102538827 0.0320659236762301 0.0183723664457345 0.0125613759712434 0.0467392565871866 0.0200012696841105 0.0099401055413904 0.0377042710158436 0.0098651262072567 0.0624247881722404 0.0335037769172526 0.0491637056808669 0.0375387539944028 0.0301878567919297 0.0022581237671718 0.0082563882520102
76    	0.000846974277077511 0.0685921188096909 0.0095907616143187 0.0216777411937343 0.0676856015439960 0.0165129493073004 0.0380169407736835 0.0523559171582004 0.0248056315455129 0.0549851905747947 0.0553905287071467 0.0414781303470685 0.0499371808542017 0.0134632012538111 0.2421185990452386 0.0533592131317107 0.0652906465617758 0.0588381655428026 0.0448627953179886 0.0045853362429963 0.0164533504740274
77    	0.0008441225118348257 0.0604803554552902 0.0060619654357215 0.0189995622486260 0.0394583067584034 0.0606403703966106 0.0136733867694841 0.0190758583158851 0.0698445153724452 0.0224562587883647 0.1759560730548103 0.0383665249194111 0.0214461424182223 0.1521291986158861 0.0512400569010592 0.0461411677224764 0.0652229837152715 0.0500823991391662 0.0608774403788374 0.0038606260274013 0.0239868075666274
78    	0.0008441225118348257 0.0337149236594546 0.0029624997154102 0.3327570251718638 0.3352905987387181 0.0029342468477301 0.0304445039212014 0.0193055381534805 0.0056002960046669 0.0292565355016808 0.0093842157241568 0.0043715874635819 0.0446084451095421 0.0083289008939543 0.0386386429887409 0.0187055932569664 0.0394374746415855 0.0260471655266526 0.0119560011222673 0.0011385414375310 0.0051172641208151
79    	0.0008441225118348257 0.0664417422518176 0.0164722234447741 0.0294389287232497 0.0500063802795354 0.0749862741144769 0.0247635627610553 0.0787635984961114 0.0278872318534220 0.0402085946551444 0.0590841652652797 0.0189490802171675 0.0548468105105967 0.0123440956597412 0.0557207747615531 0.0502957601706749 0.0772377176277101 0.0592680513962075 0.0479450624544726 0.0080845086263544 0.1472554367306558
80    	0.0008412707465921405 0.0564979224313366 0.0097504279842939 0.0107874268308835 0.0416936536892310 0.0388998508865800 0.0095434484224789 0.0260948766002930 0.0967352991646898 0.0595287271369424 0.1862513897203956 0.0691405426910178 0.0337054482527294 0.0035527785645457 0.0665392930499197 0.0615297853248622 0.0527250923033167 0.0590799881114169 0.0856453864626748 0.0050785955953672 0.0272200667770255
81    	0.0008412707465921405 0.0663561028756347 0.0148775266354360 0.1442920429443749 0.0852107195348584 0.0224365188209226 0.0521142989348363 0.0521100081680514 0.0258022552818886 0.0488384590197877 0.0576679723972991 0.0165121501496272 0.0681830070921161 0.0146140265253520 0.0539307949915311 0.0471204948990066 0.0768439333566271 0.0542144080229408 0.0507345222677401 0.0060111514647632 0.0421296066172061
82    	0.0008355672161067701 0.0519989316389753 0.0110407128504725 0.0154978212489075 0.0385834358886795 0.0124122560959904 0.0232477104974793 0.0388808571377654 0.0192290200083832 0.1217022889364889 0.0449142093875115 0.0160105297510548 0.0356708920814379 0.0104742975588427 0.0506825228560860 0.3550250196589483 0.0537673179330806 0.0457783148129122 0.0333343537705210 0.0065475924022151 0.0152019154842478
83    	0.0008355672161067701 0.1787850527833476 0.0189561804681312 0.0177053024303151 0.0423210562077160 0.0421796214904574 0.0563508266705541 0.0436165639532831 0.0519303389621010 0.0327590295419370 0.0623637809109471 0.0252212655634407 0.0318729958278235 0.0165769363204955 0.0546536627100212 0.0552962950255594 0.0880360028995067 0.0686344087366522 0.0794786545837912 0.0066519170464657 0.0266101078674542
84    	0.0008355672161067701 0.0535318229004793 0.0069587016501039 0.0528072264259703 0.1092434224426081 0.0053617156843349 0.0326654201647733 0.0328213222197212 0.0153582715151451 0.2133238220472507 0.0319718374734873 0.0154605452716168 0.0647773724321770 0.0101641210490461 0.0864992080635742 0.1228906054281191 0.0635764349514792 0.0525531854445092 0.0209616816183966 0.0024251950194636 0.0066480881977439
85    	0.0008327154508640848 0.1291798218292203 0.0043041389900873 0.0153835048151765 0.0335324211401935 0.0070116019630353 0.0348124988280888 0.0115627153161345 0.0154291949539738 0.0291182283906635 0.0389917901367764 0.0089482007008744 0.0154565060272426 0.4226561866754098 0.0331360660002923 0.0326467565127435 0.0746448030987228 0.0461665352051202 0.0390755308646516 0.0019787571944453 0.0059647413571475
86    	0.0008327154508640848 0.0327460214620150 0.0155528371853550 0.0082965785942010 0.0090971991501965 0.2200732699458636 0.0094871653532081 0.0523368409831082 0.0379018207354411 0.0123081116987078 0.0683625600067297 0.0182904750784138 0.0166506828247815 0.0055237418450787 0.0157219385847257 0.0146213104843058 0.0368336120423878 0.0195143544911573 0.0405406311374377 0.0333523652286474 0.3327884831682383
87    	0.0008327154508640848 0.1776053699817870 0.0051758186300035 0.0544756839217467 0.0748159825645898 0.0067169305201457 0.0555716669928992 0.0155188478050847 0.0199852321866722 0.0538895428868057 0.0405111370622375 0.0151449067921502 0.0575822150184329 0.0163482006310872 0.0536264962424227 0.0382876633559321 0.1538793007192303 0.0970560760033184 0.0564744275138609 0.0010633729499489 0.0062711282216442
88    	0.0008298636856213996 0.0708647388118727 0.0083463005597924 0.0869711602777619 0.2805249173539827 0.0105883963825402 0.0395875278706448 0.0209685309484184 0.0226596410466608 0.0556176554045329 0.0455777816950680 0.0147758249349903 0.0391101543196940 0.0141583898403443 0.0739524609607004 0.0426143743206549 0.0609143409827332 0.0483522555923698 0.0485368189964473 0.0033239536037291 0.0125547760970620
89    	0.0008298636856213996 0.1483767806258855 0.0089765948946041 0.0171496273818895 0.0404421014869439 0.0115613458964412 0.0391360744808200 0.0137081462680632 0.0305765298966876 0.0322063937820218 0.0425778736094106 0.0115483212933114 0.0196251521754802 0.3190931784055879 0.0345121154960888 0.0337268280102813 0.0812970201416421 0.0533078791520798 0.0492885793292222 0.0034131378159437 0.0094763198575954
90    	0.0008241601551360292 0.0720630296348255 0.0098812103734665 0.0851182709232192 0.2101323029494027 0.0191005036719753 0.0246497057548550 0.0435769711729089 0.0250354582774325 0.0594369972935436 0.0549188123417210 0.0173976860838516 0.0460493412944133 0.0137889228588018 0.0671941610174131 0.0526273226051376 0.0622488906016943 0.0525182113119487 0.0533045391198630 0.0077350807941761 0.0232225819193502
91    	0.0008213083898933439 0.0402592044326371 0.0100915786624544 0.0060879562759615 0.0104378847572609 0.0566468247533221 0.0092831209101830 0.0110493436496461 0.1266247363914116 0.0130271592246235 0.4042873541897340 0.0699898231747957 0.0103396434452263 0.0093654778734255 0.0159906702486763 0.0154603600563845 0.0308663072969127 0.0352572490234274 0.1029213947436807 0.0056408115330299 0.0163730993572071
92    	0.0008127530941652883 0.0588294108534723 0.0138815600210503 0.0184440069528551 0.0487368724692717 0.0202094211623755 0.0203689887473485 0.0276930751598034 0.0515803328612767 0.1734698704406504 0.0727021560727377 0.0455007668396777 0.0523243061641941 0.0136760774636976 0.0626237957253697 0.1097080177499523 0.0637661343736946 0.0634663704080846 0.0561860398680337 0.0077974919479401 0.0190353047185139
93    	0.0008127530941652883 0.1560191866568817 0.0318177943209020 0.0197080649258059 0.0289176779165172 0.0093395507867743 0.0526928669395015 0.0145521313387665 0.0140083641471500 0.0246089220762042 0.0292579044367977 0.0110404972789521 0.0511243850707432 0.0158680195589763 0.0271522560502283 0.0282592994419711 0.3467679476909684 0.0932441799446396 0.0339891698691744 0.0024676593021138 0.0091641222469317
94    	0.000809901328922603 0.1219927134696514 0.0066256710848566 0.0421730370900955 0.0641654718096322 0.0114643758983747 0.0360331554051643 0.0223377872333636 0.0556107530740425 0.0649188692197779 0.0592722153967140 0.0328407760817535 0.0569746377906071 0.0132862377974648 0.0762811706999103 0.0529936350982904 0.0977128315864723 0.0951875981785609 0.0790489628544784 0.0007217587959187 0.0103583414348708
95    	0.0008070495636799179 0.0726847892861878 0.0010538431531183 0.0272016653813558 0.0684450049380382 0.0223776439326965 0.0152418974967691 0.0467586949840668 0.0625299070524464 0.0783328250912005 0.0750805052949605 0.0374855036207981 0.0480718239505836 0.0180652678763135 0.0702220048607655 0.0834645644359331 0.0818181611164206 0.0867637986968764 0.0773008182876566 0.0062917149383586 0.0208095656054538
96    	0.0008070495636799179 0.3560924515578815 0.0255872891793602 0.0135007877465301 0.0240258117754524 0.0072966713977184 0.0473689545513003 0.0080050773101395 0.0127107694477236 0.0150742048789383 0.0233759891448479 0.0091420765201944 0.0278780667750812 0.0122445855081326 0.0229224581641745 0.0134230835038595 0.2713441771548163 0.0617767916309627 0.0402591567492020 0.0017405446300834 0.0062310523736011
