# This script is generated automatically.
# Vector of amino acid stationary distributions.
distributions <- [
              [0.09298080440537063, 0.015984998072404544, 0.04509718986965727, 0.05810572473987585, 0.018068110229102503, 0.051792665681289984, 0.04255713156421219, 0.027051368789811715, 0.058598940252332886, 0.05702070032486001, 0.01809419600188684, 0.06513885081812724, 0.023229692363393242, 0.059548802930563305, 0.06161031973847486, 0.1471947267467694, 0.08285553241811865, 0.05224193176638759, 0.0043230457308273485, 0.01850526755653367]
            , [0.0684555914628063, 0.017539611250960433, 0.025152089606720784, 0.04853456551690707, 0.06084391725496907, 0.025079732566264452, 0.064232091551237, 0.049991367694641804, 0.056920296318312275, 0.07947678122139079, 0.027800549883907726, 0.05542255361504003, 0.014868667517063136, 0.06021285512127694, 0.06802098167865726, 0.07866582790011195, 0.062061528907943884, 0.05920623551912068, 0.01410413735357521, 0.06341061805909322]
            , [0.06773146278437386, 0.007991376259684206, 0.040028913468835976, 0.07022034300645699, 0.014250774658998544, 0.024077866928153658, 0.047057934586845006, 0.0410458534466011, 0.11848740059756599, 0.06182287245145679, 0.021346552321318997, 0.05854976454614773, 0.015101883735660277, 0.07710183746190213, 0.10547016410764264, 0.08270903638777484, 0.0742502621942221, 0.052674021855570845, 0.0041095550638028545, 0.015972124136985365]
            , [0.05879897855537397, 0.009018632887041795, 0.022740670299099243, 0.05862119863798474, 0.01201758447020129, 0.025475411889312936, 0.04627619519598508, 0.023922690763866626, 0.17067542748335954, 0.05364660810959543, 0.019778214938816024, 0.05250733009724475, 0.011407687420239634, 0.07928582377444196, 0.17229784964457717, 0.06844253825938572, 0.055534533131230385, 0.04055482000166775, 0.0049279859261856735, 0.014069818514390257]
            , [0.07390313911520713, 0.011646460636589922, 0.019520371792818413, 0.053334432952824605, 0.024428209475222736, 0.016211031749967925, 0.02432598932716462, 0.10036797854205075, 0.059315566527249036, 0.09529476562014044, 0.051349335214630164, 0.04416777542047417, 0.01051316063767342, 0.06001211339672079, 0.058641888723089605, 0.07453151507577337, 0.08540332486426049, 0.11511598985858959, 0.0037907637352681245, 0.018126187334284876]
            , [0.056223870581292495, 0.012138674179520543, 0.03678548553069836, 0.044923866851764284, 0.041369958388053824, 0.022780115407571997, 0.18730087598342088, 0.020180620568456875, 0.05129020775311604, 0.055860416447071196, 0.016081001607548783, 0.06922508559943014, 0.013411959674740818, 0.07400207901389673, 0.06501769715818571, 0.07076208128275738, 0.04833577390973931, 0.03837978963939863, 0.006274422793390082, 0.06965601762994605]
            , [0.05123704361397469, 0.007561951102031082, 0.022597758320060668, 0.055785612269078834, 0.007084632148427083, 0.03166076414277101, 0.041505613610677276, 0.015150382007424471, 0.21783843903947062, 0.0378014982783261, 0.014415781820493719, 0.05492854580763343, 0.009654913595975105, 0.0849984012097628, 0.1992213474013059, 0.06572959733320753, 0.05100644827534329, 0.02028842770713229, 0.0026087685576508405, 0.008924073759253451]
            , [0.05756378327467253, 0.0036797978332798967, 0.18056126295078373, 0.28301920795893115, 0.005128015102392367, 0.035684853608607, 0.026643571856212935, 0.010635158105118652, 0.060070125741194566, 0.0171878264035945, 0.008039150134601188, 0.053518847846288846, 0.010641141369074974, 0.07683866631415648, 0.037118301172068824, 0.0584511779374629, 0.040523973805948896, 0.02628426372183763, 0.0011433570453681396, 0.007267517818404699]
            , [0.0544961203328697, 0.009727244050741367, 0.016804236925204486, 0.04337464605257296, 0.01154657872209959, 0.025612713882961, 0.045825158686700965, 0.019569689940600613, 0.14722095994543502, 0.04714945162331736, 0.016232345964777947, 0.04340999425164749, 0.010681196498133592, 0.06509905683947913, 0.2821548096137221, 0.061020481324278335, 0.0473238127605907, 0.03371682628797552, 0.005152637870343863, 0.013882038426548213]
            , [0.08555640540243598, 0.010642699773398446, 0.025322895095904005, 0.04881933554535914, 0.0158897694789089, 0.02642818604725477, 0.024227888194964655, 0.051262700345311274, 0.0570130524817129, 0.054162142840534, 0.023311546019895102, 0.06261892924262621, 0.013182501074084228, 0.0520304914277319, 0.052913765232012404, 0.13525947011330802, 0.1803752156976683, 0.06296800451374299, 0.003274042378438139, 0.014740959094708815]
            , [0.05890314146071404, 0.005576547595077081, 0.17286769082079748, 0.20060015670487125, 0.008398301209467942, 0.0413839691038642, 0.03868995732562701, 0.01355229146565276, 0.06015377580341542, 0.03148974866331821, 0.010903929718066013, 0.06707638614723979, 0.01224432616831017, 0.0718029072595213, 0.04363466418668652, 0.06776387898372659, 0.047154960696566606, 0.03408420695252407, 0.002078266814307877, 0.011640892920245836]
            , [0.09563605080042145, 0.016394085268333386, 0.043328327335200756, 0.04412458355996108, 0.012865092836723421, 0.06375575761169439, 0.03607065700200086, 0.017674776168460842, 0.04830467229859074, 0.03813871856296901, 0.014321101363034373, 0.07483350991575503, 0.017062277372439323, 0.048333907889295154, 0.04974620725896459, 0.23445844512146344, 0.09489862423663312, 0.03349397594319169, 0.0030529181219260217, 0.013506311332941298]
            , [0.06429799363626242, 0.010458580553632798, 0.014837290149717889, 0.04743393044322699, 0.04283782019334323, 0.015365848999690256, 0.04536028348220626, 0.0657277762846675, 0.056467503826312944, 0.17161488604488842, 0.06286363389883302, 0.04386304890164682, 0.007691755047319458, 0.06875951143052073, 0.06340016482553441, 0.06545549147848637, 0.05763115784555781, 0.06520338844529501, 0.00557530944030015, 0.025154625072557498]
            , [0.04128320722908028, 0.007481781484961525, 0.013014280820132805, 0.03715152158082907, 0.009461790507452052, 0.015307607905910594, 0.037664862464134204, 0.018339999151635346, 0.25897770790664115, 0.04067251081918361, 0.015708578635626316, 0.041833434326689616, 0.008770516160442752, 0.060225165844723275, 0.2556880725686998, 0.049041360330715315, 0.04294894450068919, 0.031251314453313174, 0.003910202148270012, 0.011267141160869465]
            , [0.06890902497879536, 0.005183066560273579, 0.07289851004812543, 0.14734466167580282, 0.007223806955711052, 0.023400505305475838, 0.03803893949182757, 0.01804737244391509, 0.12084466396514344, 0.04243341506637353, 0.01451809913665441, 0.05999392380433966, 0.007787514640825972, 0.10068970485810191, 0.08732511439132289, 0.07582088744789449, 0.06043842080919925, 0.03814480073794489, 0.0017157006779914487, 0.009241867004281238]
            , [0.06559071194387348, 0.008900283038049414, 0.010992843669800684, 0.031755414461056466, 0.03835339059379519, 0.01166315453894294, 0.015369669679668982, 0.141435646065105, 0.0388218975685814, 0.17090055506971785, 0.07166472905410186, 0.020512823262433904, 0.008360013873388125, 0.04587857701359191, 0.04050746097418726, 0.05454178962321067, 0.06879429941718784, 0.13870587690668135, 0.003139962748119098, 0.014110900498506662]
            , [0.03278292249753544, 0.0056334539105467474, 0.008722191741056975, 0.02825239748456808, 0.005607565892524031, 0.014349576239936322, 0.0300123633651818, 0.012322897321427594, 0.28979488246525364, 0.0306445114108973, 0.011264256647840271, 0.03349716644039201, 0.006800886046690628, 0.05610708059639735, 0.3333133188036377, 0.04170958008759872, 0.0339191846464588, 0.016211717331750784, 0.0025520037195031495, 0.006502043350802666]
            , [0.04882550926627977, 0.002840739275410301, 0.24677672847766655, 0.32440480627575446, 0.003977990427717113, 0.03397708649387084, 0.0218688084428792, 0.007459747443628328, 0.041428936941187856, 0.012887244093479343, 0.005692204588106215, 0.047972130916663795, 0.008283184662228191, 0.05928727689073251, 0.027619080192081317, 0.047808021058371994, 0.030425477110720786, 0.021570864717476726, 0.001037059550031753, 0.005857103175713097]
            , [0.06590939555101714, 0.009964249834243748, 0.039411800289855775, 0.0823364524994448, 0.015907756672945642, 0.02533420253340641, 0.06408016065606764, 0.025156032100621534, 0.07270424015337643, 0.06274500709297758, 0.02597258769880216, 0.05646469329105123, 0.015257366234007334, 0.17215344948425051, 0.07017276356039391, 0.07029367054786323, 0.057636471411137154, 0.04602972765773847, 0.004067429091893011, 0.018402543638906334]
            , [0.18596023059134847, 0.01899918246802753, 0.021386331470626293, 0.0438626602891754, 0.013492379969964503, 0.0636025675261379, 0.018208031393378732, 0.029135576907396675, 0.040538960778393064, 0.048383105141020136, 0.01711784398669127, 0.04874871008658236, 0.017909007001422766, 0.04337167833729302, 0.04170009470680733, 0.18662255620842425, 0.08668362978076727, 0.05887740570325783, 0.003092596253616346, 0.012307451399668996]
            , [0.07518935206938974, 0.00825992506674351, 0.07808470623536773, 0.17364263256989645, 0.015320125982158346, 0.02424884846058227, 0.039942146984131253, 0.04229590258459199, 0.06362552484722085, 0.06282126421962149, 0.0198748555360474, 0.047623733886035545, 0.013667687636512547, 0.07756007001677481, 0.0555507933922009, 0.06596880257826086, 0.056834954139471344, 0.058459679331796355, 0.004020012025184738, 0.017008982438012174]
            , [0.06432803789861717, 0.01538344333588562, 0.015699709837360572, 0.04352525668131367, 0.022382933751959714, 0.029384163786223386, 0.05741631653194477, 0.036254857752487865, 0.08437947080060523, 0.0661736989002446, 0.019322751991217413, 0.045610805092715416, 0.01124453679633584, 0.06643350553569004, 0.2019222704550114, 0.06851476150812011, 0.05632998476298389, 0.05027269580919541, 0.010006051977811311, 0.035414746794276634]
            , [0.07486730588298195, 0.007210912936729469, 0.02376542935328223, 0.04104245474213298, 0.012200264142356226, 0.01882622607462495, 0.022195905280951177, 0.023885499828652294, 0.047441877666988354, 0.05206649805810227, 0.01345219202481735, 0.03445036903216882, 0.3408787271828466, 0.054040796943380424, 0.04710626300569327, 0.07796672727831706, 0.052107202865001756, 0.04226814744656506, 0.0030843771979400967, 0.011142823056467669]
            , [0.10176132845993123, 0.00552820860539091, 0.057377929010080986, 0.08487137322574424, 0.0061757282845873625, 0.04996598546694397, 0.03382712329955331, 0.014592283342369929, 0.08772701968330891, 0.03265175108383448, 0.013204504367418893, 0.0837316799245218, 0.010001687036297346, 0.08689617000851303, 0.06298309138322893, 0.14255619404611608, 0.0841801784609639, 0.032598607773874584, 0.0010051546264494963, 0.008364001910870571]
            , [0.06007260312768353, 0.013905326974501279, 0.018450243348592254, 0.026248980925711204, 0.10509351094652893, 0.017070119923907737, 0.08079529719297988, 0.037630369259752466, 0.037308721023674274, 0.06846895071577297, 0.02062905389017932, 0.054140957058359036, 0.009047266218165258, 0.05233891208180818, 0.05074873816978616, 0.06975009219703242, 0.055740166232451045, 0.049510385821989245, 0.010877402927151624, 0.1621729019639731]
            , [0.04029898205106037, 0.005967613730806965, 0.01598307443889993, 0.04995565677276808, 0.004225802665749184, 0.016290622487055737, 0.03799032455166408, 0.011690933434800745, 0.2665560705051768, 0.02977961133235802, 0.011486944360221334, 0.048157016399431096, 0.005666949125029517, 0.09140851051037586, 0.24757794488386195, 0.052879926321751106, 0.04127925724530275, 0.014766836348153326, 0.0018349814456942765, 0.006202941389838947]
            , [0.08276028760821649, 0.008822080165451277, 0.04503752963884913, 0.06022355893842529, 0.013516872992115783, 0.04030234087760379, 0.04165388551928704, 0.023012295607235733, 0.05703672930679414, 0.05219428268906994, 0.013931747719095482, 0.04845409783247855, 0.17919344222075478, 0.06131548332256899, 0.05521138348683565, 0.09431387537280969, 0.06078668786252966, 0.04455491652027013, 0.003846316209886895, 0.013832186109721673]
            , [0.025580366392487452, 0.003942688536154473, 0.007438910749712596, 0.025807812767490553, 0.003678572870328741, 0.010254130006868046, 0.022659745092362765, 0.008972670511538786, 0.3801482246700329, 0.022798010872409395, 0.008940365430340973, 0.03189733899123034, 0.004761432239243613, 0.051740926750759045, 0.307073945224883, 0.035905096402075794, 0.02919769227359206, 0.012809721845257842, 0.0016970630724812428, 0.004695285300750227]
            , [0.05926983253824647, 0.011183777787321877, 0.009809811295245876, 0.018322510829399855, 0.05396224042557723, 0.013230827421020955, 0.021805089583653556, 0.07787758098769225, 0.031577860733535454, 0.28591219083770625, 0.08751699654260385, 0.01929197001917117, 0.009203736948641898, 0.047821069315041126, 0.04182045665172619, 0.0522621783500136, 0.050821585011683906, 0.07701952325161983, 0.006646521121117785, 0.02464424034898113]
            , [0.06239153703713847, 0.014569006781701387, 0.06250912541502651, 0.04910874205323961, 0.01906716921660004, 0.053469094893127476, 0.063988390270395, 0.02197171714060445, 0.05721860055126577, 0.04748548206731727, 0.016029196351634467, 0.1622205350504424, 0.01221949666850709, 0.058953755793835876, 0.05315413422446897, 0.11022192863713064, 0.06580408244973864, 0.03719740147687101, 0.004640933513225828, 0.027779670407729128]
            , [0.12140359364022256, 0.017332973974622336, 0.01575345617630528, 0.01853190753979528, 0.013593357464784298, 0.0446491065080632, 0.014486685714048847, 0.04254294616134337, 0.026338620319764285, 0.04661843065871512, 0.018721605403289175, 0.054723425063137064, 0.01663002146471735, 0.02288177649991507, 0.023554573019431063, 0.2450075344264857, 0.18403135412514146, 0.05940046240120707, 0.0027782716314482068, 0.011019897807563208]
            , [0.03638062453182616, 0.004956139332791751, 0.01074534324353101, 0.0357764054340587, 0.005140101267045043, 0.015433273923680175, 0.022812325126009593, 0.014147931810583395, 0.37652037116417125, 0.02946135192005261, 0.0128616413047013, 0.03942635007718367, 0.006395645756752581, 0.0585832586651556, 0.21593217234889292, 0.04308820713953186, 0.03828922670482919, 0.02597067556213812, 0.00209213497885134, 0.005986819708213573]
            , [0.039589308008169975, 0.007321454700420292, 0.011169879618449237, 0.0324390773765571, 0.007300626906639575, 0.021484325949816262, 0.04215779713622568, 0.01315386085206304, 0.19482019272480902, 0.035018034295100205, 0.012489826303313018, 0.041375168568584704, 0.007788885000771999, 0.06498193103787367, 0.35095876054731856, 0.04965542659028858, 0.03831553404341724, 0.016239364441866366, 0.0037391106386784594, 0.010001435259637214]
            , [0.04973792888989304, 0.003979811179073645, 0.27809786903180383, 0.2223385998292349, 0.006030695518668796, 0.03932343879714896, 0.02874188809105425, 0.010000497827268157, 0.044426756275108094, 0.01795842184657845, 0.0074447615900445465, 0.0698809790520334, 0.011697932006268723, 0.05289006966052341, 0.031083250624155772, 0.05968079532400763, 0.03886543824941324, 0.01884235010627964, 0.0013428377357094987, 0.007635678365731876]
            , [0.33256356425775, 0.01910549774896048, 0.01644647785511708, 0.03508201451525259, 0.011787121072785267, 0.06135001673371227, 0.012952254117883685, 0.03592111467492785, 0.02289170930690169, 0.04456493698297913, 0.01648368467639722, 0.02264364530883828, 0.01597673706985765, 0.023471689255762276, 0.019366880058457072, 0.14804657427583925, 0.0802922676767596, 0.0687269410654848, 0.0028179893069758487, 0.009508884039358002]
            , [0.06829575555878302, 0.006268090658851643, 0.09758538338801175, 0.29254069409585165, 0.008759557334344128, 0.03249704653850449, 0.022392909947768904, 0.01903210753761656, 0.05717801289921425, 0.043969973384811824, 0.013157930600554259, 0.03957763418829898, 0.012436303471574317, 0.07927208848017091, 0.04365575804258082, 0.057354894738492375, 0.04910503470053348, 0.043531673957139985, 0.002654275163440099, 0.01073487531345662]
            , [0.14637577155437462, 0.0069038545039917945, 0.03858369476119153, 0.0684738707403957, 0.011050465428734205, 0.0400280398485288, 0.019537413524538205, 0.0522960964151552, 0.059956111425373465, 0.06504791859927397, 0.03514946642107631, 0.046640627802954, 0.013761137144771566, 0.0704403153300663, 0.051282989342682085, 0.09873341440445633, 0.08471368938206786, 0.08000091552908839, 0.001406240127237232, 0.009617967714042655]
            , [0.08526658613485714, 0.004255113039764544, 0.01353908536702195, 0.02694423477676776, 0.005524421922116378, 0.021773959194692882, 0.01016728249020808, 0.011714568700037398, 0.02727260315200778, 0.030696392410013186, 0.006425925390772084, 0.012314899071153039, 0.5541822817631289, 0.029588157949441907, 0.025875788537843863, 0.06120800611229919, 0.0375521743520408, 0.02903253661359718, 0.0016808259590861256, 0.004985157063149694]
            , [0.038417244172224745, 0.002184112976066053, 0.30004262414329647, 0.3523468536532533, 0.002904394821859151, 0.029151912925840316, 0.017930287397782563, 0.0055421214383832886, 0.03383542568348463, 0.009832088781260268, 0.004274668995884722, 0.04376668529898262, 0.006736513786095467, 0.047433659254905766, 0.018787353506438953, 0.04019782145779844, 0.027341925517635746, 0.013540042867845586, 0.0008909138021272429, 0.0048433495188346205]
            , [0.09123829706256778, 0.006661901072640445, 0.11946403001230582, 0.14060081100759533, 0.007011163069181141, 0.05851649675464443, 0.02427817617817224, 0.013121503765095584, 0.06032282713731618, 0.022373001668590534, 0.010345856864376848, 0.06919453063085776, 0.03266752451107531, 0.06466360697290441, 0.04976055226340886, 0.11682725086088765, 0.06923652461827111, 0.03305487469753577, 0.0017840603124485142, 0.008877010540124346]
            , [0.23138987188988966, 0.03608449749201229, 0.015049690669989615, 0.020531507145335914, 0.011574946047576537, 0.06187907671367189, 0.014424838947129247, 0.017111572534858767, 0.019460305580472823, 0.03609660964879159, 0.0132752762512738, 0.04599863599285043, 0.015337669546619807, 0.02831877858924409, 0.01905227307225182, 0.2706197368197311, 0.08557808064811175, 0.04559895294387137, 0.002449792068246091, 0.010167887398071378]
            , [0.021032465489152163, 0.0030167715043990244, 0.005509953713456777, 0.019965661465276254, 0.0023136620814192725, 0.009303925692489124, 0.02027220087267163, 0.0068935756154932006, 0.38740576537477633, 0.017091068686167166, 0.006818383666811012, 0.030749710778111842, 0.0036986462118296405, 0.044173384693912854, 0.3511214588695318, 0.030847414059287714, 0.02634463287232924, 0.009143276209010408, 0.001036410060405622, 0.0032616320834691977]
            , [0.07001136400083133, 0.005654126184235997, 0.0179452195631302, 0.037668816720161265, 0.007662557896635136, 0.022948266486105554, 0.018107223877038833, 0.01378231581051385, 0.03805815942625281, 0.040643966939435325, 0.008638765492605054, 0.02482622962559762, 0.4594372137185073, 0.04085151357147509, 0.036864134460215144, 0.07123752918418537, 0.04491353130581103, 0.031213427996940428, 0.0024551393483458056, 0.007080498391976578]
            , [0.07704998065085589, 0.007613032053592581, 0.024586725040546903, 0.04922645692821373, 0.0069302144769396185, 0.04547570566010625, 0.03589220536887032, 0.015273242336852394, 0.13377420186552755, 0.03287342001491302, 0.013184479166916743, 0.0706989515330842, 0.009562259061468036, 0.06640395574301168, 0.13334243498834025, 0.15142201405055786, 0.08585837343905633, 0.031204464371774036, 0.0018012102381852963, 0.007826673011187227]
            , [0.07175389509589257, 0.014863800198489204, 0.04986482886257799, 0.03781852677989478, 0.009783247494702723, 0.05854661049987012, 0.0472503625137659, 0.015915914792065475, 0.04830628396545694, 0.02188324115051053, 0.011042665259759409, 0.17958806114653272, 0.011796360873410135, 0.047029999613887895, 0.04302150306938529, 0.20723822277251275, 0.08596724356492133, 0.023023485882173712, 0.002178668620106545, 0.013127077844083825]
            , [0.17469156389070595, 0.005765837524822631, 0.03507291961831613, 0.05202305247992399, 0.005824005189973743, 0.052790320679002314, 0.014270998264021657, 0.01670036345043582, 0.04643226326225454, 0.03518334423418075, 0.013839300358656811, 0.06674740842082524, 0.01319961568045427, 0.05542593020279251, 0.03719420287857814, 0.1977972444256418, 0.12571605207335723, 0.044606630520594534, 0.0009683334220996978, 0.005750613423362003]
            , [0.037153700193667566, 0.007906322928998828, 0.0037382408559403267, 0.0077418258301596215, 0.05089691694001409, 0.006402037128360395, 0.008632389574699419, 0.15783284425942198, 0.011002722729053562, 0.38637476874749055, 0.09225772829184575, 0.007696708491156118, 0.0058088262143994734, 0.014439139702364212, 0.012937551955270177, 0.0248659312116472, 0.03362041476436408, 0.11071359286177329, 0.003959367238360614, 0.016018970081012697]
            , [0.059460825712622026, 0.0037041725509056726, 0.06516719692545177, 0.13311886204047724, 0.004357539505982304, 0.028966811414742926, 0.03205589359314244, 0.01344026271007818, 0.18920535221716756, 0.028058220845460363, 0.011321730983471084, 0.06377869039529944, 0.007788091676408006, 0.09198931508172423, 0.128843722050959, 0.06127204690577021, 0.04960159174550903, 0.019746970084685657, 0.0016191916746548926, 0.006503511885487918]
            , [0.06281521161042175, 0.007683658268444318, 0.022369973093187147, 0.06284700616635923, 0.00995777089369568, 0.024058664814468844, 0.03200692792785415, 0.03354555662249316, 0.23879006340528192, 0.04951823015959049, 0.020034060519637232, 0.059916581927597135, 0.014062937913755659, 0.06543140327360633, 0.10541070306041384, 0.06931232170309247, 0.06568137195260737, 0.042697400775260304, 0.0031905734171239035, 0.010669582495109313]
            , [0.15766077258810468, 0.004666031430398238, 0.02128520211208805, 0.04925878197796974, 0.009604945941754098, 0.039534087059649635, 0.014449643123870148, 0.03570439168281386, 0.04283109267993024, 0.052092226852093096, 0.013680063001924467, 0.032386534348823326, 0.20383594678323333, 0.05096383162122091, 0.03917813050693004, 0.0985250069396323, 0.06678814298273457, 0.05818508742573241, 0.0016982923525531185, 0.007671788588543513]
            , [0.04796822017094425, 0.009462389981191775, 0.006453458586547399, 0.014396157536292245, 0.04727523599904742, 0.008472873871226942, 0.01364463093827198, 0.15629222667416331, 0.02136173135021275, 0.28486122196236646, 0.08049543398695566, 0.01375649325541544, 0.006737554172757202, 0.034672182380880996, 0.02993345582503189, 0.03865352861438341, 0.0498519632553309, 0.115021203833349, 0.003979903405987163, 0.016710134199643845]
            , [0.07577304116562035, 0.011776923008128742, 0.014794757414549284, 0.018207926395804142, 0.008681749998604927, 0.035104022136671055, 0.012176592426151196, 0.030181769931973926, 0.03268578606519927, 0.03146376410396035, 0.01406707894668675, 0.05303319010341569, 0.01017997682989579, 0.03112567884687273, 0.029863835891676033, 0.2550890212979002, 0.2863885138750372, 0.0390321317293685, 0.0020659593606341268, 0.008308280471849932]
            , [0.04250768985194975, 0.0024927585056534777, 0.1905124214321426, 0.4328117997286566, 0.003088154758568753, 0.02726409449185761, 0.012509377758844194, 0.006707897612237113, 0.039862864521588, 0.0121343742284085, 0.00555203273582203, 0.03657066251711904, 0.005654858064965181, 0.0682515763434514, 0.02286451819892967, 0.03893222659264564, 0.02741776733798569, 0.019603639962711913, 0.0007570277585176952, 0.004504257597945008]
            , [0.09588501254587765, 0.01498875363999321, 0.04353054690785768, 0.04534341859944002, 0.01455997142733151, 0.2797315695267649, 0.02143833297222324, 0.017133671057803026, 0.04570375376856021, 0.039686333952947635, 0.013485513136374397, 0.05459548065201045, 0.016039801181908845, 0.03696879560355125, 0.050766233296105585, 0.09900268521512887, 0.05046644424819934, 0.04179488025213154, 0.0058105637991642065, 0.013068238216626489]
            , [0.03210907500661591, 0.01547300688521614, 0.007696907198928646, 0.008928317270310049, 0.22541136900178826, 0.009128789467727137, 0.06419109065020244, 0.035646735347950084, 0.011301325203867006, 0.06258566033642003, 0.014539821819395154, 0.016822492702099456, 0.005455091221815816, 0.014701718105900567, 0.01623146718899161, 0.0385057678743963, 0.021322445347103577, 0.039514746584762415, 0.02872107288023282, 0.3317130999062767]
            , [0.05765277253432727, 0.003985844787263254, 0.0979537667949589, 0.23356937856627927, 0.00471569065340874, 0.03070281363238433, 0.026798470376180383, 0.012782728975699367, 0.12647063686240395, 0.03080546049102086, 0.009867742766257842, 0.05354654360241535, 0.006897807944292974, 0.09248777776375841, 0.0721341166489607, 0.0544362999895858, 0.04676661496022727, 0.03051535917646868, 0.0013994721754987123, 0.006510701298607675]
            , [0.04245459192748944, 0.004085952875624766, 0.37584008060525087, 0.208839928542329, 0.004099051916196394, 0.03631929367903189, 0.024167264409964542, 0.006461482966938957, 0.033775079924887416, 0.010738874363506196, 0.005400205482615333, 0.0759180865698887, 0.008534916919923353, 0.04009035558326065, 0.021779923105296674, 0.05292722640474202, 0.030126869473040153, 0.01123395364849185, 0.0010912760150817602, 0.006115585586440129]
            , [0.054592142010855285, 0.006433575524417243, 0.03296084441010905, 0.08882558723124444, 0.0064509443545632435, 0.016127271749272303, 0.05135015809298318, 0.014564426005316336, 0.1589899520896351, 0.0465233492562571, 0.01609349098750581, 0.04928528699237845, 0.007636739776223804, 0.1646865263905703, 0.13602338830744268, 0.057923508528250116, 0.04770544552045997, 0.0323618690951891, 0.002103176325225781, 0.00936231735210052]
            , [0.10502184273466084, 0.021049073030863657, 0.012651633554703112, 0.02324788561449752, 0.03662912186883617, 0.019587479971678885, 0.015533490866482131, 0.11237740757344908, 0.027274699589595837, 0.08590323023356504, 0.049244944960787074, 0.03482027942482787, 0.011605089096430328, 0.032537463579023866, 0.0366074641140661, 0.06953946468276134, 0.07698282706404667, 0.20864921314547435, 0.003713160219760678, 0.017024228674489317]
            , [0.17892385831082083, 0.015247887710935758, 0.011341308967142924, 0.01950576340953425, 0.012788425794396116, 0.033715838214680834, 0.010542109480255964, 0.06937445386645741, 0.019097341909139177, 0.059044413476263685, 0.040446383509718443, 0.036771106537317126, 0.015508917662121036, 0.01936451197479702, 0.016485821438026675, 0.13050619336639124, 0.17542946700399387, 0.12528072890040232, 0.0020870067422888807, 0.00853846172531626]
            , [0.09722900557010852, 0.014591703396716501, 0.05444284907155708, 0.057742295828669105, 0.016671649625118502, 0.17048788987678928, 0.025381357219577547, 0.0200122915001527, 0.05706767236842404, 0.049743392712076735, 0.016568890994162366, 0.05884580248079773, 0.015640742206200525, 0.049658259993702776, 0.06425029777125547, 0.10460805302742017, 0.059716149173195905, 0.04595695524523583, 0.005951803138917225, 0.01543293879992216]
            , [0.06155483499369694, 0.0037740821447435177, 0.04020230679209167, 0.08767296741955356, 0.003512116532900772, 0.028456043944383804, 0.032672289846874626, 0.010325609907923168, 0.21973831165824345, 0.03127130860122829, 0.011105417421348615, 0.055369340502763424, 0.0038949920655768026, 0.11055015585626772, 0.16702574451770497, 0.06350044431677801, 0.04811827555933484, 0.015173467556219448, 0.0008645308510684987, 0.005217759511297732]
            , [0.052321260562839506, 0.007927933525585127, 0.26972370028424186, 0.10186748877657067, 0.009677377874306283, 0.05257974112365335, 0.04355673498667453, 0.012931936083191096, 0.04959063241039729, 0.020836963888000867, 0.009359043973688102, 0.11447529588188171, 0.011682553108154645, 0.04484873047510619, 0.03683886331779976, 0.07592908094263177, 0.04703810085080305, 0.022099972670840285, 0.002735495541160831, 0.013979093722473001]
            , [0.1024084766870289, 0.007706002765895591, 0.037997124511273156, 0.044354088824375124, 0.008333269356315492, 0.05330635254767402, 0.020080519774254107, 0.01447550241477632, 0.05042471032982139, 0.04147033063033784, 0.009312125713975083, 0.055104674844668064, 0.1469975333374735, 0.04783829380850863, 0.04523137613257405, 0.17706478398613165, 0.09067806891339081, 0.036634752483426215, 0.002065536044058008, 0.008516476894042026]
            , [0.0566306613833075, 0.004027044409193086, 0.12545279475892512, 0.4049892824470583, 0.005405706199516571, 0.030364017120921814, 0.017320460430598275, 0.01111059202014393, 0.048221155065220844, 0.025522850897647713, 0.00883709577337857, 0.03410434825604872, 0.008638574917394535, 0.06898120702101178, 0.03257218728852187, 0.04437687485440428, 0.03474285812155032, 0.029743135463832057, 0.0018431825728891084, 0.0071159709984358116]
            , [0.10610976807469721, 0.0037645630647579276, 0.13530959426589118, 0.19253566360757263, 0.0027588054986573646, 0.05116750299295503, 0.02470217446061729, 0.00839923666343001, 0.06931022333871105, 0.016130401325120215, 0.00775146963264944, 0.06150106222159981, 0.008571253496423143, 0.08277696553566212, 0.05659554628795668, 0.0954027969882576, 0.05518135066309163, 0.016927810749599988, 0.00081787013910819, 0.004285940993241714]
            , [0.04982709008416405, 0.021452418673440454, 0.010187927160950575, 0.012856570639740396, 0.1811503251363684, 0.013590577972510556, 0.063590329699626, 0.040722389623014166, 0.01705697739840042, 0.0719547646082091, 0.0197519475529651, 0.030781505176725864, 0.008189114589578257, 0.020858815447077333, 0.03213382069469662, 0.05565519429358663, 0.043355657015411386, 0.048233353614493636, 0.02473081082075502, 0.233920409798286]
            , [0.058499680271864286, 0.008447192377540373, 0.009174271426605403, 0.03291803996910294, 0.019791397826067543, 0.008771579566919796, 0.011423903142850541, 0.19260418075689445, 0.03641057622092926, 0.09417915532560696, 0.045032242843279904, 0.015266980700764633, 0.007049063035231096, 0.030486038117051854, 0.03597613089842067, 0.04540927591881444, 0.07554523438544138, 0.2586841802637819, 0.0024812696292723173, 0.011849607323560081]
            , [0.07115227364591115, 0.012412939293515536, 0.0048423163817761725, 0.009565520904744131, 0.03178644657523995, 0.009216142386290625, 0.006676115861597119, 0.20633962341792503, 0.010882650658347382, 0.14840558082561062, 0.05214321820415442, 0.009177610612537745, 0.00654978234987551, 0.011807703495064591, 0.011979551202162689, 0.037351870893442295, 0.06044600494155156, 0.28680625015651623, 0.002081197678706298, 0.010377200515030945]
            , [0.1382840881080255, 0.01442520292758715, 0.038457963590707675, 0.03969783184184703, 0.009744980016444348, 0.18620083567903734, 0.01468135864513159, 0.013102106807917681, 0.035142095518158355, 0.023668595111219954, 0.010851840015604972, 0.06006015649320316, 0.015125191929706757, 0.037361628983826695, 0.03884392526456349, 0.20704606093620245, 0.0713898001806058, 0.034874541345812846, 0.0025813794908440294, 0.008460417113553378]
            , [0.0625724157801485, 0.010088667804735276, 0.16252563613247856, 0.09453632104932636, 0.01608240828540739, 0.05197522772342784, 0.05830902672033627, 0.018870744519861354, 0.056334001884375, 0.04504802602061367, 0.013095738965027543, 0.08997983984914618, 0.013571407165974327, 0.05535960667659676, 0.05024164420227952, 0.07823506805634396, 0.05208645474876978, 0.04003150815376296, 0.004377291813005291, 0.026678964448383538]
            , [0.07476403701057638, 0.012273127965285034, 0.013138270007768323, 0.03504496609094909, 0.016699313358430126, 0.014171731548986884, 0.014667680468585081, 0.10519757046473399, 0.04396482350440451, 0.0704283049721569, 0.04768776505323639, 0.04446946614186519, 0.007802561213914622, 0.04325906813580263, 0.03936090033789317, 0.09497830590353015, 0.16529649558619944, 0.14167668185367868, 0.0023617898744217386, 0.012757140507581864]
            , [0.07758017769215379, 0.013151163070155332, 0.018369507621549597, 0.03897207775162498, 0.01155599865041024, 0.029570470777866745, 0.014239655225270386, 0.04583628832461087, 0.041992932180011315, 0.04324450059554788, 0.03509990072018034, 0.04690029735772694, 0.013090194533186376, 0.03936178691143744, 0.0370172683011763, 0.13498880469234398, 0.2873962628879156, 0.05904071880632213, 0.0029961958110498663, 0.009595798089459626]
            , [0.05998440192920226, 0.020156904843082524, 0.008442224095820182, 0.0145233479681896, 0.1215913067400104, 0.014254954682623836, 0.04251308159704157, 0.07975626287909145, 0.01879867749400481, 0.18340344648109394, 0.06250873241610273, 0.020081404218298435, 0.009823511175481421, 0.02684676954535642, 0.023911339943534643, 0.059652599261372764, 0.0531671659231254, 0.08102265540879139, 0.017395275806208286, 0.08216593759156791]
            , [0.03682527430332238, 0.0031810881393414857, 0.015479899927796506, 0.05099393924013116, 0.002803160956517862, 0.011036539637816159, 0.02803908575003388, 0.010328505814516876, 0.3131570420776956, 0.028096596138071903, 0.010768809614775898, 0.0389483468333667, 0.002969663410258391, 0.10071904034887272, 0.2509634833223583, 0.042980248820708916, 0.033844236251728874, 0.014116030383255013, 0.0008852131784820099, 0.0038637958509495232]
            , [0.14635153328447792, 0.004718040322513438, 0.013727382896344922, 0.031954375353278656, 0.007560700772927083, 0.033529625231320914, 0.011349081217562453, 0.02819460583044801, 0.03223648012936116, 0.043516933266170024, 0.010003100176601555, 0.016279558685367606, 0.35802393231237534, 0.0381234422180657, 0.03562603414235219, 0.07961343993622803, 0.053759365947323313, 0.046958836112373684, 0.0019799033475874942, 0.006493628817320455]
            , [0.10265525106647484, 0.03938166912491625, 0.027737439264577547, 0.021410160945580264, 0.012657510151834372, 0.05496894212881628, 0.017755408121314525, 0.014451029615681158, 0.022927094826129625, 0.03558226871457632, 0.011539125646832763, 0.05800396530079786, 0.013377004666870116, 0.025772287584712734, 0.033233889458874726, 0.3738904977647215, 0.08734642874659675, 0.03178370889885106, 0.0032901173476409173, 0.012236200624200682]
            , [0.056170405100031726, 0.011728370397568893, 0.06658405521753641, 0.04177625679395309, 0.014694338880998664, 0.048982211943711614, 0.052305332090028446, 0.021507104576520605, 0.052004512295395044, 0.044590686979283804, 0.015613515905373026, 0.26622068503564966, 0.010283022319014503, 0.04685211572960713, 0.04532960000039802, 0.08944368217966667, 0.05496842420379503, 0.03504848128734375, 0.0038497448358812275, 0.02204745422824247]
            , [0.059210786618225, 0.010893412840196705, 0.005485224332647189, 0.01067947620120555, 0.05814570640057297, 0.010582741834726829, 0.010892210354860843, 0.18899214661695057, 0.013699629433708208, 0.18772738942035735, 0.06602203512009758, 0.011909374965194466, 0.008602514692116134, 0.01512378790643232, 0.015689669167075593, 0.040956055695269104, 0.0533745626550534, 0.19608036474134402, 0.005114480663647857, 0.030818430340318257]
            , [0.026552863620399356, 0.006457894158959012, 0.002004979954557209, 0.004145527691615275, 0.04661970221844002, 0.0037651433263824192, 0.003978304394675313, 0.20464748092293933, 0.005382447993841878, 0.41640468334429487, 0.07966946635293176, 0.004193967943081682, 0.003864915111528433, 0.006863883396817288, 0.006219128598193316, 0.010531150268989735, 0.024492606989720365, 0.1319661266704559, 0.0026494654868478916, 0.009590261555328867]
            , [0.025521221856523918, 0.013049600086818897, 0.0048884980106182535, 0.006066540583747995, 0.2703684710888906, 0.006911560321000635, 0.04696526414799043, 0.02741145705711196, 0.007604872529308196, 0.05481969255616865, 0.011696257181510851, 0.011824440189281133, 0.004218391215360307, 0.009594176360399614, 0.010219344148705942, 0.027059129916250986, 0.01630945483108556, 0.029325472658809405, 0.023342542863294197, 0.3928036123971224]
            , [0.06897485483691387, 0.008109510977553181, 0.05312107546682606, 0.048423164084441334, 0.0070468360419978565, 0.04578167459745587, 0.022556606744416223, 0.014062911061309436, 0.05350227045188997, 0.017262840456798486, 0.009823600350387486, 0.1084579791628707, 0.011150524405436636, 0.04496327065905412, 0.0407516033563888, 0.234325650213003, 0.17211700595431406, 0.02991983533674706, 0.0014468690974656655, 0.00820191674473017]
            , [0.05095035830730149, 0.005638451506712599, 0.017675908692919542, 0.053493151405222795, 0.006260648121467368, 0.018673940263583523, 0.019999710233700826, 0.021721084817308292, 0.34141923154507353, 0.0344205493761404, 0.015966284144237376, 0.05340202787999844, 0.009522377436887278, 0.05935418469136982, 0.13811385206492147, 0.057881195466296415, 0.053611445900205536, 0.03243304085124831, 0.0022492625796191627, 0.007213294715785826]
            , [0.05475252107490471, 0.009931145699516784, 0.002363258712716187, 0.005395419947846915, 0.03211876553309137, 0.005809647545697039, 0.0040771545466714906, 0.23589006565664739, 0.006501822896183249, 0.1679538540909923, 0.05697057406476886, 0.005644939395657465, 0.003794257152629737, 0.006681983053719948, 0.006864982795587005, 0.0232975130382527, 0.04254731576688032, 0.31979457136661343, 0.0019275407115333966, 0.007682666950089575]
            , [0.1531281242921867, 0.02902233634891512, 0.013130869483923795, 0.013724715448560663, 0.008032843554074708, 0.05071895443014181, 0.009339166598268158, 0.016150526616356044, 0.015670667852235694, 0.03083982664719544, 0.011285756443230812, 0.050582323345760995, 0.015623098741764688, 0.022883521348274642, 0.015610808879938445, 0.3449195110987113, 0.1507011545105247, 0.039541569838598765, 0.0016924083553986034, 0.0074018161659389365]
            , [0.031681610031869006, 0.001389178153495471, 0.3859213711022502, 0.33929146448196007, 0.001981365879994891, 0.025590546906926363, 0.008839037311556658, 0.004020363520247008, 0.02430918839820662, 0.006022514411017505, 0.00303987291911291, 0.046630957431675245, 0.00492763653092925, 0.03758321501269909, 0.009854182211024845, 0.037077966140834036, 0.020812088181865012, 0.007508711682758119, 0.0005516443964217112, 0.002967085295155812]
            , [0.024114955523150662, 0.005046249608120703, 0.005198689460745739, 0.014187613219527974, 0.003973999764922651, 0.010279041667153039, 0.025140884621299053, 0.010349062130065131, 0.28189118369445537, 0.029348247064403355, 0.0095637709732024, 0.02520112012144051, 0.004089409517119512, 0.04393483718048395, 0.42827487595440866, 0.029762281650738166, 0.02489965621393884, 0.017195936642629448, 0.002431173474871255, 0.005117011517323502]
            , [0.018615549551545155, 0.009103849602144515, 0.003263060017643802, 0.0043628596373374955, 0.33558331752985376, 0.004529707529533543, 0.039009458422199585, 0.02484443129182507, 0.004981367920525069, 0.05664643470097287, 0.011477730002454688, 0.007465606868621275, 0.002625751061451674, 0.007368838892986895, 0.007115608990263825, 0.02049151467242186, 0.011114620766330043, 0.0246127111518049, 0.023377514633492247, 0.38341006675659167]
            , [0.09775615778853858, 0.005855640498174819, 0.03451962689096838, 0.04308507888637955, 0.00646775786680126, 0.03886010684453096, 0.018710199990584646, 0.01129828557960874, 0.03629899880299714, 0.03423351743657868, 0.006874890157125126, 0.03880120612070441, 0.2869527557548212, 0.04949138118313755, 0.036701327409850465, 0.15446418252644664, 0.06519334944656804, 0.02706022831177122, 0.0013202148051845962, 0.006055093699228134]
