1024 20
0     	0.0046198596931500595 0.0929808044053706 0.0159849980724045 0.0450971898696573 0.0581057247398759 0.0180681102291025 0.0517926656812900 0.0425571315642122 0.0270513687898117 0.0585989402523329 0.0570207003248600 0.0180941960018868 0.0651388508181272 0.0232296923633932 0.0595488029305633 0.0616103197384749 0.1471947267467694 0.0828555324181186 0.0522419317663876 0.0043230457308273 0.0185052675565337
1     	0.00454856556208293 0.0684555914628063 0.0175396112509604 0.0251520896067208 0.0485345655169071 0.0608439172549691 0.0250797325662645 0.0642320915512370 0.0499913676946418 0.0569202963183123 0.0794767812213908 0.0278005498839077 0.0554225536150400 0.0148686675170631 0.0602128551212769 0.0680209816786573 0.0786658279001120 0.0620615289079439 0.0592062355191207 0.0141041373535752 0.0634106180590932
2     	0.004354645525580334 0.0677314627843739 0.0079913762596842 0.0400289134688360 0.0702203430064570 0.0142507746589985 0.0240778669281537 0.0470579345868450 0.0410458534466011 0.1184874005975660 0.0618228724514568 0.0213465523213190 0.0585497645461477 0.0151018837356603 0.0771018374619021 0.1054701641076426 0.0827090363877748 0.0742502621942221 0.0526740218555708 0.0041095550638029 0.0159721241369854
3     	0.0039240289739348655 0.0587989785553740 0.0090186328870418 0.0227406702990992 0.0586211986379847 0.0120175844702013 0.0254754118893129 0.0462761951959851 0.0239226907638666 0.1706754274833595 0.0536466081095954 0.0197782149388160 0.0525073300972448 0.0114076874202396 0.0792858237744420 0.1722978496445772 0.0684425382593857 0.0555345331312304 0.0405548200016677 0.0049279859261857 0.0140698185143903
4     	0.0038213654251981976 0.0739031391152071 0.0116464606365899 0.0195203717928184 0.0533344329528246 0.0244282094752227 0.0162110317499679 0.0243259893271646 0.1003679785420507 0.0593155665272490 0.0952947656201404 0.0513493352146302 0.0441677754204742 0.0105131606376734 0.0600121133967208 0.0586418887230896 0.0745315150757734 0.0854033248642605 0.1151159898585896 0.0037907637352681 0.0181261873342849
5     	0.0037187018764615297 0.0562238705812925 0.0121386741795205 0.0367854855306984 0.0449238668517643 0.0413699583880538 0.0227801154075720 0.1873008759834209 0.0201806205684569 0.0512902077531160 0.0558604164470712 0.0160810016075488 0.0692250855994301 0.0134119596747408 0.0740020790138967 0.0650176971581857 0.0707620812827574 0.0483357739097393 0.0383797896393986 0.0062744227933901 0.0696560176299461
6     	0.0036930359892773626 0.0512370436139747 0.0075619511020311 0.0225977583200607 0.0557856122690788 0.0070846321484271 0.0316607641427710 0.0415056136106773 0.0151503820074245 0.2178384390394706 0.0378014982783261 0.0144157818204937 0.0549285458076334 0.0096549135959751 0.0849984012097628 0.1992213474013059 0.0657295973332075 0.0510064482753433 0.0202884277071323 0.0026087685576508 0.0089240737592535
7     	0.003673073632578566 0.0575637832746725 0.0036797978332799 0.1805612629507837 0.2830192079589312 0.0051280151023924 0.0356848536086070 0.0266435718562129 0.0106351581051187 0.0600701257411946 0.0171878264035945 0.0080391501346012 0.0535188478462888 0.0106411413690750 0.0768386663141565 0.0371183011720688 0.0584511779374629 0.0405239738059489 0.0262842637218376 0.0011433570453681 0.0072675178184047
8     	0.0036531112758797697 0.0544961203328697 0.0097272440507414 0.0168042369252045 0.0433746460525730 0.0115465787220996 0.0256127138829610 0.0458251586867010 0.0195696899406006 0.1472209599454350 0.0471494516233174 0.0162323459647779 0.0434099942516475 0.0106811964981336 0.0650990568394791 0.2821548096137221 0.0610204813242783 0.0473238127605907 0.0337168262879755 0.0051526378703439 0.0138820384265482
9     	0.003559003022871157 0.0855564054024360 0.0106426997733984 0.0253228950959040 0.0488193355453591 0.0158897694789089 0.0264281860472548 0.0242278881949647 0.0512627003453113 0.0570130524817129 0.0541621428405340 0.0233115460198951 0.0626189292426262 0.0131825010740842 0.0520304914277319 0.0529137652320124 0.1352594701133080 0.1803752156976683 0.0629680045137430 0.0032740423784381 0.0147409590947088
10    	0.003553299492385787 0.0589031414607140 0.0055765475950771 0.1728676908207975 0.2006001567048712 0.0083983012094679 0.0413839691038642 0.0386899573256270 0.0135522914656528 0.0601537758034154 0.0314897486633182 0.0109039297180660 0.0670763861472398 0.0122443261683102 0.0718029072595213 0.0436346641866865 0.0677638789837266 0.0471549606965666 0.0340842069525241 0.0020782668143079 0.0116408929202458
11    	0.0035390406661723606 0.0956360508004215 0.0163940852683334 0.0433283273352008 0.0441245835599611 0.0128650928367234 0.0637557576116944 0.0360706570020009 0.0176747761684608 0.0483046722985907 0.0381387185629690 0.0143211013630344 0.0748335099157550 0.0170622773724393 0.0483339078892952 0.0497462072589646 0.2344584451214634 0.0948986242366331 0.0334939759431917 0.0030529181219260 0.0135063113329413
12    	0.003521930074716249 0.0642979936362624 0.0104585805536328 0.0148372901497179 0.0474339304432270 0.0428378201933432 0.0153658489996903 0.0453602834822063 0.0657277762846675 0.0564675038263129 0.1716148860448884 0.0628636338988330 0.0438630489016468 0.0076917550473195 0.0687595114305207 0.0634001648255344 0.0654554914784864 0.0576311578455578 0.0652033884452950 0.0055753094403002 0.0251546250725575
13    	0.00346774653510523 0.0412832072290803 0.0074817814849615 0.0130142808201328 0.0371515215808291 0.0094617905074521 0.0153076079059106 0.0376648624641342 0.0183399991516353 0.2589777079066412 0.0406725108191836 0.0157085786356263 0.0418334343266896 0.0087705161604428 0.0602251658447233 0.2556880725686998 0.0490413603307153 0.0429489445006892 0.0312513144533132 0.0039102021482700 0.0112671411608695
14    	0.003464894769862545 0.0689090249787954 0.0051830665602736 0.0728985100481254 0.1473446616758028 0.0072238069557111 0.0234005053054758 0.0380389394918276 0.0180473724439151 0.1208446639651434 0.0424334150663735 0.0145180991366544 0.0599939238043397 0.0077875146408260 0.1006897048581019 0.0873251143913229 0.0758208874478945 0.0604384208091992 0.0381448007379449 0.0017157006779914 0.0092418670042812
15    	0.0033850453430673585 0.0655907119438735 0.0089002830380494 0.0109928436698007 0.0317554144610565 0.0383533905937952 0.0116631545389429 0.0153696696796690 0.1414356460651050 0.0388218975685814 0.1709005550697179 0.0716647290541019 0.0205128232624339 0.0083600138733881 0.0458785770135919 0.0405074609741873 0.0545417896232107 0.0687942994171878 0.1387058769066813 0.0031399627481191 0.0141109004985067
16    	0.0033479723949124507 0.0327829224975354 0.0056334539105467 0.0087221917410570 0.0282523974845681 0.0056075658925240 0.0143495762399363 0.0300123633651818 0.0123228973214276 0.2897948824652536 0.0306445114108973 0.0112642566478403 0.0334971664403920 0.0068008860466906 0.0561070805963974 0.3333133188036377 0.0417095800875987 0.0339191846464588 0.0162117173317508 0.0025520037195031 0.0065020433508027
17    	0.003328010038213654 0.0488255092662798 0.0028407392754103 0.2467767284776665 0.3244048062757545 0.0039779904277171 0.0339770864938708 0.0218688084428792 0.0074597474436283 0.0414289369411879 0.0128872440934793 0.0056922045881062 0.0479721309166638 0.0082831846622282 0.0592872768907325 0.0276190801920813 0.0478080210583720 0.0304254771107208 0.0215708647174767 0.0010370595500318 0.0058571031757131
18    	0.0033051959162721726 0.0659093955510171 0.0099642498342437 0.0394118002898558 0.0823364524994448 0.0159077566729456 0.0253342025334064 0.0640801606560676 0.0251560321006215 0.0727042401533764 0.0627450070929776 0.0259725876988022 0.0564646932910512 0.0152573662340073 0.1721534494842505 0.0701727635603939 0.0702936705478632 0.0576364714111372 0.0460297276577385 0.0040674290918930 0.0184025436389063
19    	0.0032852335595733757 0.1859602305913485 0.0189991824680275 0.0213863314706263 0.0438626602891754 0.0134923799699645 0.0636025675261379 0.0182080313933787 0.0291355769073967 0.0405389607783931 0.0483831051410201 0.0171178439866913 0.0487487100865824 0.0179090070014228 0.0433716783372930 0.0417000947068073 0.1866225562084242 0.0866836297807673 0.0588774057032578 0.0030925962536163 0.0123074513996690
20    	0.0032510123766611534 0.0751893520693897 0.0082599250667435 0.0780847062353677 0.1736426325698965 0.0153201259821583 0.0242488484605823 0.0399421469841313 0.0422959025845920 0.0636255248472209 0.0628212642196215 0.0198748555360474 0.0476237338860355 0.0136676876365125 0.0775600700167748 0.0555507933922009 0.0659688025782609 0.0568349541394713 0.0584596793317964 0.0040200120251847 0.0170089824380122
21    	0.003233901785205042 0.0643280378986172 0.0153834433358856 0.0156997098373606 0.0435252566813137 0.0223829337519597 0.0293841637862234 0.0574163165319448 0.0362548577524879 0.0843794708006052 0.0661736989002446 0.0193227519912174 0.0456108050927154 0.0112445367963358 0.0664335055356900 0.2019222704550114 0.0685147615081201 0.0563299847629839 0.0502726958091954 0.0100060519778113 0.0354147467942766
22    	0.0031996806022928192 0.0748673058829819 0.0072109129367295 0.0237654293532822 0.0410424547421330 0.0122002641423562 0.0188262260746250 0.0221959052809512 0.0238854998286523 0.0474418776669884 0.0520664980581023 0.0134521920248173 0.0344503690321688 0.3408787271828466 0.0540407969433804 0.0471062630056933 0.0779667272783171 0.0521072028650018 0.0422681474465651 0.0030843771979401 0.0111428230564677
23    	0.0031996806022928192 0.1017613284599312 0.0055282086053909 0.0573779290100810 0.0848713732257442 0.0061757282845874 0.0499659854669440 0.0338271232995533 0.0145922833423699 0.0877270196833089 0.0326517510838345 0.0132045043674189 0.0837316799245218 0.0100016870362973 0.0868961700085130 0.0629830913832289 0.1425561940461161 0.0841801784609639 0.0325986077738746 0.0010051546264495 0.0083640019108706
24    	0.0031939770718074486 0.0600726031276835 0.0139053269745013 0.0184502433485923 0.0262489809257112 0.1050935109465289 0.0170701199239077 0.0807952971929799 0.0376303692597525 0.0373087210236743 0.0684689507157730 0.0206290538901793 0.0541409570583590 0.0090472662181653 0.0523389120818082 0.0507487381697862 0.0697500921970324 0.0557401662324510 0.0495103858219892 0.0108774029271516 0.1621729019639731
25    	0.0031911253065647635 0.0402989820510604 0.0059676137308070 0.0159830744388999 0.0499556567727681 0.0042258026657492 0.0162906224870557 0.0379903245516641 0.0116909334348007 0.2665560705051768 0.0297796113323580 0.0114869443602213 0.0481570163994311 0.0056669491250295 0.0914085105103759 0.2475779448838620 0.0528799263217511 0.0412792572453028 0.0147668363481533 0.0018349814456943 0.0062029413898389
26    	0.0031911253065647635 0.0827602876082165 0.0088220801654513 0.0450375296388491 0.0602235589384253 0.0135168729921158 0.0403023408776038 0.0416538855192870 0.0230122956072357 0.0570367293067941 0.0521942826890699 0.0139317477190955 0.0484540978324786 0.1791934422207548 0.0613154833225690 0.0552113834868357 0.0943138753728097 0.0607866878625297 0.0445549165202701 0.0038463162098869 0.0138321861097217
27    	0.0031768664803513377 0.0255803663924875 0.0039426885361545 0.0074389107497126 0.0258078127674906 0.0036785728703287 0.0102541300068680 0.0226597450923628 0.0089726705115388 0.3801482246700329 0.0227980108724094 0.0089403654303410 0.0318973389912303 0.0047614322392436 0.0517409267507590 0.3070739452248830 0.0359050964020758 0.0291976922735921 0.0128097218452578 0.0016970630724812 0.0046952853007502
28    	0.0031569041236525408 0.0592698325382465 0.0111837777873219 0.0098098112952459 0.0183225108293999 0.0539622404255772 0.0132308274210210 0.0218050895836536 0.0778775809876922 0.0315778607335355 0.2859121908377062 0.0875169965426039 0.0192919700191712 0.0092037369486419 0.0478210693150411 0.0418204566517262 0.0522621783500136 0.0508215850116839 0.0770195232516198 0.0066465211211178 0.0246442403489811
29    	0.003051388809673188 0.0623915370371385 0.0145690067817014 0.0625091254150265 0.0491087420532396 0.0190671692166000 0.0534690948931275 0.0639883902703950 0.0219717171406044 0.0572186005512658 0.0474854820673173 0.0160291963516345 0.1622205350504424 0.0122194966685071 0.0589537557938359 0.0531541342244690 0.1102219286371306 0.0658040824497386 0.0371974014768710 0.0046409335132258 0.0277796704077291
30    	0.003017167626760965 0.1214035936402226 0.0173329739746223 0.0157534561763053 0.0185319075397953 0.0135933574647843 0.0446491065080632 0.0144866857140488 0.0425429461613434 0.0263386203197643 0.0466184306587151 0.0187216054032892 0.0547234250631371 0.0166300214647173 0.0228817764999151 0.0235545730194311 0.2450075344264857 0.1840313541251415 0.0594004624012071 0.0027782716314482 0.0110198978075632
31    	0.002914504078024297 0.0363806245318262 0.0049561393327918 0.0107453432435310 0.0357764054340587 0.0051401012670450 0.0154332739236802 0.0228123251260096 0.0141479318105834 0.3765203711641713 0.0294613519200526 0.0128616413047013 0.0394263500771837 0.0063956457567526 0.0585832586651556 0.2159321723488929 0.0430882071395319 0.0382892267048292 0.0259706755621381 0.0020921349788513 0.0059868197082136
32    	0.0028945417213255007 0.0395893080081700 0.0073214547004203 0.0111698796184492 0.0324390773765571 0.0073006269066396 0.0214843259498163 0.0421577971362257 0.0131538608520630 0.1948201927248090 0.0350180342951002 0.0124898263033130 0.0413751685685847 0.0077888850007720 0.0649819310378737 0.3509587605473186 0.0496554265902886 0.0383155340434172 0.0162393644418664 0.0037391106386785 0.0100014352596372
33    	0.0027918781725888324 0.0497379288898930 0.0039798111790736 0.2780978690318038 0.2223385998292349 0.0060306955186688 0.0393234387971490 0.0287418880910543 0.0100004978272682 0.0444267562751081 0.0179584218465784 0.0074447615900445 0.0698809790520334 0.0116979320062687 0.0528900696605234 0.0310832506241558 0.0596807953240076 0.0388654382494132 0.0188423501062796 0.0013428377357095 0.0076356783657319
34    	0.0027833228768607767 0.3325635642577500 0.0191054977489605 0.0164464778551171 0.0350820145152526 0.0117871210727853 0.0613500167337123 0.0129522541178837 0.0359211146749278 0.0228917093069017 0.0445649369829791 0.0164836846763972 0.0226436453088383 0.0159767370698576 0.0234716892557623 0.0193668800584571 0.1480465742758393 0.0802922676767596 0.0687269410654848 0.0028179893069758 0.0095088840393580
35    	0.0027804711116180916 0.0682957555587830 0.0062680906588516 0.0975853833880117 0.2925406940958516 0.0087595573343441 0.0324970465385045 0.0223929099477689 0.0190321075376166 0.0571780128992143 0.0439699733848118 0.0131579306005543 0.0395776341882990 0.0124363034715743 0.0792720884801709 0.0436557580425808 0.0573548947384924 0.0491050347005335 0.0435316739571400 0.0026542751634401 0.0107348753134566
36    	0.002771915815890036 0.1463757715543746 0.0069038545039918 0.0385836947611915 0.0684738707403957 0.0110504654287342 0.0400280398485288 0.0195374135245382 0.0522960964151552 0.0599561114253735 0.0650479185992740 0.0351494664210763 0.0466406278029540 0.0137611371447716 0.0704403153300663 0.0512829893426821 0.0987334144044563 0.0847136893820679 0.0800009155290884 0.0014062401272372 0.0096179677140427
37    	0.0027662122854046653 0.0852665861348571 0.0042551130397645 0.0135390853670220 0.0269442347767678 0.0055244219221164 0.0217739591946929 0.0101672824902081 0.0117145687000374 0.0272726031520078 0.0306963924100132 0.0064259253907721 0.0123148990711530 0.5541822817631289 0.0295881579494419 0.0258757885378439 0.0612080061122992 0.0375521743520408 0.0290325366135972 0.0016808259590861 0.0049851570631497
38    	0.0027205840415217017 0.0384172441722247 0.0021841129760661 0.3000426241432965 0.3523468536532533 0.0029043948218592 0.0291519129258403 0.0179302873977826 0.0055421214383833 0.0338354256834846 0.0098320887812603 0.0042746689958847 0.0437666852989826 0.0067365137860955 0.0474336592549058 0.0187873535064390 0.0401978214577984 0.0273419255176357 0.0135400428678456 0.0008909138021272 0.0048433495188346
39    	0.002683511093366794 0.0912382970625678 0.0066619010726404 0.1194640300123058 0.1406008110075953 0.0070111630691811 0.0585164967546444 0.0242781761781722 0.0131215037650956 0.0603228271373162 0.0223730016685905 0.0103458568643768 0.0691945306308578 0.0326675245110753 0.0646636069729044 0.0497605522634089 0.1168272508608876 0.0692365246182711 0.0330548746975358 0.0017840603124485 0.0088770105401243
40    	0.0026236240232704044 0.2313898718898897 0.0360844974920123 0.0150496906699896 0.0205315071453359 0.0115749460475765 0.0618790767136719 0.0144248389471292 0.0171115725348588 0.0194603055804728 0.0360966096487916 0.0132752762512738 0.0459986359928504 0.0153376695466198 0.0283187785892441 0.0190522730722518 0.2706197368197311 0.0855780806481117 0.0455989529438714 0.0024497920682461 0.0101678873980714
41    	0.0025380710659898475 0.0210324654891522 0.0030167715043990 0.0055099537134568 0.0199656614652763 0.0023136620814193 0.0093039256924891 0.0202722008726716 0.0068935756154932 0.3874057653747763 0.0170910686861672 0.0068183836668110 0.0307497107781118 0.0036986462118296 0.0441733846939129 0.3511214588695318 0.0308474140592877 0.0263446328723292 0.0091432762090104 0.0010364100604056 0.0032616320834692
42    	0.0025095534135629954 0.0700113640008313 0.0056541261842360 0.0179452195631302 0.0376688167201613 0.0076625578966351 0.0229482664861056 0.0181072238770388 0.0137823158105139 0.0380581594262528 0.0406439669394353 0.0086387654926051 0.0248262296255976 0.4594372137185073 0.0408515135714751 0.0368641344602151 0.0712375291841854 0.0449135313058110 0.0312134279969404 0.0024551393483458 0.0070804983919766
43    	0.002481035761136143 0.0770499806508559 0.0076130320535926 0.0245867250405469 0.0492264569282137 0.0069302144769396 0.0454757056601063 0.0358922053688703 0.0152732423368524 0.1337742018655275 0.0328734200149130 0.0131844791669167 0.0706989515330842 0.0095622590614680 0.0664039557430117 0.1333424349883403 0.1514220140505579 0.0858583734390563 0.0312044643717740 0.0018012102381853 0.0078266730111872
44    	0.002478183995893458 0.0717538950958926 0.0148638001984892 0.0498648288625780 0.0378185267798948 0.0097832474947027 0.0585466104998701 0.0472503625137659 0.0159159147920655 0.0483062839654569 0.0218832411505105 0.0110426652597594 0.1795880611465327 0.0117963608734101 0.0470299996138879 0.0430215030693853 0.2072382227725127 0.0859672435649213 0.0230234858821737 0.0021786686201065 0.0131270778440838
45    	0.0024724804654080875 0.1746915638907059 0.0057658375248226 0.0350729196183161 0.0520230524799240 0.0058240051899737 0.0527903206790023 0.0142709982640217 0.0167003634504358 0.0464322632622545 0.0351833442341807 0.0138393003586568 0.0667474084208252 0.0131996156804543 0.0554259302027925 0.0371942028785781 0.1977972444256418 0.1257160520733572 0.0446066305205945 0.0009683334220997 0.0057506134233620
46    	0.0024325557520104945 0.0371537001936676 0.0079063229289988 0.0037382408559403 0.0077418258301596 0.0508969169400141 0.0064020371283604 0.0086323895746994 0.1578328442594220 0.0110027227290536 0.3863747687474905 0.0922577282918458 0.0076967084911561 0.0058088262143995 0.0144391397023642 0.0129375519552702 0.0248659312116472 0.0336204147643641 0.1107135928617733 0.0039593672383606 0.0160189700810127
47    	0.0024297039867678095 0.0594608257126220 0.0037041725509057 0.0651671969254518 0.1331188620404772 0.0043575395059823 0.0289668114147429 0.0320558935931424 0.0134402627100782 0.1892053522171676 0.0280582208454604 0.0113217309834711 0.0637786903952994 0.0077880916764080 0.0919893150817242 0.1288437220509590 0.0612720469057702 0.0496015917455090 0.0197469700846857 0.0016191916746549 0.0065035118854879
48    	0.0024068898648263275 0.0628152116104218 0.0076836582684443 0.0223699730931871 0.0628470061663592 0.0099577708936957 0.0240586648144688 0.0320069279278542 0.0335455566224932 0.2387900634052819 0.0495182301595905 0.0200340605196372 0.0599165819275971 0.0140629379137557 0.0654314032736063 0.1054107030604138 0.0693123217030925 0.0656813719526074 0.0426974007752603 0.0031905734171239 0.0106695824951093
49    	0.002401186334340957 0.1576607725881047 0.0046660314303982 0.0212852021120881 0.0492587819779697 0.0096049459417541 0.0395340870596496 0.0144496431238701 0.0357043916828139 0.0428310926799302 0.0520922268520931 0.0136800630019245 0.0323865343488233 0.2038359467832333 0.0509638316212209 0.0391781305069300 0.0985250069396323 0.0667881429827346 0.0581850874257324 0.0016982923525531 0.0076717885885435
50    	0.0023926310386129016 0.0479682201709443 0.0094623899811918 0.0064534585865474 0.0143961575362922 0.0472752359990474 0.0084728738712269 0.0136446309382720 0.1562922266741633 0.0213617313502127 0.2848612219623665 0.0804954339869557 0.0137564932554154 0.0067375541727572 0.0346721823808810 0.0299334558250319 0.0386535286143834 0.0498519632553309 0.1150212038333490 0.0039799034059872 0.0167101341996438
51    	0.0023926310386129016 0.0757730411656204 0.0117769230081287 0.0147947574145493 0.0182079263958041 0.0086817499986049 0.0351040221366711 0.0121765924261512 0.0301817699319739 0.0326857860651993 0.0314637641039604 0.0140670789466868 0.0530331901034157 0.0101799768298958 0.0311256788468727 0.0298638358916760 0.2550890212979002 0.2863885138750372 0.0390321317293685 0.0020659593606341 0.0083082804718499
52    	0.002384075742884846 0.0425076898519497 0.0024927585056535 0.1905124214321426 0.4328117997286566 0.0030881547585688 0.0272640944918576 0.0125093777588442 0.0067078976122371 0.0398628645215880 0.0121343742284085 0.0055520327358220 0.0365706625171190 0.0056548580649652 0.0682515763434514 0.0228645181989297 0.0389322265926456 0.0274177673379857 0.0196036399627119 0.0007570277585177 0.0045042575979450
53    	0.0023783722123994753 0.0958850125458777 0.0149887536399932 0.0435305469078577 0.0453434185994400 0.0145599714273315 0.2797315695267649 0.0214383329722232 0.0171336710578030 0.0457037537685602 0.0396863339529476 0.0134855131363744 0.0545954806520104 0.0160398011819088 0.0369687956035512 0.0507662332961056 0.0990026852151289 0.0504664442481993 0.0417948802521315 0.0058105637991642 0.0130682382166265
54    	0.00237552044715679 0.0321090750066159 0.0154730068852161 0.0076969071989286 0.0089283172703100 0.2254113690017883 0.0091287894677271 0.0641910906502024 0.0356467353479501 0.0113013252038670 0.0625856603364200 0.0145398218193952 0.0168224927020995 0.0054550912218158 0.0147017181059006 0.0162314671889916 0.0385057678743963 0.0213224453471036 0.0395147465847624 0.0287210728802328 0.3317130999062767
55    	0.0023527063252153082 0.0576527725343273 0.0039858447872633 0.0979537667949589 0.2335693785662793 0.0047156906534087 0.0307028136323843 0.0267984703761804 0.0127827289756994 0.1264706368624040 0.0308054604910209 0.0098677427662578 0.0535465436024153 0.0068978079442930 0.0924877777637584 0.0721341166489607 0.0544362999895858 0.0467666149602273 0.0305153591764687 0.0013994721754987 0.0065107012986077
56    	0.0023298922032738267 0.0424545919274894 0.0040859528756248 0.3758400806052509 0.2088399285423290 0.0040990519161964 0.0363192936790319 0.0241672644099645 0.0064614829669390 0.0337750799248874 0.0107388743635062 0.0054002054826153 0.0759180865698887 0.0085349169199234 0.0400903555832606 0.0217799231052967 0.0529272264047420 0.0301268694730402 0.0112339536484919 0.0010912760150818 0.0061155855864401
57    	0.0023298922032738267 0.0545921420108553 0.0064335755244172 0.0329608444101090 0.0888255872312444 0.0064509443545632 0.0161272717492723 0.0513501580929832 0.0145644260053163 0.1589899520896351 0.0465233492562571 0.0160934909875058 0.0492852869923784 0.0076367397762238 0.1646865263905703 0.1360233883074427 0.0579235085282501 0.0477054455204600 0.0323618690951891 0.0021031763252258 0.0093623173521005
58    	0.002321336907545771 0.1050218427346608 0.0210490730308637 0.0126516335547031 0.0232478856144975 0.0366291218688362 0.0195874799716789 0.0155334908664821 0.1123774075734491 0.0272746995895958 0.0859032302335650 0.0492449449607871 0.0348202794248279 0.0116050890964303 0.0325374635790239 0.0366074641140661 0.0695394646827613 0.0769828270640467 0.2086492131454744 0.0037131602197607 0.0170242286744893
59    	0.0023184851423030855 0.1789238583108208 0.0152478877109358 0.0113413089671429 0.0195057634095342 0.0127884257943961 0.0337158382146808 0.0105421094802560 0.0693744538664574 0.0190973419091392 0.0590444134762637 0.0404463835097184 0.0367711065373171 0.0155089176621210 0.0193645119747970 0.0164858214380267 0.1305061933663912 0.1754294670039939 0.1252807289004023 0.0020870067422889 0.0085384617253163
60    	0.0023184851423030855 0.0972290055701085 0.0145917033967165 0.0544428490715571 0.0577422958286691 0.0166716496251185 0.1704878898767893 0.0253813572195775 0.0200122915001527 0.0570676723684240 0.0497433927120767 0.0165688909941624 0.0588458024807977 0.0156407422062005 0.0496582599937028 0.0642502977712555 0.1046080530274202 0.0597161491731959 0.0459569552452358 0.0059518031389172 0.0154329387999222
61    	0.0023070780813323447 0.0615548349936969 0.0037740821447435 0.0402023067920917 0.0876729674195536 0.0035121165329008 0.0284560439443838 0.0326722898468746 0.0103256099079232 0.2197383116582435 0.0312713086012283 0.0111054174213486 0.0553693405027634 0.0038949920655768 0.1105501558562677 0.1670257445177050 0.0635004443167780 0.0481182755593348 0.0151734675562194 0.0008645308510685 0.0052177595112977
62    	0.002298522785604289 0.0523212605628395 0.0079279335255851 0.2697237002842419 0.1018674887765707 0.0096773778743063 0.0525797411236534 0.0435567349866745 0.0129319360831911 0.0495906324103973 0.0208369638880009 0.0093590439736881 0.1144752958818817 0.0116825531081546 0.0448487304751062 0.0368388633177998 0.0759290809426318 0.0470381008508031 0.0220999726708403 0.0027354955411608 0.0139790937224730
63    	0.002295671020361604 0.1024084766870289 0.0077060027658956 0.0379971245112732 0.0443540888243751 0.0083332693563155 0.0533063525476740 0.0200805197742541 0.0144755024147763 0.0504247103298214 0.0414703306303378 0.0093121257139751 0.0551046748446681 0.1469975333374735 0.0478382938085086 0.0452313761325741 0.1770647839861317 0.0906780689133908 0.0366347524834262 0.0020655360440580 0.0085164768940420
64    	0.002292819255118919 0.0566306613833075 0.0040270444091931 0.1254527947589251 0.4049892824470583 0.0054057061995166 0.0303640171209218 0.0173204604305983 0.0111105920201439 0.0482211550652208 0.0255228508976477 0.0088370957733786 0.0341043482560487 0.0086385749173945 0.0689812070210118 0.0325721872885219 0.0443768748544043 0.0347428581215503 0.0297431354638321 0.0018431825728891 0.0071159709984358
65    	0.0022785604289054925 0.1061097680746972 0.0037645630647579 0.1353095942658912 0.1925356636075726 0.0027588054986574 0.0511675029929550 0.0247021744606173 0.0083992366634300 0.0693102233387110 0.0161304013251202 0.0077514696326494 0.0615010622215998 0.0085712534964231 0.0827769655356621 0.0565955462879567 0.0954027969882576 0.0551813506630916 0.0169278107496000 0.0008178701391082 0.0042859409932417
66    	0.0022757086636628074 0.0498270900841640 0.0214524186734405 0.0101879271609506 0.0128565706397404 0.1811503251363684 0.0135905779725106 0.0635903296996260 0.0407223896230142 0.0170569773984004 0.0719547646082091 0.0197519475529651 0.0307815051767259 0.0081891145895783 0.0208588154470773 0.0321338206946966 0.0556551942935866 0.0433556570154114 0.0482333536144936 0.0247308108207550 0.2339204097982860
67    	0.0022557463069640105 0.0584996802718643 0.0084471923775404 0.0091742714266054 0.0329180399691029 0.0197913978260675 0.0087715795669198 0.0114239031428505 0.1926041807568944 0.0364105762209293 0.0941791553256070 0.0450322428432799 0.0152669807007646 0.0070490630352311 0.0304860381170519 0.0359761308984207 0.0454092759188144 0.0755452343854414 0.2586841802637819 0.0024812696292723 0.0118496073235601
68    	0.0022443392459932697 0.0711522736459111 0.0124129392935155 0.0048423163817762 0.0095655209047441 0.0317864465752399 0.0092161423862906 0.0066761158615971 0.2063396234179250 0.0108826506583474 0.1484055808256106 0.0521432182041544 0.0091776106125377 0.0065497823498755 0.0118077034950646 0.0119795512021627 0.0373518708934423 0.0604460049415516 0.2868062501565162 0.0020811976787063 0.0103772005150309
69    	0.002230080419779844 0.1382840881080255 0.0144252029275871 0.0384579635907077 0.0396978318418470 0.0097449800164443 0.1862008356790373 0.0146813586451316 0.0131021068079177 0.0351420955181584 0.0236685951112200 0.0108518400156050 0.0600601564932032 0.0151251919297068 0.0373616289838267 0.0388439252645635 0.2070460609362025 0.0713898001806058 0.0348745413458128 0.0025813794908440 0.0084604171135534
70    	0.0022243768892944733 0.0625724157801485 0.0100886678047353 0.1625256361324786 0.0945363210493264 0.0160824082854074 0.0519752277234278 0.0583090267203363 0.0188707445198614 0.0563340018843750 0.0450480260206137 0.0130957389650275 0.0899798398491462 0.0135714071659743 0.0553596066765968 0.0502416442022795 0.0782350680563440 0.0520864547487698 0.0400315081537630 0.0043772918130053 0.0266789644483835
71    	0.002221525124051788 0.0747640370105764 0.0122731279652850 0.0131382700077683 0.0350449660909491 0.0166993133584301 0.0141717315489869 0.0146676804685851 0.1051975704647340 0.0439648235044045 0.0704283049721569 0.0476877650532364 0.0444694661418652 0.0078025612139146 0.0432590681358026 0.0393609003378932 0.0949783059035302 0.1652964955861994 0.1416766818536787 0.0023617898744217 0.0127571405075819
72    	0.0022158215935664176 0.0775801776921538 0.0131511630701553 0.0183695076215496 0.0389720777516250 0.0115559986504102 0.0295704707778667 0.0142396552252704 0.0458362883246109 0.0419929321800113 0.0432445005955479 0.0350999007201803 0.0469002973577269 0.0130901945331864 0.0393617869114374 0.0370172683011763 0.1349888046923440 0.2873962628879156 0.0590407188063221 0.0029961958110499 0.0095957980894596
73    	0.002195859236867621 0.0599844019292023 0.0201569048430825 0.0084422240958202 0.0145233479681896 0.1215913067400104 0.0142549546826238 0.0425130815970416 0.0797562628790914 0.0187986774940048 0.1834034464810939 0.0625087324161027 0.0200814042182984 0.0098235111754814 0.0268467695453564 0.0239113399435346 0.0596525992613728 0.0531671659231254 0.0810226554087914 0.0173952758062083 0.0821659375915679
74    	0.002195859236867621 0.0368252743033224 0.0031810881393415 0.0154798999277965 0.0509939392401312 0.0028031609565179 0.0110365396378162 0.0280390857500339 0.0103285058145169 0.3131570420776956 0.0280965961380719 0.0107688096147759 0.0389483468333667 0.0029696634102584 0.1007190403488727 0.2509634833223583 0.0429802488207089 0.0338442362517289 0.0141160303832550 0.0008852131784820 0.0038637958509495
75    	0.0021787486454115097 0.1463515332844779 0.0047180403225134 0.0137273828963449 0.0319543753532787 0.0075607007729271 0.0335296252313209 0.0113490812175625 0.0281946058304480 0.0322364801293612 0.0435169332661700 0.0100031001766016 0.0162795586853676 0.3580239323123753 0.0381234422180657 0.0356260341423522 0.0796134399362280 0.0537593659473233 0.0469588361123737 0.0019799033475875 0.0064936288173205
76    	0.0021787486454115097 0.1026552510664748 0.0393816691249163 0.0277374392645775 0.0214101609455803 0.0126575101518344 0.0549689421288163 0.0177554081213145 0.0144510296156812 0.0229270948261296 0.0355822687145763 0.0115391256468328 0.0580039653007979 0.0133770046668701 0.0257722875847127 0.0332338894588747 0.3738904977647215 0.0873464287465967 0.0317837088988511 0.0032901173476409 0.0122362006242007
77    	0.002170193349683454 0.0561704051000317 0.0117283703975689 0.0665840552175364 0.0417762567939531 0.0146943388809987 0.0489822119437116 0.0523053320900284 0.0215071045765206 0.0520045122953950 0.0445906869792838 0.0156135159053730 0.2662206850356497 0.0102830223190145 0.0468521157296071 0.0453296000003980 0.0894436821796667 0.0549684242037950 0.0350484812873438 0.0038497448358812 0.0220474542282425
78    	0.0021131580448297497 0.0592107866182250 0.0108934128401967 0.0054852243326472 0.0106794762012056 0.0581457064005730 0.0105827418347268 0.0108922103548608 0.1889921466169506 0.0136996294337082 0.1877273894203574 0.0660220351200976 0.0119093749651945 0.0086025146921161 0.0151237879064323 0.0156896691670756 0.0409560556952691 0.0533745626550534 0.1960803647413440 0.0051144806636479 0.0308184303403183
79    	0.0021103062795870646 0.0265528636203994 0.0064578941589590 0.0020049799545572 0.0041455276916153 0.0466197022184400 0.0037651433263824 0.0039783043946753 0.2046474809229393 0.0053824479938419 0.4164046833442949 0.0796694663529318 0.0041939679430817 0.0038649151115284 0.0068638833968173 0.0062191285981933 0.0105311502689897 0.0244926069897204 0.1319661266704559 0.0026494654868479 0.0095902615553289
80    	0.002107454514344379 0.0255212218565239 0.0130496000868189 0.0048884980106183 0.0060665405837480 0.2703684710888906 0.0069115603210006 0.0469652641479904 0.0274114570571120 0.0076048725293082 0.0548196925561686 0.0116962571815109 0.0118244401892811 0.0042183912153603 0.0095941763603996 0.0102193441487059 0.0270591299162510 0.0163094548310856 0.0293254726588094 0.0233425428632942 0.3928036123971224
81    	0.0020988992186163234 0.0689748548369139 0.0081095109775532 0.0531210754668261 0.0484231640844413 0.0070468360419979 0.0457816745974559 0.0225566067444162 0.0140629110613094 0.0535022704518900 0.0172628404567985 0.0098236003503875 0.1084579791628707 0.0111505244054366 0.0449632706590541 0.0407516033563888 0.2343256502130030 0.1721170059543141 0.0299198353367471 0.0014468690974657 0.0082019167447302
82    	0.0020903439228882677 0.0509503583073015 0.0056384515067126 0.0176759086929195 0.0534931514052228 0.0062606481214674 0.0186739402635835 0.0199997102337008 0.0217210848173083 0.3414192315450735 0.0344205493761404 0.0159662841442374 0.0534020278799984 0.0095223774368873 0.0593541846913698 0.1381138520649215 0.0578811954662964 0.0536114459002055 0.0324330408512483 0.0022492625796192 0.0072132947157858
83    	0.0020732333314321563 0.0547525210749047 0.0099311456995168 0.0023632587127162 0.0053954199478469 0.0321187655330914 0.0058096475456970 0.0040771545466715 0.2358900656566474 0.0065018228961832 0.1679538540909923 0.0569705740647689 0.0056449393956575 0.0037942571526297 0.0066819830537199 0.0068649827955870 0.0232975130382527 0.0425473157668803 0.3197945713666134 0.0019275407115334 0.0076826669500896
84    	0.002064678035704101 0.1531281242921867 0.0290223363489151 0.0131308694839238 0.0137247154485607 0.0080328435540747 0.0507189544301418 0.0093391665982682 0.0161505266163560 0.0156706678522357 0.0308398266471954 0.0112857564432308 0.0505823233457610 0.0156230987417647 0.0228835213482746 0.0156108088799384 0.3449195110987113 0.1507011545105247 0.0395415698385988 0.0016924083553986 0.0074018161659389
85    	0.002039012148519934 0.0316816100318690 0.0013891781534955 0.3859213711022502 0.3392914644819601 0.0019813658799949 0.0255905469069264 0.0088390373115567 0.0040203635202470 0.0243091883982066 0.0060225144110175 0.0030398729191129 0.0466309574316752 0.0049276365309293 0.0375832150126991 0.0098541822110248 0.0370779661408340 0.0208120881818650 0.0075087116827581 0.0005516443964217 0.0029670852951558
86    	0.0020219015570638226 0.0241149555231507 0.0050462496081207 0.0051986894607457 0.0141876132195280 0.0039739997649227 0.0102790416671530 0.0251408846212991 0.0103490621300651 0.2818911836944554 0.0293482470644034 0.0095637709732024 0.0252011201214405 0.0040894095171195 0.0439348371804840 0.4282748759544087 0.0297622816507382 0.0248996562139388 0.0171959366426294 0.0024311734748713 0.0051170115173235
87    	0.0020190497918211375 0.0186155495515452 0.0091038496021445 0.0032630600176438 0.0043628596373375 0.3355833175298538 0.0045297075295335 0.0390094584221996 0.0248444312918251 0.0049813679205251 0.0566464347009729 0.0114777300024547 0.0074656068686213 0.0026257510614517 0.0073688388929869 0.0071156089902638 0.0204915146724219 0.0111146207663300 0.0246127111518049 0.0233775146334922 0.3834100667565917
88    	0.0020190497918211375 0.0977561577885386 0.0058556404981748 0.0345196268909684 0.0430850788863796 0.0064677578668013 0.0388601068445310 0.0187101999905846 0.0112982855796087 0.0362989988029971 0.0342335174365787 0.0068748901571251 0.0388012061207044 0.2869527557548212 0.0494913811831375 0.0367013274098505 0.1544641825264466 0.0651933494465680 0.0270602283117712 0.0013202148051846 0.0060550936992281
89    	0.002013346261335767 0.0583277349536780 0.0240480155158389 0.0094366437623220 0.0120342469262455 0.2532754208591685 0.0165960494519790 0.0400165572743993 0.0592624499743602 0.0145802674406400 0.1117061660741314 0.0482269047385814 0.0199206554708360 0.0103447053289397 0.0179624211461390 0.0193764319599289 0.0616387045597413 0.0480965055245542 0.0659042268928638 0.0171160964522228 0.0921297956934302
90    	0.002013346261335767 0.0371039366056303 0.0079304884098482 0.0020586191888669 0.0037755666267559 0.0277666087267816 0.0041888234257539 0.0028464506522407 0.3153076074637674 0.0045515643229764 0.1453962403007469 0.0420821248404292 0.0038989973778618 0.0036279863507332 0.0048020366118133 0.0044116372674780 0.0164765358081328 0.0331808127773426 0.3339543393444165 0.0011067151217965 0.0055329087766279
91    	0.002004790965607711 0.0380474175066626 0.0080971362604311 0.0029060606189851 0.0068581257336964 0.0382845313659491 0.0050183397113154 0.0055531868251343 0.2244802898123790 0.0094656590594666 0.3221936070547332 0.0674278054558526 0.0067433561003501 0.0044798638121027 0.0103683032780239 0.0103032539159935 0.0206827252314040 0.0358713772354981 0.1713042541561670 0.0023718350473077 0.0095428718185475
92    	0.0019848286089089147 0.0447795818170075 0.0117843883263132 0.0068407088267805 0.0113802686328460 0.0613077717057286 0.0093690510084717 0.0130466196248782 0.0948882154089354 0.0154400043338651 0.4046732559030414 0.0715986622993916 0.0121853955280472 0.0087988648988007 0.0269990169135376 0.0191205453436470 0.0390262930359353 0.0395777445087446 0.0833809826166891 0.0050249072466441 0.0207777220206951
93    	0.001979125078423544 0.0760905574739798 0.0089014014878497 0.0408719733393653 0.0367310322462548 0.0073113510540693 0.5104934930880319 0.0123345085291791 0.0093887089340860 0.0314331386261168 0.0173407286741148 0.0079478276306206 0.0434078807231535 0.0100070318939225 0.0252313874056760 0.0367501817617202 0.0688683524315070 0.0308602596232931 0.0161546144922150 0.0029641308434174 0.0069114397414273
94    	0.0019705697826954884 0.0364139418203229 0.0112525984667191 0.0010392686008194 0.0017699342661565 0.0274222150254400 0.0030377972605858 0.0018544467082107 0.3381466540406428 0.0020886913380690 0.1870318777574713 0.0464793525082184 0.0025080627381293 0.0024040522531101 0.0026022668647100 0.0023058840364962 0.0088770516025703 0.0251421587853650 0.2949051633785848 0.0009175181780558 0.0038010643703224
95    	0.0019620144869674327 0.0542538202000355 0.0045274149935049 0.0651219465791681 0.1927537128915537 0.0079018741711249 0.0179576023877893 0.0482819090477485 0.0150076095704805 0.0686427339842711 0.0549923107369044 0.0193238085061946 0.0450967516251789 0.0074466305393196 0.1987580254797797 0.0560409696496245 0.0513059153228608 0.0453138935369707 0.0357586538315453 0.0021457142428563 0.0093687027030888
96    	0.0019591627217247476 0.0307306008342919 0.0065936078027437 0.0012492981009231 0.0026042458666181 0.0371655642393648 0.0030869227889364 0.0026470764212469 0.2978127714772386 0.0034792727654191 0.2459209545316464 0.0615060227273246 0.0032929325859872 0.0023716472532211 0.0040453487917368 0.0037474120581824 0.0091576575180853 0.0265828960348857 0.2486219782936661 0.0018301430130172 0.0075536468954646
