# This script is generated automatically.
# Vector of amino acid stationary distributions.
distributions <- [
              [0.08195632681986788, 0.009208185002153093, 0.056784762090472674, 0.07834549804528022, 0.014014814833812752, 0.04439023285632999, 0.046405265699873834, 0.037535193971055605, 0.07687824156249166, 0.05910501254432547, 0.01945459401572881, 0.06245181142537225, 0.016515144829092686, 0.07881631184906436, 0.07426992913738349, 0.09517332801386484, 0.07522872495062308, 0.05496459241792595, 0.003339810197286681, 0.015162219737994597]
            , [0.11262267789316986, 0.014108057592399583, 0.04082925997356803, 0.0442680739485746, 0.01255876016735173, 0.062167032366046135, 0.02361107118998271, 0.019830571215159958, 0.04527217348839727, 0.04317018880070557, 0.014666019262334885, 0.0740320963803983, 0.01950804860437915, 0.047916013576831964, 0.04444628067027496, 0.21838876357334253, 0.10348971789671889, 0.04382280882964994, 0.002638234063939809, 0.012654150506774221]
            , [0.06057075975129798, 0.006634317925530507, 0.037308456635085634, 0.07213553872648916, 0.008147562156828537, 0.023874054527510683, 0.0405766638283353, 0.022181313876209453, 0.1912444682921997, 0.04786562920510457, 0.017947361290847823, 0.057642963368745026, 0.010300137659657222, 0.08632450754526548, 0.1380397641341381, 0.06724059519909185, 0.05838476976075906, 0.0407817737528292, 0.0027424689056430424, 0.01005689345843148]
            , [0.06676402474543776, 0.02081389712790115, 0.019776284224626333, 0.029012935164458815, 0.075112761326508, 0.02330279834665183, 0.07392570826720345, 0.04909133958175251, 0.04802336604881557, 0.0782376124394808, 0.02652430335007796, 0.0566477817554718, 0.01202858092546832, 0.056630539588657165, 0.06273728343950584, 0.08058219078067066, 0.06061097463968201, 0.059416025602115646, 0.015967446055989532, 0.08479414658952475]
            , [0.06730471770937296, 0.0054563555120616496, 0.09650498982379675, 0.20656069314382153, 0.008035682199202083, 0.03488548927245487, 0.03562688900498203, 0.01826219345617065, 0.07974178915078488, 0.04398236519030681, 0.013308993862611102, 0.05398226054685158, 0.01044692184325079, 0.09280329382255133, 0.05838247136834707, 0.06594405782466536, 0.0535365637130684, 0.042933884730755455, 0.002101493263002114, 0.010198894561942548]
            , [0.06556785396015795, 0.010734617407362344, 0.011578915727908997, 0.03471301150874759, 0.05323233728689845, 0.01471228316838118, 0.029894543248368117, 0.07504298539673018, 0.04769797193219131, 0.19775246506681232, 0.07884172364545511, 0.02851050008090134, 0.010096846552480844, 0.06347341697864478, 0.05576895491169231, 0.06154135222992407, 0.05722226595564538, 0.07323309945628403, 0.005811560780979221, 0.02457329470443434]
            , [0.04278102811361334, 0.006984071596511723, 0.012787695508987498, 0.03734206855560534, 0.0073659170177506495, 0.02097700620113228, 0.03992072165342686, 0.01558562205026865, 0.22960510445172821, 0.036905131744156515, 0.01358239152657916, 0.043682320139764766, 0.00881146282978314, 0.06613335729395337, 0.27987142294032336, 0.053953803637644175, 0.044273400268639386, 0.02696210901110733, 0.0031751671691315994, 0.009300198289892748]
            , [0.03247721939840249, 0.004204109401827388, 0.008564458764092661, 0.032197444494668825, 0.003700205346702333, 0.013572415989083958, 0.02951865139861465, 0.009245493880257836, 0.3048519976629277, 0.026131410594391665, 0.009077237211843267, 0.03670978097163318, 0.004428923594311378, 0.06565374188348802, 0.32543015634431344, 0.04187367857158884, 0.032951969658669096, 0.013065544572568762, 0.001574503552333931, 0.0047710567082804075]
            , [0.08256531208779848, 0.011177259794800496, 0.013717161455303642, 0.04735178238066299, 0.019486957507685074, 0.014152134871220601, 0.01490165994713377, 0.1218557637190896, 0.04961554611035302, 0.09428208073460458, 0.05420941070526318, 0.035813032540844746, 0.009314220530184944, 0.0474975502412349, 0.04515048925530537, 0.07011521669296875, 0.09526626994824959, 0.15702675010811526, 0.0028327603791086634, 0.013668640990072287]
            , [0.09623593324322778, 0.0061470042614949335, 0.03981427057480748, 0.05525633605438357, 0.010687593525427688, 0.03848835664253887, 0.021607809624003046, 0.02885128278393195, 0.058072862765184294, 0.05520333831075285, 0.012566208091644292, 0.042345468378082445, 0.19532899739076326, 0.056370187104806686, 0.055156511855828656, 0.10224333456410245, 0.06507340601252667, 0.04802807570522573, 0.0024652831088508528, 0.010057740002416524]
            , [0.05783767522616372, 0.011516659950242817, 0.015680914187606688, 0.04400960858733642, 0.013966143601881753, 0.03293871816679276, 0.06503088524046427, 0.0209128382750809, 0.11070700766639116, 0.05624883753396668, 0.0163378347316297, 0.04837895425136612, 0.010266402017421662, 0.07482354896049255, 0.24218402319336088, 0.06503884793050867, 0.04958620232905658, 0.03893671923478064, 0.006287120192901107, 0.019311058722555147]
            , [0.06509047652778735, 0.0035928800158968443, 0.19170803921080992, 0.2518642772395584, 0.0049543464941246415, 0.041073529496089216, 0.027249590032834493, 0.009819142307621275, 0.05764158201982738, 0.017220788987373444, 0.00788316850815735, 0.05894876195465997, 0.011847059905296201, 0.07124638522578076, 0.038637305754796916, 0.0656707875543959, 0.0432039087198032, 0.024401949133537413, 0.0011194468547727466, 0.006826574056876416]
            , [0.05935939152104972, 0.010962842972940234, 0.07120148445491818, 0.047632417954116435, 0.011701441274928157, 0.0542361962350228, 0.0632283598772665, 0.01629070307627661, 0.05803650231381959, 0.035177280223363076, 0.012073194284609436, 0.21143829242943515, 0.009969325073487455, 0.05519839390084422, 0.0507122595981785, 0.12054399217641153, 0.06757834225969996, 0.022848958056327077, 0.0029626433595006684, 0.01884797895780464]
            , [0.06111647619845391, 0.01049408066563877, 0.005836894235515207, 0.01208214754306718, 0.05983998904484123, 0.010222491387259973, 0.012124487000763755, 0.15626217993515445, 0.016176010469707708, 0.22898628003795543, 0.07930118861729116, 0.012606398998408574, 0.0076580166274721065, 0.02195345428655909, 0.01969351647536308, 0.04576067986210473, 0.059178186197076, 0.14811922038938594, 0.004780021884760596, 0.027808280143221054]
            , [0.09214330449663546, 0.012358214351601442, 0.014144575968975502, 0.03424685688242179, 0.01379977532839245, 0.02227838946015446, 0.01467702765401547, 0.05695186641836297, 0.0422030941820497, 0.05606279235545659, 0.04180972265238779, 0.05299159104830687, 0.010984103389252497, 0.03948983531348242, 0.038198833504912044, 0.13466633025738226, 0.23527217946015724, 0.07425836762388478, 0.002703555525198818, 0.010759584126969462]
            , [0.05217157974064775, 0.002307499433780784, 0.22483699060203463, 0.35343419405306714, 0.003078285434742611, 0.03191438405146181, 0.01870072177129267, 0.006453482664235163, 0.044239326849003405, 0.011358036635296784, 0.0051884053127515895, 0.04450334108216451, 0.00708898605082084, 0.06795801101501368, 0.0275941074063989, 0.04751052999381201, 0.031388387819382246, 0.0149212430255028, 0.0007728532631084299, 0.004579633795481877]
            , [0.08361235495329652, 0.0044913734769016994, 0.05462882151618535, 0.07115387538714292, 0.004903601860321986, 0.05114794257652868, 0.03563724794811745, 0.010878651508472448, 0.12272674190893385, 0.01920192179462884, 0.009932685486604408, 0.09198361176023426, 0.008645031563295234, 0.07891631903209168, 0.09517490892902049, 0.14597582989834879, 0.0835835759076152, 0.019669364032684024, 0.001157609039910511, 0.0065785314196656845]
            , [0.24378154685653294, 0.01970119242038207, 0.013083027759070158, 0.03418922213915362, 0.020287172572090124, 0.05892734155763066, 0.015290158878907086, 0.051416742291771345, 0.03215139703360419, 0.06994655250051371, 0.04079237717705765, 0.024682384230887287, 0.013993484035937684, 0.03940440558947832, 0.03257825638226021, 0.10501555368677196, 0.07586946757019034, 0.09046781765297308, 0.003707838045162277, 0.014714061619625431]
            , [0.2475487521614366, 0.014660742835171858, 0.01824078197380052, 0.03657124077964264, 0.008758767074859375, 0.06374590230011158, 0.012644242269855669, 0.016556667727185323, 0.031537472996501024, 0.03419085910569061, 0.01271626504286525, 0.04760662055071332, 0.015813074596594832, 0.037615012482002615, 0.029595722516806578, 0.22385005051546808, 0.0923295045703756, 0.04638574885024784, 0.001852521701282325, 0.0077800499493884175]
            , [0.05933078093538898, 0.006305691582066862, 0.22769832684151664, 0.12079961871599224, 0.008094598491862028, 0.05585502460553263, 0.04374548630785595, 0.011436775620308334, 0.05483148828332442, 0.01984776572402073, 0.008733056893776897, 0.10595421870904248, 0.01375838944524614, 0.0515767921145536, 0.0420971689294984, 0.08600994563357309, 0.050481728494135195, 0.019471378694558845, 0.002304632835706568, 0.011667131142040271]
            , [0.05775419911163922, 0.01018811279577576, 0.0030146106842642083, 0.006066876562885676, 0.04436556544742027, 0.007152368841566679, 0.005567700605435424, 0.2117260477531979, 0.007989779021543051, 0.23298707591909726, 0.07243015068785262, 0.006854555506579336, 0.005021839763762615, 0.009613212983479107, 0.008854368731862823, 0.03002595590725141, 0.0537878601083576, 0.21313032353848735, 0.0027689031779373477, 0.010700492851604359]
            , [0.08648482619573897, 0.005569032214097948, 0.020653182462814834, 0.03939811344076904, 0.008506275169178233, 0.028699678617115514, 0.017577110747606685, 0.018823045310932728, 0.044963902611522125, 0.04757035857945951, 0.01005950871760223, 0.028914735655701587, 0.36594895330940586, 0.04701027978968553, 0.04430805773397857, 0.08396593247647288, 0.052610771818420894, 0.039272251228900594, 0.002202781900932884, 0.007461202019663439]
            , [0.09722706921072233, 0.010523774236711303, 0.01713090205056455, 0.023884497300414604, 0.007513091386555903, 0.04245429553777997, 0.011447216713915648, 0.027226079873369162, 0.03292653688670128, 0.031259432507483365, 0.012543854709537207, 0.06793878106812369, 0.011962511215975089, 0.0330375969364062, 0.02808707907277776, 0.26194592973361847, 0.23376441830179476, 0.04082293355754488, 0.0016279341857406131, 0.006676065514263288]
            , [0.0945811158469139, 0.011537959393519415, 0.05407581604058094, 0.0556319938368998, 0.010911029328835965, 0.23721127109819923, 0.02341732286730993, 0.01396301502603614, 0.05637458440602754, 0.034203036078325165, 0.011636913686912678, 0.06577329061247357, 0.014700145875122186, 0.0447235790081814, 0.060620961229403324, 0.11037273064836217, 0.051997173577967216, 0.03348917859777231, 0.0040247643163394695, 0.010754118524817918]
            , [0.0434815640746003, 0.004382490903053012, 0.0146415388234433, 0.047650542667702814, 0.0044719820478788105, 0.01847600896570844, 0.02419236032502835, 0.013242087160519542, 0.3583314221617788, 0.029768560040725353, 0.01297507768669689, 0.04884892362276692, 0.007985804006813407, 0.06641294444909955, 0.17805738614405178, 0.0520296575742289, 0.04392109871215255, 0.02427460083288659, 0.0016680540037954403, 0.005187895797069202]
            , [0.03776237975606328, 0.0015635108703845025, 0.3228488620471601, 0.3468070707677902, 0.002094686970316169, 0.028561473360836673, 0.01472922208374369, 0.0040423784522476535, 0.033024820811179884, 0.007483839297494208, 0.0033997600398144633, 0.04811026376495628, 0.006325408769444583, 0.04751734865889003, 0.017824816051141244, 0.03992852740431329, 0.02499892726415642, 0.009239079268832344, 0.000538296038238505, 0.0031993283229964]
            , [0.04817283951214742, 0.010597393083121747, 0.03539624959252621, 0.03877754955301157, 0.038954856535863204, 0.017657646798537603, 0.24727501500607527, 0.014712648386030387, 0.04953873561074836, 0.047271466817804725, 0.011914813289446293, 0.07910092904133258, 0.009011141934484471, 0.081016922032094, 0.07179735262583761, 0.06122993711775861, 0.040661878725075665, 0.020275332012569786, 0.004743521796047944, 0.0718937705294864]
            , [0.04059404226967365, 0.008418984886212486, 0.0034068584538957413, 0.007063879581563407, 0.055189075572774866, 0.0062814710485783855, 0.007181192859636967, 0.15515796758208678, 0.009689029868707701, 0.37090710911538827, 0.10182910497754644, 0.007309620693799537, 0.005186917470753934, 0.01363747790260029, 0.011192066050996763, 0.026701647365380613, 0.03818807333236838, 0.11415858968608684, 0.0037432279465165817, 0.014163663335432375]
            , [0.030559465033855888, 0.0069240398308513485, 0.0017817833491912633, 0.003694629338918041, 0.048774973347342744, 0.003927252059583703, 0.003747100950211509, 0.1883529732664634, 0.004634928146719598, 0.4095425219497447, 0.08778528788218477, 0.003934413508014113, 0.0035214783035862956, 0.006495487691223159, 0.005639223102169182, 0.014968445037760968, 0.026400150472343623, 0.13843294403651718, 0.0025044815420308783, 0.008378421151287547]
            , [0.03192271335409707, 0.01241236565756457, 0.005667380158576628, 0.007054872410989176, 0.2501103867234061, 0.007626947760597242, 0.05752580822323271, 0.030677191404570026, 0.009108474553217158, 0.06083680902025189, 0.0133934963516248, 0.014170548488696571, 0.004357098447487219, 0.011626912170712688, 0.012622549525675084, 0.034366659875014305, 0.020814245685710858, 0.034067582510054525, 0.03501615271048635, 0.3466218049680352]
            , [0.28785100049707396, 0.032354579344843565, 0.01006869895312366, 0.012279283608742466, 0.006595177421750005, 0.06299386373977407, 0.006346705094481614, 0.011663662412804547, 0.009971181476599266, 0.02252437015995792, 0.008572813246947978, 0.03476304054838387, 0.010312414354809457, 0.02124819857830246, 0.00972444060592016, 0.318341305167807, 0.0915079110805806, 0.03693203059777955, 0.0012397820638244343, 0.004709541046493302]
            , [0.04900004515033911, 0.003411424192829646, 0.3473546581825654, 0.20020139169936085, 0.004091139407534411, 0.04154987555427909, 0.02510780053724379, 0.006298887541864318, 0.03766814191835163, 0.010327781122219003, 0.005012998509656457, 0.07974930634406178, 0.009463451567540493, 0.04255070836554038, 0.023969096218332646, 0.06157812218129821, 0.03445397303764332, 0.011481653296783956, 0.0009797225163802126, 0.0057498226561750855]
            , [0.051838016487481174, 0.0108444351597259, 0.0016251410808824174, 0.0034099337693981, 0.03577026125144274, 0.004897753002875419, 0.0031764103804553497, 0.23526894590602954, 0.00408108853240587, 0.22877827471624138, 0.06028023084274042, 0.0038639830385273615, 0.003301734786126094, 0.0050181759780941896, 0.00480351236774582, 0.019661445475003786, 0.039904135952172896, 0.2749187453640932, 0.001954414592308781, 0.006603361316249533]
            , [0.05865106743987192, 0.009040983088093894, 0.006896410927504098, 0.024737016605288133, 0.030691374884977897, 0.008593580085616165, 0.00890852852026541, 0.22249204941845976, 0.03248362521432707, 0.10771951776684113, 0.053995407010276275, 0.014108088987639824, 0.006676805073234147, 0.023092369342751943, 0.029823801035193467, 0.043234593024265563, 0.07548816384550748, 0.22960501199998878, 0.002308043185106266, 0.011453562544791018]
            , [0.09096805582053531, 0.0045394885192976495, 0.013752312016628982, 0.027779494485200198, 0.005565632304227632, 0.02512965424177105, 0.010510058453105544, 0.011017280030145845, 0.02840913858420377, 0.03428849648159029, 0.005959207723074232, 0.014600723363042616, 0.5127849165996176, 0.03062512387623339, 0.026636765844527253, 0.07951577148949647, 0.042078787464461545, 0.02954123641130117, 0.001510367367490953, 0.004787488924048511]
            , [0.022069611379995455, 0.0026784157730964653, 0.0045162567023214134, 0.020081149272184923, 0.0022861307911989453, 0.008557002397224674, 0.020776074021409397, 0.006413367229726936, 0.38296284955064275, 0.01800557715461486, 0.006561936642491884, 0.02787843326349132, 0.0030915556049898444, 0.046141099287505004, 0.3629840693926073, 0.028597555530971746, 0.02409658744454289, 0.008197070108933465, 0.0010032726232330675, 0.0031019858288174836]
            , [0.05461747348410834, 0.004037501252440249, 0.03331003452069372, 0.07498708006082824, 0.003419846418534643, 0.026647743379088883, 0.03984525648854989, 0.009660116095945323, 0.21359404589587314, 0.03192738788913534, 0.010900279602091043, 0.05210791531567388, 0.004184504454205711, 0.12077889020399597, 0.19492733438007084, 0.05924785212862284, 0.04473449682874977, 0.014363522334375253, 0.0012834338110547282, 0.005425285455962209]
            , [0.16055069350168547, 0.004102056751842965, 0.08383179514658462, 0.14401512047829038, 0.004143171660089626, 0.054104038910132275, 0.016550061591937774, 0.011040104872645066, 0.06691798918837898, 0.030769478766062522, 0.009401840668332623, 0.05174640934847681, 0.009923753966275673, 0.078061361089078, 0.053702749071328736, 0.11088428160018908, 0.06660073873715737, 0.037468787191053905, 0.0011883890037192972, 0.004997178456738841]
            , [0.07137192206812552, 0.0023586982217730793, 0.06738387635920368, 0.18353904577666874, 0.002938348426755764, 0.02501611303631918, 0.02721107927907887, 0.008868956790809642, 0.16998611950783224, 0.026176058270281636, 0.008086458142000225, 0.05239902966517032, 0.00404481583719117, 0.11051336198066683, 0.10784708234440256, 0.056486104948228456, 0.047982531025634344, 0.022678269116451513, 0.000843049779154002, 0.004269079424252133]
            , [0.02664711226332973, 0.005853930642477008, 0.0012099748069773137, 0.002444690689521066, 0.04023902082434658, 0.002803661613692891, 0.002351133890472808, 0.2882206950561616, 0.0030412078826436506, 0.3115989223067831, 0.06914026431395369, 0.002868669189028192, 0.002310498678831221, 0.0040052104372599925, 0.0034190956249748592, 0.007961000772170612, 0.023514895636869305, 0.19441924565544477, 0.001650458303757084, 0.006300311411304467]
            , [0.056332400051575464, 0.020135348153554063, 0.007435718307835282, 0.009910442541360136, 0.22711010060831427, 0.012762812873806586, 0.03808552208106444, 0.06493434089906835, 0.012125802722289828, 0.12795961930949745, 0.047705217437714456, 0.015865595281828335, 0.008435240104166106, 0.015388536499453962, 0.016198841925279497, 0.05751233608737492, 0.04511431389604873, 0.07042506699058268, 0.019052685632572664, 0.12751005859661269]
            , [0.05073046765876703, 0.015829852720441163, 0.011019137505846023, 0.014042566376397957, 0.13741874113786998, 0.012774058853361171, 0.08932101787583983, 0.03212064625724711, 0.018087604892289107, 0.062380114056949425, 0.015569541180729916, 0.043225004309124786, 0.00632954084479918, 0.032154728588002314, 0.03759769900445629, 0.05663524349929605, 0.03953825025233939, 0.043262126690518855, 0.014965935109042275, 0.26699772318668225]
            , [0.11972725868296634, 0.03688025398244171, 0.025460966369134468, 0.018039897800470068, 0.009889274098172578, 0.06138161001755127, 0.012920287786066062, 0.012206845161015962, 0.026277169089906318, 0.02899050949698516, 0.009447007727996318, 0.05940271122224877, 0.013979176998853232, 0.026707938812440393, 0.030447170358640495, 0.3685828076984386, 0.09877248134727043, 0.029777524126578095, 0.002181226352865455, 0.00892788286995824]
            , [0.06065094180105976, 0.011596908818392496, 0.0038571698393676072, 0.00850507480265884, 0.02744218219109645, 0.006736407295727796, 0.005066290298954133, 0.24376018264404503, 0.01014546876236734, 0.09628210441476198, 0.040780898027567604, 0.008032485493423816, 0.004939309353347683, 0.008795268630728418, 0.00912026871240718, 0.03128271047882811, 0.060388135066861276, 0.3532720511886723, 0.0016319412192173368, 0.007714200960515]
            , [0.060594697156464435, 0.0032534854150017235, 0.09857207618956182, 0.3745405510776342, 0.004515033823226717, 0.026551211104298904, 0.016277807186876107, 0.012410278102965052, 0.06351890617923926, 0.028157539682766675, 0.008774551741318633, 0.03425095847143046, 0.0064069534522162835, 0.09243544299876205, 0.03974774931626704, 0.04501887141001875, 0.04125535511010398, 0.03630869056425608, 0.0014254132287324342, 0.005984427788859482]
            , [0.017295559649148366, 0.00501082477671076, 0.0014414178834766804, 0.002660609642323331, 0.05130146326950522, 0.0027108618335935186, 0.003363486844292448, 0.10373289998340846, 0.0034722585492143066, 0.6117858400402748, 0.08175070120075269, 0.0027679002989283823, 0.0027633163635079534, 0.005434604616628339, 0.004273475689048695, 0.008564828438065362, 0.01489593874114484, 0.06717353611776818, 0.002043173060333008, 0.007557303001874482]
            , [0.0598112797279818, 0.006462901983070355, 0.028453785849420085, 0.0883155756171251, 0.00962874878640963, 0.018527118451615393, 0.058078029281695843, 0.0211360532745979, 0.06504871234709494, 0.06452293037548369, 0.0419229578445825, 0.046564790695006464, 0.008671425833230656, 0.2570210680396936, 0.06308627810751712, 0.05765379960383527, 0.050657273445300445, 0.04058825421901837, 0.0027109533416275295, 0.01113806317569348]
            , [0.03513215050612081, 0.007826730730644334, 0.001356385682208296, 0.0023674110228576748, 0.02915723668050574, 0.0034650233761925465, 0.00218202227481287, 0.3383318011836307, 0.002898581438539763, 0.15544411213450804, 0.044697469206647515, 0.002982248246741152, 0.0025658350641425817, 0.003327607395421912, 0.002962653096254592, 0.012444984623866935, 0.02971226190328498, 0.31700197927047996, 0.001160146668316065, 0.004983359494823613]
            , [0.04750708632908452, 0.008774770551685126, 0.006426996841575911, 0.014637831584847489, 0.04746303012366827, 0.008727194972445302, 0.016196818088234404, 0.07433694350213146, 0.03153844221091127, 0.37268498981418685, 0.09261797505286731, 0.012832805746578144, 0.00677005890628796, 0.047171711052248766, 0.03890659450176879, 0.039328877473039224, 0.042116200078958395, 0.0634780348816725, 0.0043993023597162124, 0.024084335928092317]
            , [0.44555318908144964, 0.03234220198563308, 0.009820594652355944, 0.023724119865525282, 0.008254505674237234, 0.06540217874800038, 0.007419528179871013, 0.027039083384674492, 0.01149424780254852, 0.033947410518620984, 0.012501616230336916, 0.020151624443350467, 0.010897607630429459, 0.01411360201039677, 0.01159468703828733, 0.13197781330214012, 0.06419107764680473, 0.06090175780334541, 0.0018504092418201792, 0.0068227447601719934]
            , [0.021591922101074183, 0.004470557322301964, 0.001121652482318431, 0.0021106138020967986, 0.038295022912015045, 0.0024331175516378923, 0.002350837628579923, 0.1952829540067741, 0.002707604872774052, 0.48298986756501977, 0.07213938156835897, 0.002347195122894103, 0.0024261350066639973, 0.00400099222271386, 0.003562775984434877, 0.006469736601761894, 0.017722591630626564, 0.13093226982781148, 0.001495919734803262, 0.005548852055338714]
            , [0.01746683936405179, 0.004245190645522002, 0.0007859514489670058, 0.00135190219790171, 0.03297482277430898, 0.0016504889683524977, 0.0015679840485719495, 0.27066046968474766, 0.001664950394687776, 0.4097455665949439, 0.06668058203492126, 0.001642898058064621, 0.0014686159008767629, 0.0026033349831282057, 0.00206482550080463, 0.004416748379659999, 0.014825990578488131, 0.1595096778483929, 0.0009489173311140544, 0.0037242432624941028]
            , [0.24336882359696999, 0.044835207694733856, 0.00566135039885166, 0.009254423031997602, 0.014210427008520933, 0.04373228678416203, 0.0056165621804396704, 0.0634609926949818, 0.008655272975172273, 0.05249117133840098, 0.031675615469711337, 0.015164046058723868, 0.009193380083896262, 0.010251901790533834, 0.00835888185696007, 0.15461694641381674, 0.14588497522904856, 0.1248532860227264, 0.0018788406324981106, 0.006835608737854134]
            , [0.018778519397909203, 0.00845849460760874, 0.002813963134736155, 0.0035472014646990343, 0.4041640390833717, 0.004043181576108954, 0.028588373460437112, 0.03221297799735278, 0.004237928109418634, 0.08055244754895684, 0.02226593523269237, 0.006262429216900005, 0.0027400929580197533, 0.005444832639191975, 0.005624257080944247, 0.018933026083350613, 0.009312090767453204, 0.030713896078403014, 0.02779904889373824, 0.2835072646687074]
            , [0.016309430651821097, 0.00864109044335785, 0.0030374935108923224, 0.004186696269383853, 0.2700279173963758, 0.004184732462258028, 0.045166095136409186, 0.01945637216331376, 0.004822609566762594, 0.03973506273854563, 0.008027191063997638, 0.008448939414971263, 0.0027067962683038306, 0.006395581106548909, 0.0070442998936782525, 0.018959548829251157, 0.009071881545895008, 0.021154561805204638, 0.026337604334524676, 0.47628609539850464]
            , [0.08691591329314496, 0.010146377599113654, 0.04137585601506162, 0.03849922489985467, 0.008184142122641767, 0.43131143668972655, 0.013308790529342522, 0.010728931616991485, 0.03695913625112119, 0.022903142105471064, 0.008507278037509024, 0.05041731585111665, 0.010988882536664328, 0.02873561127691113, 0.03984669458403094, 0.08870606109462753, 0.037474564333138984, 0.024705800287116112, 0.0028573432170610246, 0.007427497659354796]
            , [0.010634876525575612, 0.005238532312941402, 0.0017649847389279998, 0.002244892485121565, 0.375872544246226, 0.0025661091277258195, 0.027991341523720622, 0.015255451859768183, 0.002548739963635417, 0.03893083470376283, 0.00800475693265199, 0.004514011589551174, 0.001580190324590824, 0.0035664776983099344, 0.003378677912011456, 0.012250726633553569, 0.005607216859028867, 0.016603095564554193, 0.020590291235731695, 0.44085624776261084]
            , [0.02535998386707375, 0.005929355198341274, 0.000913634754734006, 0.001597385190442372, 0.018032337666184294, 0.0021653203645014, 0.0013178623517381145, 0.37969848734809303, 0.0018997286938679614, 0.11885772973141565, 0.028629330210517844, 0.0019222080262147555, 0.0016963752428543525, 0.0021035986697885154, 0.0020282101104259287, 0.005445521935756805, 0.019783049281753496, 0.3793224171117898, 0.0006483988237397569, 0.0026490654207667556]
            , [0.014670547859258138, 0.003428325945056327, 0.0008484808543264264, 0.0014796665412146889, 0.04785828583306657, 0.0018046818195811905, 0.0017856588045751436, 0.14062042159465318, 0.0018323142254998816, 0.5739645508141431, 0.0989455084312301, 0.0017496522604077444, 0.001562178420662693, 0.0032518700643317496, 0.0023898584799725217, 0.004730966190651624, 0.012719388785865258, 0.08057266613940552, 0.0010689040896119184, 0.004716072846486298]
            , [0.03873444579030383, 0.008459700674798684, 0.008671679913200649, 0.02714378579888926, 0.006635108387244225, 0.01779580952069005, 0.05127671808297108, 0.012300157078039416, 0.11779404629002134, 0.03619968390933782, 0.010074583857246102, 0.032901789425989855, 0.006076753038756218, 0.0615974835178226, 0.4523518257883157, 0.0431695124605679, 0.033571844267362906, 0.022133538436818725, 0.003597054537779581, 0.009514479223843962]
            , [0.05508744762332379, 0.016545407216653804, 0.0021412605345672822, 0.0043815328022143735, 0.020879229564337402, 0.004442190821134017, 0.002791415292064483, 0.2677776591595477, 0.004467026388792383, 0.08083570439057387, 0.029415640829865974, 0.004246235400847997, 0.003845266006546789, 0.0043068840952404895, 0.004353514364629872, 0.0205861396470853, 0.0437795248300738, 0.4241148352199259, 0.0011192576790472466, 0.004883828133527502]
            , [0.07648919367015272, 0.0030369148213171345, 0.008414300737905247, 0.020212161411054967, 0.00363227730589925, 0.016916147275550186, 0.006407544332242259, 0.008223130969084422, 0.02015381090557196, 0.022989874323971114, 0.004168167721960428, 0.007687509814344177, 0.6510450271055354, 0.019521234032822247, 0.017148791401653724, 0.05824583224311973, 0.0295581850878504, 0.022141312804698745, 0.0009661650376141881, 0.0030424189976516517]
            , [0.030863814382058232, 0.01368028755391169, 0.003937404533590034, 0.004943687217035619, 0.3655399869643992, 0.0068083717178808205, 0.022007245048206017, 0.05014079954885594, 0.006656740003331172, 0.1441188132363237, 0.041126216352317835, 0.008410669399457229, 0.004175652826211692, 0.007638816583807472, 0.008225815349133636, 0.028757372341767753, 0.023120910298153687, 0.04686140525708327, 0.03223508141638791, 0.1507509099700871]
            , [0.15057871206383525, 0.03135812940046201, 0.006403394863314147, 0.01288847921109624, 0.02407549174144076, 0.01940031401587085, 0.006933014774517067, 0.12483905418906241, 0.012024701690556026, 0.07401152442052601, 0.0405830890154418, 0.011817495931478074, 0.009093807069741614, 0.012049685661308209, 0.01149680998664755, 0.06256535545385238, 0.08720339574621457, 0.2915118092509584, 0.0022049897120182804, 0.008960745801658678]
            , [0.025620901292365175, 0.007054121782023674, 0.002796444972938603, 0.0052910460058705425, 0.05045592982422513, 0.0046063567011446266, 0.006782048507816265, 0.08800104074190263, 0.00789985084253628, 0.5643277820545579, 0.07734623656968537, 0.005703541765058681, 0.004933510815394943, 0.01679568101549549, 0.009354438196169705, 0.018881883813521915, 0.022706931410909414, 0.06534928783670156, 0.0027812620768519966, 0.013311703774830071]
            , [0.044074450648751456, 0.01327480954268497, 0.003704477742433316, 0.005564214152157222, 0.1926829224588715, 0.00824551750052683, 0.011263213009996132, 0.08685728594702613, 0.00676163616265494, 0.29541123005501563, 0.07459145175277215, 0.007348988362668442, 0.005034107417783446, 0.010053040113119215, 0.009086655450057499, 0.032555794569985766, 0.03356718160104536, 0.07735985445185622, 0.012483648936416198, 0.07007952012417754]
            , [0.2341228801224178, 0.022593420083802912, 0.017051237049541364, 0.02880973258015643, 0.009628001022302896, 0.2388907390740117, 0.008890213285074196, 0.013612771891742976, 0.014894620434283672, 0.03313711226333796, 0.010355821122813795, 0.04086484216088391, 0.0127287578101028, 0.01977680528574546, 0.017570749517608997, 0.16901804164204848, 0.05917431066972337, 0.03990741941998341, 0.002413370194346091, 0.006559154370071907]
            , [0.03884385883588783, 0.004541934244650101, 0.34535942013796955, 0.08355096984370367, 0.004919720047148734, 0.04799336533051077, 0.03670151576146621, 0.007030616166924999, 0.038912168296900786, 0.010055479870321541, 0.004954173356204184, 0.17394985139128422, 0.00653518959502513, 0.03349766166556243, 0.027630434492950294, 0.07717546021026993, 0.03955812784936866, 0.010160101908752403, 0.0013182593489498647, 0.007311691646148696]
            , [0.07491916030348193, 0.010726471447628307, 0.022593371026245496, 0.011511370660297952, 0.005234547849845341, 0.0364471582964241, 0.007400652173011977, 0.010268131071691868, 0.02147786978130751, 0.014905724691987884, 0.007533360034381487, 0.051694033317623365, 0.010517763458250335, 0.014052023136503345, 0.018234684007925973, 0.38293540896176176, 0.2693161597999828, 0.02437412057545847, 0.0012742221620392874, 0.004583767244150555]
            , [0.5037193650865972, 0.027991887854682384, 0.005251473350286163, 0.008725434591314397, 0.005240780851051844, 0.05662806442147843, 0.0041206437714321024, 0.01126899528889896, 0.007731200031393659, 0.018136995377444978, 0.006718386758367073, 0.011229136592847643, 0.009016877789877423, 0.008076344515085125, 0.00702117491114025, 0.2105304345326451, 0.05549379002951579, 0.0381134722811617, 0.0010925944337617551, 0.0038929475310181005]
            , [0.038829094505606974, 0.009626415348581824, 0.000835145503531382, 0.001431359188980989, 0.030298139546644932, 0.002929346861004211, 0.0014843691117385057, 0.26223560427465625, 0.001677124020724324, 0.24546567241098852, 0.0458579715879774, 0.0017862735403307059, 0.0019348902884375862, 0.0022851989176160244, 0.0019765950109769206, 0.00912884187568731, 0.023883814588470997, 0.3140478980383916, 0.0010382790920694211, 0.0032479662875839377]
            , [0.04307921778182739, 0.006912342695101819, 0.08494129503677554, 0.037336707772815475, 0.006842276732141321, 0.04729963401141897, 0.045746483801303355, 0.011071095806577108, 0.04792697325297387, 0.0160951341060138, 0.007374941537172959, 0.36933539853835756, 0.006460598187512133, 0.039024712931673256, 0.03533285463281377, 0.1122565017205906, 0.05617392502447204, 0.01443421337539422, 0.0016762798597738035, 0.010679413195291051]
            , [0.05642185564167329, 0.004636922944437123, 0.02351194945322743, 0.017082641989102136, 0.003121337725519198, 0.7302622405795186, 0.0047822366870464445, 0.00386225359561541, 0.015505657758980246, 0.006140801959112163, 0.0032702434563155166, 0.025731422173105117, 0.004036464906868336, 0.010329288247016441, 0.017119917645876358, 0.04799724927449048, 0.01506674330594201, 0.0074906922698461, 0.0011215947372240727, 0.00250848564908318]
            , [0.025556450455758942, 0.007600480155649311, 0.0009008527853260541, 0.0015654681117859036, 0.010303775009614088, 0.0016969608393284864, 0.001138061138319103, 0.3368446347223549, 0.0017112571154411639, 0.055576367816089954, 0.016977229934395204, 0.0018437066609194707, 0.0014625574526868305, 0.0017864686427595258, 0.0016298422250906875, 0.006918628705942502, 0.01972859148727174, 0.5045222852057625, 0.0004759052144623088, 0.0017604763210412855]
            , [0.029196295778576634, 0.0030133011436782263, 0.007170181803203382, 0.030873922307816198, 0.0028614916410209645, 0.010762598747800532, 0.016285448416272396, 0.00994190059366604, 0.4850447213798125, 0.021577925258324943, 0.009231118353944568, 0.035908216047280915, 0.004769986216356169, 0.05171614118749097, 0.19603274221375702, 0.03330768164778341, 0.0310713404541891, 0.016827173371931584, 0.00121080611843023, 0.0031970073186641267]
            , [0.018469547347679506, 0.0033992179537226017, 0.000621496357161749, 0.0011068675758046799, 0.022672830968130546, 0.001416060368832681, 0.0010252774549937061, 0.38236033399660924, 0.001101717765224379, 0.21462650983393455, 0.0422934084684984, 0.0012606221568707999, 0.001213674483606965, 0.001560312098426396, 0.001341306853436831, 0.0034589499924541464, 0.01493783501788803, 0.2840313567892454, 0.0006174311655264839, 0.0024852433519532]
            , [0.16989221419093262, 0.030357552048971132, 0.0021400935906676225, 0.003450602530554349, 0.02417659581001141, 0.0217847396435048, 0.0025891493038022097, 0.15976196090785605, 0.0035500109207353982, 0.09231523507165212, 0.03793381720175165, 0.004471832099405158, 0.004203073070775473, 0.003905987192471619, 0.003706231301208202, 0.03832500289852338, 0.06181623237142559, 0.3298050362708905, 0.001340426838422188, 0.0044742067364388315]
            , [0.05175115866188412, 0.006177745069420067, 0.04555260317201832, 0.034527067630370986, 0.004291682616626355, 0.6078786656725809, 0.009578364517218512, 0.005551084800603248, 0.027224315201978398, 0.00902798617056835, 0.004515144366221262, 0.04585352415886933, 0.0056393814180317765, 0.018116452124934516, 0.029886006338547582, 0.058066420185336906, 0.021085414412573045, 0.009098112469564955, 0.0017854956366865082, 0.004393375375964431]
            , [0.03144089852939187, 0.0025851977024780775, 0.5209568642271943, 0.12915873496800181, 0.0028384344411205393, 0.032658100501992346, 0.02235235114226887, 0.004533794050331466, 0.025334625069708606, 0.006406117605492216, 0.0034903045293364957, 0.08723391227267968, 0.005450492547712017, 0.02742949906914291, 0.01592457512080777, 0.04492450434875806, 0.024772086345990797, 0.007458547476459261, 0.000814859740873648, 0.00423610031025918]
            , [0.025589202090052894, 0.007045308506340782, 0.001724517658712852, 0.0028588357316836365, 0.15360021541686963, 0.0042197361445158255, 0.00457269964063584, 0.10788556266162776, 0.003449395023455025, 0.4318816900405301, 0.08992594345747841, 0.003943221554478819, 0.0031335455714473132, 0.005715722195763094, 0.004796362786391961, 0.016250675303681694, 0.021087404824519346, 0.07513221348552424, 0.00520272145167724, 0.03198502645461362]
            , [0.0872135334407938, 0.0029564062264612525, 0.1365654469261085, 0.0889418356404724, 0.0036560534221607697, 0.0707462915637181, 0.026491247164509513, 0.006046016261190977, 0.05147342706532833, 0.009686301382706406, 0.005020091202129168, 0.1211655621202461, 0.008323256470211336, 0.04746766199330633, 0.03566511123697261, 0.1982198247931571, 0.08433144461859013, 0.010862308617527705, 0.0008324922801016922, 0.004335687574307792]
            , [0.01809733381161446, 0.0037764201646511954, 0.0010252093694901494, 0.0016916069279473106, 0.02698060015749487, 0.0018848342513172638, 0.0016473935071162986, 0.4314117393530611, 0.0020289259356070506, 0.21046002030213223, 0.05124951585783467, 0.0021487350010086347, 0.0016016379265119413, 0.002354470776119911, 0.0022444272643661603, 0.0051146746462892925, 0.017833791113605755, 0.2133072175475374, 0.001099859176952187, 0.004041586909342194]
            , [0.0802134894080826, 0.013459002124265164, 0.00617635470941107, 0.012568137656497582, 0.011007841631761977, 0.009894374339086546, 0.007146451519288846, 0.12293510185041479, 0.01656846995281048, 0.06890299504248076, 0.04540266629164393, 0.03144721478329052, 0.005622105601148562, 0.01581205982212793, 0.012946112652739759, 0.08436406100092714, 0.2632227910060582, 0.1837898617942017, 0.0017731241012176342, 0.006747784712544855]
            , [0.06583535131908701, 0.01081707306370456, 0.045211171761540506, 0.0174791443827386, 0.005240823600492521, 0.06376081783071383, 0.030393409013539, 0.00861434798019863, 0.031852242918314566, 0.011068244190253294, 0.005805872738263315, 0.22759353400626967, 0.006270601412051411, 0.030632188598570823, 0.026385236719571367, 0.29705020105193536, 0.09625342821738894, 0.012637679825333424, 0.0011610281346371627, 0.00593760323539609]
            , [0.043654300238031525, 0.010574897614275207, 0.0012963971858762403, 0.0020859960130809817, 0.13461150256518498, 0.006377309187287811, 0.0030230075551550928, 0.1964551321856711, 0.0025750435198723903, 0.2760611595134155, 0.05944052297065833, 0.0028050075105283453, 0.002950224353171318, 0.0033539728089119754, 0.0032982211052886017, 0.018340802424264332, 0.02821300531769142, 0.16707254386764375, 0.007193802062644549, 0.03061715200134667]
            , [0.03101258639446028, 0.001057363770916666, 0.27412773659414835, 0.4997240673147378, 0.0012433944749041723, 0.018839490835104826, 0.005984515587912083, 0.0029358022524343334, 0.023728742469913165, 0.00452653711868044, 0.0024166612835346962, 0.025621303203975793, 0.002897741640663331, 0.044991224971537604, 0.010268080294326593, 0.02428292985811069, 0.015644832491649708, 0.008532191251383762, 0.00030788213770543635, 0.0018569160539001883]
            , [0.03978943395346301, 0.012600263790707944, 0.0013501626902646727, 0.002252089961287066, 0.014930327138115863, 0.0028365921477767515, 0.0016820148599689313, 0.2628703871956387, 0.0024945456653866368, 0.07312499888574363, 0.02366299918973447, 0.0025600612859311266, 0.002230313340255003, 0.002581062358127497, 0.002579141635514592, 0.01094412388559216, 0.028764503819910643, 0.5093209591550552, 0.0007099950471910292, 0.002716023994335038]
            , [0.025271248361622374, 0.004013208421794571, 0.004803975446781395, 0.01567128571813386, 0.0035261070311439035, 0.0097016862094146, 0.031238959680637654, 0.007973943317619537, 0.1835895550176435, 0.0237651575715657, 0.0069081568441285, 0.02327824500795318, 0.003645233590394038, 0.04912063121453321, 0.5390231812670534, 0.028964332999506095, 0.02239443809035264, 0.010093485876936838, 0.0022706700193396417, 0.004746498313445092]
            , [0.179237059720999, 0.04137995459458336, 0.0026068562796074226, 0.004220212267574501, 0.050487931023467686, 0.046227967099019114, 0.0034782890584291754, 0.09801391765390713, 0.0045808796228988605, 0.16602276038092226, 0.06468239057044037, 0.007103141884756243, 0.004603891784968118, 0.006692499927268186, 0.00519668333471087, 0.08171410074439192, 0.08375443350064543, 0.13882007879021738, 0.003123011876389038, 0.008053939884804021]
