256 20
0     	0.01012947014201791 0.0593571772687545 0.0057861900327163 0.1351552100226598 0.2918631884363318 0.0072466317429932 0.0301643728476822 0.0248339232821038 0.0142465402410555 0.0687158538968783 0.0243470287723292 0.0112996464879084 0.0457868829214364 0.0146480478802802 0.0902798074038664 0.0436373852378405 0.0562099514828227 0.0393618244857796 0.0253876398709138 0.0022761427522004 0.0093965549334468
1     	0.010066731306678834 0.0490047045153766 0.0102014647323679 0.0238630183137415 0.0448269589212501 0.0103588093712541 0.0257545114425203 0.0306592025089469 0.0217862629270511 0.2157602676417785 0.0363249380192310 0.0174394826425120 0.0418781071497533 0.0153004326665751 0.0665284337851380 0.2440981470677520 0.0585096792599797 0.0447968304439575 0.0274877208188171 0.0035663176366628 0.0118547101353344
2     	0.008509667484172702 0.0213338724687906 0.0085256678942942 0.0034671644690308 0.0064377962834807 0.0481538732383231 0.0046273777627242 0.0069300636317193 0.1451677189959099 0.0091660002696946 0.4772022320884109 0.0886458430249400 0.0063714105092197 0.0053586020564139 0.0110880799195961 0.0102840414324913 0.0151384388801416 0.0203670610264520 0.0979013803144055 0.0024542147905213 0.0113791609434402
3     	0.008124679176410198 0.0439956303577750 0.0065267302211666 0.3548252947609158 0.1495229734534796 0.0066571638063451 0.0424798714467747 0.0225829297032317 0.0101958095888504 0.0359210646568883 0.0158858311760271 0.0075138326037271 0.0997245000357324 0.0140541235964973 0.0367210822922328 0.0249610054419682 0.0659339431206665 0.0344419407494357 0.0169335258175993 0.0022860141282188 0.0088367330424672
4     	0.007588547310785376 0.0394341060518814 0.0107126696477331 0.0037809131429653 0.0077614468548228 0.0221153368817771 0.0057987770127106 0.0048148369255775 0.3044095945453997 0.0078760893329324 0.1331947979387816 0.0396586043639850 0.0070208309922500 0.0055694188558301 0.0076975643404300 0.0075693355823139 0.0181119160529265 0.0380561530700810 0.3270775998323832 0.0010948309378192 0.0082451776373993
5     	0.006772942451377403 0.1715344974951827 0.0220455874350104 0.0266086853798408 0.0279111977413236 0.0099987224240077 0.0625916084332190 0.0158655139620202 0.0161036537805584 0.0262457218567303 0.0230142701680975 0.0116629989374315 0.0507508517365396 0.0215638693410505 0.0271819088474830 0.0248138855095210 0.3099843356040046 0.1096726238450891 0.0304212697681534 0.0023902036079334 0.0096385941268034
6     	0.006721610677009069 0.1573336807660490 0.0143337942825669 0.0211926894100035 0.0189348079735354 0.0062598625000264 0.4949523391480825 0.0090107014246580 0.0090535606368174 0.0146108694769392 0.0132116249573695 0.0063226504254578 0.0264358817812043 0.0115059104236450 0.0130390911537892 0.0158566635847768 0.1126089873413055 0.0305433793036596 0.0180088679768074 0.0017554907232944 0.0050291467100121
7     	0.0067073518507956426 0.4330293565591674 0.0273276030044559 0.0082159895012678 0.0116518942166807 0.0059990279990895 0.0630599365444683 0.0051634482091042 0.0156387736786646 0.0090731899636572 0.0158209508090639 0.0078947546599874 0.0151827165250244 0.0100811396831434 0.0094475200554334 0.0083999276585391 0.2260927868218326 0.0774833628975442 0.0451375438825394 0.0009164662154502 0.0043836111148863
8     	0.006564763588661381 0.0240440078256461 0.0045061762650024 0.0100657698980374 0.0217829102086663 0.0057095813930390 0.0139030723857001 0.0257685003190799 0.0107698390445877 0.2937993645618260 0.0205400511729377 0.0105006922941562 0.0270599003619910 0.0100322714394987 0.0540466370210728 0.3825781072618368 0.0337757508914515 0.0247762971284402 0.0139399364727958 0.0038247979156158 0.0085763361386184
9     	0.006507728283807677 0.0118488767457883 0.0064505251261011 0.0009031527033137 0.0016339246626442 0.0447240146392301 0.0014582294938908 0.0018937004511104 0.1578043272281929 0.0026243688285217 0.5570568152301820 0.0914940246008060 0.0018452263218330 0.0013417224183460 0.0032305904813958 0.0031959391161877 0.0049335312768922 0.0101509970964270 0.0875360730275133 0.0036795676382073 0.0061943929134163
10    	0.006504876518564992 0.1070432348227142 0.0112887833358475 0.0213667622155261 0.0295275095850466 0.0128468253021215 0.0257393581469859 0.0172392882785478 0.0230608623171432 0.0290039802253772 0.0414825225596683 0.0136903205043106 0.0226568310065447 0.3880371254441559 0.0298606826290165 0.0286081176142168 0.0914326027255945 0.0538328673145073 0.0378085167431616 0.0044023999995076 0.0110714092300061
11    	0.006499172988079622 0.0201869496100697 0.0086021565050197 0.0012616858377972 0.0027321250857995 0.0222310129122050 0.0021489128583749 0.0025054215065814 0.3575530516622655 0.0034922018475521 0.2286837574229888 0.0502148028632867 0.0029051832513250 0.0011297429548937 0.0037793969872059 0.0039752784086293 0.0069312348278961 0.0193685318559095 0.2546440214515457 0.0020244730843725 0.0056300590662819
12    	0.006370843552158786 0.1052678619584260 0.0164681338227861 0.0214172219019178 0.0278024256863958 0.0133946681244137 0.0259589572733533 0.0148494025939862 0.0433129803808601 0.0324654125214658 0.0381505663261897 0.0213281123149312 0.0410131646264065 0.0159181465960551 0.0242263113644051 0.0279312810005984 0.1865939322188223 0.2649746556889103 0.0645926709277026 0.0030663809811514 0.0112677136912225
13    	0.006299549421091656 0.0559142697310111 0.0125828771836371 0.0823543736694678 0.0472360483358973 0.0134896741765023 0.0497681989296428 0.0395853767115942 0.0197558147513139 0.0515128193601702 0.0272670244427491 0.0139503338863559 0.2512655304161971 0.0147577090264722 0.0390736774136271 0.0403239743020481 0.1290249604261764 0.0657038229669382 0.0252901956878953 0.0038532559122133 0.0172900626700903
14    	0.006205441168083043 0.0414980063216260 0.0019924066412978 0.3211694575454018 0.2926226180513803 0.0027137437221422 0.0339382432746463 0.0204867660556357 0.0034762237716552 0.0356716291966155 0.0087784655179177 0.0028841109227025 0.0629175894945226 0.0140767830599966 0.0501081051675061 0.0194486561325541 0.0490939447742411 0.0228098045942092 0.0092617846725290 0.0006753879579465 0.0063762731254738
15    	0.006105629384589061 0.1023134394501108 0.0134848587202290 0.0470274157104146 0.0636447717037945 0.0125670703169868 0.0509713579169371 0.0347450205622173 0.0212127626695043 0.0742701714304893 0.0371543330248123 0.0156348272471230 0.0652689338595522 0.0320781747600531 0.0642409028613837 0.0725292157713817 0.1531461734225681 0.0869688261729901 0.0344119733373654 0.0043404155307015 0.0139893555313852
16    	0.0060942223236183195 0.0679826837325601 0.0043399009770439 0.1531026805408257 0.2491299187870020 0.0028353259050180 0.0295198852386672 0.0217116520241844 0.0098372035456425 0.0857551652077350 0.0178659929094972 0.0089228344568338 0.0651613798123677 0.0082971459944022 0.0912773071205366 0.0452324213392372 0.0696460758515344 0.0452429287747577 0.0187500245996686 0.0003442544286777 0.0050452187538080
17    	0.0060400387840073 0.0732022059850374 0.0078263665966692 0.0679708606437522 0.0522703001037568 0.0075495457222122 0.4243656398652614 0.0176732409057151 0.0096613618188705 0.0348430878349486 0.0155749572317413 0.0077470660050827 0.0668160712451340 0.0122808524527055 0.0282821310388095 0.0293241034806004 0.0885926125660470 0.0303418016881652 0.0156997763714682 0.0023023003990948 0.0076757180449282
18    	0.005997262305367022 0.0332733972256347 0.0047839688337241 0.0020355864182474 0.0038940042639364 0.0360026820356290 0.0048835662707235 0.0030394136818322 0.2532170086547852 0.0059144178793330 0.2907240735971607 0.0768782810345234 0.0040620096014182 0.0060327181812635 0.0061117220067128 0.0073289549849514 0.0134583149804172 0.0279653187878856 0.2116340847822656 0.0038371366293118 0.0049233401502445
19    	0.005943078765756003 0.0616226362909099 0.0058268138452979 0.0502284743644599 0.1056783569697079 0.0065374961157773 0.0238679782511675 0.0314018063988763 0.0197265638191967 0.1713244473964037 0.0331379531053602 0.0163625406539737 0.0620384042805601 0.0121317447920137 0.1045733543067701 0.1211627607349534 0.0776509830015701 0.0590577987219595 0.0270613210546953 0.0009069653557771 0.0097016005405695
20    	0.0058803399304169284 0.0435061862362056 0.0106781438095763 0.0107106531907737 0.0196758576117112 0.0435182313854123 0.0120007685496302 0.0164240465564210 0.1265594845763351 0.0266576580994507 0.2855574121477071 0.0963715656007756 0.0186235167420895 0.0127451237385003 0.0324937392473675 0.0275703078633772 0.0394230263127838 0.0474071373006819 0.1080451997642360 0.0051085364903391 0.0169234047766262
21    	0.005874636399931557 0.0486875343209756 0.0012902848257031 0.2625561640117716 0.3491795183235939 0.0038559247559787 0.0224661712563001 0.0116829902087639 0.0097519351715500 0.0350100780497138 0.0133533988021718 0.0063799151349531 0.0442556441333314 0.0166323330696294 0.0575299647130902 0.0169828320250507 0.0483854653009020 0.0306847478117745 0.0163591830894769 0.0005420745885449 0.0044138404067243
22    	0.005797638738379057 0.0353024380385034 0.0037779411860452 0.0157957699389801 0.0107053100833917 0.0019420497822286 0.8282723780224752 0.0044470005809691 0.0025677376450755 0.0099850099539897 0.0039277990478498 0.0022365741265657 0.0195623932945188 0.0022273326212375 0.0059305082997437 0.0097146384647563 0.0298311990947684 0.0070426014840592 0.0045280542294399 0.0005104024128255 0.0016928616925767
23    	0.005754862259738779 0.0154892609155939 0.0069959447047959 0.0010729564863738 0.0018831358740823 0.0314838590433328 0.0018774761535703 0.0016424212907091 0.2392670160675628 0.0026347237809098 0.4481985950806763 0.0698971618085514 0.0019254759459541 0.0046887476362823 0.0036205736983950 0.0033993735051843 0.0053993544235950 0.0119884241660481 0.1426579357209032 0.0004412771288146 0.0054362865686647
24    	0.0057491587292534075 0.0235152878362550 0.0073777212174624 0.0009764170592215 0.0015872596026807 0.0560232207230956 0.0036883931506419 0.0030696817485415 0.1985265458540642 0.0016507851951981 0.4316644442232753 0.0819674227834796 0.0023309191040057 0.0048117929942460 0.0039744715857711 0.0022923995340890 0.0094534249785311 0.0180538223259656 0.1390641091518540 0.0025056365259483 0.0074662444056735
25    	0.005726344607311926 0.0314141652366144 0.0050253236517098 0.3448850605693615 0.3423981211626491 0.0043500545832863 0.0186773108319297 0.0149134164110594 0.0079806027654011 0.0230350002311498 0.0121381652362778 0.0062070436292743 0.0455910322435980 0.0059396161147954 0.0424529423208267 0.0133341426084881 0.0392052902690299 0.0212921152766580 0.0140217741409240 0.0006734536671975 0.0064653690497695
26    	0.005680716363428963 0.3730851241695533 0.0169881593451634 0.0176702069408527 0.0259485577871940 0.0116395676497129 0.0612760256204199 0.0102692351755696 0.0279775127259207 0.0195869667307570 0.0314016519334443 0.0153179294611706 0.0193394672633061 0.0196704865130625 0.0177586825704444 0.0197307479311890 0.1526206468551465 0.0763365947087285 0.0724679906384120 0.0027351722224527 0.0081792737574999
27    	0.005669309302458222 0.0867581016008199 0.0172446992353218 0.0017762568202618 0.0032303274209679 0.0471778205353953 0.0163419381071433 0.0030270213397235 0.2132062652580343 0.0034209700545673 0.1775128318376419 0.0499280951695522 0.0040535300456731 0.0048772353822020 0.0039803038817372 0.0042526606728550 0.0265603218370966 0.0462721451235692 0.2779470946055374 0.0038422830414505 0.0085900980304501
28    	0.005572349284206924 0.1106031483462076 0.0201071874870041 0.0094172459611754 0.0152837238563764 0.0260755588064616 0.0188798538215370 0.0094043030696329 0.1600504355811399 0.0178071994253668 0.1080686094845838 0.0421143528856090 0.0159439505693417 0.0122173736105402 0.0160719489652250 0.0172939047595929 0.0575430167100079 0.0857239554809005 0.2412114697447077 0.0039445977868770 0.0122381636477128
29    	0.005501055153139794 0.0508833332566965 0.0149217365261903 0.0379367363772236 0.0406663952931558 0.0345235946234510 0.0300520127410730 0.2117827243152920 0.0225822985956932 0.0489610004525576 0.0457546421544569 0.0174527548732341 0.0755750838507835 0.0184023326950080 0.0693480987749222 0.0626816809260564 0.0719834176905864 0.0430654091457772 0.0300857855696933 0.0079855277354651 0.0653554344026837
30    	0.005369873951976274 0.0682703048216668 0.0099454270419932 0.0461089553485209 0.1117109333314106 0.0150804104483366 0.0276160610043696 0.0462022336710340 0.0260914153306280 0.0857826174642258 0.0525653021919574 0.0258356307711874 0.0464401337518996 0.0143384478442533 0.1645170699278101 0.0784626493788701 0.0687922574702767 0.0526579214633472 0.0373022968217221 0.0045685867916579 0.0177113451248328
31    	0.005355615125762847 0.0751425417008854 0.0143827426443365 0.0211061723236016 0.0445449595719134 0.0226519158028736 0.0225592927571025 0.0267538325020790 0.0794299997245285 0.0816835169488558 0.0987613419503515 0.0422509649347213 0.0357186977651987 0.0152934937547952 0.0581543661919370 0.0832495473181788 0.0755095000375037 0.0830318681801327 0.0964555606044481 0.0052447404686784 0.0180749448178786
32    	0.005298579820909143 0.0211710396456491 0.0122992487002836 0.0025805551743868 0.0039271991297984 0.2792703415130778 0.0042487961102503 0.0165005796754654 0.0932439157089078 0.0058695143730635 0.2328447098592205 0.0498924566669137 0.0055543638926947 0.0028199687267783 0.0076958787591080 0.0086094113012896 0.0140529435403821 0.0161328050908280 0.0728744182366149 0.0223662150168684 0.1280456388784190
33    	0.005255803342268864 0.0137751261864193 0.0105218386011224 0.0018938704930511 0.0033366095526924 0.1342882655609196 0.0030766058244606 0.0060975153588518 0.1036528177288706 0.0045446314840977 0.4975751672877752 0.0843191209199997 0.0042043522902692 0.0039400267636992 0.0064610413162792 0.0054063802195161 0.0103508813826224 0.0131377383041408 0.0633381897075253 0.0031073910837811 0.0269724299339061
34    	0.005150288028289512 0.0327697512985104 0.0074713438287269 0.0336446867182624 0.0686492553817114 0.0041867391949964 0.0267329190898237 0.0310384233718104 0.0120138192754714 0.2599551611679775 0.0193373881162345 0.0125939770938525 0.0667931689477335 0.0069832267314666 0.0835631584946338 0.2068776171846730 0.0629732630005539 0.0396365544977563 0.0132130201295238 0.0043924285838575 0.0071740978924241
35    	0.005121770375862659 0.0377319000369207 0.0143563947032479 0.0010385567677596 0.0027081566032691 0.0190705594184910 0.0024697823721120 0.0024481385113174 0.3101543339417085 0.0031770351189178 0.1869696044056280 0.0512452104234447 0.0034843173193695 0.0013393284191483 0.0045541414079925 0.0031001885758205 0.0129585420910649 0.0336458029868077 0.3039681200439735 0.0003355120968776 0.0052443747561288
36    	0.005036217418582102 0.0149930686646303 0.0179146080607223 0.0026603341900814 0.0030788524055295 0.4178332491768094 0.0051932881252357 0.0216633936848705 0.0320630032503919 0.0044324307935235 0.0799092709681683 0.0136762951757940 0.0072502010562021 0.0040959552850330 0.0051090636248399 0.0071107870471237 0.0204552641137859 0.0117692733185075 0.0308692722582454 0.0167480088690531 0.2831743799314524
37    	0.005033365653339417 0.0232250813772754 0.0082503274284022 0.0008865366780976 0.0015233680746341 0.0142284389379853 0.0019080938666375 0.0015209702119644 0.3871642492695926 0.0022009430465296 0.0953255393451064 0.0211900180231012 0.0018177892564709 0.0037408098477873 0.0023149832518773 0.0020803973097649 0.0060258443710487 0.0173574725430643 0.4037202208731402 0.0002930798367377 0.0052258364507823
38    	0.005024810357611362 0.0309755638142152 0.0110103553996397 0.0080470877448086 0.0116290897026609 0.2870671478912249 0.0092707716106043 0.0331821813465166 0.0511808765221789 0.0149537557855238 0.1228375743851099 0.0342674415859460 0.0166971490810554 0.0069528608414316 0.0165087561928682 0.0172166058299901 0.0285152361922189 0.0252718128096709 0.0483677826012987 0.0246116753238888 0.2014362753391485
39    	0.005016255061883306 0.0220585247173073 0.0086483375572637 0.0006841263166388 0.0010289285370197 0.0054432738289053 0.0012878453488335 0.0007759080264610 0.3471533388809234 0.0011538649364732 0.0550171034884495 0.0118553149144554 0.0011334889787853 0.0004784475938276 0.0010833938308960 0.0011651110682635 0.0041194540351746 0.0143967447952363 0.5213303616550246 0.0002057379538575 0.0009806935362036
40    	0.004990589174699139 0.0235311011033179 0.0118513564337332 0.0079696768583964 0.0097986760562935 0.2565720369508096 0.0100515967172557 0.0530300693725008 0.0194207682998588 0.0101550725767261 0.0435837611350496 0.0113213726996510 0.0148227790165726 0.0075565118724872 0.0136637541960727 0.0145095922390692 0.0252671486669780 0.0170994857815821 0.0227152200396394 0.0223304197402696 0.4047496002437364
41    	0.00494781269605886 0.0375747833113543 0.0090739551005277 0.0130602310238421 0.0431525728502413 0.0045569083446965 0.0119092149609560 0.0231301389518976 0.0165538792153403 0.2925658580503618 0.0326343201523184 0.0169510028084409 0.0319035496288169 0.0033708710723193 0.0951304922661400 0.2547694921209415 0.0459823088434837 0.0391603197167601 0.0226378536193916 0.0016142481542061 0.0042679998079642
42    	0.00494210916557349 0.0524527937881188 0.0102932599784363 0.0946703846051339 0.0815549191084440 0.0058831475463940 0.0528711604673654 0.0509131992600183 0.0087512175178153 0.0995345945608013 0.0158768440723411 0.0070114005344326 0.1499104020224373 0.0093191285296568 0.0715440452870298 0.0776364933816162 0.1266930448899693 0.0573686580905041 0.0137172761560243 0.0012320565323022 0.0127659736711590
43    	0.004927850339360064 0.0379409008440804 0.0136629352884644 0.0048575007257295 0.0092493183300624 0.0990107889788698 0.0098495922698544 0.0135297399486491 0.1302713084149634 0.0111764682886448 0.3225403005737997 0.0792370932279332 0.0096596484336316 0.0103140854033948 0.0150890302037460 0.0146062621146055 0.0262763292844025 0.0324639117743328 0.1108137455736169 0.0161860136531408 0.0332650266680780
44    	0.004902184452175897 0.1394695707375130 0.0087082378648925 0.0405145494489686 0.0512546958644389 0.0051995272881093 0.0577911367193054 0.0166843590936541 0.0159674511244097 0.0526582973799680 0.0221214781729819 0.0126893033578230 0.0815080869217651 0.0276708764102111 0.0506768771126108 0.0343252309969139 0.2229863541509182 0.1240973372842681 0.0308393229601405 0.0006043927924885 0.0042329143186192
45    	0.004830890321108766 0.0314033114611971 0.0062566867002771 0.0185164951944717 0.0342506394589970 0.0028688390856173 0.0175200089901777 0.0229024775053638 0.0076009711259700 0.3317043923682970 0.0149660114834647 0.0081705167867132 0.0442795162268561 0.0123622343032691 0.0659256077110648 0.2822274128923153 0.0487831476926910 0.0328223516133832 0.0121563953284139 0.0006219338023817 0.0046610502690780
46    	0.004822335025380711 0.0919241100657010 0.0022814335253364 0.0113909567752214 0.0196384840750257 0.0030929601509498 0.0135835992928058 0.0064497895396919 0.0072941193395190 0.0169525272338150 0.0133171863503793 0.0037325500016825 0.0081323130569129 0.6854933202017498 0.0127745603222124 0.0128375187399916 0.0497843358284850 0.0209079148548935 0.0167663618401420 0.0008512501882918 0.0027947086171928
47    	0.004788113842468488 0.0086694553902460 0.0040697362736483 0.0012213209798610 0.0016284710557690 0.0587647232912007 0.0020447389031329 0.0035164695263503 0.0915326703878564 0.0020630519672478 0.6572574891556474 0.0691764784052251 0.0018740278117583 0.0053164077432617 0.0045796357009969 0.0039810150508785 0.0073348664507653 0.0069820945427514 0.0610953566512769 0.0048400861282440 0.0040519045838820
48    	0.004762447955284321 0.0406725524320381 0.0021444254835544 0.0013598028963546 0.0021668835880593 0.0148949638691553 0.0042380436733782 0.0014634941594547 0.3246386271605288 0.0023150080944609 0.0946479562644763 0.0332278659025585 0.0033443860166478 0.0019917029273374 0.0019041186501540 0.0028790623143001 0.0089686232548876 0.0268941063085305 0.4302237246947591 0.0004704788402173 0.0015541734691477
49    	0.004745337363828209 0.0679069673272972 0.0104953880847263 0.0160917029016989 0.0099787962267736 0.0048902881561278 0.0263322746522320 0.0080806536687268 0.0098946646511882 0.0152368877743569 0.0124979361305725 0.0074321502229397 0.0502855979451218 0.0240728633848962 0.0117372416064408 0.0123233292959092 0.3973381120438823 0.2940851612855938 0.0159420523057350 0.0010852597594908 0.0042926725762902
50    	0.004719671476644043 0.0172556032426598 0.0072867943765601 0.0005496441497663 0.0008679963768077 0.0191390923672713 0.0011818305755934 0.0008105356849218 0.4119649111525646 0.0008721409857137 0.1465094449350244 0.0284443349507914 0.0011618448307659 0.0006176446664635 0.0012679252130303 0.0009359331859751 0.0031155297854907 0.0113759839784301 0.3411958716498402 0.0002891937054605 0.0051577441868691
51    	0.0047082644156733015 0.0211828855286607 0.0016057320248651 0.5760357633901996 0.0866057604262433 0.0019645345238187 0.0220523319224489 0.0169834232906275 0.0032715229426106 0.0140103207966881 0.0044928604103716 0.0022917556197211 0.1437360351631833 0.0075266880907208 0.0153932666330710 0.0082304149691187 0.0463947405254093 0.0193639378767261 0.0056663451925896 0.0005594429532421 0.0026322377196839
52    	0.004688302058974505 0.1212349361106204 0.0152317565782675 0.0290854531980415 0.0304551289534284 0.0194699822986570 0.3221296962920389 0.0209538142680635 0.0218354428662686 0.0293814175692939 0.0377710652912945 0.0183224285554804 0.0433041472632398 0.0146249615767678 0.0271769447760140 0.0350190579329714 0.1079617421289844 0.0466338637244813 0.0351899706323892 0.0081877463453316 0.0160304436383661
53    	0.004668339702275709 0.0505126241536186 0.0163873118317912 0.0192300544815341 0.0383827855973782 0.0200821482486047 0.0251945277858509 0.0402313969999212 0.0278892160786734 0.1478281963246588 0.0553928067351467 0.0252424555235409 0.0384169583671618 0.0112117486751959 0.0682139233776691 0.2331034207052452 0.0631934191489213 0.0465779612058508 0.0338977109707005 0.0177148710725636 0.0212964627159729
54    	0.0046654879370330235 0.0349270468505786 0.0187825678946787 0.0011279377654928 0.0018145978983410 0.2270726216561332 0.0093910259919456 0.0031175337474273 0.1127529868104934 0.0022264055877651 0.3354498498172506 0.0669576320537038 0.0033058005736206 0.0026781163316713 0.0035067741661578 0.0033717872774985 0.0179724556534772 0.0226906746684962 0.0938688282977534 0.0099536188265804 0.0290317381309347
55    	0.004636970284606171 0.0131602485873057 0.0057382938778858 0.0012388131625761 0.0018978537914580 0.2118823783187279 0.0020100259113865 0.0031020816355732 0.1002967828262612 0.0020319763074124 0.4406601156237204 0.0899549904065326 0.0023961770508383 0.0015731664821593 0.0035335302783055 0.0024958504097454 0.0059318038013865 0.0096182102932675 0.0571684312923236 0.0118077646877884 0.0335015052553453
56    	0.0046255632236354306 0.1124942201890070 0.0087847723028705 0.0315028244715999 0.0405954811393114 0.0052903719253302 0.0337890629626745 0.0188941882287641 0.0104383620252215 0.0330467507712871 0.0214387579118494 0.0063063581129911 0.0356853737657238 0.3439199871687041 0.0404993306460256 0.0259673981574126 0.1481454345663920 0.0565883151762806 0.0198664848486179 0.0010740129680968 0.0056725126618399
57    	0.0045542690925683 0.1505382341994385 0.0549387729011507 0.0075793963305679 0.0108754565637108 0.0137599769102381 0.0211668039300684 0.0090376124418055 0.0895151319264551 0.0116430635408249 0.0652748398654306 0.0333495773354231 0.0288273678736760 0.0069300739584709 0.0158912974515173 0.0105338428358215 0.1350827375535563 0.1697374463151968 0.1544169907269446 0.0014946280654495 0.0094067492742534
58    	0.00454856556208293 0.6047617918989049 0.0214218003059749 0.0015635997946468 0.0027060118497155 0.0021657664569700 0.0469736419412103 0.0015342245447575 0.0068599472038154 0.0024276069128222 0.0058564329816507 0.0031356669292072 0.0033471332666883 0.0092510017572434 0.0028735189708150 0.0027108339901149 0.2085078688048553 0.0437567756790001 0.0281812112432015 0.0005759053811311 0.0013892600872751
59    	0.004520047909656077 0.0121278899705638 0.0031413169936988 0.0007107578204738 0.0011963468227346 0.0151963710075182 0.0011515031702013 0.0010132446207344 0.4466784539152369 0.0013345792977981 0.1389306923964913 0.0241110850797596 0.0014422010858193 0.0036282379168717 0.0015135832938195 0.0015370891404874 0.0029585427838522 0.0096622436492233 0.3287733377376106 0.0015166524030552 0.0033758708940497
60    	0.004480123196258484 0.0158502017953567 0.0052629780285175 0.0052408956228815 0.0199325630203488 0.0021363309731075 0.0151620858633592 0.0148090943837630 0.0090249755111277 0.3808719060866975 0.0138012565043223 0.0116534331076206 0.0293703287807592 0.0039907062903004 0.0490416181247742 0.3537844185543850 0.0309331451459705 0.0233908403566416 0.0082817140242513 0.0053429348909559 0.0021185729348597
61    	0.004465864370045058 0.0180865464352393 0.0063466124078464 0.0005222186240362 0.0009285535930621 0.0476605355787127 0.0013916661720718 0.0010101519212767 0.3049826314168903 0.0008798650234028 0.3406496547318885 0.0556007303185617 0.0009715303896737 0.0008201290434613 0.0015063701402333 0.0014531034547137 0.0033286401764608 0.0104317492854617 0.1914887648069689 0.0033809471495818 0.0085595993304561
62    	0.004440198482860891 0.4320288374528556 0.0425871631218083 0.0051031505763614 0.0088304599719222 0.0092624166719080 0.0552745201803457 0.0059318455525609 0.0454402093117762 0.0081254431098468 0.0371959614209459 0.0155382520102782 0.0084340655825078 0.0062151381567451 0.0089038153093169 0.0087494771862971 0.0914915399433464 0.0593850232299429 0.1435267361980462 0.0018191684570854 0.0061567765561031
63    	0.004425939656647465 0.0064533038738073 0.0030740820456864 0.0008166750827876 0.0017341665042031 0.0075900402881403 0.0009474712900506 0.0010558582285109 0.5226950893880896 0.0018767529661934 0.1259350477881969 0.0214647517489539 0.0014094365665570 0.0005638289686051 0.0016004138682144 0.0013793317727156 0.0024766507897469 0.0067248919016436 0.2899856843304923 0.0002230160366682 0.0019935065607371
64    	0.004408829065191354 0.6347566217238694 0.0213715845722833 0.0015237383267420 0.0022968589741881 0.0016406694667837 0.0796840557864278 0.0012833100046228 0.0032216913074884 0.0017993817035384 0.0040910987836434 0.0029793451226219 0.0035774730922875 0.0011566185286063 0.0026796880725585 0.0018453353983172 0.1972270607437747 0.0232531983725694 0.0138475406337212 0.0003430202517271 0.0014217091342293
65    	0.0044059772999486685 0.1073034611400660 0.0377395030398399 0.0025352665326632 0.0040236622699484 0.0057228321614697 0.0052223007160507 0.0026890802405224 0.1910300825638949 0.0045066001298578 0.0661617067095999 0.0194924958610083 0.0044999072877316 0.0021475228643089 0.0046007834753721 0.0041442511045466 0.0210355155026517 0.0499127048878268 0.4632170482291414 0.0006663464524734 0.0033489288310261
66    	0.004374607882279131 0.0741119564640649 0.0180419661561040 0.0503543150140666 0.0242306309108940 0.0056363261509648 0.0964859784712251 0.0242492116406142 0.0091163854438880 0.0319748129496307 0.0119791716433505 0.0061712426251931 0.1685083974104605 0.0079998952521069 0.0235804731264130 0.0275914663521074 0.3050090280199189 0.0928373732158026 0.0138220630342591 0.0012608330805356 0.0070384730384001
67    	0.004374607882279131 0.1035081268206887 0.0515967188540515 0.0030751158140037 0.0047793422527368 0.0288093121728437 0.0110709397269698 0.0060129676561583 0.1415558478995157 0.0061393169696364 0.1841454566411155 0.0809873392807162 0.0098463526184312 0.0035073206290918 0.0092721012679493 0.0063364153262643 0.0496813439302138 0.0781248193198706 0.2087097321957914 0.0018922353475141 0.0109491952764375
68    	0.00436320082130839 0.0225757412697401 0.0089776913670171 0.3774760509893734 0.0710529275891022 0.0038550886640637 0.0389416055854670 0.0261228401575178 0.0064049043944227 0.0315202449557493 0.0081919825607276 0.0033216011663296 0.2376221487759240 0.0029125475057565 0.0202778028995910 0.0194285574922628 0.0787613705310541 0.0259133774413168 0.0084525190270235 0.0009475663559229 0.0072434312716380
69    	0.004343238464609593 0.0861033334092763 0.0096530260608584 0.0050591910440097 0.0043265816292513 0.0018834459494753 0.8046741158480130 0.0020901236886866 0.0023274387746187 0.0031844636882013 0.0040391691006461 0.0022414799691410 0.0065107929242915 0.0022699939362908 0.0028213247349146 0.0048402863033639 0.0430644892699094 0.0073593587349434 0.0053370564803166 0.0004982855615076 0.0017160428922841
70    	0.004328979638396167 0.0246107784282565 0.0019520208428813 0.1330622462985973 0.6502311740621390 0.0023859374625777 0.0097839806056952 0.0077038949062143 0.0044776865058004 0.0240036714491001 0.0080732399430027 0.0036851857813790 0.0133599897697482 0.0049138509314939 0.0568260016959330 0.0132697005049607 0.0168294816764904 0.0114821666820827 0.0099773087366852 0.0009077223343984 0.0024639613825637
71    	0.0043204243426681116 0.0104980917350901 0.0126840451892754 0.0027877531234395 0.0046578942437780 0.3153939188845613 0.0033144098640593 0.0501697428581081 0.0148146467318732 0.0083204941511509 0.0488736587430614 0.0131485282095751 0.0101565682541205 0.0014229679222114 0.0093927569976296 0.0106270358732012 0.0139062200970322 0.0089503490651461 0.0158313853620220 0.0204531029641354 0.4245964297305291
72    	0.00430901728169737 0.0082318990802118 0.0092621755899816 0.0016190332510437 0.0022720979355933 0.4687019654238894 0.0023010029917639 0.0164058870197377 0.0127524286081681 0.0020909565634905 0.0519846089642074 0.0146083714736380 0.0033469668274593 0.0012323251230012 0.0031143476482996 0.0026599133428574 0.0071642639786952 0.0054791319167206 0.0128465843389589 0.0238521550706056 0.3500738848516768
73    	0.004283351394513204 0.0109391165692917 0.0005074586189940 0.0008615817747208 0.0011750669968603 0.0067696465997412 0.0012003887509462 0.0008419804322391 0.4651422667986063 0.0013645981712608 0.0627075362564073 0.0127458477739966 0.0012954710857378 0.0010320777310058 0.0016233131549266 0.0020394309135104 0.0028614999567015 0.0085851124612258 0.4168518511990066 0.0004008276780485 0.0010549270767724
74    	0.004260537272571722 0.0153788520144221 0.0057294486743152 0.0013735731446732 0.0022273622166755 0.0168883630846842 0.0022628076756461 0.0019716860372317 0.2019909520155193 0.0025005554820306 0.4487602757031176 0.1580773700035201 0.0029010457811059 0.0009621202281333 0.0054081936840778 0.0031774755842067 0.0065989385048238 0.0147902776533424 0.1066881794036909 0.0005403013419312 0.0017722217668526
75    	0.0042291678549021845 0.0766212630424024 0.0043614201322886 0.0073727157939390 0.0101324851051830 0.0060451053090315 0.0110982748638715 0.0207625279698074 0.0095642439476326 0.0126073977354573 0.0357674864367189 0.0051938949659554 0.0119349049180632 0.5779248711274908 0.0291080532882835 0.0194532116942780 0.0985551275946318 0.0396794194451872 0.0176861973194649 0.0012111114976807 0.0049202878126324
76    	0.0042291678549021845 0.0339538186740433 0.0106278959074879 0.0013068406780408 0.0022051206327864 0.0100366687313654 0.0026348099206246 0.0016483577497022 0.3183098075194877 0.0024122257748507 0.0722704479402399 0.0163362581766638 0.0025228278948800 0.0021872743957114 0.0021686297219210 0.0021303507045838 0.0081688217041769 0.0237346803620178 0.4815477119978592 0.0022264175205051 0.0035710339930522
77    	0.004223464324416814 0.0409260488690216 0.0090676124172648 0.0006560513465283 0.0007956387362862 0.0465229638664782 0.0060129104391842 0.0010926139407809 0.2900877229071916 0.0024573658627275 0.2302421996228295 0.0475742133216723 0.0015690313027916 0.0040987108042295 0.0018767850984575 0.0021155458518315 0.0085478532182678 0.0219604878995346 0.2767754826561685 0.0035289106532884 0.0040918511854657
78    	0.004212057263446073 0.0671278924057446 0.0009943113768607 0.2722485789863697 0.3624750146851147 0.0012211492585742 0.0268718782363655 0.0068183484160654 0.0030924196645251 0.0414421843570553 0.0057831383841016 0.0027831626567061 0.0420200385528463 0.0121464660501660 0.0558663375827327 0.0139812362617282 0.0482563339495640 0.0272364381644742 0.0083196947450789 0.0003062016251007 0.0010091746408263
79    	0.004180687845776535 0.0402010853823419 0.0016827206845898 0.0037499888214310 0.0030988332938231 0.0021456206761929 0.8819843198640968 0.0023695011132882 0.0027237580425230 0.0039474271407604 0.0043782968938588 0.0024646441955486 0.0069396739445295 0.0016471339429340 0.0036279608665670 0.0041765764199208 0.0218855956510755 0.0058668727243868 0.0045190968068068 0.0008553524599789 0.0017355410753461
80    	0.0041407631323789424 0.0340817545557551 0.0114646242045052 0.0020143627019659 0.0032832543922705 0.0871107826683656 0.0034826043509418 0.0072372582167073 0.2636934992900484 0.0043731813844523 0.2091169880254795 0.0496362603658376 0.0037843425575415 0.0023177097153221 0.0048517355934362 0.0052583356363749 0.0106058068408328 0.0234429493395702 0.2315949939093778 0.0060425207358629 0.0366070355153528
81    	0.004126504306165516 0.1231413870152675 0.0160098665412481 0.0051743436629576 0.0062391187602056 0.0092667410453324 0.0153029215519135 0.0058642686296390 0.0380535149935862 0.0095478688703697 0.0251101935341701 0.0187977872777274 0.0225826012147687 0.0082824774196123 0.0085271709827005 0.0090041510480612 0.2251446778263182 0.3866192682509436 0.0597136026976999 0.0017593005883093 0.0058587380891689
82    	0.004117949010437461 0.0102953459897278 0.0012965188604773 0.0020334426443895 0.0023287970743943 0.3970973589008547 0.0031808346826528 0.0193137732429625 0.0126788909672789 0.0030262318926390 0.0377866756987620 0.0094663401178145 0.0044638060733567 0.0020839499254111 0.0040885373934521 0.0039074843384476 0.0093405950170037 0.0078618081891628 0.0145047153280403 0.0229137484220109 0.4323311452411615
83    	0.004112245479952091 0.0585255817008340 0.0019240360751794 0.2426940241337951 0.3426206752202599 0.0032794643699998 0.0246808152550438 0.0171887492841245 0.0062525552961009 0.0435400776689128 0.0122132704056911 0.0057616698256176 0.0441263345590211 0.0032472698936396 0.0728974268526611 0.0267102382071619 0.0460920061423149 0.0277811831178108 0.0115277500422107 0.0040533711483573 0.0048835008012639
84    	0.004109393714709405 0.1025647566604266 0.0070370472195625 0.0685566359375599 0.1344369871703427 0.0046490989864526 0.0339731205347838 0.0253674095043916 0.0176494185410697 0.0981989696888788 0.0310851662601095 0.0155946561170732 0.0714670273891498 0.0023241838972254 0.0997913710768808 0.0633928980715475 0.1083952110999755 0.0767970351544742 0.0310337999526435 0.0011342339099499 0.0065509728275025
85    	0.004103690184224035 0.0411494755203015 0.0144461102493315 0.0010836318765500 0.0016372138950104 0.0802048540619202 0.0084176593465153 0.0017218370589687 0.2092759119896062 0.0013727869270504 0.3452021419705696 0.0661757707219138 0.0019569010993771 0.0013983053925919 0.0024339480667401 0.0018905848772887 0.0124685786547884 0.0222551912328570 0.1794991147795970 0.0024082068965603 0.0050017753824621
86    	0.0041008384189813495 0.0188491907384472 0.0147804002407013 0.0052240096473844 0.0116002924213253 0.0052675359205740 0.0096616867747612 0.0268545627629921 0.0121633245639713 0.2965891833730702 0.0216442913107496 0.0101826877275557 0.0228435335786350 0.0047470859160943 0.0466854320242512 0.4219935024058500 0.0269414905902010 0.0215864892826897 0.0133944236508643 0.0009862787240003 0.0080045983458821
87    	0.004097986653738664 0.5038885893985217 0.0616829886745887 0.0019173732527934 0.0031180631095688 0.0037903008926267 0.0526812671846799 0.0022705868431980 0.0228081348725365 0.0027005433845228 0.0172149335228254 0.0078116869881760 0.0046166618408313 0.0018587739868921 0.0030193032297447 0.0027888477288323 0.1445945625614603 0.0762761961259491 0.0838414084409370 0.0006150438331864 0.0025047341281289
88    	0.004078024297039868 0.1258987981936358 0.0558078153710091 0.0107527354927172 0.0096118522641238 0.0143711968553695 0.0376370202651594 0.0098777618239038 0.0155052980640547 0.0124161402406958 0.0219016676257328 0.0095849537442910 0.0331059566892929 0.0146947839067170 0.0105712660484279 0.0150363274794456 0.4329326520809397 0.1307750388745525 0.0247968461512647 0.0035501411142247 0.0111717477144421
89    	0.004049506644613015 0.0595616002474040 0.0222582278334190 0.0047055726505066 0.0044469151825307 0.0033354638627748 0.0133135549696481 0.0036583797659610 0.0076558887569380 0.0046112573119663 0.0076656955737200 0.0059239849657342 0.0163342596642706 0.0031743859411981 0.0050462490040460 0.0044976718275118 0.3643391157496558 0.4510002615069484 0.0147690086223916 0.0007977809487112 0.0029047256146635
90    	0.004009581931215422 0.2378172934169402 0.0339613581533670 0.0116242602708818 0.0101081382739856 0.0052244618824228 0.1630512755623725 0.0066318010374962 0.0064184105016660 0.0084287245874713 0.0088304963926927 0.0055009033697355 0.0337309492652247 0.0038112137797441 0.0098524099065344 0.0091099650187537 0.3691813689217883 0.0577960243828814 0.0132988993977074 0.0011410190958100 0.0044810267825244
91    	0.004006730165972737 0.0279635911109772 0.0026703074253069 0.1207721159561723 0.0478562297469406 0.0025274012551942 0.5317331294222853 0.0113421553717096 0.0032107529582257 0.0301269981405085 0.0056383765789464 0.0030509980367022 0.1101748252872478 0.0037414777359976 0.0177144275929972 0.0139214172977007 0.0458808042917041 0.0127825202319923 0.0051785338531398 0.0008488704223072 0.0028650672839444
92    	0.004003878400730052 0.0095509510717920 0.0016438251944666 0.7781506251817351 0.0570909692926712 0.0021223649874417 0.0089446802284712 0.0068349293987397 0.0029409348666648 0.0061036243031892 0.0041296867478688 0.0020814056612634 0.0721167721429515 0.0019259142793052 0.0071586813564007 0.0045271737534682 0.0181922946502265 0.0080001838262185 0.0045198572106883 0.0005288727080345 0.0034362531384031
93    	0.004003878400730052 0.0904844302696540 0.0150348817159799 0.0004583199427204 0.0006525067617027 0.0706607259244178 0.0210060604706381 0.0009039482839236 0.2159629209635745 0.0008275198618316 0.2324100685517338 0.0424846934245140 0.0014955492683870 0.0048616904830868 0.0011664381766595 0.0010873552132119 0.0246641223444723 0.0397498862535149 0.2305492003919999 0.0019376664010507 0.0036020152969267
94    	0.003998174870244681 0.0205618888215125 0.0067484430254160 0.0011198516644891 0.0015327267305048 0.0043205929140368 0.0015112314672855 0.0011019036129209 0.3803851191288440 0.0015971896074294 0.0641647306078761 0.0140944635633500 0.0017872446646313 0.0049436163245393 0.0021606317093487 0.0018976319518833 0.0046090918528277 0.0141496892751465 0.4719879564170891 0.0002892715319314 0.0010367251289375
95    	0.003998174870244681 0.1190100741520423 0.0042580581977991 0.0391630001614385 0.0770040477502213 0.0090753303155783 0.0291725128827499 0.0186667336543708 0.0564622846557193 0.0661664130254290 0.0632963486723878 0.0341222354619940 0.0482471916085890 0.0119145153900550 0.0689351461621231 0.0469349670268932 0.1073462724788501 0.1068139628609684 0.0849720820792519 0.0008266561708071 0.0076121672927320
96    	0.003989619574516626 0.0088972083583102 0.0049108157894921 0.0011531035865910 0.0021652303848489 0.0379628290003416 0.0021838694662308 0.0017056707389240 0.0648379108327647 0.0026290048864224 0.6546634151312659 0.1596185860061853 0.0019309980998199 0.0015836151668719 0.0049047294211382 0.0025185991779119 0.0052734714148314 0.0073311905529324 0.0316656505285309 0.0006880089149900 0.0033760925415966
97    	0.003986767809273941 0.2692037455476399 0.0394506222923142 0.0032626884187834 0.0051558784223007 0.0347653474954367 0.0687223499250993 0.0039713625259568 0.0781442242245726 0.0049612636226628 0.0858725741041861 0.0314290234829248 0.0076447273591267 0.0069780005744729 0.0059200430302940 0.0054488528972018 0.1011887978029288 0.0855909814424500 0.1507365787321477 0.0036320791751147 0.0079208589243861
