# This script is generated automatically.
# Vector of amino acid stationary distributions.
distributions <- [
              [0.059357177268754474, 0.0057861900327163445, 0.13515521002265984, 0.2918631884363318, 0.007246631742993228, 0.03016437284768221, 0.0248339232821038, 0.014246540241055483, 0.06871585389687833, 0.024347028772329155, 0.011299646487908386, 0.04578688292143645, 0.014648047880280193, 0.09027980740386643, 0.043637385237840456, 0.056209951482822665, 0.039361824485779566, 0.025387639870913806, 0.0022761427522004414, 0.009396554933446833]
            , [0.049004704515376564, 0.010201464732367932, 0.023863018313741453, 0.04482695892125007, 0.010358809371254104, 0.025754511442520348, 0.03065920250894693, 0.021786262927051103, 0.2157602676417785, 0.036324938019230986, 0.017439482642511966, 0.04187810714975333, 0.015300432666575091, 0.06652843378513802, 0.24409814706775199, 0.058509679259979706, 0.04479683044395748, 0.027487720818817084, 0.0035663176366628278, 0.011854710135334404]
            , [0.021333872468790635, 0.008525667894294174, 0.0034671644690308363, 0.006437796283480731, 0.04815387323832309, 0.004627377762724232, 0.0069300636317192596, 0.1451677189959099, 0.00916600026969461, 0.47720223208841095, 0.08864584302493998, 0.006371410509219672, 0.005358602056413936, 0.011088079919596101, 0.010284041432491254, 0.015138438880141603, 0.020367061026451985, 0.09790138031440554, 0.00245421479052132, 0.011379160943440237]
            , [0.04399563035777501, 0.006526730221166645, 0.35482529476091584, 0.14952297345347965, 0.00665716380634507, 0.04247987144677471, 0.022582929703231686, 0.010195809588850375, 0.03592106465688833, 0.015885831176027074, 0.007513832603727107, 0.09972450003573244, 0.01405412359649726, 0.036721082292232796, 0.02496100544196822, 0.06593394312066654, 0.03444194074943572, 0.016933525817599333, 0.0022860141282188013, 0.008836733042467215]
            , [0.03943410605188138, 0.010712669647733139, 0.0037809131429652524, 0.007761446854822787, 0.022115336881777078, 0.005798777012710638, 0.004814836925577545, 0.3044095945453997, 0.007876089332932431, 0.13319479793878158, 0.03965860436398501, 0.007020830992250033, 0.005569418855830135, 0.007697564340430021, 0.007569335582313887, 0.01811191605292653, 0.038056153070081, 0.32707759983238316, 0.0010948309378192328, 0.008245177637399318]
            , [0.17153449749518274, 0.022045587435010394, 0.026608685379840846, 0.027911197741323623, 0.00999872242400774, 0.06259160843321895, 0.015865513962020236, 0.016103653780558357, 0.026245721856730256, 0.023014270168097463, 0.011662998937431524, 0.05075085173653961, 0.021563869341050458, 0.027181908847482977, 0.02481388550952099, 0.3099843356040046, 0.10967262384508905, 0.030421269768153365, 0.0023902036079334367, 0.00963859412680342]
            , [0.157333680766049, 0.014333794282566903, 0.021192689410003497, 0.018934807973535365, 0.006259862500026371, 0.4949523391480825, 0.009010701424657997, 0.009053560636817365, 0.014610869476939218, 0.013211624957369505, 0.006322650425457848, 0.02643588178120432, 0.011505910423644959, 0.013039091153789172, 0.01585666358477681, 0.11260898734130546, 0.030543379303659586, 0.018008867976807445, 0.001755490723294431, 0.005029146710012095]
            , [0.43302935655916736, 0.02732760300445595, 0.008215989501267779, 0.011651894216680732, 0.005999027999089488, 0.0630599365444683, 0.005163448209104219, 0.015638773678664612, 0.009073189963657196, 0.015820950809063886, 0.007894754659987365, 0.015182716525024434, 0.010081139683143371, 0.009447520055433416, 0.008399927658539143, 0.22609278682183265, 0.07748336289754416, 0.04513754388253939, 0.0009164662154501997, 0.004383611114886292]
            , [0.024044007825646124, 0.004506176265002423, 0.010065769898037352, 0.02178291020866632, 0.0057095813930390015, 0.013903072385700125, 0.025768500319079908, 0.010769839044587708, 0.293799364561826, 0.020540051172937706, 0.010500692294156217, 0.027059900361990984, 0.01003227143949869, 0.05404663702107278, 0.3825781072618368, 0.03377575089145154, 0.024776297128440164, 0.013939936472795834, 0.003824797915615814, 0.008576336138618416]
            , [0.011848876745788347, 0.0064505251261011195, 0.0009031527033136602, 0.0016339246626442053, 0.0447240146392301, 0.001458229493890844, 0.0018937004511104412, 0.15780432722819288, 0.0026243688285217024, 0.557056815230182, 0.09149402460080601, 0.001845226321833002, 0.001341722418346019, 0.0032305904813958366, 0.0031959391161877093, 0.004933531276892175, 0.010150997096427028, 0.08753607302751328, 0.0036795676382072946, 0.006194392913416334]
            , [0.10704323482271419, 0.01128878333584747, 0.021366762215526146, 0.029527509585046557, 0.012846825302121516, 0.025739358146985924, 0.017239288278547787, 0.02306086231714324, 0.029003980225377233, 0.04148252255966832, 0.013690320504310615, 0.02265683100654467, 0.3880371254441559, 0.029860682629016522, 0.02860811761421679, 0.09143260272559452, 0.05383286731450731, 0.03780851674316162, 0.004402399999507604, 0.011071409230006069]
            , [0.020186949610069695, 0.008602156505019724, 0.0012616858377971654, 0.0027321250857995382, 0.022231012912204966, 0.002148912858374903, 0.002505421506581351, 0.3575530516622655, 0.0034922018475521343, 0.22868375742298883, 0.05021480286328672, 0.0029051832513249747, 0.0011297429548936698, 0.0037793969872058535, 0.003975278408629307, 0.006931234827896051, 0.01936853185590952, 0.25464402145154574, 0.0020244730843724523, 0.005630059066281899]
            , [0.10526786195842604, 0.016468133822786137, 0.021417221901917777, 0.027802425686395797, 0.013394668124413719, 0.02595895727335328, 0.01484940259398616, 0.043312980380860136, 0.032465412521465814, 0.03815056632618974, 0.021328112314931185, 0.04101316462640654, 0.015918146596055123, 0.024226311364405097, 0.027931281000598374, 0.18659393221882234, 0.26497465568891027, 0.06459267092770259, 0.003066380981151428, 0.011267713691222474]
            , [0.05591426973101113, 0.012582877183637056, 0.08235437366946782, 0.04723604833589735, 0.013489674176502271, 0.049768198929642835, 0.03958537671159425, 0.019755814751313886, 0.0515128193601702, 0.027267024442749085, 0.013950333886355928, 0.25126553041619715, 0.014757709026472162, 0.03907367741362707, 0.04032397430204812, 0.12902496042617642, 0.0657038229669382, 0.025290195687895346, 0.0038532559122133225, 0.01729006267009029]
            , [0.04149800632162604, 0.001992406641297805, 0.3211694575454018, 0.29262261805138035, 0.002713743722142165, 0.03393824327464626, 0.020486766055635746, 0.003476223771655174, 0.03567162919661554, 0.008778465517917748, 0.002884110922702457, 0.06291758949452264, 0.014076783059996618, 0.050108105167506106, 0.0194486561325541, 0.049093944774241095, 0.02280980459420915, 0.009261784672528953, 0.0006753879579464575, 0.006376273125473833]
            , [0.1023134394501108, 0.013484858720229038, 0.04702741571041458, 0.06364477170379447, 0.012567070316986815, 0.05097135791693708, 0.034745020562217344, 0.02121276266950425, 0.07427017143048927, 0.0371543330248123, 0.015634827247122958, 0.0652689338595522, 0.032078174760053146, 0.0642409028613837, 0.07252921577138172, 0.1531461734225681, 0.08696882617299012, 0.03441197333736537, 0.004340415530701455, 0.013989355531385203]
            , [0.06798268373256013, 0.004339900977043942, 0.1531026805408257, 0.24912991878700197, 0.0028353259050179808, 0.029519885238667175, 0.02171165202418439, 0.009837203545642529, 0.08575516520773498, 0.017865992909497204, 0.008922834456833765, 0.0651613798123677, 0.008297145994402226, 0.09127730712053655, 0.045232421339237217, 0.06964607585153439, 0.04524292877475772, 0.01875002459966863, 0.0003442544286777156, 0.005045218753808001]
            , [0.07320220598503736, 0.007826366596669212, 0.0679708606437522, 0.05227030010375682, 0.00754954572221217, 0.4243656398652614, 0.0176732409057151, 0.009661361818870513, 0.03484308783494864, 0.015574957231741259, 0.007747066005082697, 0.06681607124513397, 0.01228085245270552, 0.028282131038809468, 0.029324103480600435, 0.08859261256604699, 0.030341801688165193, 0.015699776371468157, 0.002302300399094805, 0.007675718044928228]
            , [0.033273397225634674, 0.004783968833724123, 0.00203558641824742, 0.0038940042639364013, 0.036002682035629, 0.0048835662707234755, 0.003039413681832198, 0.25321700865478525, 0.005914417879332954, 0.2907240735971607, 0.07687828103452338, 0.004062009601418222, 0.006032718181263547, 0.0061117220067128395, 0.007328954984951354, 0.013458314980417154, 0.027965318787885565, 0.2116340847822656, 0.003837136629311758, 0.004923340150244472]
            , [0.06162263629090985, 0.0058268138452979325, 0.05022847436445994, 0.10567835696970793, 0.006537496115777315, 0.023867978251167467, 0.03140180639887631, 0.019726563819196675, 0.17132444739640373, 0.0331379531053602, 0.016362540653973735, 0.06203840428056008, 0.012131744792013715, 0.10457335430677012, 0.12116276073495341, 0.07765098300157006, 0.05905779872195951, 0.027061321054695258, 0.0009069653557770613, 0.009701600540569547]
            , [0.04350618623620557, 0.010678143809576334, 0.010710653190773729, 0.019675857611711155, 0.04351823138541227, 0.012000768549630237, 0.016424046556420997, 0.12655948457633506, 0.026657658099450705, 0.28555741214770713, 0.09637156560077556, 0.018623516742089476, 0.012745123738500275, 0.03249373924736754, 0.027570307863377157, 0.03942302631278376, 0.04740713730068193, 0.10804519976423599, 0.005108536490339091, 0.016923404776626204]
            , [0.0486875343209756, 0.0012902848257031181, 0.26255616401177156, 0.3491795183235939, 0.0038559247559787403, 0.022466171256300137, 0.011682990208763937, 0.009751935171550045, 0.03501007804971378, 0.013353398802171818, 0.006379915134953076, 0.04425564413333142, 0.016632333069629447, 0.05752996471309018, 0.016982832025050715, 0.04838546530090204, 0.030684747811774514, 0.016359183089476873, 0.0005420745885449367, 0.004413840406724314]
            , [0.035302438038503435, 0.0037779411860452356, 0.015795769938980138, 0.010705310083391695, 0.001942049782228636, 0.8282723780224752, 0.0044470005809691, 0.00256773764507551, 0.00998500995398972, 0.00392779904784984, 0.002236574126565698, 0.019562393294518803, 0.002227332621237478, 0.005930508299743658, 0.009714638464756266, 0.02983119909476845, 0.007042601484059169, 0.004528054229439896, 0.0005104024128254704, 0.0016928616925767203]
            , [0.015489260915593854, 0.006995944704795914, 0.0010729564863738166, 0.00188313587408229, 0.03148385904333284, 0.0018774761535702716, 0.0016424212907090818, 0.23926701606756284, 0.0026347237809098154, 0.4481985950806763, 0.06989716180855138, 0.0019254759459541037, 0.0046887476362823316, 0.0036205736983950356, 0.003399373505184349, 0.005399354423594995, 0.011988424166048105, 0.14265793572090324, 0.000441277128814551, 0.005436286568664718]
            , [0.02351528783625495, 0.007377721217462367, 0.0009764170592214886, 0.0015872596026806952, 0.056023220723095554, 0.0036883931506419484, 0.003069681748541498, 0.19852654585406415, 0.0016507851951980883, 0.4316644442232753, 0.08196742278347961, 0.0023309191040057292, 0.004811792994245996, 0.003974471585771093, 0.002292399534088959, 0.009453424978531062, 0.018053822325965564, 0.13906410915185402, 0.0025056365259483017, 0.0074662444056734535]
            , [0.031414165236614416, 0.005025323651709821, 0.3448850605693615, 0.3423981211626491, 0.004350054583286261, 0.018677310831929663, 0.014913416411059439, 0.007980602765401057, 0.023035000231149804, 0.012138165236277757, 0.006207043629274305, 0.04559103224359805, 0.005939616114795356, 0.04245294232082666, 0.013334142608488067, 0.03920529026902985, 0.021292115276657992, 0.014021774140923997, 0.000673453667197532, 0.0064653690497694545]
            , [0.3730851241695533, 0.016988159345163355, 0.01767020694085266, 0.02594855778719398, 0.01163956764971294, 0.061276025620419936, 0.01026923517556961, 0.02797751272592069, 0.01958696673075699, 0.031401651933444276, 0.015317929461170577, 0.019339467263306074, 0.019670486513062517, 0.017758682570444415, 0.019730747931189035, 0.1526206468551465, 0.07633659470872853, 0.07246799063841203, 0.0027351722224526645, 0.008179273757499933]
            , [0.08675810160081991, 0.017244699235321785, 0.0017762568202618024, 0.0032303274209679158, 0.04717782053539535, 0.016341938107143256, 0.0030270213397234746, 0.21320626525803435, 0.0034209700545672836, 0.1775128318376419, 0.04992809516955218, 0.004053530045673079, 0.004877235382201954, 0.0039803038817371565, 0.004252660672854977, 0.026560321837096564, 0.04627214512356922, 0.2779470946055374, 0.0038422830414504535, 0.008590098030450133]
            , [0.11060314834620759, 0.02010718748700407, 0.00941724596117535, 0.01528372385637645, 0.026075558806461622, 0.018879853821537024, 0.00940430306963286, 0.16005043558113988, 0.01780719942536681, 0.10806860948458377, 0.042114352885609, 0.01594395056934174, 0.012217373610540155, 0.01607194896522497, 0.017293904759592867, 0.0575430167100079, 0.08572395548090046, 0.24121146974470767, 0.003944597786876987, 0.012238163647712809]
            , [0.050883333256696466, 0.01492173652619028, 0.037936736377223605, 0.040666395293155834, 0.03452359462345102, 0.03005201274107305, 0.211782724315292, 0.022582298595693207, 0.04896100045255759, 0.04575464215445692, 0.01745275487323408, 0.07557508385078354, 0.01840233269500801, 0.0693480987749222, 0.06268168092605637, 0.07198341769058644, 0.04306540914577716, 0.030085785569693293, 0.007985527735465113, 0.0653554344026837]
            , [0.06827030482166682, 0.009945427041993157, 0.046108955348520934, 0.11171093333141058, 0.015080410448336565, 0.027616061004369634, 0.046202233671034015, 0.026091415330628028, 0.08578261746422579, 0.052565302191957354, 0.025835630771187355, 0.04644013375189957, 0.014338447844253288, 0.16451706992781012, 0.07846264937887007, 0.06879225747027667, 0.052657921463347225, 0.037302296821722085, 0.004568586791657905, 0.01771134512483282]
            , [0.07514254170088544, 0.01438274264433648, 0.021106172323601593, 0.044544959571913414, 0.022651915802873585, 0.022559292757102504, 0.026753832502079, 0.07942999972452845, 0.08168351694885581, 0.09876134195035148, 0.04225096493472129, 0.03571869776519873, 0.015293493754795242, 0.058154366191936965, 0.08324954731817878, 0.07550950003750369, 0.08303186818013268, 0.09645556060444807, 0.005244740468678393, 0.018074944817878576]
            , [0.021171039645649082, 0.012299248700283585, 0.002580555174386774, 0.003927199129798443, 0.2792703415130778, 0.004248796110250287, 0.016500579675465362, 0.09324391570890785, 0.005869514373063481, 0.2328447098592205, 0.04989245666691372, 0.005554363892694727, 0.002819968726778265, 0.007695878759108044, 0.008609411301289588, 0.014052943540382138, 0.016132805090828047, 0.07287441823661488, 0.022366215016868387, 0.12804563887841897]
            , [0.013775126186419285, 0.010521838601122418, 0.0018938704930510763, 0.0033366095526924052, 0.1342882655609196, 0.003076605824460596, 0.006097515358851815, 0.10365281772887064, 0.004544631484097701, 0.49757516728777523, 0.08431912091999974, 0.004204352290269173, 0.003940026763699184, 0.006461041316279216, 0.005406380219516093, 0.01035088138262242, 0.01313773830414077, 0.06333818970752532, 0.0031073910837810677, 0.02697242993390615]
            , [0.0327697512985104, 0.007471343828726943, 0.03364468671826245, 0.06864925538171136, 0.004186739194996353, 0.026732919089823694, 0.03103842337181042, 0.012013819275471422, 0.25995516116797746, 0.01933738811623446, 0.012593977093852456, 0.06679316894773348, 0.006983226731466563, 0.08356315849463385, 0.20687761718467296, 0.06297326300055392, 0.039636554497756264, 0.01321302012952382, 0.004392428583857498, 0.007174097892424118]
            , [0.03773190003692067, 0.014356394703247887, 0.0010385567677596492, 0.002708156603269128, 0.019070559418490982, 0.0024697823721120077, 0.0024481385113174366, 0.3101543339417085, 0.003177035118917839, 0.186969604405628, 0.051245210423444654, 0.0034843173193694716, 0.001339328419148333, 0.004554141407992473, 0.0031001885758205343, 0.012958542091064878, 0.03364580298680775, 0.3039681200439735, 0.00033551209687763113, 0.0052443747561287685]
            , [0.014993068664630311, 0.017914608060722318, 0.0026603341900814322, 0.003078852405529509, 0.41783324917680936, 0.005193288125235662, 0.02166339368487055, 0.03206300325039185, 0.004432430793523514, 0.07990927096816831, 0.013676295175793966, 0.007250201056202097, 0.004095955285033, 0.005109063624839902, 0.007110787047123727, 0.020455264113785874, 0.011769273318507538, 0.030869272258245394, 0.01674800886905313, 0.28317437993145245]
            , [0.023225081377275393, 0.008250327428402218, 0.0008865366780976108, 0.0015233680746340947, 0.014228438937985316, 0.001908093866637479, 0.0015209702119643933, 0.3871642492695926, 0.0022009430465295696, 0.09532553934510643, 0.02119001802310122, 0.0018177892564708842, 0.003740809847787345, 0.002314983251877289, 0.0020803973097648617, 0.006025844371048715, 0.017357472543064287, 0.4037202208731402, 0.0002930798367377235, 0.005225836450782314]
            , [0.030975563814215172, 0.011010355399639708, 0.008047087744808551, 0.011629089702660909, 0.28706714789122495, 0.009270771610604316, 0.03318218134651661, 0.05118087652217887, 0.01495375578552379, 0.12283757438510993, 0.03426744158594604, 0.0166971490810554, 0.006952860841431627, 0.01650875619286819, 0.01721660582999007, 0.028515236192218876, 0.025271812809670936, 0.0483677826012987, 0.024611675323888763, 0.20143627533914846]
            , [0.022058524717307258, 0.008648337557263701, 0.0006841263166388064, 0.0010289285370196951, 0.005443273828905338, 0.0012878453488334755, 0.000775908026460987, 0.34715333888092337, 0.0011538649364732445, 0.05501710348844947, 0.011855314914455406, 0.0011334889787853353, 0.00047844759382761984, 0.0010833938308959768, 0.0011651110682635462, 0.004119454035174576, 0.014396744795236296, 0.5213303616550246, 0.0002057379538575341, 0.0009806935362036194]
            , [0.023531101103317895, 0.011851356433733235, 0.007969676858396356, 0.009798676056293493, 0.2565720369508096, 0.01005159671725571, 0.053030069372500786, 0.019420768299858757, 0.010155072576726145, 0.04358376113504964, 0.01132137269965104, 0.01482277901657262, 0.0075565118724872146, 0.013663754196072667, 0.014509592239069226, 0.02526714866697795, 0.017099485781582113, 0.022715220039639425, 0.02233041974026963, 0.40474960024373635]
            , [0.0375747833113543, 0.009073955100527683, 0.013060231023842121, 0.04315257285024127, 0.00455690834469649, 0.011909214960955955, 0.023130138951897625, 0.016553879215340274, 0.29256585805036184, 0.032634320152318354, 0.016951002808440894, 0.031903549628816884, 0.0033708710723193303, 0.09513049226613997, 0.25476949212094147, 0.04598230884348375, 0.039160319716760074, 0.02263785361939161, 0.001614248154206057, 0.004267999807964185]
            , [0.052452793788118755, 0.010293259978436262, 0.09467038460513387, 0.08155491910844401, 0.0058831475463940125, 0.05287116046736537, 0.05091319926001831, 0.008751217517815305, 0.09953459456080127, 0.015876844072341096, 0.007011400534432578, 0.1499104020224373, 0.009319128529656842, 0.07154404528702984, 0.0776364933816162, 0.12669304488996927, 0.057368658090504086, 0.013717276156024336, 0.0012320565323021956, 0.012765973671158996]
            , [0.03794090084408044, 0.013662935288464436, 0.00485750072572948, 0.009249318330062387, 0.09901078897886978, 0.009849592269854431, 0.013529739948649104, 0.1302713084149634, 0.0111764682886448, 0.32254030057379973, 0.07923709322793322, 0.009659648433631627, 0.010314085403394763, 0.015089030203745954, 0.014606262114605499, 0.026276329284402468, 0.0324639117743328, 0.11081374557361688, 0.016186013653140766, 0.03326502666807798]
            , [0.13946957073751304, 0.008708237864892521, 0.040514549448968575, 0.0512546958644389, 0.005199527288109276, 0.057791136719305414, 0.016684359093654056, 0.015967451124409712, 0.052658297379968036, 0.022121478172981896, 0.012689303357823022, 0.0815080869217651, 0.027670876410211123, 0.05067687711261084, 0.03432523099691389, 0.22298635415091816, 0.12409733728426806, 0.03083932296014053, 0.0006043927924885459, 0.004232914318619246]
            , [0.031403311461197084, 0.006256686700277146, 0.018516495194471714, 0.03425063945899698, 0.002868839085617283, 0.017520008990177735, 0.02290247750536382, 0.007600971125969993, 0.33170439236829696, 0.01496601148346474, 0.008170516786713234, 0.04427951622685606, 0.012362234303269137, 0.06592560771106479, 0.28222741289231534, 0.04878314769269095, 0.03282235161338324, 0.012156395328413915, 0.0006219338023817229, 0.004661050269078002]
            , [0.09192411006570096, 0.0022814335253363827, 0.0113909567752214, 0.019638484075025685, 0.003092960150949848, 0.013583599292805781, 0.006449789539691853, 0.007294119339518974, 0.016952527233815046, 0.013317186350379304, 0.003732550001682512, 0.00813231305691292, 0.6854933202017498, 0.01277456032221241, 0.012837518739991623, 0.049784335828485037, 0.020907914854893486, 0.01676636184014204, 0.0008512501882918151, 0.002794708617192751]
            , [0.008669455390246007, 0.0040697362736483115, 0.0012213209798609857, 0.001628471055768979, 0.058764723291200714, 0.0020447389031329113, 0.003516469526350336, 0.09153267038785637, 0.002063051967247751, 0.6572574891556474, 0.06917647840522512, 0.0018740278117583005, 0.0053164077432617095, 0.0045796357009968746, 0.003981015050878491, 0.007334866450765323, 0.006982094542751421, 0.0610953566512769, 0.004840086128244042, 0.004051904583881966]
            , [0.04067255243203805, 0.002144425483554386, 0.0013598028963545624, 0.002166883588059254, 0.014894963869155288, 0.004238043673378164, 0.001463494159454725, 0.32463862716052877, 0.0023150080944608835, 0.09464795626447627, 0.03322786590255854, 0.003344386016647794, 0.0019917029273373577, 0.0019041186501540185, 0.0028790623143001414, 0.00896862325488756, 0.02689410630853047, 0.43022372469475906, 0.0004704788402172553, 0.001554173469147699]
            , [0.0679069673272972, 0.010495388084726337, 0.016091702901698875, 0.00997879622677361, 0.0048902881561278064, 0.026332274652232004, 0.008080653668726775, 0.009894664651188175, 0.015236887774356875, 0.01249793613057246, 0.007432150222939679, 0.05028559794512182, 0.024072863384896247, 0.011737241606440777, 0.01232332929590925, 0.3973381120438823, 0.29408516128559375, 0.015942052305735043, 0.00108525975949076, 0.004292672576290211]
            , [0.01725560324265976, 0.00728679437656014, 0.0005496441497662824, 0.0008679963768077033, 0.019139092367271338, 0.001181830575593422, 0.0008105356849218149, 0.41196491115256456, 0.0008721409857137327, 0.14650944493502435, 0.028444334950791423, 0.0011618448307658652, 0.0006176446664635482, 0.0012679252130303367, 0.0009359331859750753, 0.0031155297854906774, 0.011375983978430057, 0.3411958716498402, 0.000289193705460519, 0.005157744186869135]
            , [0.02118288552866075, 0.0016057320248650708, 0.5760357633901996, 0.08660576042624334, 0.0019645345238187032, 0.022052331922448924, 0.016983423290627468, 0.003271522942610591, 0.014010320796688073, 0.004492860410371595, 0.0022917556197210986, 0.14373603516318328, 0.007526688090720754, 0.015393266633070958, 0.008230414969118716, 0.04639474052540934, 0.019363937876726148, 0.00566634519258965, 0.0005594429532420609, 0.002632237719683918]
            , [0.12123493611062039, 0.015231756578267511, 0.02908545319804155, 0.030455128953428383, 0.019469982298657044, 0.3221296962920389, 0.02095381426806351, 0.021835442866268595, 0.029381417569293862, 0.037771065291294474, 0.01832242855548043, 0.04330414726323976, 0.014624961576767775, 0.027176944776014022, 0.035019057932971415, 0.10796174212898443, 0.046633863724481334, 0.0351899706323892, 0.008187746345331565, 0.01603044363836606]
            , [0.050512624153618624, 0.01638731183179122, 0.019230054481534094, 0.038382785597378156, 0.02008214824860475, 0.025194527785850886, 0.04023139699992118, 0.02788921607867343, 0.1478281963246588, 0.05539280673514674, 0.025242455523540944, 0.03841695836716176, 0.011211748675195924, 0.0682139233776691, 0.23310342070524517, 0.0631934191489213, 0.04657796120585081, 0.0338977109707005, 0.01771487107256362, 0.02129646271597292]
            , [0.034927046850578576, 0.018782567894678713, 0.0011279377654928042, 0.0018145978983409592, 0.22707262165613323, 0.00939102599194559, 0.00311753374742726, 0.11275298681049342, 0.0022264055877651025, 0.33544984981725057, 0.06695763205370385, 0.003305800573620569, 0.0026781163316712503, 0.0035067741661578343, 0.003371787277498467, 0.0179724556534772, 0.02269067466849624, 0.0938688282977534, 0.00995361882658038, 0.02903173813093468]
            , [0.013160248587305672, 0.005738293877885809, 0.0012388131625760805, 0.001897853791458031, 0.21188237831872794, 0.002010025911386504, 0.003102081635573202, 0.10029678282626121, 0.0020319763074123777, 0.4406601156237204, 0.08995499040653256, 0.0023961770508383216, 0.001573166482159283, 0.0035335302783055275, 0.002495850409745424, 0.005931803801386486, 0.009618210293267492, 0.05716843129232358, 0.01180776468778845, 0.03350150525534525]
            , [0.11249422018900702, 0.008784772302870478, 0.031502824471599945, 0.040595481139311426, 0.005290371925330242, 0.03378906296267449, 0.01889418822876407, 0.010438362025221486, 0.0330467507712871, 0.021438757911849377, 0.006306358112991133, 0.035685373765723775, 0.34391998716870414, 0.04049933064602558, 0.025967398157412575, 0.14814543456639195, 0.05658831517628055, 0.019866484848617926, 0.0010740129680968276, 0.005672512661839922]
            , [0.15053823419943854, 0.054938772901150686, 0.007579396330567884, 0.010875456563710776, 0.013759976910238112, 0.02116680393006839, 0.009037612441805488, 0.0895151319264551, 0.01164306354082493, 0.06527483986543064, 0.03334957733542312, 0.028827367873676006, 0.006930073958470902, 0.015891297451517315, 0.010533842835821457, 0.1350827375535563, 0.16973744631519683, 0.15441699072694462, 0.0014946280654495499, 0.00940674927425342]
            , [0.6047617918989049, 0.021421800305974938, 0.0015635997946468374, 0.0027060118497154867, 0.0021657664569700295, 0.04697364194121026, 0.0015342245447575202, 0.006859947203815404, 0.002427606912822224, 0.005856432981650744, 0.0031356669292072286, 0.0033471332666883103, 0.009251001757243433, 0.002873518970815015, 0.0027108339901149, 0.20850786880485525, 0.04375677567900012, 0.028181211243201484, 0.0005759053811310756, 0.0013892600872750522]
            , [0.012127889970563828, 0.0031413169936987703, 0.0007107578204738182, 0.0011963468227346391, 0.015196371007518248, 0.0011515031702012974, 0.0010132446207344362, 0.44667845391523686, 0.0013345792977980783, 0.1389306923964913, 0.024111085079759616, 0.0014422010858193477, 0.0036282379168717264, 0.0015135832938195251, 0.0015370891404873704, 0.002958542783852235, 0.009662243649223317, 0.3287733377376106, 0.001516652403055189, 0.0033758708940497453]
            , [0.015850201795356685, 0.005262978028517456, 0.005240895622881506, 0.019932563020348827, 0.002136330973107534, 0.01516208586335925, 0.014809094383762997, 0.009024975511127728, 0.38087190608669746, 0.013801256504322262, 0.011653433107620617, 0.02937032878075919, 0.003990706290300361, 0.04904161812477423, 0.353784418554385, 0.030933145145970516, 0.02339084035664163, 0.008281714024251253, 0.005342934890955925, 0.0021185729348597044]
            , [0.018086546435239288, 0.006346612407846367, 0.0005222186240361881, 0.0009285535930621261, 0.04766053557871274, 0.0013916661720717852, 0.0010101519212767434, 0.3049826314168903, 0.0008798650234028414, 0.3406496547318885, 0.055600730318561685, 0.0009715303896736764, 0.0008201290434613156, 0.0015063701402333216, 0.0014531034547137398, 0.003328640176460777, 0.010431749285461702, 0.19148876480696894, 0.003380947149581797, 0.008559599330456108]
            , [0.4320288374528556, 0.04258716312180829, 0.005103150576361363, 0.008830459971922179, 0.009262416671908016, 0.05527452018034566, 0.0059318455525609265, 0.04544020931177621, 0.008125443109846782, 0.037195961420945854, 0.015538252010278154, 0.008434065582507774, 0.006215138156745131, 0.008903815309316852, 0.00874947718629712, 0.09149153994334641, 0.0593850232299429, 0.14352673619804618, 0.0018191684570854493, 0.006156776556103144]
            , [0.00645330387380727, 0.003074082045686433, 0.0008166750827876205, 0.0017341665042031494, 0.007590040288140273, 0.0009474712900505724, 0.0010558582285108834, 0.5226950893880896, 0.0018767529661934455, 0.12593504778819686, 0.021464751748953903, 0.0014094365665570199, 0.0005638289686050926, 0.0016004138682144476, 0.0013793317727156444, 0.0024766507897469483, 0.006724891901643561, 0.28998568433049227, 0.00022301603666817252, 0.001993506560737106]
            , [0.6347566217238694, 0.02137158457228332, 0.0015237383267419917, 0.0022968589741880706, 0.0016406694667836874, 0.07968405578642783, 0.0012833100046227752, 0.00322169130748837, 0.001799381703538367, 0.004091098783643389, 0.0029793451226218914, 0.0035774730922875247, 0.0011566185286062988, 0.0026796880725584544, 0.00184533539831718, 0.19722706074377472, 0.02325319837256937, 0.013847540633721197, 0.0003430202517270577, 0.0014217091342293062]
            , [0.10730346114006604, 0.03773950303983994, 0.002535266532663214, 0.0040236622699483925, 0.005722832161469725, 0.005222300716050671, 0.0026890802405223806, 0.1910300825638949, 0.00450660012985779, 0.06616170670959988, 0.0194924958610083, 0.004499907287731598, 0.002147522864308869, 0.004600783475372083, 0.00414425110454665, 0.021035515502651717, 0.04991270488782684, 0.46321704822914145, 0.0006663464524733881, 0.003348928831026103]
            , [0.0741119564640649, 0.01804196615610404, 0.05035431501406659, 0.024230630910894044, 0.005636326150964789, 0.09648597847122514, 0.024249211640614193, 0.009116385443887978, 0.0319748129496307, 0.011979171643350522, 0.006171242625193078, 0.1685083974104605, 0.007999895252106873, 0.023580473126413024, 0.027591466352107363, 0.3050090280199189, 0.09283737321580264, 0.013822063034259095, 0.0012608330805355915, 0.007038473038400137]
            , [0.10350812682068875, 0.05159671885405153, 0.0030751158140036533, 0.004779342252736814, 0.028809312172843732, 0.011070939726969759, 0.006012967656158255, 0.14155584789951572, 0.006139316969636403, 0.1841454566411155, 0.0809873392807162, 0.009846352618431187, 0.0035073206290917695, 0.009272101267949268, 0.0063364153262642645, 0.04968134393021379, 0.07812481931987056, 0.2087097321957914, 0.0018922353475140684, 0.01094919527643751]
            , [0.022575741269740116, 0.00897769136701708, 0.37747605098937337, 0.07105292758910224, 0.003855088664063718, 0.038941605585467005, 0.02612284015751781, 0.006404904394422652, 0.03152024495574925, 0.0081919825607276, 0.003321601166329632, 0.23762214877592402, 0.002912547505756544, 0.020277802899591017, 0.01942855749226284, 0.07876137053105411, 0.02591337744131677, 0.008452519027023497, 0.0009475663559229103, 0.007243431271637963]
            , [0.08610333340927628, 0.009653026060858431, 0.0050591910440097206, 0.004326581629251288, 0.0018834459494753084, 0.804674115848013, 0.0020901236886865645, 0.0023274387746187487, 0.003184463688201264, 0.004039169100646149, 0.002241479969141007, 0.006510792924291528, 0.0022699939362907603, 0.002821324734914631, 0.00484028630336393, 0.04306448926990944, 0.007359358734943429, 0.005337056480316603, 0.0004982855615075965, 0.0017160428922841466]
            , [0.024610778428256472, 0.0019520208428812503, 0.13306224629859725, 0.650231174062139, 0.0023859374625776514, 0.009783980605695228, 0.007703894906214339, 0.004477686505800435, 0.024003671449100084, 0.008073239943002688, 0.003685185781379031, 0.013359989769748245, 0.004913850931493875, 0.05682600169593299, 0.013269700504960699, 0.016829481676490364, 0.011482166682082729, 0.009977308736685219, 0.0009077223343984367, 0.002463961382563703]
            , [0.01049809173509015, 0.012684045189275383, 0.0027877531234395477, 0.0046578942437780135, 0.3153939188845613, 0.003314409864059268, 0.05016974285810809, 0.014814646731873188, 0.008320494151150925, 0.048873658743061356, 0.013148528209575136, 0.010156568254120514, 0.0014229679222113698, 0.009392756997629636, 0.010627035873201246, 0.013906220097032162, 0.008950349065146117, 0.015831385362021957, 0.020453102964135408, 0.42459642973052913]
            , [0.0082318990802118, 0.009262175589981566, 0.0016190332510437368, 0.0022720979355933366, 0.4687019654238894, 0.002301002991763868, 0.016405887019737723, 0.012752428608168128, 0.002090956563490483, 0.051984608964207375, 0.01460837147363799, 0.0033469668274592607, 0.0012323251230011783, 0.003114347648299583, 0.002659913342857425, 0.007164263978695164, 0.00547913191672064, 0.01284658433895892, 0.023852155070605577, 0.3500738848516768]
            , [0.010939116569291692, 0.0005074586189939714, 0.0008615817747207984, 0.0011750669968603271, 0.006769646599741219, 0.0012003887509461622, 0.0008419804322391353, 0.46514226679860626, 0.0013645981712608227, 0.06270753625640732, 0.012745847773996583, 0.001295471085737843, 0.0010320777310058025, 0.0016233131549265565, 0.002039430913510392, 0.002861499956701517, 0.008585112461225848, 0.41685185119900664, 0.0004008276780485491, 0.0010549270767724191]
            , [0.015378852014422123, 0.00572944867431515, 0.0013735731446731978, 0.0022273622166755136, 0.016888363084684152, 0.0022628076756460525, 0.001971686037231688, 0.20199095201551925, 0.002500555482030645, 0.44876027570311755, 0.15807737000352012, 0.0029010457811058953, 0.000962120228133261, 0.005408193684077781, 0.003177475584206721, 0.006598938504823776, 0.0147902776533424, 0.10668817940369094, 0.0005403013419311709, 0.0017722217668526034]
            , [0.07662126304240237, 0.004361420132288553, 0.007372715793939019, 0.010132485105182963, 0.0060451053090315185, 0.011098274863871547, 0.02076252796980743, 0.009564243947632568, 0.012607397735457255, 0.03576748643671891, 0.005193894965955416, 0.01193490491806321, 0.5779248711274908, 0.029108053288283475, 0.019453211694277984, 0.09855512759463175, 0.03967941944518718, 0.01768619731946487, 0.0012111114976806692, 0.004920287812632442]
            , [0.03395381867404326, 0.010627895907487913, 0.001306840678040827, 0.002205120632786354, 0.0100366687313654, 0.0026348099206246365, 0.0016483577497021947, 0.31830980751948773, 0.0024122257748507344, 0.07227044794023986, 0.01633625817666379, 0.0025228278948799853, 0.002187274395711443, 0.002168629721921045, 0.0021303507045837616, 0.008168821704176855, 0.023734680362017813, 0.4815477119978592, 0.002226417520505131, 0.003571033993052226]
            , [0.04092604886902157, 0.009067612417264833, 0.0006560513465283108, 0.0007956387362861758, 0.04652296386647819, 0.0060129104391842035, 0.0010926139407808966, 0.2900877229071916, 0.0024573658627275044, 0.2302421996228295, 0.047574213321672346, 0.0015690313027916342, 0.0040987108042294645, 0.0018767850984574687, 0.0021155458518315132, 0.008547853218267797, 0.021960487899534586, 0.27677548265616847, 0.0035289106532884113, 0.004091851185465681]
            , [0.06712789240574456, 0.0009943113768606784, 0.27224857898636967, 0.36247501468511467, 0.001221149258574183, 0.026871878236365495, 0.006818348416065416, 0.003092419664525118, 0.041442184357055274, 0.005783138384101595, 0.0027831626567060746, 0.04202003855284626, 0.012146466050166012, 0.05586633758273269, 0.01398123626172825, 0.048256333949564016, 0.027236438164474183, 0.008319694745078862, 0.0003062016251007499, 0.0010091746408262808]
            , [0.04020108538234192, 0.001682720684589754, 0.003749988821431039, 0.003098833293823079, 0.002145620676192925, 0.8819843198640968, 0.0023695011132882408, 0.0027237580425229853, 0.003947427140760417, 0.00437829689385881, 0.0024646441955486487, 0.00693967394452949, 0.001647133942933973, 0.0036279608665670295, 0.0041765764199208485, 0.021885595651075545, 0.005866872724386754, 0.0045190968068067544, 0.0008553524599788962, 0.0017355410753461301]
            , [0.03408175455575511, 0.01146462420450521, 0.0020143627019658565, 0.003283254392270466, 0.08711078266836558, 0.0034826043509418236, 0.007237258216707337, 0.2636934992900484, 0.004373181384452254, 0.2091169880254795, 0.04963626036583764, 0.003784342557541451, 0.0023177097153220553, 0.004851735593436192, 0.005258335636374896, 0.010605806840832765, 0.023442949339570175, 0.23159499390937782, 0.006042520735862852, 0.0366070355153528]
            , [0.12314138701526753, 0.016009866541248134, 0.005174343662957552, 0.006239118760205623, 0.009266741045332427, 0.015302921551913545, 0.005864268629639047, 0.03805351499358624, 0.009547868870369734, 0.025110193534170135, 0.018797787277727407, 0.022582601214768724, 0.008282477419612256, 0.00852717098270053, 0.009004151048061172, 0.22514467782631822, 0.3866192682509436, 0.059713602697699875, 0.0017593005883093414, 0.005858738089168928]
            , [0.010295345989727825, 0.0012965188604772571, 0.002033442644389479, 0.0023287970743942855, 0.39709735890085474, 0.003180834682652836, 0.01931377324296246, 0.012678890967278892, 0.0030262318926389544, 0.037786675698762026, 0.00946634011781454, 0.004463806073356668, 0.0020839499254110758, 0.004088537393452148, 0.003907484338447647, 0.009340595017003739, 0.007861808189162793, 0.014504715328040343, 0.02291374842201092, 0.43233114524116145]
            , [0.058525581700834, 0.0019240360751794161, 0.2426940241337951, 0.3426206752202599, 0.0032794643699998196, 0.024680815255043755, 0.017188749284124488, 0.006252555296100914, 0.04354007766891282, 0.012213270405691087, 0.005761669825617592, 0.04412633455902107, 0.003247269893639584, 0.07289742685266107, 0.0267102382071619, 0.0460920061423149, 0.027781183117810762, 0.011527750042210653, 0.0040533711483573, 0.0048835008012639075]
            , [0.1025647566604266, 0.007037047219562474, 0.0685566359375599, 0.13443698717034266, 0.004649098986452551, 0.033973120534783845, 0.025367409504391633, 0.017649418541069706, 0.09819896968887883, 0.03108516626010952, 0.015594656117073199, 0.07146702738914977, 0.002324183897225423, 0.09979137107688082, 0.06339289807154753, 0.10839521109997546, 0.07679703515447421, 0.031033799952643465, 0.0011342339099499048, 0.006550972827502451]
            , [0.0411494755203015, 0.01444611024933154, 0.0010836318765500357, 0.0016372138950103518, 0.08020485406192021, 0.00841765934651527, 0.0017218370589687309, 0.20927591198960618, 0.0013727869270504138, 0.34520214197056964, 0.06617577072191383, 0.001956901099377142, 0.0013983053925919454, 0.0024339480667400597, 0.0018905848772886988, 0.01246857865478841, 0.022255191232857033, 0.17949911477959704, 0.002408206896560281, 0.005001775382462135]
            , [0.01884919073844721, 0.014780400240701343, 0.005224009647384391, 0.011600292421325322, 0.005267535920573982, 0.009661686774761187, 0.026854562762992057, 0.01216332456397126, 0.29658918337307016, 0.021644291310749627, 0.010182687727555656, 0.022843533578634986, 0.004747085916094339, 0.046685432024251176, 0.42199350240585, 0.026941490590201043, 0.021586489282689653, 0.0133944236508643, 0.00098627872400031, 0.0080045983458821]
            , [0.5038885893985217, 0.06168298867458872, 0.001917373252793441, 0.0031180631095688387, 0.0037903008926267402, 0.052681267184679914, 0.002270586843197968, 0.022808134872536537, 0.0027005433845228204, 0.01721493352282542, 0.0078116869881760306, 0.004616661840831329, 0.0018587739868921175, 0.003019303229744736, 0.00278884772883228, 0.14459456256146033, 0.07627619612594914, 0.08384140844093697, 0.0006150438331863662, 0.002504734128128873]
