20 A C D E F G H I K L M N P Q R S T V W Y
128
0.038481720184794385 0.0803659872615533 0.0102722241728659 0.0519194710720987 0.0745813699884812 0.0163474809111758 0.0421884030377507 0.0487468714940269 0.0463075222879591 0.0710340051490388 0.0675276065994359 0.0232310213702473 0.0619870945809625 0.0170880126367400 0.0775767904520643 0.0698848643541420 0.0872319679829691 0.0722033963465594 0.0600530272615456 0.0040327981040718 0.0174200849363119
0.02573718131523413 0.1104247905212956 0.0123077004395844 0.0432745179614166 0.0493344111358551 0.0106530528325637 0.0600473090485794 0.0222357475587675 0.0194254778407935 0.0524785770741091 0.0412444149570160 0.0142236931945185 0.0758005811468818 0.0180307822677052 0.0517663892497889 0.0488580371126988 0.2027832947402178 0.1089446848574157 0.0450246154468010 0.0022844804636686 0.0108574421503227
0.022032738264986026 0.0468261994233376 0.0049958875383699 0.0142989286439268 0.0481446525729671 0.0048476479620044 0.0226138573862933 0.0337293194509073 0.0142648356430437 0.2761088575176299 0.0353813620241496 0.0128864807156962 0.0499025618740167 0.0065217282552318 0.0776368602209013 0.2144974050421170 0.0559423162417291 0.0467151061310729 0.0265742043729086 0.0018606060713036 0.0062511829123935
0.021850225289454173 0.0565006307099924 0.0090439722576615 0.0161981355767152 0.0495474373067761 0.0114878395481736 0.0229552097708230 0.0518736766341926 0.0266148633982544 0.1531497775603964 0.0577626594485279 0.0191493452691534 0.0487503928641529 0.0097057052437483 0.0781657218450602 0.2116723317099904 0.0636417672426919 0.0528994649575758 0.0422623934130495 0.0045631113046421 0.0140555639384225
0.018992756516283578 0.0801044983076894 0.0040577433293592 0.0549516490269350 0.0978792450006196 0.0046376631019056 0.0396081782011367 0.0342589289600989 0.0123081544136589 0.1581846513502877 0.0337475811051786 0.0111621743383314 0.0682819073608140 0.0072519688999360 0.0958383300497906 0.1065403517267150 0.0890722978137786 0.0649266435465244 0.0297197115265601 0.0012462947421306 0.0062220271985497
0.018650544687161354 0.0716358047851314 0.0043685474004488 0.1078864609538630 0.2527127638114800 0.0059751365869617 0.0341320285306478 0.0282830820875215 0.0146076333693280 0.0736749970487869 0.0363222117364605 0.0109980408962723 0.0481063570608241 0.0092702272146925 0.0929717151205294 0.0509946083151511 0.0610961595357139 0.0487999061054682 0.0387151965890929 0.0016397318296233 0.0078093910220030
0.018445217589688017 0.0650769208631519 0.0108682714277299 0.0085012244174700 0.0192813108988685 0.0553149389701527 0.0126999416267717 0.0190989945710283 0.0893589389541257 0.0427935949479701 0.2335628827525804 0.0898515713100582 0.0189007729782946 0.0081882386312272 0.0535869621821295 0.0495222751777223 0.0546872578064375 0.0563194729759005 0.0840142942092175 0.0051305956834292 0.0232415396157342
0.017880568071636342 0.1028068266008356 0.0056446455487371 0.0374005760828049 0.0508910340593496 0.0088736350822212 0.0366893394027595 0.0168408384171019 0.0271787251785603 0.0506592329126234 0.0481681777707595 0.0104519539712606 0.0364570910327978 0.2550388984570758 0.0497684163940228 0.0465198142566112 0.0995728089700332 0.0612729536956527 0.0457974901930808 0.0020884833049605 0.0078790586687515
0.017384360919409113 0.0799305623665866 0.0108643169847045 0.0099826698379110 0.0375224997433156 0.0208856369027334 0.0120128511287059 0.0115388386856736 0.1473203978359508 0.0439378611987353 0.0966110683338100 0.0549651643651351 0.0233364110858198 0.0087751151910579 0.0374546695307750 0.0388646879299290 0.0625823558077001 0.0995390340225529 0.1890443967798990 0.0025769797137976 0.0122544825552071
0.016166657160782524 0.0542836831301269 0.0026793363388321 0.2683329754676380 0.2742205007433055 0.0035550549415582 0.0365320281027620 0.0228838542998820 0.0065974211355514 0.0456807459778839 0.0114379280438822 0.0052034068568075 0.0600450278306631 0.0100192067086563 0.0578618729729133 0.0293489735897339 0.0566097402992779 0.0355207176176431 0.0133164803030536 0.0008392129380229 0.0050318327018061
0.016132435977870303 0.2818672061529460 0.0227700184977150 0.0131961834800184 0.0372029062148885 0.0122865585776293 0.0635993076153734 0.0114261155627586 0.0383621981567176 0.0322958642831394 0.0521468529710082 0.0277062045906403 0.0317436448838182 0.0145383545862399 0.0351090842200167 0.0311700550783706 0.1289495747111457 0.0801170811882978 0.0732686896890445 0.0026036791724787 0.0096404203677536
0.015761706496321224 0.0750602868860737 0.0047844587975824 0.1897499053735421 0.1372985777625113 0.0058492914408362 0.0607099733682889 0.0362537934644136 0.0095910459322322 0.0590619093487528 0.0164903315147963 0.0076810817770952 0.0938151173775814 0.0149865407566438 0.0580800769416053 0.0445600836557690 0.1023164539063524 0.0566330216293630 0.0173725596308550 0.0015850461327007 0.0081204443030045
0.015522158215935665 0.1604485031720070 0.0242977414177321 0.0272474982901043 0.0307885242025985 0.0078929916023375 0.0647274143116047 0.0112362866098776 0.0130407903181775 0.0290059524059661 0.0280037453035093 0.0097958898210119 0.0573724208346559 0.0168084274427019 0.0326611489743678 0.0273739809177240 0.3079186427245439 0.1075740890277735 0.0354715908321696 0.0016451661690134 0.0066891956221236
0.014874807505846119 0.0584019329577691 0.0099114191774816 0.0037124454489360 0.0074672816815990 0.0563943036868911 0.0082365625993760 0.0071490193874837 0.1973633577928428 0.0100761229528297 0.2312867508038484 0.0758484626883130 0.0083312232435269 0.0061001786795924 0.0120616123445250 0.0113799704919722 0.0351499181838435 0.0546822596453465 0.1847238906960657 0.0035828968173611 0.0181403907203963
0.014412821536531112 0.0669206071959099 0.0491191058112009 0.0120867577045010 0.0166779493563211 0.1068692943472662 0.0205692791819124 0.0531143222416949 0.0540084691373854 0.0215919755037268 0.0910870321354706 0.0401768800269496 0.0389287987290112 0.0103685213228705 0.0282974493587860 0.0450870626533729 0.0748679033013445 0.0550881690503556 0.0628307201134152 0.0518378030524031 0.1004718997761020
0.014084868533622312 0.1155044260071029 0.0045777713265235 0.0222364278866382 0.0322849549323237 0.0052633598428390 0.0288207721081098 0.0095017339766597 0.0134871989653039 0.0298912196844344 0.0339242925196545 0.0060660394569660 0.0186707817428811 0.4442170993275213 0.0301726374180880 0.0252724555502422 0.0914945591459542 0.0474818287422867 0.0351183769272615 0.0014332244168407 0.0045808400223687
0.013600068442365824 0.0316778433724431 0.0038605081201024 0.0076316041396224 0.0305240851096462 0.0033362351734610 0.0125506753763003 0.0288555896693599 0.0085153136601835 0.3020650306825934 0.0249674016140690 0.0082438763351216 0.0341266583945478 0.0041116641202630 0.0637794238181272 0.3475523639484709 0.0390979048300503 0.0310277281375645 0.0121670556496136 0.0015254498372024 0.0043835880112575
0.013129527177322763 0.0707600337149160 0.0173212893301473 0.0038904114891194 0.0085203978847116 0.0277798044953919 0.0072618258400402 0.0051099902844900 0.2341546452047987 0.0096526476156584 0.0969948029186141 0.0432135543816414 0.0081108371985927 0.0056813681404548 0.0086406630992395 0.0088998711214026 0.0344221106047501 0.0672189613928356 0.3328229352637874 0.0016941260873627 0.0078497239320454
0.012881423601209148 0.0533026151158712 0.0087814506398098 0.0792376501221367 0.0465476656452920 0.0089102451082087 0.0546481541166074 0.0609020324685101 0.0128113776251083 0.0637851821985034 0.0222330658543729 0.0097735555269862 0.2512293881080500 0.0082227571153833 0.0518087577063472 0.0513698025026709 0.1189566339250271 0.0631345870592002 0.0175956188338770 0.0022617343573285 0.0144877259707092
0.012784463582957852 0.0845975810104880 0.0114084974030780 0.0112843698019746 0.0290912058431151 0.0102804857416998 0.0179906061895728 0.0114919975738097 0.0544312230058809 0.0417806840629336 0.0491407386084734 0.0367365896944102 0.0502891264036168 0.0090469763020610 0.0341540210115945 0.0358783905747661 0.1415090888044214 0.2882060388946189 0.0725059720758501 0.0020913868311562 0.0080850201664791
0.012473621171505161 0.0464562732829653 0.0086585100666334 0.0016230301777762 0.0032215673838782 0.0413183564817886 0.0047779083962556 0.0031327837577718 0.2495820005163127 0.0040837786939252 0.2421257943358043 0.0694192927723362 0.0038298394172488 0.0031729968276733 0.0049557623356322 0.0047046665718404 0.0189405239301176 0.0382261917725645 0.2422515399993258 0.0021879293737633 0.0073312539063867
0.012427992927622198 0.0970986343942869 0.0109251294229073 0.0519093328875237 0.0510066377101304 0.0096882898793738 0.3025667468127189 0.0182275929943710 0.0124019711693769 0.0477109577990459 0.0294608138648632 0.0102064008171037 0.0618660758401108 0.0132832617407682 0.0381201326603705 0.0501849663425695 0.1059879349288952 0.0466638185941124 0.0301038385164364 0.0033648948496548 0.0092225687753804
0.012399475275195346 0.0225637023040092 0.0049870101804225 0.0011139836733971 0.0021012105214418 0.0467599612930650 0.0026136993938946 0.0023480471004723 0.1950317941218112 0.0025042391210784 0.4636100757869014 0.0822615723391521 0.0023537706846851 0.0023094842932454 0.0039900540771626 0.0033612009276358 0.0072589936199444 0.0184605759178263 0.1285459490264050 0.0017173851205203 0.0061072904969296
0.012305367022186734 0.0255143488372981 0.0052919835383149 0.0009595862804349 0.0016497080569703 0.0344119057950549 0.0023801562157036 0.0016583241707759 0.3350624270504136 0.0019696165623417 0.2541936236077447 0.0518433278020828 0.0020987338827737 0.0019045056092961 0.0026082811431583 0.0022769791113412 0.0061328621266037 0.0206789325187663 0.2437592066980704 0.0012006492714240 0.0044048417214312
0.012202703473450066 0.4270243673144362 0.0316623250443250 0.0080926692276605 0.0133452650144289 0.0064560920072144 0.0666079425717898 0.0057361174381870 0.0156163810113707 0.0103855922117957 0.0245433968395930 0.0085261646163251 0.0219453875384107 0.0222266682817858 0.0121813138176036 0.0097070541121306 0.2003003039311201 0.0650578287731492 0.0442109006173656 0.0013864836113232 0.0049877460199846
0.0117521245651058 0.0421454462584518 0.0013196405242060 0.3004759389908847 0.3839362837781637 0.0017528689972813 0.0254386695874701 0.0094078685635456 0.0036231351714796 0.0342149702747723 0.0065777394687962 0.0030791793081325 0.0414044257672748 0.0053797765135919 0.0510552610438682 0.0176307088681932 0.0374828742990272 0.0237097294115538 0.0082758788891747 0.0004656513045198 0.0026239529796129
0.01156675982433126 0.0276600535838226 0.0061732398902674 0.0011348222678962 0.0019143238867738 0.0171432761975250 0.0024827478230078 0.0015496458188744 0.3832404143464478 0.0022897169860815 0.0917711300670198 0.0271633310867770 0.0023444085172226 0.0020319560435232 0.0023669734230416 0.0023812830860194 0.0087618032439527 0.0236576046881681 0.3924858174799800 0.0006763333238797 0.0027711182397192
0.011213140934238294 0.0206750656476785 0.0054585530398649 0.0018193743314023 0.0033859505054789 0.0542540527026143 0.0033754754201655 0.0040671399330937 0.0928989530365081 0.0045018312848982 0.5766473825470938 0.1054625991177515 0.0036894749345621 0.0031363965024231 0.0075641875435127 0.0053668596078316 0.0131684627233181 0.0180795784378526 0.0615085145403859 0.0023826748176649 0.0125574733258990
0.011170364455598015 0.0386873879155751 0.0084599104937979 0.0043295432286104 0.0083989638283377 0.0600469755273686 0.0066905455113455 0.0099243341530585 0.0966078704984247 0.0137677257031542 0.4250536600542184 0.0919116153921000 0.0083663711565091 0.0058951977061890 0.0284584410512037 0.0247234780574266 0.0293042007758260 0.0341243997361979 0.0747123933473429 0.0043021899966298 0.0262347958666841
0.010925112644727087 0.0428535691333147 0.0145610490847189 0.0085733582396429 0.0106403230226927 0.1823541662893744 0.0101883581605078 0.0855195866754681 0.0326694269816599 0.0138178567997281 0.0634312743202837 0.0145726077050143 0.0345548347757395 0.0055044488156364 0.0188000685228986 0.0289797543170997 0.0477082024070415 0.0318296416142972 0.0399693901548184 0.0200721880428453 0.2933998949372180
0.010622825529002452 0.0337491490750066 0.0075494348642147 0.0019585100482404 0.0039765781023789 0.0583074148532328 0.0046051414172969 0.0041073140470480 0.1810332111251277 0.0050055267257238 0.3912385617941831 0.0928197645070455 0.0043198601628763 0.0036859788668055 0.0070034161747640 0.0059153780643593 0.0179059940389369 0.0291212871132998 0.1339200877326130 0.0029331691638209 0.0108442221230258
0.010560086693663378 0.0216760294142333 0.0097289169538030 0.0034356514304635 0.0044754501123456 0.3301575317325735 0.0050174606054050 0.0380452824366757 0.0298016195450388 0.0054768652622078 0.0629755239095399 0.0180335021247178 0.0083012692333139 0.0031378616603796 0.0071054831505813 0.0074305126140569 0.0227847137424214 0.0117316902064483 0.0298823653479626 0.0327170969422143 0.3480851735756177
0.010106656020076427 0.0404778562644943 0.0040739990112999 0.3635216182183759 0.0950802182366848 0.0043614651330871 0.0481293870382980 0.0327899798267891 0.0063492948795469 0.0381586835487218 0.0091472229658251 0.0045369859535421 0.1565514293865519 0.0068590391831684 0.0332832242799590 0.0252700029624658 0.0759953071325512 0.0382663230613409 0.0096141096824161 0.0011654878247641 0.0063683654101177
0.010092397193863002 0.0121159518130034 0.0031720780061767 0.0008531268426984 0.0014453122300994 0.0393432461142633 0.0015668797028235 0.0018013701660722 0.1011077949313877 0.0019375570426073 0.6629185983682211 0.0886395178918160 0.0016331978804133 0.0015145357107731 0.0031625525535453 0.0022649624156401 0.0045411716909468 0.0103281738852778 0.0569365725003697 0.0010098298596974 0.0037075703941672
0.010092397193863002 0.0430773577530959 0.0157620267466242 0.0043354307629151 0.0057221179819871 0.2732333232686335 0.0086775695523374 0.0153957929498189 0.0774359096364310 0.0073163706750786 0.1712356355242327 0.0514687562493841 0.0088520582447123 0.0052213496474258 0.0091351250067308 0.0093572818615788 0.0353336487924363 0.0325088745836958 0.0740452236715763 0.0301200772837502 0.1217660698075555
0.010086693663377631 0.0768158930926517 0.0070193252303833 0.0326038325195327 0.0260593555799821 0.0047143951585304 0.6146400039925940 0.0077738775085227 0.0060602749505946 0.0226905103479277 0.0097533832692711 0.0048582023945719 0.0360017750540402 0.0062685843198634 0.0128450643588745 0.0252121482929531 0.0658973129042651 0.0234745454368835 0.0113969890680733 0.0017658606388154 0.0041486658816694
0.009964067757942166 0.0482714637941276 0.0106214738628372 0.0325432077054794 0.0373532587314756 0.0415380929014179 0.0178540072875025 0.2280737898333771 0.0149239327999821 0.0499805547920381 0.0477951720143658 0.0121108031428500 0.0834715658088280 0.0085736573646605 0.0842555836000991 0.0732649030442935 0.0625438393704410 0.0414958924265713 0.0207433857530326 0.0050277724050396 0.0795576433615812
0.00986710773969087 0.2065525271475845 0.0427222538197769 0.0043324891397499 0.0071869879937322 0.0269397575594812 0.0355622690734110 0.0047962201561790 0.1020116765645421 0.0070804229109852 0.0790072991906281 0.0399636135468736 0.0093899471542336 0.0091609639804877 0.0081833601885981 0.0071521878308862 0.0832253721413428 0.0973256780274207 0.2202782423601251 0.0020788577798785 0.0070498734340839
0.009690298294644385 0.0527737217636294 0.0022153916925837 0.1205297131591637 0.4136218925126241 0.0029394656949172 0.0245968869547958 0.0184117735961380 0.0073795550280372 0.0593783029704355 0.0174097462566861 0.0060432500326622 0.0341604294839820 0.0049063076884850 0.1014105950132357 0.0339462959666296 0.0395933559559811 0.0323739303587949 0.0232570079049307 0.0008474640979229 0.0042049138683654
0.009268237038726972 0.0326892514158995 0.0068872947198868 0.0020056356270550 0.0035416845544621 0.0273318327122713 0.0037581027304708 0.0028511410368225 0.3874707805792453 0.0044094737046062 0.1184624926777953 0.0436711152522643 0.0039983415834984 0.0030021040952448 0.0044530416341527 0.0041928324488472 0.0150138611408913 0.0352953579198768 0.2937200940078713 0.0012324903618308 0.0060130717970073
0.009228312325329379 0.0384645097880389 0.0072239717841043 0.0085845527756415 0.0275442408449178 0.0062621526789816 0.0207101620679064 0.0468356544223392 0.0123011823872538 0.1358596328743514 0.0361922181769984 0.0101671741047636 0.0334195662159677 0.0058954792639903 0.0626850712010697 0.4366155287104338 0.0430100691508767 0.0342463456821582 0.0220067564701149 0.0033450880361259 0.0086306433639658
0.008891804026692523 0.0716475891381002 0.0101417740983862 0.0268607158234117 0.0152522934303810 0.0055695530956242 0.0373273848122640 0.0085580621819751 0.0109535470423078 0.0261605714630684 0.0171683171501228 0.0079530176093162 0.0566125473253546 0.0124184407266028 0.0208144945431652 0.0219634823874837 0.3520591693804999 0.2667089145310178 0.0255540742945028 0.0013307429177370 0.0049453080486786
0.008729253407859464 0.0740586236500906 0.0204535980718003 0.0017433988095946 0.0032631511279034 0.0170064049146772 0.0046702309601419 0.0021463433766134 0.2197383370724353 0.0031408618583369 0.0745892815058586 0.0277795657703079 0.0035125218770997 0.0031022245461052 0.0033582330650672 0.0032216068239209 0.0220816454189332 0.0520864933070274 0.4596359087265359 0.0009252698236329 0.0034862992939174
0.008620886328637426 0.0204313135475247 0.0043111542373248 0.0007596037930088 0.0013092523459431 0.0098553016607920 0.0013863288253647 0.0009410203785339 0.3712285704485442 0.0013846511803543 0.0597396727110738 0.0161349933418708 0.0014510703790235 0.0012506235902381 0.0014064044546942 0.0014300105548985 0.0042369821903668 0.0156914160724719 0.4850796734667243 0.0004157257246332 0.0015562310966143
0.008481149831745851 0.0163369350793758 0.0034731196136139 0.0007469694577409 0.0012767428355570 0.0325145554514408 0.0015830324719319 0.0014001714911538 0.2389584062910345 0.0015381736210024 0.4686545361842834 0.0640237319423583 0.0015258425355784 0.0013775771973358 0.0023779520801757 0.0019042413069743 0.0039839842165058 0.0133514108049516 0.1405575166005321 0.0009491268262122 0.0034659739922413
0.008415559231164091 0.0875946377153677 0.0028222851643593 0.0063930561515672 0.0163728002353946 0.0032755266519871 0.0176133446904014 0.0052599241501746 0.0085066172878165 0.0152093351552641 0.0201558999662234 0.0037017488411686 0.0064495328953096 0.6709636281076362 0.0152865002026747 0.0121985069269304 0.0558616428840794 0.0265983964364895 0.0220940447642621 0.0008627421197214 0.0027798296531723
0.008312895682427423 0.0260128146913953 0.0038345114517064 0.0005443412126153 0.0009371448913566 0.0215439678388745 0.0018856699766538 0.0008326985543419 0.3552552635196055 0.0010292078064663 0.1724007482300176 0.0383524417479125 0.0012088356537907 0.0011455786652049 0.0013847446181673 0.0012631194215102 0.0049839572511274 0.0191850773948921 0.3453803995052041 0.0006385332424504 0.0021809443267077
0.008310043917184737 0.0302464005135781 0.0096413015772924 0.0018844368347185 0.0028701642178687 0.2322027264892946 0.0050636526112490 0.0051484695229923 0.0940088209881542 0.0035567335711622 0.3517148034286633 0.0739300929003837 0.0040895643948595 0.0031496879640737 0.0052956010588431 0.0046640307203848 0.0192972196025001 0.0221053772816721 0.0718290507476251 0.0094379756972479 0.0498638898774368
0.007976387383790567 0.0199034671003150 0.0022793915722202 0.0038277638188035 0.0185686708376020 0.0019707583667135 0.0077290082757698 0.0185894491896942 0.0055433211304705 0.3977294718123022 0.0160911231317044 0.0059586149746045 0.0253401988170185 0.0026224148544357 0.0425959047737927 0.3735500847274750 0.0259136059349396 0.0212374572479840 0.0070162651115810 0.0008814942954670 0.0026515340271067
0.007810984999714823 0.0690194329871762 0.0015332375619655 0.0646856843399118 0.1853415114746947 0.0019000720448132 0.0197229637304496 0.0241688765872327 0.0058692783378555 0.2075658052302937 0.0152482997868466 0.0051595159424846 0.0511046220961377 0.0029659590893447 0.1174743752238924 0.1178906887274464 0.0504909759615378 0.0438092329843642 0.0127090152046724 0.0005917188806882 0.0027487338081927
0.007725432042434267 0.2445154633078636 0.0452187673407460 0.0040626948992862 0.0053592981210360 0.0091044576466144 0.0410536795505223 0.0039087652084529 0.0387824283256331 0.0053574886366027 0.0353918415247545 0.0244361975080781 0.0209293341554061 0.0073514144354845 0.0072595656561062 0.0054890266910218 0.2045382411123664 0.2133552138922299 0.0780212670994865 0.0013409872856365 0.0045238676026722
0.007542919066902413 0.0470662454032199 0.0035972288612320 0.0146872767105369 0.0111457053588617 0.0021493878477175 0.8085454936143830 0.0033350129531293 0.0026821420046015 0.0103533353922450 0.0044234509129003 0.0022893662687995 0.0173609163048014 0.0024710483463210 0.0048732076837926 0.0118600167284124 0.0352840149119742 0.0098049704404397 0.0054570890167712 0.0008316970058894 0.0017823942339714
0.007391775509040095 0.4241460769674584 0.0404953441323993 0.0029123231437402 0.0041638189272217 0.0040181104150858 0.0492947284662417 0.0028531305711474 0.0084669203174900 0.0037934606323696 0.0135646336400907 0.0052346765789158 0.0126423801764289 0.0057306952702484 0.0048707492287287 0.0039148238551162 0.3098888450085379 0.0685032935097760 0.0318496154333240 0.0008179355322121 0.0028384381934670
0.007294815490788798 0.0496260950559455 0.0057022348037576 0.0203353289447340 0.0870778444937277 0.0072588979809964 0.0153506681314481 0.0758999561967508 0.0142470814961086 0.0665287682982889 0.0567973947505133 0.0331652556355698 0.0422981921303079 0.0071663350691254 0.3160128223742061 0.0704090806840083 0.0489423697644280 0.0411587784044479 0.0300406248612721 0.0023849428009041 0.0095973281234595
0.007277704899332687 0.0160060239793931 0.0026866193483034 0.0005690689590307 0.0009181157595890 0.0264503103437424 0.0011756131473446 0.0009356949867224 0.3693887502082189 0.0009446033322595 0.3096131157772023 0.0520806992255800 0.0010958588805384 0.0009683285593183 0.0013889888376341 0.0011201701772620 0.0029693390228484 0.0123562438869003 0.1962252192126977 0.0006213365208974 0.0024858998345169
0.007254890777391205 0.0096448536124146 0.0047430320685933 0.0017523342533634 0.0022445279625097 0.2977395820649315 0.0023580249059449 0.0318298587303850 0.0118785741269581 0.0025186791105417 0.0284356156992804 0.0051328249057511 0.0049283876420948 0.0014618754362192 0.0033568020105134 0.0033579864369864 0.0111889224259359 0.0053328770903499 0.0136868733446860 0.0216574404907522 0.5367509276817886
0.007123709576227685 0.0440082057990520 0.0131245515210625 0.0008014463820463 0.0011176104986944 0.1603900726751053 0.0077238358326677 0.0015893369222858 0.1929078598241106 0.0013714811909175 0.2912788544769097 0.0528460633315681 0.0017708238190852 0.0021146341710063 0.0019459446924847 0.0017182203275959 0.0165669356954613 0.0239894597282729 0.1552221121291225 0.0052868161204073 0.0242257348621443
0.007120857810985 0.0357593428142231 0.0027142066228960 0.0090641459000542 0.0395174149331813 0.0027087135620891 0.0111499313775664 0.0162866153456217 0.0094592850764089 0.4693007054749923 0.0225373874181597 0.0090236714265774 0.0379353089501556 0.0042559356926647 0.0615311387859104 0.1771108614731680 0.0358306771494557 0.0339287765002092 0.0177914103069844 0.0010678397797768 0.0030266314099052
0.007075229567102036 0.2204084170751854 0.0260051342163505 0.0149747742693436 0.0200375365775256 0.0072983503154814 0.3070698330586463 0.0065761108826832 0.0100528231549558 0.0113553591183446 0.0235459647821469 0.0075446274869587 0.0355129935204733 0.0096868895156468 0.0132793628403914 0.0136720185432996 0.1825849365886675 0.0524362323472954 0.0310664216824230 0.0018344201877380 0.0050577938364429
0.007049563679917869 0.0217183585825750 0.0072823289561159 0.0021305245830937 0.0027734272306509 0.4624679053466890 0.0043405599483010 0.0080153053527167 0.0521437228107691 0.0035046599811097 0.1492230403655956 0.0356234447677816 0.0045145903839134 0.0024543483641206 0.0041595637198866 0.0043062362462225 0.0170371118485567 0.0146469406748966 0.0449387951925546 0.0238199972670811 0.1348991383773701
0.006983973079336109 0.0283226647574924 0.0020921622276597 0.5380547438453365 0.1455647345307306 0.0023182460641364 0.0311290427443037 0.0187260429401346 0.0036668130074693 0.0235847805437101 0.0053145731450130 0.0027995558587867 0.0845931560553572 0.0043629050544960 0.0258227554787756 0.0118232922583264 0.0402933932479911 0.0214504239953823 0.0060186541417198 0.0006369570630894 0.0034251030400892
0.006807163634289625 0.4053488051093374 0.0521354458495699 0.0027216095863605 0.0045078640018052 0.0085881976698010 0.0485123329472958 0.0030914457935015 0.0521869258760203 0.0039239478566351 0.0432883388201483 0.0233048243173994 0.0055517432085376 0.0054367238500551 0.0048022669008182 0.0042658214690387 0.0895320415706238 0.0802893825862092 0.1573035611961612 0.0012320947893242 0.0039766266013578
0.006627502424000457 0.0898729845932074 0.0173719351346874 0.0006484613801133 0.0009147026041699 0.0469756545035496 0.0167833496353732 0.0009548495140633 0.2228675859415765 0.0010168203710189 0.1955633999878925 0.0431841461611663 0.0015631068249993 0.0022234135007441 0.0013777287587783 0.0012590476321576 0.0218291979996602 0.0397358640551432 0.2914150509068666 0.0014479150609556 0.0029947854338768
0.006496321222836936 0.0120896622557860 0.0053270473468937 0.0017964618183577 0.0022511141389646 0.4888075607403299 0.0027291979918150 0.0209569105219912 0.0207801435856151 0.0025778235860299 0.0573237589550952 0.0155838324418643 0.0040417253126197 0.0017422600505847 0.0034055506643532 0.0033853306723783 0.0127889938049189 0.0056910882674192 0.0206245257445919 0.0223475318461268 0.2957494802542647
0.006239662350995266 0.1605123643919431 0.0384836084346925 0.0091777105999069 0.0070796130001266 0.0054747178139944 0.0583042949069845 0.0055488555126984 0.0073274478508776 0.0073262816070323 0.0119606933215774 0.0057025587220164 0.0333842772887591 0.0091823073013287 0.0085332416218932 0.0075618708829633 0.5094887160554918 0.0874740589118306 0.0220180979193670 0.0012823032844160 0.0041769805720999
0.006162664689442765 0.0573106539795570 0.0075505753007695 0.0612885461569135 0.0275618317422222 0.0043722355107793 0.0580923751503875 0.0262785433204985 0.0072999298217592 0.0323503467412384 0.0094526970325877 0.0051103028054699 0.2257296248219283 0.0059308914875303 0.0275826854641039 0.0245706360947536 0.2883666256104692 0.1141152485149581 0.0111309228269383 0.0010556275293083 0.0048497000878274
0.006111332915074431 0.6438439248002155 0.0254140269546173 0.0023609921932143 0.0037004629738181 0.0031676478048628 0.0528686086429973 0.0020816558362121 0.0174479350523814 0.0030065850950617 0.0157742065694851 0.0054930846297727 0.0039187745056611 0.0049279111327704 0.0034217586241791 0.0031686820985531 0.1048996401869266 0.0451513707650644 0.0565778563619796 0.0007375281976990 0.0020373475745284
0.005891746991387669 0.0142910284070699 0.0024779378936131 0.0004592518815388 0.0006873325951768 0.0116583401111249 0.0009270255309173 0.0005337551225819 0.4416152051425941 0.0007233774501919 0.0994074027584439 0.0188364809361789 0.0008546225266890 0.0006627843780429 0.0009185914702673 0.0008082634724373 0.0022276449625582 0.0100438764673616 0.3914087386421490 0.0002676767627985 0.0011906634882650
0.005866081104203502 0.1817911724900718 0.0310395040485043 0.0011470522578052 0.0018173316616634 0.0603695275103657 0.0519386440981378 0.0014559254987544 0.1201236427917654 0.0017370248800126 0.1752420214246997 0.0521181762003671 0.0028058817370163 0.0031335139213584 0.0025154264242867 0.0020808541924076 0.0587828891869070 0.0672885889467911 0.1768082792810522 0.0030387742052025 0.0047657692428304
0.005723492842069241 0.0567003281997801 0.0142652739942810 0.0084719522377370 0.0068474674458941 0.0044234898404425 0.0195895385387241 0.0046494697839302 0.0218989282720681 0.0139375895594014 0.0197795415191445 0.0093811979908457 0.0362415026077434 0.0049327406223714 0.0074352734313076 0.0083498825367292 0.2189966957818195 0.5082814098959337 0.0314011985905269 0.0010806784750448 0.0033358406762744
0.005626532823817944 0.0244127299038941 0.0016179095527917 0.0068451305953334 0.0044368505123205 0.0010455702148651 0.9084705468866536 0.0015246446931416 0.0013737251257654 0.0036737268450791 0.0020963566445536 0.0012207264972195 0.0086310313709506 0.0010264928272179 0.0020834339641410 0.0054796115504713 0.0174583916403727 0.0048465527267253 0.0024224216889516 0.0004179333322614 0.0009162134272906
0.005483944561683682 0.6441834623498822 0.0199788914286719 0.0013350460735421 0.0018409268339718 0.0017864603692614 0.0451243741081995 0.0011325992510563 0.0072321222188248 0.0016222020230857 0.0072430050164857 0.0030230565154926 0.0027896115843657 0.0027455422094045 0.0020451753911696 0.0017224321896214 0.1900899326961410 0.0386386285892929 0.0257949314398540 0.0004242984808456 0.0012473012308310
0.00545542690925683 0.4175427179997122 0.0284976883674530 0.0034331264052662 0.0045313462924612 0.0082293958482038 0.2688330652775145 0.0028567828843393 0.0214558814691802 0.0036801709754540 0.0266540274360065 0.0123153855265572 0.0059534403484224 0.0059715781720459 0.0045210297571785 0.0039897006056304 0.0961555280451488 0.0377768716821785 0.0429123111510566 0.0013696386757513 0.0033203130804397
0.005349911595277476 0.0411862836976992 0.0033861432244605 0.1137850590858726 0.0619536600469796 0.0033771015912258 0.3227171345653870 0.0323168052283308 0.0037493698201807 0.0653815598523415 0.0069463866828252 0.0039342849271705 0.1477440092348541 0.0041837786166924 0.0399442265402739 0.0433218810731054 0.0716034938836707 0.0232884949053693 0.0059895018582686 0.0010310858069569 0.0041597393583352
0.0052700621684822905 0.2107153181639964 0.0013043705560134 0.0959729540329509 0.2229152938559654 0.0016321823870379 0.0352037538272896 0.0084717078145861 0.0042423193856185 0.0946445992285974 0.0094110830386976 0.0032233651906136 0.0416770765239376 0.0049662102266189 0.0791371002643807 0.0504957212104018 0.0750085965233364 0.0426886907220105 0.0159330657384547 0.0004821320556998 0.0018744592537930
0.005252951577026179 0.0108807185641067 0.0023365009826744 0.0007058236110838 0.0011683743179458 0.0129513965742933 0.0011199050341520 0.0009861218940016 0.5955811899190967 0.0013704691292216 0.0891822116802231 0.0281483228790888 0.0014104444596669 0.0009760212360067 0.0014435415320309 0.0013840605924115 0.0031687270365089 0.0123670060584237 0.2325463609847409 0.0004307565099643 0.0018420470043588
0.005207323333143216 0.2664773278955153 0.0381797208625778 0.0017487646391076 0.0024882400278163 0.0079457586679372 0.0176308863847608 0.0019243443441293 0.1006330785134129 0.0025254479702776 0.0470156559645212 0.0218199449682188 0.0034026035182799 0.0028713802478027 0.0029410873445699 0.0027198127441090 0.0414948957165305 0.0728244598598716 0.3620725683509253 0.0007538558142639 0.0025301661653723
0.00519876803741516 0.0322546567252641 0.0045944160137366 0.0808620824502716 0.0283646345030346 0.0049075401445812 0.0364082738100445 0.0509691199209872 0.0070693680834677 0.0416243585559008 0.0095157854348746 0.0049324735796168 0.4783893697712280 0.0041445146408336 0.0289244036400048 0.0298592208637583 0.0989712952260098 0.0405964996582258 0.0087350903207557 0.0011683893835297 0.0077085072738747
0.005178805680716363 0.0615534485988232 0.0142364639159412 0.0009233934813129 0.0013366260819796 0.0093786926244525 0.0024421936362226 0.0010257422521459 0.2023966026089099 0.0014443442191252 0.0515229612444112 0.0176274051796376 0.0017420759454313 0.0014242823400677 0.0014571163277387 0.0014599203464246 0.0110920916552754 0.0305510500856542 0.5863488311281088 0.0004625954274762 0.0015741629008610
0.004893629156447841 0.0071460664598351 0.0016146593182457 0.0005209308314370 0.0008174619990387 0.0319378878251211 0.0008597258188187 0.0008704716771429 0.0610236090961556 0.0010376935168567 0.7655756212313927 0.0804621691747155 0.0008824864154348 0.0006950019934878 0.0017963233824930 0.0011700135749072 0.0027918180672821 0.0058483272237409 0.0324214761332232 0.0005264663840566 0.0020017898766148
0.004885073860719786 0.0526893718272217 0.0084647836415549 0.0038568527050032 0.0067515811692598 0.0408440307259840 0.0085448281972261 0.0060993147040985 0.1026440181231547 0.0110718390868612 0.2271247415896327 0.2974715870513072 0.0084758563489060 0.0037253176444153 0.0293921642923935 0.0109585075277056 0.0371720513464463 0.0550519370476334 0.0780382721470704 0.0026472138102486 0.0089757310138769
0.004845149147322193 0.0367152908568695 0.0011684070302123 0.1183648991329941 0.6262894817868603 0.0016443880850551 0.0151744145536937 0.0052561089573878 0.0035235656680911 0.0309541298002516 0.0055368063275372 0.0030719010812476 0.0176605315248789 0.0025085108793440 0.0663906617133437 0.0150730027394841 0.0203964163376555 0.0168097017567576 0.0111076743564529 0.0005308817856789 0.0018232256262042
0.004833742086351451 0.0144473193472710 0.0043469904727507 0.0010152652316895 0.0014307705850582 0.1356349547436997 0.0022637121125763 0.0022535578341311 0.0737598665123610 0.0016780118178297 0.5942225608405052 0.0803254255717404 0.0017871586179819 0.0018735205032974 0.0029229130852377 0.0021330033407243 0.0057536280221326 0.0106427217193455 0.0432247482970897 0.0028358828573315 0.0174479884872467
0.004822335025380711 0.0169891656679535 0.0100114571530478 0.0040570834520177 0.0047907206995919 0.1675637778148768 0.0043369165400839 0.1059253671186784 0.0083385053458283 0.0054568265818048 0.0328885676642515 0.0054310396731247 0.0226485996343368 0.0029573894050418 0.0089898380276042 0.0112845925210011 0.0215310024568988 0.0085532069284509 0.0124101066608346 0.0234303500049513 0.5224054866496212
0.004582786744995152 0.0873302259688773 0.0277020607101683 0.0028934055933308 0.0049957131757971 0.0081796624194483 0.0085092390135741 0.0031860960367152 0.1346365598299230 0.0051766125587311 0.0556888848278079 0.0348273091437852 0.0094556220007904 0.0037380719284516 0.0059148624501167 0.0048593739949954 0.0656095708169974 0.2848916267060426 0.2474603007541499 0.0012595148853978 0.0036852871848999
0.0045542690925683 0.1993120118663873 0.0135335733859548 0.0043637142133059 0.0044660511855099 0.0032845832460142 0.6095296433395621 0.0024180452892100 0.0044665417551151 0.0033901672470066 0.0083723650744431 0.0037313426211337 0.0104795395078470 0.0033691522470222 0.0037722814786872 0.0043021341743062 0.0849453851312277 0.0190413703444060 0.0141039160631427 0.0008611981906787 0.0022569836390401
0.0044002737694632975 0.3974907954322976 0.0237347582927854 0.0023752206689229 0.0029222915669955 0.0039094363735519 0.1868122647790884 0.0017370927159535 0.0068106876593227 0.0021760335618537 0.0108779901362997 0.0050242165676308 0.0120801588892755 0.0040211825461801 0.0034730670613770 0.0024981165487196 0.2623654856482061 0.0459303788494065 0.0229695251704216 0.0007502777588160 0.0020410197728956
0.004368904351793761 0.0092155713496946 0.0014481812007580 0.0004859857775950 0.0006853081836941 0.0286176828027910 0.0008683007193437 0.0005777870407712 0.1972406282172109 0.0006959585998034 0.6085196133286253 0.0527717845804289 0.0007590223808046 0.0006191183084332 0.0011257687912759 0.0008557726682426 0.0020115448857879 0.0064791302181466 0.0848638829933335 0.0004814577231040 0.0016775002301559
0.004226316089659499 0.0168361444194954 0.0046308758064259 0.0005118697251698 0.0007521147718587 0.0050008644651757 0.0007802588817537 0.0005823812826162 0.2976911863868589 0.0008562094917022 0.0336332750903211 0.0080307037587370 0.0008029713421078 0.0005683976505495 0.0008424060820075 0.0008260133710983 0.0025215146447862 0.0101240553003217 0.6140582944113869 0.0002106300153518 0.0007398331022758
0.00417213255004848 0.0213800079885134 0.0029810245614585 0.0004512824672754 0.0006564137176244 0.1061130353020208 0.0025352037493799 0.0007048448965769 0.1773790369663403 0.0006729320650153 0.4709825897554274 0.0766831377103577 0.0009899080806184 0.0009891239734798 0.0014188006916486 0.0008060174761277 0.0050725262959153 0.0138059947075605 0.1050807205347003 0.0017372868730027 0.0095601121869570
0.004157873723835054 0.0319569631095701 0.0107216875273356 0.0050960304313201 0.0067452283011904 0.1151909261428290 0.0117599126730104 0.0140464334211614 0.0284001987129968 0.0088545518673739 0.0577721557485810 0.0136398857012556 0.0085168834081439 0.0055185776417141 0.0091874720497065 0.0206293240687282 0.0305739776705995 0.0201727350092427 0.0293443319048388 0.4761225182485225 0.0957502063618796
0.0040609137055837565 0.1040786281364910 0.4441863318564330 0.0066669858851768 0.0068707792434169 0.0212568758320467 0.0328663720945056 0.0070727580837872 0.0272722838351654 0.0072955948242200 0.0341888050564556 0.0110328345739080 0.0235681544188373 0.0053006213518200 0.0076346120799109 0.0094992883226228 0.1269952766881635 0.0589618317278142 0.0532726555217506 0.0026670117947936 0.0093122986726811
0.004032396053156904 0.0098893117539383 0.0004857724574584 0.0020693314558805 0.0010751473815354 0.0004475863754468 0.9688829927249246 0.0005955624181512 0.0004906580829788 0.0006259420972243 0.0008763019976341 0.0003671008981280 0.0022241569973401 0.0005368869439878 0.0005942929931166 0.0015184297055718 0.0063565968012400 0.0016279897413894 0.0008984069332841 0.0001488123729142 0.0002887198678556
0.0039268807391775505 0.0295005286556587 0.0058968495153840 0.0243642834191639 0.0134083342681997 0.0347941656514678 0.0085081831729131 0.4522264817921919 0.0078670730538573 0.0251835787302608 0.0293915544534331 0.0060600894806769 0.0886578105474734 0.0042293595766285 0.0625564413386521 0.0421762186028948 0.0394661913009825 0.0226872059508967 0.0101730241709997 0.0026460778324707 0.0902065484857942
0.0038784007300519023 0.0212492315509575 0.0008883791266091 0.3626157810055262 0.4795160001431590 0.0010099493808781 0.0164091429686735 0.0036680329842870 0.0019057342763613 0.0158715525218328 0.0028334498548813 0.0016121928466394 0.0240572064746640 0.0017690471409831 0.0282536774474677 0.0034922137539010 0.0184852334646143 0.0102954922927256 0.0045987639818372 0.0002322330868701 0.0012366856971316
0.0037785889465579195 0.0120252017625387 0.0013731543555753 0.0003522589071476 0.0005187505820555 0.0176816363068808 0.0008608237678133 0.0003852562115785 0.4331105261215826 0.0004909344615531 0.2504498582433618 0.0320588057409651 0.0006624303714136 0.0005707974614555 0.0006201855587681 0.0005681280042687 0.0017567016185378 0.0082018516576337 0.2370580397537199 0.0002672139077701 0.0009874452053802
0.0037643301203444932 0.0179502735179815 0.0044741654654536 0.0011149379346825 0.0014360937270549 0.3989210475535519 0.0027798593483804 0.0022886829726588 0.0606274970459178 0.0016192414526060 0.3435295808823889 0.0556184963416099 0.0021660396651105 0.0016893444917908 0.0022944283917647 0.0020212333883452 0.0069275119226529 0.0127651476301864 0.0440444262041022 0.0045474418147126 0.0331845502490489
0.003684480693549307 0.0223416476946256 0.0033148806676895 0.0011594921165888 0.0019537907840471 0.0262883724096794 0.0025627328502349 0.0016676940064622 0.2941746014880673 0.0023640353998543 0.2411603251121227 0.2286679681502971 0.0024432385370022 0.0013522414593306 0.0033569042771712 0.0025869508504061 0.0102470162484277 0.0225728264049801 0.1275447054418112 0.0010046738124393 0.0032359022887629
0.0036759253978212512 0.0713018053838518 0.0104810599684379 0.0001828776829883 0.0002756403801069 0.0706749159049618 0.0176044081557557 0.0002360927615988 0.2425338842048623 0.0002503824339505 0.3000760452661373 0.0320420267905468 0.0004650639271911 0.0009083717633771 0.0004451969057518 0.0002552216366166 0.0115316630135496 0.0219403725889834 0.2157957775984049 0.0012186884540552 0.0017805051788726
