# This script is generated automatically.
# Vector of amino acid stationary distributions.
distributions <- [
                    [0.07997585190800048, 0.013709075408132645, 0.05401760265854805, 0.06597810351677533, 0.02307068713873605, 0.053103991524509724, 0.06119366221674462, 0.03124306804608916, 0.06923195671189111, 0.06587861211846621, 0.01918861695736413, 0.06519447976111217, 0.026578637476175122, 0.0691947474763623, 0.0697676086718359, 0.07698454885453286, 0.06417143122841626, 0.05571276535399791, 0.008244834573865583, 0.027559718398444472]
                  , [0.10873260061811459, 0.012588274543992306, 0.046408003909886926, 0.05325326804674021, 0.013246203314974269, 0.05565185502363043, 0.022757030119989936, 0.026230691818655727, 0.05582992558327284, 0.04854168018295625, 0.01585467511566491, 0.06808829173599064, 0.026121163357833602, 0.053786785642744625, 0.050711466776974766, 0.15182858668985266, 0.1183396217227159, 0.054382220712767416, 0.003938955123408612, 0.013708699959833346]
                  , [0.08435410479974659, 0.0053963068934555, 0.1181695493827567, 0.14512466961100062, 0.008256915917767086, 0.05601590601197158, 0.035349526772089135, 0.014258316247670384, 0.0737453368953545, 0.03340323182298954, 0.010025565424728697, 0.07203121838977194, 0.023204377898794922, 0.07369148576923137, 0.056732715778046526, 0.08139555820327045, 0.06106339497224555, 0.03382300884014447, 0.0030223418962519294, 0.010936468472712487]
                  , [0.06849557369722585, 0.008676396975067217, 0.022102802852296315, 0.05483340686428239, 0.011552004577039037, 0.03545109964291455, 0.05467587555098098, 0.01975478072117247, 0.12416638271603046, 0.05621779390070862, 0.01465858044834981, 0.04747127387175794, 0.014139326063187005, 0.08101405162277885, 0.20678744494482984, 0.06307281841756875, 0.05582802343284695, 0.041230682783592584, 0.005301130061904652, 0.014570550855465731]
                  , [0.06663114861886417, 0.0037086118006429284, 0.051826409513349075, 0.09518368133908027, 0.006289830341401416, 0.03522425393026741, 0.0348847801510655, 0.01651446236377756, 0.1875259906651421, 0.037902054210830045, 0.011319681022437168, 0.06789066261808226, 0.011580792595286363, 0.08776350675820185, 0.10355848048268029, 0.07230566798757704, 0.06488491141483149, 0.03433257731530739, 0.001984474444761033, 0.008688022426414482]
                  , [0.25192192896717613, 0.014720172943258319, 0.03297092509352089, 0.04797648744579209, 0.011452587456268653, 0.07162257343400102, 0.015455536977506918, 0.024369311225173468, 0.03906816852830763, 0.04833664974909273, 0.01483357690588232, 0.03662131969337861, 0.036780142285150634, 0.04265008725467603, 0.04111021604074959, 0.11321856413208031, 0.07676463508308984, 0.0660108131868459, 0.0037500553473481394, 0.010366248250700854]
                  , [0.0668817143003886, 0.009859867961356988, 0.013375907792105374, 0.02665663553720601, 0.05674555828211489, 0.016272406383093817, 0.020490804611243005, 0.08636579655915172, 0.04494235628451624, 0.22228428266994307, 0.07429125190956255, 0.020496187736927872, 0.01388778151638446, 0.05311907745761556, 0.05102384027003394, 0.052598088989461646, 0.05482206825542082, 0.08398247468971641, 0.007151673059896116, 0.024752225733860777]
                  , [0.06609620455336437, 0.0038280118982310716, 0.24372572767774398, 0.1419323686803499, 0.005631968501000172, 0.06342416948449464, 0.03230387558559198, 0.008477153890311414, 0.05321809857753859, 0.014031109196539014, 0.006203263984420382, 0.10598815563588326, 0.016163250895094038, 0.050669101062014166, 0.03585159932887521, 0.07827922063484069, 0.04940574857214944, 0.01467390933558095, 0.0020815060609235213, 0.008015556445053251]
                  , [0.047142477942531874, 0.005469203220160535, 0.014931313387779787, 0.04590423579735433, 0.0065451930983970895, 0.022590602044109082, 0.03742652773703254, 0.01539131855971726, 0.24776451122557835, 0.0402130661150562, 0.012717992583112321, 0.04896776575802009, 0.0093666815615869, 0.07051154779781311, 0.23341412459841512, 0.05310730864579114, 0.0481347052465842, 0.029355474967674804, 0.0026501344133449505, 0.008395815299940327]
                  , [0.10876579653260156, 0.006209537521941903, 0.041306920715569614, 0.05426933852339081, 0.01013772612313837, 0.042525923401451726, 0.01776270777784342, 0.020069094805616736, 0.05089580172239525, 0.0489685085329467, 0.011138114548059061, 0.037375638792086684, 0.23584976657938336, 0.05006989064459641, 0.04708264193127849, 0.09328377595879456, 0.06384735787536445, 0.04746940070217025, 0.0034232166561399572, 0.009548840655230593]
                  , [0.07347480310902776, 0.0035273971370498635, 0.13279846216274527, 0.26942343111735867, 0.005169524692586307, 0.037311092341793126, 0.02094467144781752, 0.011181196897681097, 0.06948069884468173, 0.026615489574772413, 0.008112944009708046, 0.05011032599498142, 0.012856946265709893, 0.08991450686974861, 0.04542269977482246, 0.05601796404869857, 0.046734732980867645, 0.03232423053235236, 0.0017003946276091652, 0.006878487569987946]
                  , [0.1153905633753154, 0.01158644476336051, 0.04412085801750435, 0.040523939662977376, 0.008347681713182583, 0.06045714161763646, 0.015952730812452128, 0.01387108204439491, 0.04248758047082929, 0.029684083021757082, 0.010120139017563692, 0.07603471749137906, 0.03101313507686089, 0.040105464161292764, 0.036681298053202346, 0.25395699165973723, 0.12371500808682173, 0.03482210078647943, 0.0024474137204684543, 0.008681626446784316]
                  , [0.08396378026012026, 0.009863507647692739, 0.014291701020513048, 0.04643093949213807, 0.018260111443263036, 0.01485507995134931, 0.014454273931156163, 0.12540895723935844, 0.050044665151690905, 0.0935809252281345, 0.047650213530001616, 0.029703358851724843, 0.012295519272798268, 0.045306466639315666, 0.045233046482324346, 0.06242924315669286, 0.10122406760369786, 0.16752249756548296, 0.003761681245285423, 0.013719964287259707]
                  , [0.11159686484449366, 0.009439676302357264, 0.06401000410197412, 0.05547659986872021, 0.009670851461522927, 0.25446812619123854, 0.019947137494128766, 0.012530222657175075, 0.049977762846227854, 0.02290223997144301, 0.009641375392543497, 0.0668776093451979, 0.02032049665914543, 0.04224049693969452, 0.0492368935250844, 0.10477395570868707, 0.05309275810631821, 0.02951569757793887, 0.0041097001757519, 0.010171530830356922]
                  , [0.062441927519382885, 0.002370563875979052, 0.23717693546404897, 0.30459687681370445, 0.0029647016317049125, 0.03784759321051828, 0.01835245895220819, 0.005717209507931423, 0.049728543356141124, 0.010656023858983104, 0.004544782556741466, 0.05517173986477358, 0.01134131115143914, 0.06385282282053084, 0.028590171652153717, 0.0508825145591253, 0.036352242068620595, 0.011998986313950325, 0.000997185302104667, 0.0044154095199582565]
                  , [0.05612309196096831, 0.006101913199641785, 0.09009096828411878, 0.051372298529807195, 0.008912433148470287, 0.056480835453067584, 0.06091753040181198, 0.012220544356254392, 0.06654171820029783, 0.01939455491069809, 0.008721182255730169, 0.2412078966915935, 0.010421100534890143, 0.05309249844241655, 0.04926450150066224, 0.10857956319506597, 0.0652380987562624, 0.017556650796504626, 0.0027199245322341906, 0.015042694849503973]
                  , [0.05938582033311828, 0.013050543228385647, 0.017589211643331767, 0.02190694120680887, 0.13964593877355644, 0.019201819836942215, 0.07266714570610963, 0.04396575728798758, 0.02469479294304696, 0.08214471707280703, 0.019804708718791145, 0.04349745589580751, 0.012779355717085014, 0.03880142680808898, 0.041300010148071234, 0.06075782724764346, 0.048641572229053506, 0.05357708708114682, 0.021260515632925154, 0.16532735248929287]
                  , [0.058193358359743645, 0.008148647204917005, 0.0076465404988276505, 0.013928791361784158, 0.05545468188623602, 0.010470881585360494, 0.010432788315776601, 0.17853965643609027, 0.0175443047556522, 0.2307545408135047, 0.06880129719751855, 0.011836822746387211, 0.009572898129775867, 0.019323057786529593, 0.018529191555369185, 0.03643645230747372, 0.05401727392857165, 0.16581085012843216, 0.004912850432373796, 0.01964511456967533]
                  , [0.03832198108297325, 0.009187136430631728, 0.010318032231781377, 0.012177162435532046, 0.22652945005230463, 0.011375179883905906, 0.06301579002066145, 0.03364373355475582, 0.013519959017563069, 0.06999069544977163, 0.014115647459356095, 0.02013237258522038, 0.007882162641050367, 0.016233533136906914, 0.016560991270294954, 0.03734615419093423, 0.027317553135579202, 0.03936785246879828, 0.04187723907027943, 0.2910873738816992]
                  , [0.03997545488810892, 0.006796099414934869, 0.006425930337524007, 0.010676263205100914, 0.06468892755763227, 0.008246348318328949, 0.01010246818813086, 0.10610186345234358, 0.013627460070649801, 0.40912702880246465, 0.08839650093761087, 0.009447093910834661, 0.00817801447766486, 0.02651020422366599, 0.017437897737062925, 0.028176870319976843, 0.03401816272883451, 0.08274716516104576, 0.005313024034635718, 0.024007222233449036]
                  , [0.035508058320406065, 0.0035794240900376547, 0.009377763365020567, 0.035334138905881655, 0.003542884256965616, 0.015662150579492957, 0.027460951546219903, 0.009416608656985686, 0.3426103880260705, 0.02625947808374548, 0.008538992538642222, 0.03855792679634885, 0.005541051453004318, 0.06679518050478167, 0.2768366360830712, 0.0398401534581924, 0.03510316942414696, 0.014070583960501242, 0.001522033747768827, 0.004442426202716117]
                  , [0.25777520723940794, 0.01508279051770321, 0.027637585247190462, 0.03207414807328396, 0.007005721426157815, 0.07515519159575605, 0.009901377745490018, 0.011709068862673776, 0.028707660600122076, 0.025403276992792833, 0.008785121237378107, 0.04357628919030274, 0.024143067076028698, 0.031155242411847955, 0.0233703064583934, 0.2430822687907007, 0.08625938957669721, 0.04087473560219454, 0.0019409121713457838, 0.006360639184532896]
                  , [0.03893320960971898, 0.005735096242957499, 0.0032669320075016423, 0.006333366979551729, 0.05672094997963929, 0.005469608083885693, 0.005258709759467989, 0.199346493589976, 0.007336851886419141, 0.3329107816486619, 0.08667822942294728, 0.00571055885516041, 0.004847341923338836, 0.009212620222583118, 0.00813165474075988, 0.014431367803597122, 0.033952458195966456, 0.16011681637930067, 0.003408812347616172, 0.01219814032095018]
                  , [0.17954463387473632, 0.002239890316618504, 0.08464712750839293, 0.13528896104471871, 0.0027531918112470763, 0.053310807373764, 0.0150827135542695, 0.006832020017791109, 0.08166190484883677, 0.015241384028386288, 0.005388240387278016, 0.051308605093678045, 0.014015816575888703, 0.08594408089854477, 0.06840159376859664, 0.09779006064521298, 0.06812196076416656, 0.028123455816861452, 0.0009939490385272997, 0.003309602632484521]
                  , [0.042954188977870573, 0.005069328291622429, 0.0023381220922561114, 0.00426471130486051, 0.03438324176751088, 0.004664245467603756, 0.0034052994773560844, 0.2723354326072982, 0.004672547310654934, 0.22131268630519768, 0.055558596160156515, 0.003981540589109536, 0.004074517860251474, 0.005499986538161624, 0.0051402400909260435, 0.014845565779098988, 0.035028904267518174, 0.2724710766308016, 0.0020633841156781894, 0.005936384366066796]
                  , [0.08590660088354239, 0.010321485790167565, 0.00832006502372793, 0.017808276356437263, 0.018303288754522598, 0.011643616545026395, 0.0080621944479808, 0.19900353948079808, 0.019023892297344355, 0.09634204016323401, 0.041084884131254676, 0.012638414695915525, 0.011449901395674452, 0.015380782211716324, 0.01592642069467696, 0.04235165525952941, 0.07505441110349309, 0.2990937831895884, 0.0027681421451078137, 0.009516605430261943]
                  , [0.07902951999825081, 0.0065549872787279695, 0.02766134239124169, 0.04030146010629685, 0.007745548855067408, 0.02587397572618251, 0.012291935136473479, 0.041277775353877395, 0.05358487073007403, 0.03801506277622292, 0.01603931896126558, 0.054881166287169804, 0.011267734521346636, 0.038725772745817504, 0.040548445570431295, 0.1487641344066437, 0.2898489515397277, 0.05773964203065411, 0.0023652133848449807, 0.007483142199683726]
                  , [0.04619427826175081, 0.006309113533494343, 0.005216688657103265, 0.008948741777733055, 0.03750193763100732, 0.00691844648855738, 0.006086851106169717, 0.2698975143171626, 0.010709866483147193, 0.17984618039355715, 0.05655259447400258, 0.007841752250568311, 0.006598686228926772, 0.010271333467162037, 0.009979764642259154, 0.02329144108603371, 0.046958564277592, 0.24755984580140816, 0.0029235221374428856, 0.010392876984921529]
                  , [0.06769172939355185, 0.005673529659651981, 0.04063135344581832, 0.09526439387132449, 0.008916451228185003, 0.020857380051534494, 0.0638424278765591, 0.01760762767644663, 0.07782170274084153, 0.06156916957322992, 0.019743630447806977, 0.05148727805134186, 0.010993132998994794, 0.21630513947544625, 0.07639141212879227, 0.058719836563430015, 0.05427698327222517, 0.038419524653924064, 0.0027599891322545467, 0.011027307758640498]
                  , [0.0941011547621368, 0.004119679670131798, 0.027297836494535616, 0.036477162066386126, 0.006377632474054477, 0.028531742817955175, 0.011012722267576264, 0.013656207555411332, 0.03702396670429894, 0.03731030403729255, 0.006942405827042147, 0.02184549526940253, 0.44475687444400525, 0.03585760064213176, 0.03259665795509644, 0.07376214396344254, 0.045198652545142305, 0.035294732490080014, 0.0020854357673675957, 0.00575159224651011]
                  , [0.09356076400130525, 0.00624029351511333, 0.04669825974574368, 0.03724376333155522, 0.006288566298345678, 0.4845136249076336, 0.011949093495381143, 0.007867595174021667, 0.03426462557504324, 0.01275145017931851, 0.006156638320732569, 0.05080714347242729, 0.01151883082312946, 0.02690275739162548, 0.03368890990986949, 0.07459226743199546, 0.031260577650270654, 0.01476814345763777, 0.0026531175007112402, 0.006273577818139488]
                  , [0.2333527310259426, 0.035598763397411075, 0.008237723225869516, 0.014442309463800195, 0.012703553779922766, 0.03826284638054083, 0.007263020367803806, 0.08076037873315599, 0.012348119967654198, 0.06870793305276766, 0.035701289717237884, 0.013204338240029477, 0.014037037806605753, 0.014074315865466229, 0.012044586563963703, 0.0857482330678623, 0.10750584822893351, 0.1958391836560505, 0.0025590932462034254, 0.007608694212778449]
                  , [0.0750121615633624, 0.0013800161838433017, 0.08984537751765662, 0.21585954304281077, 0.002255841563240057, 0.02879544803497617, 0.022945304399149834, 0.006282352472186811, 0.16131549424933575, 0.012779071333159234, 0.004870520313740426, 0.0595468259338376, 0.005550308955965479, 0.1140709702455753, 0.07311238252293863, 0.05620442723843434, 0.05093576047996434, 0.014624637183058158, 0.0006819163969317368, 0.003931640369833187]
                  , [0.026946807540769467, 0.004373567194650026, 0.0018425802030364363, 0.003383562523676601, 0.047236460722477135, 0.0031138731164330052, 0.0029790831560966564, 0.22553591410221902, 0.003822093923687056, 0.38655946480577535, 0.08055544936645095, 0.0032244943881806136, 0.0029753193741984645, 0.005307162940840242, 0.004637968188978074, 0.007531656708169478, 0.022290711267299854, 0.15868547249396373, 0.001963985993833858, 0.007034371989264047]
                  , [0.02451603082398555, 0.004921506407382787, 0.0026108267938854423, 0.004461399806895407, 0.06951887748278433, 0.00420239429582545, 0.004986815424001098, 0.11338207491816422, 0.005405646456997798, 0.5330718351234125, 0.08124595413938795, 0.004454602228101992, 0.004204124414631453, 0.008494675881195629, 0.006751763293003996, 0.010105997425413462, 0.019762086341904128, 0.0770568915995178, 0.0035186631300581452, 0.017327834013450834]
                  , [0.04739338363243821, 0.001274381075834481, 0.3248178699629152, 0.3562025420094244, 0.0017733138466004784, 0.0277012430118462, 0.008440910980865954, 0.0034279092426175582, 0.03324688794341154, 0.006016949497292622, 0.0027525430868058707, 0.04533520657797559, 0.007889355525338345, 0.047882119579413324, 0.013844521640844697, 0.03620165002482804, 0.024901027445120127, 0.007931738146751575, 0.0005750969229054025, 0.002391349846770586]
                  , [0.0685439698557442, 0.002385253466868693, 0.03659479463205119, 0.08801325499388504, 0.0031328228297629783, 0.022052481640307778, 0.040163795411230344, 0.008453604906179099, 0.18768659478006633, 0.03209460818416988, 0.007193210119351605, 0.04739185235946061, 0.004751538025349297, 0.14884051400770068, 0.1839844079571998, 0.05064345222791959, 0.04682406062152266, 0.015384889002230753, 0.00126531291865431, 0.00459958206034521]
                  , [0.06328929496350812, 0.007852444881414008, 0.003908388098318734, 0.007422321947273703, 0.020768349012708905, 0.006244372125815881, 0.004112588304322695, 0.2662005578742711, 0.007634981817835271, 0.08988964908796904, 0.03439710420935277, 0.006385222819308409, 0.005605576163185906, 0.006963641698704551, 0.006914626797666369, 0.025027775281816034, 0.054902950665996354, 0.3748647939258097, 0.0016589842655454652, 0.005956376059176892]
                  , [0.02522482736562971, 0.006956233362061259, 0.004712322775945878, 0.005984978163579236, 0.3827138093414821, 0.006264929067691991, 0.0291424583271852, 0.04013434697869144, 0.00667520220750551, 0.10345025054541336, 0.029733964719347483, 0.008962327601022207, 0.004485926110316797, 0.008408681142105688, 0.007866209183370786, 0.02321732702074677, 0.014237844706833421, 0.03806353152833766, 0.03557729178793747, 0.21818753806479602]
                  , [0.4532333546364795, 0.032163953534384906, 0.010005457936473814, 0.022959917309284324, 0.006468309774310475, 0.07276864561264028, 0.006440560687636758, 0.022748454841867435, 0.012042406889958864, 0.028351371833416874, 0.009020152753482303, 0.013712655350905385, 0.012502798023690453, 0.012123531072989868, 0.011504378097101043, 0.13770346470161104, 0.06729963942953669, 0.06204585171931026, 0.0017048806547604323, 0.00520021514015926]
                  , [0.07530896593845161, 0.003622288247378887, 0.029992625199119213, 0.02116293419370652, 0.003581363002015153, 0.6700914368161563, 0.006310554204893069, 0.004651461248824767, 0.018738886179094867, 0.007249083808716875, 0.0036993190698932058, 0.03267154022144007, 0.006363218591927783, 0.013465755427877977, 0.018178743032810533, 0.0511232914345162, 0.019435528364245322, 0.009404912618284925, 0.0015011859546866214, 0.003446906445959923]
                  , [0.027722120401867178, 0.004225436681627138, 0.0023298831613939503, 0.003784198522660452, 0.02096520517820735, 0.0033807062313863205, 0.0027917825304470405, 0.3988275518330444, 0.004520835042262573, 0.12119832349447834, 0.036443847267852846, 0.0038412546939731187, 0.002985280318357105, 0.004162127091252136, 0.004131106121077084, 0.01070544066775967, 0.030225031774035536, 0.31204402962667827, 0.001271394458024328, 0.004444444903615181]
                  , [0.030301371683318725, 0.004092640155121333, 0.0012298958857583193, 0.0022196791112418434, 0.03241459726812422, 0.0027830295258245287, 0.0019185170503589705, 0.31008109208662726, 0.0024464338457898895, 0.25012230909591443, 0.054031595689611, 0.0024029336340057957, 0.0021832208635078586, 0.0030573092977499525, 0.0027036085328319874, 0.006461586710657851, 0.023178268851447782, 0.26320339959123795, 0.0012565688472620702, 0.003911942273608208]
                  , [0.042766606314722275, 0.0022639182689062538, 0.40938858183843907, 0.1459646487652299, 0.0030187450468898438, 0.045242866768828056, 0.02342325408215473, 0.004631138346175474, 0.03623189756761536, 0.0073921236830644405, 0.0035486553317591817, 0.11231469017837914, 0.007857020154299788, 0.03483636907377571, 0.02007175473367693, 0.05503213020432465, 0.03230509277828494, 0.008396835604014793, 0.0010056362530567022, 0.004308035006402916]
                  , [0.04592968473875524, 0.01086095141806668, 0.0069302536535384325, 0.00933591215766799, 0.23917212103891733, 0.010567645583177892, 0.027085436992690896, 0.07542060116216862, 0.010515779761471259, 0.18370637815468657, 0.054653715860987856, 0.011920020590664106, 0.007334941177988213, 0.01357081811189059, 0.012644309905707784, 0.037448386637590966, 0.03388225667441067, 0.07038070137280623, 0.017477787174311237, 0.12116229783250128]
                  , [0.028007840224276093, 0.003014385830480346, 0.0011110274627705928, 0.0018768985022320308, 0.01850384226130487, 0.002251702052641351, 0.0014185288837432297, 0.3666277421243193, 0.002112623030125603, 0.14879017915767656, 0.03320920907026311, 0.00203502863788462, 0.0018825630409512848, 0.0022598484393298365, 0.0021457180826035148, 0.005410838158367126, 0.0218913611254523, 0.35412704038764453, 0.0007051951822365995, 0.0026184283456969974]
                  , [0.021877164599733323, 0.0056184988188763925, 0.005498492821807431, 0.0063642931913775345, 0.2195635227340132, 0.005976040611688375, 0.07701173575653335, 0.012263018952060343, 0.007240271587654518, 0.04069724540986228, 0.007622557855956834, 0.02005358236945139, 0.0038738416973929596, 0.009619712903113992, 0.009890016518473103, 0.02298872449114522, 0.011736968994258952, 0.021329557996909408, 0.03545758184854275, 0.45531717084114876]
                  , [0.01523847104798016, 0.00442228274724631, 0.0029454149107063857, 0.003657763173384869, 0.40189643732189545, 0.0036798583268747194, 0.02885153553695159, 0.02131949810254121, 0.004085249065419987, 0.05747449165998753, 0.015109121335671234, 0.005909689149412516, 0.0024208359079491994, 0.005117960708431087, 0.00489504613080026, 0.014782421859744153, 0.007882964800840091, 0.02195315054789456, 0.03355807582417996, 0.34479973184208873]
                  , [0.018221112356163863, 0.0033592335051768076, 0.0012637748777699226, 0.0022511441917997675, 0.04792090313085176, 0.002187953795365884, 0.002237975222741663, 0.15894596134331318, 0.0025756777052086135, 0.5306781552265757, 0.09538865533551079, 0.0024595644689020266, 0.0020420713392412305, 0.004280180139070598, 0.0031204517402338753, 0.00567036576856527, 0.015453771510192662, 0.09491983294699124, 0.0015347065025977933, 0.005488508893727132]
                  , [0.08516109045306738, 0.01272864347756736, 0.029371476868226082, 0.02047409711845846, 0.00562460458537621, 0.043455776884959905, 0.008423809945000119, 0.009374685574838209, 0.02457536645111547, 0.013380634708281117, 0.006897938680671897, 0.05264442402896471, 0.01884316372520804, 0.01527383696088031, 0.01915564173834084, 0.37859920262395397, 0.22423243073643048, 0.024941033999485097, 0.0016093177226786913, 0.005232823716495703]
                  , [0.04252201004596096, 0.007301546247677528, 0.031030270628005552, 0.030360626296881243, 0.042554483687480785, 0.014297224764292871, 0.28896473713296916, 0.011628247386844417, 0.04195476015881188, 0.040569958481904034, 0.009227123601579349, 0.09043865609334864, 0.007508476735808842, 0.07512287559190212, 0.06061721105985709, 0.05066482407504318, 0.03550672639585527, 0.01639390992491914, 0.004416162987188053, 0.09892016870366985]
                  , [0.043183858148516545, 0.002418712638846694, 0.25208028797573767, 0.06735021911081886, 0.003837247144575875, 0.056765023568372576, 0.035703533824953046, 0.005584269901629896, 0.050543118223221065, 0.00803781207625019, 0.003696512659957166, 0.2574483592424462, 0.006449480119669183, 0.03489005713274909, 0.025319257716704506, 0.0861903206899555, 0.04388186248934084, 0.008303263895468796, 0.0013857606593944388, 0.006931042781391746]
                  , [0.02329949759503123, 0.0023750513317811533, 0.004590258946203761, 0.020657286832673042, 0.002258617914813769, 0.009111671508394781, 0.021302751455013, 0.005742774817803167, 0.37147316185899987, 0.017537003108114176, 0.005420064136128415, 0.026232821015860337, 0.0032031339990536444, 0.049602049826288096, 0.3760031175018102, 0.02649901038060702, 0.02306405160339321, 0.007590656899979221, 0.0010491527198850771, 0.0029878665481666497]
                  , [0.05724966682749943, 0.011121159319187739, 0.001862987104039114, 0.003326441192364429, 0.015895170737145834, 0.003815713088192544, 0.00216943980698647, 0.26646976595068855, 0.0032347555035391476, 0.08438125627872176, 0.02718884225627903, 0.003240236296512991, 0.0028952241312480984, 0.00360583751466576, 0.003292629362610683, 0.01615398341574002, 0.04087585670304804, 0.44900635604270184, 0.0009731865537544138, 0.0032414919150742113]
                  , [0.2620474161084381, 0.012121655837697013, 0.02345787264368365, 0.02352420505050796, 0.0061196510297268835, 0.3228761869426269, 0.006906134520635544, 0.008841063969000347, 0.013616305632872479, 0.020653775717352746, 0.006637425479157731, 0.03156259470289979, 0.01265957948601767, 0.01388648468497283, 0.01367546761449161, 0.13642763788703866, 0.04625866466669055, 0.03182355798385785, 0.0020087636852930742, 0.0048955563570386934]
                  , [0.023768504159553405, 0.0032886994865167054, 0.0013432791165247755, 0.0023744143546244045, 0.011468932521439887, 0.0020658047767773, 0.0014822484486464128, 0.39111711367583896, 0.002624167587509334, 0.06117889305841549, 0.0182246298931499, 0.00237461452971446, 0.0018473582891543226, 0.0024576371464230095, 0.0023370938021996467, 0.005898868248763412, 0.0221224188053438, 0.4412683503435206, 0.000587345255650966, 0.0021696265002329263]
                  , [0.018501904034873628, 0.0031297949379074552, 0.0009575545231773462, 0.0016387505307331714, 0.03470335146160675, 0.0017839747541803833, 0.0015184537090682261, 0.26985527713137436, 0.0018380918886478797, 0.4080722027194834, 0.06378687262283958, 0.0017573972293960154, 0.0015642323109669371, 0.002772173602093268, 0.0022354365233038997, 0.004090518254470996, 0.01462258128428134, 0.1624359192284925, 0.0009850712750901986, 0.0037504419780124794]
                  , [0.2881646698433826, 0.03549254725440905, 0.008217226279132635, 0.008779005969826708, 0.004560117929669259, 0.06880403800068181, 0.004859397678118918, 0.007428081892666422, 0.007794335961641164, 0.01126085679653918, 0.005823656354806393, 0.028763552040389162, 0.00886969475077274, 0.010635792869546586, 0.007127840059681891, 0.3753505198351905, 0.08359679833439063, 0.029587060232353544, 0.0011641603832635186, 0.003720647533537209]
                  , [0.03090503400818828, 0.006905577758538334, 0.002633395789551444, 0.0038526166411968813, 0.2512596093229145, 0.005528835264163215, 0.006957007766346569, 0.09466883984586907, 0.004705624661337717, 0.3084623899759301, 0.06936849322370199, 0.005014056174653492, 0.0035916363729447337, 0.006292804217498467, 0.00559771523657424, 0.013595108104632008, 0.021838419201785912, 0.07411892129703597, 0.014554572476639525, 0.07014934266049755]
                  , [0.2408813094741667, 0.026668952880054064, 0.007727242175079806, 0.01139709595281516, 0.006330281986089208, 0.04146706259036416, 0.0053801886647529724, 0.03300599665987859, 0.010486984548057562, 0.03162359853711835, 0.013486648552503883, 0.03090863798500257, 0.012801513206379452, 0.011746056234157667, 0.008659244888842278, 0.19700345037608133, 0.23251192530467404, 0.07177143155727934, 0.001563662024913275, 0.0045787164017896485]
                  , [0.5312630024230457, 0.029222190649159402, 0.004226075711607259, 0.006239513621694394, 0.003569857520344292, 0.059482550007322284, 0.0031682189357905718, 0.009491414801631187, 0.004925292889773574, 0.014328545569566614, 0.00510685681569218, 0.007979778529374856, 0.007072593621037837, 0.005631790939004911, 0.004977960019622886, 0.20284371700910878, 0.05830013671068902, 0.038380886720634624, 0.0009166860862989779, 0.002872931418600694]
                  , [0.09685761857400148, 0.0025334364517434716, 0.013962594272300108, 0.021007037383768884, 0.0033964211303651576, 0.019367235266034843, 0.005437415240171855, 0.007566358503060202, 0.018609613061341533, 0.020552187003711773, 0.003889021508513586, 0.0075091175415324465, 0.6298776102942111, 0.018196830032281043, 0.01562628506055552, 0.058837274470847724, 0.02996908520171774, 0.022917049640330336, 0.0010338485411036217, 0.0028539608224076767]
                  , [0.03697910835614398, 0.0052634196223366285, 0.007910356989294697, 0.02516146866420692, 0.0049440977386685046, 0.019259785758350308, 0.041805766454948774, 0.009553116601921296, 0.14289078476355282, 0.03264410746731008, 0.007878068676817427, 0.02916517343842352, 0.005602946875816695, 0.06067606523144268, 0.4802995154358959, 0.03688338704173151, 0.029845161094140503, 0.014137823318521264, 0.0025315311803963407, 0.006568315290080119]
                  , [0.04546424618476986, 0.002587037434492716, 0.015634369788185158, 0.011212021834211805, 0.0017895298660911211, 0.8191779522758794, 0.003164564697259956, 0.0025140199797079126, 0.010225194577634465, 0.003935419907041526, 0.0021294109550188418, 0.017094294792583165, 0.0027960746533367753, 0.005198714224446773, 0.010382504114890336, 0.02908890066468395, 0.009766440664439298, 0.005336731238508703, 0.0007976472624523477, 0.0017049248843656714]
                  , [0.018702260478377402, 0.0022635155307641395, 0.0007011776344077063, 0.0011568297487032737, 0.02376269395524133, 0.0014110740651997098, 0.0010595607928869557, 0.37446182467958716, 0.0011976947582626486, 0.253925090576027, 0.04480817431377812, 0.0012974308164703536, 0.0010955529333295877, 0.0016330345464281052, 0.001433575567497801, 0.0032141100250342885, 0.013609901182165223, 0.2511757895033577, 0.0006459461290198214, 0.0024447627634615666]
                  , [0.01960102864365464, 0.0022608119005687547, 0.0006988092034640174, 0.0011625114092950585, 0.010305416857831026, 0.0012510776283822507, 0.0008172158883356093, 0.385428742438774, 0.0011291003129241348, 0.09289743363737363, 0.017852685874104213, 0.0011663966100632776, 0.0009608347426697408, 0.0012613645442617761, 0.0012978403356221054, 0.0028465846240543183, 0.01399187052203155, 0.4433352781180885, 0.000338438187492101, 0.0013965585210092774]
                  , [0.05465516893786844, 0.005836491870761756, 0.01985888057558701, 0.01357596484523271, 0.0034995335113317287, 0.02125152354030608, 0.00482179565827662, 0.01047123337439447, 0.018511234579258188, 0.013617671175881656, 0.005828745334884138, 0.039841890131742184, 0.0058905992832881575, 0.008641652809461145, 0.009250428952541422, 0.28323647052757905, 0.45282359975965997, 0.024150469766457783, 0.0010503646842141686, 0.003186280681273416]
                  , [0.010289649336615386, 0.003887624047460118, 0.0020229414064208136, 0.0026245964134140602, 0.28535369496702584, 0.0025006512000605124, 0.036395365161076346, 0.009814497529759382, 0.002837542719641452, 0.026824964821101617, 0.004500303084020955, 0.005367209442315839, 0.0015235687641305523, 0.003876507018330039, 0.0034976799884721306, 0.011134757815108347, 0.005681257068886305, 0.01246895933004511, 0.020713978380976248, 0.5486842515051392]
                  , [0.1887847966247585, 0.0008010107211627101, 0.1271031844660083, 0.24764764529124267, 0.0012578570499805948, 0.036677901769202846, 0.007410469531369983, 0.0035123552123532725, 0.08136799617763532, 0.007169112243397831, 0.00252248972507061, 0.039992305941564436, 0.006312657811174892, 0.08451784234990546, 0.04318846749739389, 0.06477715857201143, 0.04322248310725139, 0.011881258338644953, 0.0004303553117860009, 0.0014226522580848087]
                  , [0.33883895173158396, 0.042887896323243156, 0.0032317552086129357, 0.0053043563540622575, 0.00757958879017492, 0.036233511761572385, 0.003261348522509922, 0.06947511346103716, 0.004576800074993446, 0.048141646212809766, 0.02407215967365283, 0.005646343428002706, 0.005770037517053002, 0.005335890141860937, 0.004890722541651822, 0.07176497311223959, 0.0905840291523904, 0.2275094901811959, 0.0012041694744310658, 0.0036912163369217585]
                  , [0.06377238649044047, 0.004437026089258952, 0.06651486912064591, 0.031235712746380765, 0.0038547567690943954, 0.05462158822322221, 0.024135461833381878, 0.006315077104817675, 0.03932378019630006, 0.00858795991275705, 0.00467889272896021, 0.23396807937856698, 0.0059182912276019295, 0.033575347611883535, 0.02530876888048465, 0.2625872220862582, 0.11498574687419595, 0.010674986799161025, 0.0011167277678256805, 0.0043873181587625225]
                  , [0.011780629570325244, 0.002707532752678149, 0.0011015109785941868, 0.001698931869852002, 0.050751582219586755, 0.001719999200607148, 0.0021672255907288726, 0.07584699500497846, 0.002181722035323178, 0.6888164946453915, 0.08501741177220865, 0.00188285947183451, 0.0017801710219256545, 0.0038827001876224495, 0.0025318308470269222, 0.005209945279900324, 0.010574404193759684, 0.04408306984254724, 0.0014395092471844563, 0.004825474267924593]
                  , [0.04832194759779747, 0.0013152558714845974, 0.13120577449733628, 0.5147549610747286, 0.0020380578693523672, 0.021639074561579864, 0.008157923521220847, 0.004348032178430981, 0.048183550238154564, 0.00788800769106433, 0.0035917548933735886, 0.02605811472368897, 0.003993094772856627, 0.08640838748019328, 0.021989989375283295, 0.0271132726525404, 0.023780921290564926, 0.01603743942377788, 0.0006436349943179765, 0.00253080529225313]
                  , [0.05161629927272107, 0.0028251021027697874, 0.1368090398880599, 0.06431909006938606, 0.003342969524718421, 0.2835982669348026, 0.02804914313332006, 0.004200419668594829, 0.057057746206075004, 0.007487670098252982, 0.003862358077200942, 0.15252910661268884, 0.0060763056026541555, 0.041705252847415976, 0.0373476479973531, 0.07615299205446864, 0.030292569098186267, 0.007000947252544983, 0.001281514251278684, 0.0044455593075077935]
                  , [0.013891814044826077, 0.001968605635640894, 0.0006768111028032819, 0.0010640883404739233, 0.04657186029854642, 0.0014127470995665703, 0.0009639716207791809, 0.16765233372701105, 0.001173091264299812, 0.5713770514007314, 0.07721997143596405, 0.0012937171760734668, 0.0010389485591861254, 0.0021269207023314495, 0.0013264309120425597, 0.0033701762220027815, 0.010487672158058167, 0.09233931884997941, 0.000868138237106096, 0.0031763312125772684]
                  , [0.2372272569824451, 0.00446499638496331, 0.022043115995697624, 0.029751405941966163, 0.004489692815479712, 0.043624239990156084, 0.0072432528100532375, 0.010226793258478563, 0.02331192596799468, 0.024301919395261513, 0.005507325608800458, 0.0210219613092319, 0.28899628799448823, 0.026426431793572763, 0.018929187817458924, 0.12429604696098323, 0.06181343892572912, 0.04100468187409892, 0.0015126788811130997, 0.003807359292027293]
                  , [0.02504448953589514, 0.004031634950480258, 0.0025554361412739608, 0.004355771862497082, 0.05026678298207873, 0.003938960043788556, 0.003955679076169946, 0.07991767762781, 0.005586562790960848, 0.49513164250167246, 0.19858499891316236, 0.004373371882868862, 0.002906709633300562, 0.016237539392484072, 0.005950384965518978, 0.013834674412896987, 0.021040866986621002, 0.051670640436685074, 0.002391296747137534, 0.008224879116697644]
                  , [0.4552032270480611, 0.02258370024965656, 0.004129802566701093, 0.005129088315937731, 0.00426485719479408, 0.25112268158960743, 0.002821046050648028, 0.0117863347600167, 0.003958459740314069, 0.017052107479596186, 0.005734578922390715, 0.007024924040733249, 0.005976633675591165, 0.004797409865264057, 0.004191666004381108, 0.12325057695666833, 0.03617903476233118, 0.03114712189928121, 0.0010517279513433731, 0.0025950209266824833]
                  , [0.05893119509237858, 0.0011424420554483185, 0.030918393581951562, 0.08803985402537123, 0.0020424084149039392, 0.02184088149755078, 0.016703081602993188, 0.006249213074455799, 0.38856918235758237, 0.014105804488535666, 0.00463395622975994, 0.0504293068500441, 0.003980655294727531, 0.09971282451903261, 0.09676800488431454, 0.043120921527832264, 0.04952060223026588, 0.019938909887066925, 0.0007461645526671462, 0.0026061978331177725]
                  , [0.16455034688671435, 0.030943831733671826, 0.0017249430965624961, 0.0026076922650818996, 0.04996835634396558, 0.03944442999491694, 0.002098481730587428, 0.12935130084116875, 0.002591583904895927, 0.1741267463932416, 0.053572064341442974, 0.0038719675626346702, 0.0038922270718046133, 0.00380201983696148, 0.003050809427014749, 0.0521295340248956, 0.07111727979699385, 0.2032664517759783, 0.0026024890552812595, 0.005287443916185608]
                  , [0.039577656897631125, 0.006196493076393319, 0.0008704223424203229, 0.001169312977725339, 0.1636272026844364, 0.006002409581607076, 0.0014876863379251913, 0.19142951728243235, 0.0014738710403146412, 0.3121307045933976, 0.0564377158973303, 0.0018424521391387783, 0.0019830220983473403, 0.0020307608284671585, 0.0016605638104206326, 0.014463875199637771, 0.022301914575304872, 0.14587598931171653, 0.005276608099506506, 0.024161821225846675]
                  , [0.6487670795248064, 0.019120895318627783, 0.0015777898569846313, 0.002147524142278084, 0.0019376046819970746, 0.07267647719174936, 0.0012615694538411005, 0.006508921189134907, 0.0018194844832137738, 0.007098782679950698, 0.003047187026629416, 0.003001641464355818, 0.0033568198474703804, 0.002282809459510739, 0.0019065531465851007, 0.16035743869066893, 0.036359146945681785, 0.024986287320423916, 0.00046066688970252377, 0.0013253206863875664]
                  , [0.08242994925022534, 0.012162315316582337, 0.004869422931556545, 0.009664324832231124, 0.007225259752651027, 0.008443473508367242, 0.004651247452167739, 0.1347215112098751, 0.010955357322034428, 0.056544611665577595, 0.03526207171117385, 0.020812580475126238, 0.005024700230938815, 0.010418230504717638, 0.008778638835233677, 0.0662624351485938, 0.2805514270506384, 0.2350193488326136, 0.0014651277784996943, 0.0047379661911956025]
                  , [0.03803785773688309, 0.001595344837995807, 0.005901794197727104, 0.0029830245819517432, 0.001044589881930009, 0.8938759297841252, 0.0013413286536629945, 0.0014941439264437538, 0.0026667358225710425, 0.0021348669344216894, 0.0012389555929285488, 0.00819990353446505, 0.0011254855198557002, 0.0020132055444003244, 0.004406100869271227, 0.021186855115234413, 0.00551357529044276, 0.003941891073124835, 0.0004056202233682751, 0.0008927908791957085]
                  , [0.17605678044626843, 0.030872326518802028, 0.002055655198831545, 0.0031586475384918302, 0.006917719208333817, 0.011726880033286306, 0.002197029451147394, 0.12716841159984016, 0.003020059923793657, 0.05581552410367962, 0.02294997387221974, 0.0034114256894458577, 0.003602691979655516, 0.0032724013282196935, 0.00322333849568428, 0.031210434833641654, 0.0731065776681399, 0.4369593812894712, 0.000741205280209742, 0.0025335355408376043]
                  , [0.05730810400022745, 0.008081567465144266, 0.005946044478996289, 0.010840005161595431, 0.0403253400253109, 0.010005795994898583, 0.008582586469362092, 0.08542718538792654, 0.028103517335884464, 0.21681146287253963, 0.268809957082875, 0.01245801289971275, 0.004842991153970572, 0.042072517164487004, 0.025634917668860634, 0.03905074408250453, 0.05564325668989765, 0.06698053161643462, 0.0030836113308796626, 0.009991851118492006]
                  , [0.13271675748394837, 0.0015817731106901468, 0.10788916662844589, 0.15587269737008932, 0.0024246695733268642, 0.03592898018410235, 0.008597848081794746, 0.004980846113040343, 0.06641530365424692, 0.010289760263142976, 0.0033791288155098327, 0.035375412591485425, 0.21505842539384515, 0.048221877938384096, 0.03275199736727021, 0.07214609928496042, 0.04167935081492929, 0.021020027663358323, 0.0008703036123003635, 0.0027995740551287947]
