# This script is generated automatically.
# Vector of amino acid stationary distributions.
distributions <- [
                    [0.07819987041185361, 0.005953834891393017, 0.14686480990384929, 0.17439574602016947, 0.00945385206423731, 0.04804775214190644, 0.029530459850562563, 0.015157659561647632, 0.0664414610849196, 0.026637214870418268, 0.01076870733737664, 0.07286476378087753, 0.02313941886409863, 0.07436764764608701, 0.046903037852317316, 0.07513137463616683, 0.05333244518335682, 0.026427969270148177, 0.003731197541653452, 0.012650777086960304]
                  , [0.06480361105649904, 0.00928555589299405, 0.03463887719011155, 0.06617382780247102, 0.012461416541402325, 0.03269810938443936, 0.039560505587443937, 0.020922673424100313, 0.1527484797512535, 0.0429991073241356, 0.016480334980075537, 0.046115182434339465, 0.02299132685268094, 0.09558971489320567, 0.17065823520177237, 0.06572524897504801, 0.05389288658172106, 0.030741724010378814, 0.005885350342208646, 0.015627831773718997]
                  , [0.13304573818791973, 0.014562542881536628, 0.04978947290841305, 0.05620721231267534, 0.019736135338255193, 0.0701455202662043, 0.025890326990565277, 0.03084366501027507, 0.046496374811278926, 0.04726853238389243, 0.01853820073621463, 0.055149979507130624, 0.04048059804022575, 0.044520355310473866, 0.044233604483891444, 0.13273800659521884, 0.0922750333954878, 0.05141578943732791, 0.0072775690506100615, 0.019385342352403367]
                  , [0.07685392585612306, 0.002497645058640455, 0.054187673188573884, 0.12956453324750053, 0.003942077904405667, 0.024369901013183246, 0.027675644284525715, 0.012002996901038813, 0.18392698116146078, 0.023579689951029433, 0.009463669840625152, 0.05574300388888731, 0.005688318136766617, 0.11993143167353976, 0.12192968522666661, 0.06527025757683133, 0.05578897726505981, 0.020475884272785256, 0.0010826015918907513, 0.006025101960465849]
                  , [0.025067805273079818, 0.007192771985326708, 0.0010778406723495923, 0.001933628270805533, 0.011277278855410766, 0.0020570296625137766, 0.0014706693862806901, 0.37772159503690816, 0.0020815475161754166, 0.11898002444510827, 0.025730416144343193, 0.0021341522924769422, 0.0016226632690256153, 0.002307498679771705, 0.0022141809121154128, 0.00574188391601137, 0.018911432264432825, 0.38955098426884344, 0.0004934723928035856, 0.002433124756217228]
                  , [0.016068210728020088, 0.005392914245579198, 0.0011393015059964608, 0.0019398693204166152, 0.049466193018059226, 0.002153834347376089, 0.0021511441266718954, 0.2056661540349469, 0.0022680107783287344, 0.46647011604433397, 0.08355062867281694, 0.002246645482908236, 0.0019099313484250118, 0.003786959943760698, 0.0027783543048591486, 0.005813274331704046, 0.012352132596542558, 0.1263386123883082, 0.0017523536255429372, 0.006755359155402722]
                  , [0.023657992963045237, 0.005223286541722518, 0.0038632458302514856, 0.007195493084381999, 0.05120851730372342, 0.005184093450604331, 0.0063528958648625886, 0.14659198203976018, 0.009162494693698287, 0.45220518952505806, 0.10824339609852132, 0.006290156577824534, 0.005051440930234098, 0.012651951412014435, 0.01035098060153292, 0.013285625962309889, 0.02115254082162945, 0.0981480425192767, 0.003156911327315383, 0.011023762452233266]
                  , [0.05438064775431272, 0.010656626758537232, 0.005232385157668398, 0.00997145713819318, 0.015907517558453505, 0.007660358599290899, 0.005861528951582319, 0.2701840070014471, 0.01041290991570946, 0.1339606293216085, 0.03594621477035417, 0.008149758514499525, 0.0072930213627753595, 0.010310546258755684, 0.010007530768385307, 0.02052088360845615, 0.04801759534137833, 0.3264027640995574, 0.002046223371325176, 0.007077393747709353]
                  , [0.02650990669209447, 0.005113390785101008, 0.00871453288620581, 0.02288278157665745, 0.004359182960026898, 0.013525941906464783, 0.02423491461955308, 0.010498743195281178, 0.31592145117105985, 0.020644076202663935, 0.010167514994653295, 0.029977011287003617, 0.005613911319933663, 0.06197628155599782, 0.35672090163396447, 0.03401565100575465, 0.028003066297804153, 0.013476129127728338, 0.0019465075869842892, 0.005698103195067389]
                  , [0.05856499964148154, 0.009987907494014755, 0.015091841668532833, 0.02393111280087237, 0.05653012927545209, 0.018545057747566256, 0.01988178001435691, 0.11749372033596196, 0.027735238044938583, 0.23797981758809247, 0.06557080521071577, 0.02147508582808533, 0.017478241075242904, 0.03208980263646994, 0.03031619927784975, 0.04188103157620476, 0.051052834454231366, 0.11585513941654202, 0.008672334766724476, 0.029866921146663988]
                  , [0.10867765886394454, 0.0011100526042353237, 0.1635314650422849, 0.20320250135385995, 0.0020012807961512697, 0.0456227220597091, 0.016286758200101076, 0.00476609917865838, 0.0848973912843338, 0.010099060278430546, 0.0036962529478805337, 0.07016311020915401, 0.014943038549320248, 0.08266891906652223, 0.04136985781410926, 0.08007344043660752, 0.050971918594562286, 0.012397275025947068, 0.0006519956615953143, 0.0028692020325923936]
                  , [0.0449879828611603, 0.0023079807520794337, 0.28491968582101285, 0.3788251111708825, 0.002905402270338904, 0.02402058148298949, 0.011933065686334659, 0.00585773066167434, 0.031849262107525284, 0.010194840764473686, 0.004674006071095405, 0.043086094810006005, 0.007807737553078348, 0.0546154195330022, 0.014003254158362247, 0.03679233572331865, 0.023829559115699863, 0.01255201218053088, 0.0008757997707805099, 0.003962137505654704]
                  , [0.08194477459555613, 0.005211070434739825, 0.05979507392969653, 0.03831470705261731, 0.005559056827016602, 0.4861044500115026, 0.01511381170680882, 0.007284463115904099, 0.03309692596264583, 0.012214940668269092, 0.0058087008297224045, 0.06344143401915686, 0.011588071653130182, 0.025241300516950366, 0.027001238696718725, 0.07379695919168351, 0.026715336094688912, 0.013331936947225322, 0.0024058381365956393, 0.006029909609371308]
                  , [0.3471284552558448, 0.015236916199236391, 0.01782894085666023, 0.02267424989675827, 0.006915507672822915, 0.09152496133946776, 0.009490253515905354, 0.013605742888219, 0.017416298349485132, 0.01867516423952662, 0.009241865278333868, 0.025038423447489844, 0.02064951586357859, 0.01831041993443553, 0.016278691188123993, 0.21954141241785888, 0.0822951888375745, 0.04011837598936462, 0.002029489409097924, 0.006000127420215947]
                  , [0.03601815865236799, 0.003961111155163492, 0.319694804802556, 0.08055531275345633, 0.005092154479443794, 0.052981421078606344, 0.02846660519269801, 0.006964984336880898, 0.03556381037611805, 0.010452082883585644, 0.004811615609624794, 0.22872472459479912, 0.007924938020696135, 0.027773402220268643, 0.019876537490733634, 0.07611646672085533, 0.033809555135537496, 0.010718249022781732, 0.0016912629957011867, 0.008802802478125567]
                  , [0.12658278577139545, 0.006865462747969915, 0.01635539334901323, 0.02333009953512142, 0.009365595534217883, 0.024931296774366098, 0.013732824710294458, 0.01868375678649816, 0.02168505925371542, 0.03353796018005682, 0.010184121212135784, 0.018387159135994514, 0.4433186587657116, 0.025842832063171752, 0.022036555882784976, 0.08769592374109983, 0.0508272818276799, 0.035813169313721756, 0.0028669313041249016, 0.007957132110926033]
                  , [0.1046718962040765, 0.005943101534994217, 0.05306733601223963, 0.04199979260623581, 0.006359715272994453, 0.052606883336574775, 0.019352647258952697, 0.013554484850108421, 0.0471174328731676, 0.018643842368802004, 0.009738385475739176, 0.11885385880083499, 0.013523795542828225, 0.03972316464665289, 0.03134189055893503, 0.2395391446593049, 0.14994104263547328, 0.024579603205121096, 0.0018197242074438384, 0.0076222579495205745]
                  , [0.013123161113956106, 0.005132885191297928, 0.00355968000902818, 0.004602510374239243, 0.36914257500539954, 0.00444642867092213, 0.030279035955763492, 0.014678467277088129, 0.005006745930613653, 0.04801727434649903, 0.011155456057033355, 0.007788805081838726, 0.00282719272666772, 0.006789251456537178, 0.006535128359255119, 0.011879423575428563, 0.009640414181492014, 0.016313280965777385, 0.03280689963582069, 0.396275384085342]
                  , [0.06922241012313254, 0.006381042475523949, 0.01937198571293351, 0.060903270751127586, 0.013782017566883862, 0.014162412509990549, 0.022845999945391854, 0.08060979237647269, 0.10527620419915366, 0.10932890615516011, 0.044399320332401064, 0.02975266362752065, 0.007625145693563902, 0.08513094052902782, 0.08864887292227387, 0.05160761802624587, 0.07861857473171144, 0.09647051300842913, 0.0028838008083924365, 0.012978508504663394]
                  , [0.05372199317536666, 0.011359151915208952, 0.037501088684065306, 0.042523217106912405, 0.03817087493112633, 0.027368206431618355, 0.18098269954687254, 0.021254893345942986, 0.05093439480868949, 0.045992884371316524, 0.016892601341187814, 0.09092228300262335, 0.013149571038707588, 0.07739572968325786, 0.06241369577534947, 0.06972846824343283, 0.04622328614326836, 0.02955206993541255, 0.007345931721692181, 0.07656695879794828]
                  , [0.03193999302475511, 0.013957659168459707, 0.012420276140895367, 0.014777141570611373, 0.25394797398341606, 0.013446283422358688, 0.05752669933156559, 0.02820581673480281, 0.01680207616203651, 0.07577380822506898, 0.017344139273213863, 0.024536596178318697, 0.00947555445661668, 0.02073292500750504, 0.01990720448297594, 0.03580233026244468, 0.025474800637789195, 0.032465705137675875, 0.010186454113436124, 0.2852765626860538]
                  , [0.16498770537585356, 0.008740384201212644, 0.015659594333864244, 0.024973456079783157, 0.013625258633589222, 0.025927840099754844, 0.011077982972468208, 0.0977876290236495, 0.023276615890622045, 0.06561014032885704, 0.028493130419602178, 0.02504506567463036, 0.019316561971983264, 0.023217707400637215, 0.020285958200938266, 0.09289299912554654, 0.14440661830223975, 0.18197944954059178, 0.003035474068514581, 0.009660428355661669]
                  , [0.026102152892492927, 0.008920904291668622, 0.00326325068992522, 0.004837484963059397, 0.25564117814696796, 0.006299085607263019, 0.009821061555125583, 0.09658088747091144, 0.005759468313656546, 0.28682841036661344, 0.06215451667515743, 0.006372825038111447, 0.004313549723901031, 0.007890508244257933, 0.007080326579866777, 0.015443883274616137, 0.018723985162976502, 0.07637269583183864, 0.016088400003026103, 0.08150542516856392]
                  , [0.02552724818512379, 0.0008001839974038466, 0.002197289079231619, 0.0036662279461452904, 0.01898795123961164, 0.003164260761809052, 0.0021655854568959753, 0.352586143671365, 0.004059234995585778, 0.18443963622108533, 0.04157453451516675, 0.0033781194383449785, 0.0031083854025100934, 0.004411051120075969, 0.004002773230191471, 0.007405180468364849, 0.02142051651265687, 0.3120691537556814, 0.0011573406266914882, 0.003879183376058795]
                  , [0.5069703550171231, 0.02871579084234113, 0.002934592678411348, 0.00397847146236271, 0.0042393108470230026, 0.09297207696342279, 0.0026490160901444485, 0.009049693891107616, 0.0033491395423810594, 0.010222974105740551, 0.006029469990076855, 0.007072991470909545, 0.004992163413390532, 0.004414474581180808, 0.0038136652130590695, 0.2181284927109951, 0.0551275414062607, 0.03163213455522447, 0.0009216675033746504, 0.0027859777154704657]
                  , [0.14516156732958085, 0.0031952748900356902, 0.06732476162542246, 0.09625179624734771, 0.005244065886070971, 0.03805089003203083, 0.015173556982788309, 0.011416751827755757, 0.06168599414669512, 0.021404392547343165, 0.007248008350320273, 0.035163781171261045, 0.20968347907486004, 0.051020754359137575, 0.03811875822306219, 0.10103456565608056, 0.0589810921791056, 0.026446036943935217, 0.0018059325598936756, 0.005588539967272784]
                  , [0.0901547827246203, 0.004871413829524371, 0.00851232251698988, 0.007074835381980754, 0.002896536862745537, 0.7685381687738335, 0.0037554246658945156, 0.0038234931914069305, 0.0060994639716155565, 0.006036147416644691, 0.003164619657573025, 0.011370570565852365, 0.003910639114654034, 0.005413405553086456, 0.007018098752758227, 0.04454297218081394, 0.011299674811225688, 0.00799017432835355, 0.0010629483423012693, 0.0024643073581255416]
                  , [0.25916496387661814, 0.04452613685183291, 0.003682619195412763, 0.005642391778084145, 0.012407576725626627, 0.02641378653246841, 0.004161751760180994, 0.08724518628407398, 0.005349764608695388, 0.06120000737222205, 0.026643549185703767, 0.008757840219424487, 0.006026827953834537, 0.006931953695963081, 0.005754316307242562, 0.09088611271440104, 0.12048946384067805, 0.21763127603746796, 0.0016459199052278935, 0.005438555154841179]
                  , [0.08547664262519329, 0.014209546877856699, 0.01213712302800407, 0.011075871320567025, 0.00646212271771496, 0.022696874956950965, 0.008554211748373234, 0.013057769072091819, 0.013196675142692417, 0.015040129146518014, 0.009321453006900914, 0.039348368804905165, 0.009697541286155187, 0.012135296244812546, 0.012307269686243143, 0.35604213614592173, 0.32832177948852226, 0.02352274057259105, 0.001720143766294764, 0.005676304361690856]
                  , [0.07902191809098376, 0.011073168768243083, 0.0006143650315025027, 0.0009110795293834747, 0.06792931810845372, 0.01635557930235832, 0.0008744954406192723, 0.22110674849146894, 0.0009492793208234425, 0.25458904467337123, 0.051275151861807, 0.0016598234086902277, 0.00230926867478596, 0.0015645907821992481, 0.0010827730211796036, 0.01920726927983998, 0.03636002978910717, 0.22503402341515502, 0.0031307575521278674, 0.004951315457900372]
                  , [0.052738680420784216, 0.012948770305023437, 0.0182588761260063, 0.022619512196482172, 0.12152862796488345, 0.027155373380857255, 0.03459673815526359, 0.032214972983343276, 0.026609766004191973, 0.07773788879665605, 0.023951768698002397, 0.025618953199979977, 0.016000056172449085, 0.028453505572768063, 0.03538810568034669, 0.04791162948306186, 0.03926122066884131, 0.042410058646901144, 0.1951877655791601, 0.1194077299649975]
                  , [0.12623841939806, 0.1921661217068903, 0.018210354980477805, 0.02202522508489923, 0.026596860114158346, 0.041404418705523784, 0.023010019859152228, 0.03413325892290385, 0.02470331278107125, 0.05100738692048484, 0.021367653965203775, 0.03780955752710267, 0.016423826955598835, 0.026055473771084834, 0.029436643162147575, 0.1395687660691456, 0.07709491593238953, 0.06139353829648454, 0.0070994621787276195, 0.02425478366849346]
                  ]
distribution_weights <- [ 0.05080668636300084, 0.04697323575320142, 0.0469342709338492, 0.04191468538200421, 0.04016699863164722, 0.040026037667520074, 0.03866341501429092, 0.03813624392893734, 0.03794714995266921, 0.03620175525050941, 0.03369769259507989, 0.03285307283441556, 0.03181019090469434, 0.03168642030204611, 0.031591300301862746, 0.031278435722946384, 0.030383390901943887, 0.029506682466518906, 0.028570380777967, 0.02845463234400893, 0.027479365836104802, 0.02732923667918889, 0.025845135471508695, 0.025562067519155792, 0.024618889686012318, 0.024326653540870657, 0.022146915705343453, 0.021954383656779534, 0.021169357149242136, 0.017546774973584145, 0.017365703166006174, 0.017052838587089808 ]
# The number of clusters.
n_clusters <- 32
# The base file name of this file (for reproducability).
fn_distributions = "dists_all_poisson_allsites_clr_032clusters_rb"
