# This script is generated automatically.
# Vector of amino acid stationary distributions.
distributions <- [
                    [0.08131643344887476, 0.01617763198955097, 0.05151987681780787, 0.06274203310926402, 0.026864881192679328, 0.054277396879152146, 0.05614442196209536, 0.03604272940948847, 0.06367987522702519, 0.06993164362849001, 0.020569608679513376, 0.05865715193185443, 0.02751886132373061, 0.06094414149118272, 0.06468346975013504, 0.08295406149733052, 0.06739587079869512, 0.058252070233526965, 0.009887822248739004, 0.03044001838086422]
                  , [0.07981888351535082, 0.0060867945830944264, 0.10547698497484145, 0.15270966156356153, 0.009446127607036215, 0.05160728945905407, 0.033462244128189864, 0.016934463898565823, 0.07672108789143099, 0.03953381631658073, 0.011684632850662112, 0.06416079513333786, 0.023491650136494846, 0.07418110643898039, 0.05899185852585269, 0.07782476467427298, 0.06143375638106713, 0.04056198373898962, 0.0034569632043371353, 0.012415134978299243]
                  , [0.10654714929743304, 0.015554816761014119, 0.04623761800607687, 0.04829045104921344, 0.013311474392241068, 0.0622760012260049, 0.02406952001566038, 0.019275973677275175, 0.048794461863393875, 0.042899483902610766, 0.013560466934853853, 0.07057908938652226, 0.036179972944805974, 0.04748498712091317, 0.046517830092747646, 0.1983944766958299, 0.0993416535919966, 0.04220161326123844, 0.004053744288491085, 0.014429215491677298]
                  , [0.07176104480303996, 0.009864211544427334, 0.026018375207751663, 0.05889152850348368, 0.01403464434957514, 0.03893617841171267, 0.05336481630970532, 0.021678956546670795, 0.11236579974098136, 0.05798974877097381, 0.015582982242429053, 0.04922446720256476, 0.016362526358918748, 0.07809320806625634, 0.18096683513260822, 0.06712774110772474, 0.05908157501340541, 0.04477136136574005, 0.006704774818329321, 0.017179224503701466]
                  , [0.21058907723657033, 0.01353878169368918, 0.03975025860978957, 0.054802496338804185, 0.014177796207708081, 0.06651720385184652, 0.019175137743256486, 0.03385405032181158, 0.04468621103596335, 0.0555020928107617, 0.016759834322785837, 0.040144594277120145, 0.0297919467113249, 0.04973611783824982, 0.0487063694442502, 0.10101832884155099, 0.07429580153600772, 0.06890134847746837, 0.004847242966709482, 0.013205309734331833]
                  , [0.06767156362519751, 0.010016352235328924, 0.014297247967769329, 0.02810619832856848, 0.05427053088165736, 0.017646882537453282, 0.02199712531239579, 0.07958403522985728, 0.041981611947576485, 0.2272851853367965, 0.07495043690144294, 0.022215446372985673, 0.01463559883407417, 0.05586259066867671, 0.05011783572757671, 0.055618189621800485, 0.05532456190326492, 0.0769935264603762, 0.007576569480167693, 0.023848510627033546]
                  , [0.06498148539284351, 0.005308483949564907, 0.04441654525028935, 0.07779219478321045, 0.008763997326919326, 0.03471275377943918, 0.035172912004699484, 0.022486523645041275, 0.19404257673625758, 0.0445979328392752, 0.014504828227139915, 0.06263803980669953, 0.015508932674916329, 0.07866554420425025, 0.10867129931702753, 0.06879096242119272, 0.06398024982043797, 0.04090573051576658, 0.002874522319545516, 0.011184484985483504]
                  , [0.07769540653410983, 0.006582885480583969, 0.0524236644950798, 0.09279671490804259, 0.011959616700394679, 0.026255798087932387, 0.05173187102690611, 0.022765365909776684, 0.0912829981112716, 0.06112267592317056, 0.018337238324889763, 0.055905441443042665, 0.01456230006916479, 0.1406212873539123, 0.08200513278676677, 0.0683631849295348, 0.06192337832347766, 0.04542058019255894, 0.003658189157902611, 0.014586270241481573]
                  , [0.08030877631705921, 0.010301345902287382, 0.01661247913797878, 0.049256865624566215, 0.02570348636456061, 0.01669273307915042, 0.01728933962638557, 0.11974011991093088, 0.05055227498516304, 0.11360982731065829, 0.05175712817807762, 0.025634224783922546, 0.014376749548979146, 0.04898856836807493, 0.04757960918280112, 0.06022146859541743, 0.07700871732990817, 0.15215303487201787, 0.004893198944956266, 0.017320051937104484]
                  , [0.06691975329103017, 0.008046264242234428, 0.09407053360389092, 0.06547561637210725, 0.012819614417618934, 0.06353301626237128, 0.05312335698499062, 0.016765603885585737, 0.06879260760325284, 0.03097562002409452, 0.011554326520435436, 0.16009189680857275, 0.016424155499600603, 0.058027313031025984, 0.055087986784268156, 0.10355606891898235, 0.06785985417351814, 0.024160933064101345, 0.00436490246302704, 0.018350576049291627]
                  , [0.09479953592261417, 0.009978369388425178, 0.026358183579573768, 0.050241811256253086, 0.014859984749140017, 0.0280667371685627, 0.019376450273871748, 0.055655599365791925, 0.05603313350739789, 0.05938606564667462, 0.025377219746230997, 0.05554908620737556, 0.01845094439960359, 0.050347533837307286, 0.05043683691114653, 0.11239235753330555, 0.17910479755227585, 0.07568975513115149, 0.00423444869918602, 0.013661149124112008]
                  , [0.05037287493907327, 0.006592997525606265, 0.01836216099786765, 0.05092562603538082, 0.008408005960016228, 0.022757277918587678, 0.03923881579355629, 0.017127100186131283, 0.22659016339284507, 0.04099405210236941, 0.013944622073744181, 0.04924966214168348, 0.012239212982786452, 0.06921180839493875, 0.21937813341020643, 0.05770263676195726, 0.05172327976909797, 0.031434961930003016, 0.0033324818598006742, 0.010414125824347751]
                  , [0.20167974116764772, 0.011070154973805382, 0.034056115812564854, 0.040548953513102934, 0.008832400259642834, 0.062017200064283115, 0.013256724029692477, 0.01689709738701831, 0.036452752902172064, 0.03678382230333051, 0.011874168210028605, 0.05046281037869862, 0.03231616292886568, 0.038922974141320475, 0.03026432468100205, 0.20081042518600523, 0.11246051408158313, 0.050367216680240544, 0.002561915208233125, 0.008364526090762416]
                  , [0.07271250208178903, 0.004422415404405506, 0.14076068056056587, 0.25055285478038797, 0.006519684814252399, 0.04038856016187036, 0.021263676051922913, 0.012942569519903873, 0.06988016241696907, 0.02916091707406611, 0.009046785953596688, 0.052948649971066436, 0.01685422530387247, 0.07603934380384865, 0.045528273717522424, 0.058809571841748856, 0.04802640214198996, 0.03341194374435239, 0.0021804453597561876, 0.00855033529611296]
                  , [0.09702175499722174, 0.0074522063887558325, 0.047032554192151146, 0.0614469277503915, 0.013015914819331568, 0.043136693886350136, 0.022428242038958844, 0.02369592292968356, 0.056296885189337904, 0.0572333471491152, 0.013307981032480768, 0.0427936260010989, 0.18443181038013806, 0.055548608911342195, 0.052524287556195884, 0.09058548805743472, 0.06532097469205615, 0.05005358984221309, 0.004321808934095863, 0.012351375251646783]
                  , [0.09857540534291415, 0.01021799477848948, 0.06739290501656886, 0.060957772856983373, 0.01185154197124405, 0.22277364592639173, 0.02273396125176799, 0.01505374221833811, 0.05449057510975848, 0.031184883015939826, 0.011022466577569591, 0.0665771870243584, 0.02283183879467365, 0.04618031853213824, 0.05348762583248831, 0.09778864226964556, 0.05600691818190773, 0.03308101252505252, 0.0050971601914883684, 0.012694402582281442]
                  , [0.06641550041672863, 0.005349712809791261, 0.22642065457220656, 0.13244964198592318, 0.008548244549033909, 0.06265464776357055, 0.03886951963458796, 0.011637966703780957, 0.052713243078023865, 0.019162760960863615, 0.008218551686061237, 0.10053143576468983, 0.02011208116721863, 0.05105729127968021, 0.03892801050795542, 0.07324168904898548, 0.04921937397769328, 0.01956242426986298, 0.0033096407651385805, 0.011597609058204018]
                  , [0.0631917249992461, 0.013327285964878392, 0.01945018687444618, 0.024784713302397475, 0.131070515304401, 0.021431856235940436, 0.06428825855698968, 0.046603232752085805, 0.02783718754877725, 0.08525004402506552, 0.021571002586208792, 0.044154688398190006, 0.014239740892785761, 0.04144366164112249, 0.04430067581569194, 0.06402471955641098, 0.05211980042946845, 0.05661355327106595, 0.020918363775976195, 0.14337878806885168]
                  , [0.05533398139057453, 0.008183064285337355, 0.008641079764533321, 0.015248559992742685, 0.05851649266363888, 0.011075526379182497, 0.011757897311736766, 0.16239957100288524, 0.01790158827396118, 0.25618291267777715, 0.07307274444802073, 0.012746232869463886, 0.0106999450838847, 0.022125468557102807, 0.018983541678381958, 0.03617107496686849, 0.05098746281057699, 0.144750698714249, 0.005503455672807743, 0.019718701456274062]
                  , [0.04464765124682451, 0.010469580456750536, 0.012014814136569163, 0.014345195943785789, 0.222803591983983, 0.013834023559179308, 0.05447188046164954, 0.041696189835889866, 0.015848682652962028, 0.08252001629631706, 0.018076673363423286, 0.01975151725526937, 0.009919071063026563, 0.01838573907319959, 0.01879425235686013, 0.04270250738426185, 0.03407732923404611, 0.04652306130777851, 0.04428725166081295, 0.23483097072741096]
                  , [0.05766822913872729, 0.003544196030111111, 0.24410929055995434, 0.24419908584494493, 0.0043665384254155636, 0.04619845695857, 0.025041666769087045, 0.007251140108412127, 0.051093295917585616, 0.013281650209571751, 0.005716736985086356, 0.07191499009743424, 0.014783970507326447, 0.05932004945181503, 0.03188680450632395, 0.05837149976643771, 0.03998528717227556, 0.013532390298827787, 0.00147645156488141, 0.00625826968721161]
                  , [0.0455241156861712, 0.006336698532265227, 0.005399657939729371, 0.009484518310256672, 0.03751121277831357, 0.007096857907089312, 0.006514666877302292, 0.25864059929954314, 0.01133243495182922, 0.19746888430559945, 0.05803497604413747, 0.00813565168264859, 0.007012933472937237, 0.011050618648376233, 0.010617235919123846, 0.023403938797844845, 0.047618447179646646, 0.2353440399668433, 0.0030983096484622093, 0.010374202051879782]
                  , [0.042104073958606165, 0.006966788668532726, 0.007504403915859936, 0.012411858734328669, 0.058560059180766136, 0.009228146751241832, 0.011436367424795292, 0.10202139425122095, 0.015015285658282413, 0.40376119896824053, 0.08704735969356493, 0.010775855179656093, 0.00915229421964101, 0.03133470527216935, 0.02127089435645085, 0.03097777446323119, 0.03634631941708772, 0.08135502010420792, 0.0055093829398342375, 0.01722081684228216]
                  , [0.0670033697690201, 0.00932158001740117, 0.010450207516241006, 0.020685875991972403, 0.035597405282734446, 0.01228101955764149, 0.011067438829057115, 0.20056143696854134, 0.031059987391111696, 0.12509319160671525, 0.05047421704465294, 0.01596507618889521, 0.011884403684305638, 0.02028844399897337, 0.02136883058841095, 0.04327986927081792, 0.06789324478863873, 0.2272002477605671, 0.003953021332153926, 0.014571132412148299]
                  , [0.04067010960686042, 0.004881388046282276, 0.010510587999084255, 0.03678184543175532, 0.005028710698753009, 0.017028593832329745, 0.036165105193749936, 0.011535921402554515, 0.24889501396915645, 0.03260876890366167, 0.010184090310678007, 0.039634725971747366, 0.006948988297828767, 0.06935878245719586, 0.31778783508219866, 0.045699635604434664, 0.03952866997703004, 0.017372681848255, 0.0024379484877532216, 0.006940596878690885]
                  , [0.09568908722298577, 0.005308103109905989, 0.03741841962997711, 0.04967294325082545, 0.008872505748707803, 0.03588006201203678, 0.015782545665819745, 0.02002282685824507, 0.0501481396515615, 0.04565144698489922, 0.009990896592247275, 0.03161077752322995, 0.3143633751647672, 0.046969609571833694, 0.045585604809889935, 0.0771662254627057, 0.05375023035924326, 0.0445294066465871, 0.0031018213591863433, 0.008485972375345138]
                  , [0.04072745418889744, 0.0063554073042306905, 0.004140420111336623, 0.007867793981764126, 0.054592732747694606, 0.006183993663592383, 0.006400022659746125, 0.18447667156995703, 0.00894134088483458, 0.3446081205686812, 0.08641336498608211, 0.0067924304156816865, 0.005950864863621088, 0.011359526539156532, 0.00999943332987245, 0.016827274544261177, 0.03624544993381558, 0.14615476206667216, 0.0037466742629480624, 0.012216261377154288]
                  , [0.0680470492542501, 0.0023399478690229398, 0.06881198699171553, 0.16757757765222914, 0.0038505336809098877, 0.029539080150668712, 0.029586315779764834, 0.010748732817737229, 0.17868734252369964, 0.02601900567956935, 0.00825347306539223, 0.056568045425279566, 0.00843009166468045, 0.10031996089166634, 0.09941638215842553, 0.05825708530473648, 0.05533386289080478, 0.020495324041729338, 0.0012867053096564107, 0.006431496848061608]
                  , [0.08821771519425001, 0.00828151052534746, 0.03026368725047789, 0.037741263098163336, 0.008848300748058835, 0.03549367585005455, 0.014048768414083215, 0.03422341721492531, 0.044141836673965366, 0.03645800710683626, 0.014649445576326628, 0.05820856672493141, 0.014590976780328852, 0.03759819981090159, 0.03857457340454727, 0.18312429781852163, 0.25376461340706635, 0.05018670365022741, 0.0027850784642811286, 0.00879936228670545]
                  , [0.03245906846013243, 0.004132690557095498, 0.002471429943992926, 0.004799107002837512, 0.04640898351751618, 0.003983566398967131, 0.0036793254577930897, 0.2446443584114455, 0.005793469369724915, 0.32091048550628665, 0.06934557545005911, 0.004134797806408382, 0.003955263036611618, 0.006683487804393936, 0.006117071936986888, 0.009362104681486724, 0.02823368180737606, 0.19166586478358566, 0.0024179234243657147, 0.00880174464293417]
                  , [0.08851639328541877, 0.0075231892103622, 0.05386674285371143, 0.04341150403187204, 0.007807109890282899, 0.43132339764536504, 0.014680546970836329, 0.009507290169463214, 0.038270823949468166, 0.016252104305373393, 0.007475625909875473, 0.055599860379374456, 0.015097637717560218, 0.03190338749168169, 0.038248492748732585, 0.0754664955491789, 0.03568937489276101, 0.018084809796210185, 0.0034309436980732764, 0.007844269504398945]
                  , [0.16888393845855976, 0.0038192933635625937, 0.09968938149653475, 0.14891411916346128, 0.004348173673453404, 0.05545821722994963, 0.01846296501673723, 0.00934611154528581, 0.05535314173006527, 0.026992504661819218, 0.006944022430020243, 0.04482330906341206, 0.0381447917950917, 0.0745304926565961, 0.05725281746057181, 0.08216480902569703, 0.06143362644992105, 0.036824620941118595, 0.0018467240836985332, 0.0047669397544438195]
                  , [0.05416030337047115, 0.00894627172360437, 0.041585528096700915, 0.04412167723394457, 0.02786277040852014, 0.021008044594936815, 0.21218555097647135, 0.015948636348449036, 0.05276279010319694, 0.04903157283249292, 0.012309888743101478, 0.08587188493687255, 0.011342758112971639, 0.08187445334197294, 0.07187032991455848, 0.062461261149701935, 0.047493663007444856, 0.024554047323447493, 0.005873920920022435, 0.06873464686111821]
                  , [0.10008536411825476, 0.0032059392844788048, 0.057841910561347305, 0.08198602467971285, 0.00454161321175906, 0.0488781308118868, 0.03193514236808692, 0.010694733317020401, 0.10761007773363367, 0.019559718239551216, 0.008129375682267527, 0.08177818263400254, 0.011744375649986113, 0.09098261468089978, 0.0750145254751046, 0.14317621052834217, 0.09405787677192791, 0.021534762519680527, 0.0011814068984480953, 0.006062014833609005]
                  , [0.20959949183146034, 0.01804104414075706, 0.010823457689497992, 0.023249269463956217, 0.014520474340336044, 0.037534597098473836, 0.009594131382775536, 0.09171810238439175, 0.01662706868437802, 0.07516012933717833, 0.03727812076452262, 0.014877773028175457, 0.01866589538346765, 0.018086885248596463, 0.01604415684349603, 0.07360926639752574, 0.08800399962384838, 0.2137931151834202, 0.0032169442005806235, 0.009556076973161763]
                  , [0.05048236397237347, 0.002097668012834861, 0.2560134302206477, 0.34610126873929264, 0.00266120446280083, 0.03182316526282685, 0.014315485666887513, 0.005242542680604084, 0.04208862181137637, 0.009815923696991432, 0.004336380756405297, 0.048997176494588644, 0.009527835064142396, 0.06102508678629824, 0.022785369523282032, 0.04468075624648336, 0.0314621791049084, 0.011542280735599974, 0.0008979130063544229, 0.0041033477553011335]
                  , [0.09702745414381869, 0.00410880105079377, 0.026738025713507137, 0.03650515829245594, 0.0064652752304678865, 0.02841636930171947, 0.010612121001221716, 0.013758079964944872, 0.0362955497078984, 0.03760044974026407, 0.0069178499526182215, 0.01745271700623362, 0.4541353307292982, 0.03537901477290281, 0.031901901749387215, 0.06911302124538385, 0.04362342403426089, 0.03604237777556332, 0.0020952685719240363, 0.005811810015335598]
                  , [0.37201895666145746, 0.01680900882103023, 0.017482957960091503, 0.037607284173410645, 0.009412783692617306, 0.06891140816143866, 0.011443722205381809, 0.028237063088861727, 0.029096376979433056, 0.040915359217582666, 0.013058239589683558, 0.021567088132792008, 0.01906834017781956, 0.029792457534717452, 0.026155500727426274, 0.11302029745885794, 0.06765621418571703, 0.06686218827958113, 0.0027120508673718602, 0.008172702084728088]
                  , [0.06872023144294709, 0.0018441439835793225, 0.1406855521602404, 0.15914656069470068, 0.0033362986079259432, 0.050422502503644495, 0.031775125658809425, 0.0065774139729162994, 0.11257506768371545, 0.012755230434731722, 0.005174405885519962, 0.10018438941105355, 0.012232304956058202, 0.08339914737381085, 0.05599096547423342, 0.07993149603433977, 0.056470859077299845, 0.011864417182907512, 0.0009213170616747557, 0.005992570399891572]
                  , [0.051803605594101104, 0.006297409210545078, 0.0026446818114893127, 0.00508369809339769, 0.03100114700948686, 0.005543692149207253, 0.0037807988199807085, 0.24191489399898428, 0.004976271220076101, 0.202119998774391, 0.048495404345001415, 0.004274548940454844, 0.004774486571991322, 0.006191184079344655, 0.006029156571947736, 0.0173442996187642, 0.03847760065520308, 0.3117017347720693, 0.002117064883487405, 0.005428322880076527]
                  , [0.04789684318568463, 0.003448809350341847, 0.02368629189854091, 0.05921470812384763, 0.004334270169429487, 0.01656502138300865, 0.026351842513726253, 0.012585129234212821, 0.33490782381210066, 0.0312992590721407, 0.010713127615519236, 0.05080661883688382, 0.007762251791283419, 0.07925546451810453, 0.1626361014153196, 0.0503719678077787, 0.047090777203493604, 0.023935533003286064, 0.0016208962762137664, 0.00551726278908374]
                  , [0.05398701586323408, 0.0038012170627808877, 0.03500491902459998, 0.07771908974065904, 0.004546100759054214, 0.01635945124323709, 0.05399830477867832, 0.010652064277638205, 0.17141217982806015, 0.03833687432977237, 0.009321721753512762, 0.05121431569678841, 0.006435430363598229, 0.15630034783159605, 0.18570133897028843, 0.05210973975503091, 0.04646500117071174, 0.01735724275369701, 0.0017971019992729551, 0.007480542797789056]
                  , [0.3202932513642668, 0.02765029971984713, 0.013445122739255716, 0.026063904130062498, 0.0069725326587912325, 0.06604840839346182, 0.008615483842234742, 0.0129781709532939, 0.017437435795608584, 0.02637005243286512, 0.00905970559286917, 0.033621335478608703, 0.024640646229151502, 0.02443654680780626, 0.01478431311196629, 0.2347798511025966, 0.07916263109755733, 0.04560454959008825, 0.0018922926106314099, 0.006143466349036895]
                  , [0.07625689128460682, 0.008972540333465943, 0.007518792891688767, 0.01903635783374997, 0.015379716621020372, 0.010011037249002819, 0.007133360368694131, 0.21330603265726453, 0.018128033322739625, 0.09215405075650351, 0.03786178047105337, 0.01104552067027374, 0.010704436740066419, 0.014478443546919658, 0.014603221331577394, 0.03702023596520924, 0.06903524872116223, 0.3266437496816981, 0.0024303918802376207, 0.008280157673065818]
                  , [0.030557644304561638, 0.00806643623264718, 0.007015481859050404, 0.008650266158644915, 0.324407201322712, 0.008205208397454781, 0.04163740674255601, 0.035911849565232065, 0.009376885791168486, 0.0820846063290596, 0.01787735306882861, 0.012963799128852397, 0.006287670704437564, 0.011668224161836903, 0.011120752291411861, 0.029127636267343125, 0.01707060784408089, 0.038898534644242824, 0.0390020825992485, 0.2600703525866302]
                  , [0.05563985908442367, 0.007509753047617689, 0.004383399821753739, 0.008103059472587569, 0.021594002604191212, 0.006274522076143696, 0.0045962204283943086, 0.2858493596719668, 0.00887675002528898, 0.09477258997369438, 0.03517181868735339, 0.007120499690387841, 0.005885355277208851, 0.007722166847690645, 0.007690851357836946, 0.02508802455376303, 0.05364931926573552, 0.35169715658163236, 0.0018337537524415848, 0.006541537779887933]
                  , [0.03003490599819282, 0.0040336929330298055, 0.0015390378159930256, 0.0028466860086223057, 0.032341746409462524, 0.002916269499688618, 0.0023719617287398594, 0.2989365140739894, 0.0030962290651612863, 0.25923478221442353, 0.06070296723850747, 0.002942960726212949, 0.002593033664210678, 0.0038805341611170235, 0.003453404143098356, 0.006752120795257557, 0.02431345705025906, 0.252099107501014, 0.0013653566730877987, 0.004545232299931879]
                  , [0.01980896545394124, 0.00537913129600813, 0.004276554032998837, 0.0052216430061432385, 0.3247266753834016, 0.005015299093590251, 0.04578575449474812, 0.020546888685314117, 0.0057417867401576075, 0.04943147198304252, 0.010133304148404468, 0.008991055050956138, 0.0033660999448467113, 0.007152119469550648, 0.0077437146727122605, 0.019866562404364015, 0.010387482390085951, 0.022877538220682687, 0.037318791389371817, 0.3862291621396796]
                  , [0.022709712760985934, 0.004685161369171984, 0.002023581190601774, 0.003627808981426737, 0.0465138779244442, 0.0031683264435375647, 0.003669857789954058, 0.16738091922167697, 0.004383353759829271, 0.49617089501594996, 0.08561844157627725, 0.0035314089925505593, 0.003273218471037246, 0.006239151605533043, 0.005413611487430638, 0.007678481522956642, 0.01956690770617754, 0.10509310759102504, 0.0023474849410429015, 0.006904691648390351]
                  , [0.02644313591277877, 0.005518802666358516, 0.003753922083527196, 0.0061846530021193976, 0.05281626479708409, 0.0051782502746507055, 0.00623391832950225, 0.10127524479918487, 0.007763557092940738, 0.5487957942347651, 0.07758491931313614, 0.0058957327386173234, 0.005526406856759559, 0.014070314279685397, 0.0093572380473138, 0.016648720206744162, 0.022703473616781832, 0.07101415522430311, 0.0032785645736679134, 0.009956931950079089]
                  , [0.023137055671654496, 0.0038834047368217373, 0.001406053172144105, 0.0026051403978130335, 0.041526565047230575, 0.00245844960068435, 0.0023628434940647846, 0.24011858415890644, 0.002813104348699858, 0.3950016474725826, 0.08382083341957983, 0.0026181751719100118, 0.002288283964873304, 0.004251647882178485, 0.0035317941783317083, 0.0057823370957675235, 0.01831320605773762, 0.15742372808741883, 0.001497364211382985, 0.00515978183021744]
                  , [0.031954187068600884, 0.003582817952845349, 0.008509283995715983, 0.030098340985090326, 0.003525377984518017, 0.012895710352292684, 0.023591667597350093, 0.00951176920962147, 0.39005858137492505, 0.024685882451018732, 0.008579687759485925, 0.03700170994667868, 0.005807231069891689, 0.05456383692130855, 0.266822418126625, 0.03627012103466171, 0.032523538410203195, 0.014312492720991696, 0.001543248368831339, 0.004162096669343755]
                  , [0.04997984940058719, 0.011188580867619292, 0.007829540530824674, 0.011107353114207907, 0.1857881890624435, 0.011528342186603634, 0.029532489773286295, 0.08088327123966496, 0.012738496498223919, 0.2065771732839483, 0.05996403312932958, 0.013351303400155761, 0.008680460205047914, 0.016159098553276064, 0.01610432226951855, 0.0416996428814461, 0.03872124705196939, 0.07639280906056557, 0.016274332619742066, 0.10549946487153926]
                  , [0.0310876032031437, 0.0074534910332899355, 0.008691638023846043, 0.009872036696802478, 0.19932388396714731, 0.00944802184204521, 0.07104007013504496, 0.017300976091195727, 0.01093834910668124, 0.050240641660841114, 0.009527774587410193, 0.024462253865902634, 0.006226655603233901, 0.014017177814766565, 0.013747334721656112, 0.031738617782136845, 0.018664966433766583, 0.02897307365413344, 0.038388205100950215, 0.39885722867600576]
                  , [0.06417214068691006, 0.002758226474967713, 0.12866467812634447, 0.36774091662409164, 0.0038580616707197626, 0.029952283812775263, 0.015434806945642754, 0.009561965406255656, 0.061432406653552034, 0.018820732755265714, 0.006904032204198134, 0.03754456629761204, 0.008219560911956936, 0.09014577415334081, 0.035577503841167084, 0.04397092691979438, 0.03823703557230477, 0.030547798564942545, 0.0012540329016977251, 0.005202549476460675]
                  , [0.05487225234580452, 0.008521394173859184, 0.015418187951257609, 0.038056627253687615, 0.00984301706375632, 0.03168134456120731, 0.06109094113578728, 0.015100266215390075, 0.1063076796724142, 0.04890295313005718, 0.011746172332382884, 0.04136723000756353, 0.011607098305943229, 0.07519928405778567, 0.319516446140473, 0.05411464141313756, 0.046988187476384786, 0.03161180767515299, 0.0048309934570864976, 0.013223475630868575]
                  , [0.12294513583982873, 0.03426061604219307, 0.026690402977665596, 0.02135327339537001, 0.00956666573803057, 0.05342140034944232, 0.012986267871858985, 0.012847790412119274, 0.028736419150050124, 0.030196660658803012, 0.009712202445651135, 0.05901357894389581, 0.018212861505771127, 0.02793303081772699, 0.028333124912026733, 0.3520019446127976, 0.10874261534795236, 0.03147320308119488, 0.0024230027665116485, 0.00914980313110992]
                  , [0.051347491144256484, 0.003665479898209977, 0.3671744423024962, 0.12098232325709106, 0.005205640805842, 0.045692052039951775, 0.03135753540863778, 0.0073728598537330025, 0.03821584164744324, 0.011523201414406525, 0.005574111938109285, 0.11355621175504697, 0.011641558880187097, 0.03809381869225302, 0.02546546448785806, 0.06142302767887287, 0.0398992070217915, 0.012813799347921474, 0.0017984144465096657, 0.007197517979381915]
                  , [0.07267161671808901, 0.009351717671799367, 0.03131062741719972, 0.024948939330041955, 0.005689284748833016, 0.03841771886282118, 0.009974035617220017, 0.010477173282538567, 0.028872536238695793, 0.0144800223685502, 0.007657159776330376, 0.058689226622467214, 0.011680929625316083, 0.022221469696487278, 0.023821647823322304, 0.32239541044882675, 0.2729092105508638, 0.027120881920695065, 0.0017756387319022137, 0.00553475254800016]
                  , [0.04501825126222696, 0.003102206596971851, 0.22808708456161422, 0.0714356660013338, 0.004884249400384659, 0.06242387748544791, 0.03801648051206617, 0.007042074219267071, 0.05309593239558088, 0.009913789391645481, 0.004449206673989568, 0.2387562800874568, 0.008078297612323707, 0.03742045340698207, 0.0285899679456569, 0.09132742455545131, 0.04805802814272417, 0.009934134126596533, 0.0018077276474877699, 0.00855886797479212]
                  , [0.07363213612547614, 0.0070722122701345385, 0.05676675035130603, 0.03499185833044137, 0.006069826090241864, 0.05757129490153759, 0.034515458793335216, 0.010906960614087751, 0.045706445043057715, 0.014820547934270895, 0.007724507401730267, 0.1939748875458355, 0.010510356256725991, 0.042575685928884235, 0.03453355976490956, 0.22605241346418517, 0.1154452544114481, 0.017470353329126186, 0.001732883995446687, 0.007926607447819013]
                  , [0.039080214826713866, 0.005700676149987537, 0.002766348327211313, 0.004848331978714198, 0.01717839186593421, 0.0038744995488367547, 0.0029764279203437385, 0.34064576672736907, 0.005088996859664696, 0.08219777559763716, 0.028115995034852834, 0.004430948201143315, 0.0036443925827175094, 0.004719678176619128, 0.004579491572343441, 0.01620486886273881, 0.03764497411103802, 0.3903877980998572, 0.001358482561171011, 0.004555940995106239]
                  , [0.03032964445842211, 0.003811859268733238, 0.0016510574452890758, 0.0029415576621701586, 0.013396973095540719, 0.002682313197143029, 0.001882241769909876, 0.3608465604040314, 0.0032500707422373327, 0.07194271434765918, 0.021392007063004384, 0.002856217108781173, 0.0023416934266100127, 0.002987404515592834, 0.0028198576881229417, 0.009320799063504505, 0.026059381240226803, 0.4359605559417597, 0.0007797698630773233, 0.0027473216981841898]
                  , [0.02109759129318165, 0.0029553884790192502, 0.001555527519599737, 0.0025298376073031328, 0.02011552733875185, 0.002356067189843115, 0.0019258121113454108, 0.4374732480015606, 0.0032179281010045646, 0.1380442863160361, 0.038067035832089736, 0.0028312071487282026, 0.0020590222086336587, 0.002990879808188034, 0.0030488484238100164, 0.0057318112080993865, 0.022122133902961957, 0.28767849252695094, 0.0008746460645643614, 0.003324708918328344]
                  , [0.07478890605231243, 0.004840762790804433, 0.03370507538559805, 0.025296883217012033, 0.004575578327004093, 0.6330535955748142, 0.008243159848217595, 0.005709938189094607, 0.0221982538950515, 0.009095926079041874, 0.004502895690993229, 0.03458399244991056, 0.0077361606471255204, 0.015861789260937318, 0.02382772791429364, 0.052591083808531836, 0.02189003451261634, 0.011114144217100776, 0.0019768649281417484, 0.0044072272113981036]
                  , [0.21341608633969728, 0.011474038844493118, 0.040852936931632736, 0.04259091719940641, 0.009315393667174779, 0.23055687295374283, 0.013145269732489459, 0.012752720102336239, 0.03306113425440825, 0.03370866722950387, 0.009561402431039886, 0.04173379590549235, 0.02288229433449549, 0.03256517198941158, 0.0352427119614849, 0.10991416119758948, 0.05450590735632277, 0.041207746403042055, 0.0034383112485112583, 0.008074459917725487]
                  , [0.19043349280574276, 0.0054831174699733086, 0.03579943835187758, 0.0453829099896303, 0.006697975256400547, 0.052722211325267894, 0.011557730890886717, 0.013696402774118278, 0.037819054905230944, 0.034107387751753114, 0.008181444636547425, 0.0344449161649415, 0.19569227594058253, 0.03905980738817806, 0.03276485491941793, 0.12631463052092692, 0.07505311185088459, 0.046485157959048624, 0.002217269368846362, 0.006086809729744542]
                  , [0.09126466900217742, 0.0036216049033001682, 0.15594344901842147, 0.09324584118024155, 0.0046683411738271735, 0.07152116210053769, 0.018380391406316348, 0.007772800941706688, 0.04888151400117155, 0.012293985950304285, 0.00584871098061457, 0.11188212930223065, 0.028526861325625128, 0.04718990285324432, 0.03496727450302021, 0.1582848553102487, 0.08255754583444645, 0.014558780893335042, 0.0016383331872702497, 0.006951846131960449]
                  , [0.04166023455777242, 0.004758647614284419, 0.0016764785611308182, 0.0028708170281997276, 0.021330666349707265, 0.0033878520069947475, 0.0021908506587503566, 0.29214914131016506, 0.0029661161694521723, 0.1570424779289652, 0.034857123275364735, 0.002852826097671184, 0.0030885393803271734, 0.0033875044038880198, 0.003094379087181616, 0.011063423599731462, 0.03051480305233063, 0.3764632482531144, 0.0011355299112311894, 0.003509340753737452]
                  , [0.07429317121568639, 0.007610002335929904, 0.010205689233194431, 0.03520598624542244, 0.010464994609404626, 0.011149050900005638, 0.009816956427515003, 0.1184130089411421, 0.04147803231290329, 0.0669716370849752, 0.040883544296160944, 0.03667458859682868, 0.00823706063720209, 0.03502056661705248, 0.03580607109660232, 0.07232395012464289, 0.20679829024746535, 0.1680327366940449, 0.00225932782588132, 0.008355334557939917]
                  , [0.0374668679060606, 0.0014626852278730664, 0.340402358365716, 0.3636900424551097, 0.0019979825693468563, 0.026158011398411084, 0.008456049858038089, 0.003949939939188696, 0.029862950439546617, 0.0064394181148150756, 0.002909212234407758, 0.04461502928596216, 0.00731905142796047, 0.04591366301707818, 0.009745795590820013, 0.034495042329261746, 0.023769308432927044, 0.007933050409986216, 0.0006207834041906993, 0.002792757593299967]
                  , [0.029723848355511593, 0.004456523921644845, 0.0027930189186645494, 0.004541741746897623, 0.027154810519266513, 0.004018963828475038, 0.0034620708528852588, 0.39104909288525286, 0.005682424568313036, 0.1571750920069211, 0.04744122832715162, 0.004639089373415373, 0.0035235596710726353, 0.005467777045921883, 0.005085311978857489, 0.010665605922541968, 0.035848411921343866, 0.24960734981409638, 0.0016840456179611923, 0.005980032723805208]
                  , [0.08408762925509276, 0.0029583752134895104, 0.017821563274398353, 0.025540894166259934, 0.004189783091240483, 0.019639250336666622, 0.006970874382748654, 0.009034336848666377, 0.02345721847151266, 0.025293697429002303, 0.0047161448849391075, 0.009218827530347475, 0.6019971023468741, 0.02281297771570384, 0.020081071375826525, 0.060651503895517815, 0.031854982620922824, 0.024806460780309462, 0.001286318568736728, 0.0035809878117443726]
                  , [0.05036667825501267, 0.006941061229753124, 0.0849643468084467, 0.04295180003008175, 0.010364213461801828, 0.048141862019290396, 0.06704855431430339, 0.013383194172646861, 0.05500436687559175, 0.021795348106630256, 0.009306558129406067, 0.2948226979129297, 0.009589842266120047, 0.048490958003811854, 0.04384314078626229, 0.09249614777393433, 0.05861198806217717, 0.018535133246992613, 0.002806472884363747, 0.020535635660443412]
                  , [0.04822154474400201, 0.0027342964110232707, 0.024586354307244478, 0.016761266109173518, 0.0026032710504890933, 0.7589061670167432, 0.00484997990272335, 0.0036827963661708097, 0.015086378654524238, 0.005475295398186896, 0.0028494764309616944, 0.025857727741104942, 0.004455028370383401, 0.009377182930977371, 0.01440860719042555, 0.035787533878873914, 0.013601485675911063, 0.007037130882113708, 0.0011998087386331177, 0.0025186682003344677]
                  , [0.23127942846969698, 0.03221665501387137, 0.0074429801193053695, 0.01203736822827827, 0.009650204551030784, 0.03642782915172587, 0.006004137545195238, 0.05939948280207746, 0.01058622921384137, 0.048899856509059904, 0.03091933328726937, 0.01867650911048626, 0.011501197469727012, 0.012158990168051897, 0.009924679916707946, 0.12777853377792608, 0.1907520030543095, 0.13621536844659796, 0.001978269651254838, 0.0061509435135867555]
                  , [0.20987567913161326, 0.010611100082180764, 0.011629849416507044, 0.01546147309047583, 0.0057301518905795564, 0.048963606753657234, 0.006616939301511578, 0.01790017387395431, 0.014020760099243263, 0.025109747408209385, 0.009733431079656326, 0.04116869485160344, 0.024056113366642463, 0.022042117451214347, 0.01121193657581603, 0.25395923285645916, 0.21754515110912268, 0.04805649298224542, 0.0015904952544308045, 0.004716853424877085]
                  , [0.15427335499318412, 0.006421977800734774, 0.03207183580037284, 0.026968080271288376, 0.0054776006844756055, 0.47966435495941834, 0.008261996063642975, 0.007362355629191104, 0.02370038385725336, 0.011596355599284774, 0.005733534887160445, 0.036547266214296825, 0.011986319995572127, 0.0156360215163499, 0.021930012622753185, 0.09177409268832896, 0.0321175735201029, 0.021163155019498777, 0.00212137504235794, 0.0051923528347326085]
                  , [0.34683550762940313, 0.02758369389598348, 0.008728221075642039, 0.01118055594213196, 0.004852747670266037, 0.05853144075519679, 0.0053149277258309965, 0.008155835356881809, 0.009224246782393114, 0.01569892843912276, 0.006248603502584083, 0.025957368484296427, 0.011769429271807144, 0.01169492437519264, 0.008143543680427775, 0.3287382393847043, 0.07397614637157958, 0.03198641582875985, 0.0012372238824902813, 0.004141999945305676]
                  , [0.13695632249511608, 0.0013666328681446144, 0.09285629510163497, 0.19582479125391017, 0.0018853490719521744, 0.03481106012321063, 0.019106736700647987, 0.005707085082594802, 0.11412455956140577, 0.012919057420994886, 0.004216000792122936, 0.04816697515793078, 0.006505283323021462, 0.10945600403848114, 0.0802440610952438, 0.06645864579569902, 0.05186758031130169, 0.014251567218444783, 0.0005504247844598414, 0.00272556780368263]
                  , [0.04150963432941325, 0.0022340466190944536, 0.3982804376585648, 0.2104625898041055, 0.0027612329740956914, 0.03984329406386922, 0.018315811268580506, 0.004263074318061861, 0.03299366323246172, 0.0073195622569282, 0.003482182446108262, 0.08851384952659992, 0.00836431060246088, 0.03645830209418483, 0.01576819830414565, 0.04731455323750851, 0.028645300951558473, 0.008449024170712256, 0.000882982083178908, 0.004137950058367219]
                  , [0.016880591737040485, 0.002874520029664911, 0.0011393328903548515, 0.002074709744134933, 0.04081672209857199, 0.0019175224869207971, 0.002023275745051507, 0.14697907853168987, 0.0024422934356951574, 0.5485609981621116, 0.11173365530211819, 0.0022537955296430758, 0.0016741575948688483, 0.00433510424100905, 0.002861251774737359, 0.005051283065701654, 0.014875335383369152, 0.08612780067795806, 0.0011489525901983043, 0.004229618979160315]
                  , [0.025410597784048704, 0.003345799590361769, 0.005119489871497407, 0.020096730245275786, 0.0029808644448123933, 0.010204869370402918, 0.02799113791465182, 0.006950594198308778, 0.2895265789848505, 0.02167368327813873, 0.006226065406997943, 0.02710773128304303, 0.0038046529544030015, 0.04944378461051214, 0.43062902319768426, 0.029789094443800332, 0.02474040969151953, 0.009051443736903336, 0.001562896890805022, 0.004344552101982515]
                  , [0.011559890677374753, 0.003635538853106335, 0.002307838397852229, 0.0029920926277203926, 0.3462036839689221, 0.00290275236768579, 0.03203861471475708, 0.01300586062818971, 0.0032223450522841277, 0.033445143765627044, 0.006147575651957301, 0.0051374483050526595, 0.0017583322194102272, 0.004355130648000465, 0.0037400495869896414, 0.011977241725922533, 0.006213231621167798, 0.014819812071261653, 0.02421294754387372, 0.4703244695728446]
                  , [0.06486474767383624, 0.0036372286148467206, 0.0628193273669763, 0.21158639379139899, 0.0055973537173372315, 0.018438952871927126, 0.03600515487052884, 0.014123654935814571, 0.0764927381210475, 0.04428975211089639, 0.010940191840125795, 0.04163223611057829, 0.007940121955218848, 0.18906232699429495, 0.05890105089790289, 0.05224137463320214, 0.05248321550367434, 0.04013174202838375, 0.0018916330189539625, 0.006920802943055121]
                  , [0.034243944667716755, 0.007500295320665855, 0.004069789861618001, 0.005932067969353778, 0.18861039987915446, 0.006586825239257392, 0.010691300558432327, 0.08339098638359926, 0.006958595191922709, 0.35046983258690606, 0.08322696005471256, 0.006845807089150679, 0.005027199369795312, 0.00978942342750678, 0.00869167489819406, 0.017772561800923813, 0.02442072443118663, 0.0659344893707401, 0.012075124037159136, 0.06776199786200435]
                  , [0.02650590129514406, 0.0032264059142678996, 0.0009312481702778879, 0.001650124472464307, 0.02446829872762377, 0.002094449118301928, 0.0014337917678731973, 0.32983492339612447, 0.001756497874809485, 0.22101286917589183, 0.04752325904235501, 0.001740254052421123, 0.0015875232152787343, 0.00241391909260376, 0.001998067747397534, 0.005150373132623187, 0.02099574233088595, 0.3021103450270568, 0.0008223442289668757, 0.0027436622176323392]
                  , [0.030842129239014106, 0.004855070478226584, 0.001806072642736302, 0.00347847140510942, 0.11588577377460743, 0.004429262774483003, 0.004026977820996241, 0.15433858907659836, 0.0041008634109731806, 0.38764188629999474, 0.0896074249667443, 0.0036992710374302027, 0.0034308285325366544, 0.005822513175311299, 0.004649778816787705, 0.009827998617075399, 0.02301488764734093, 0.11607042908228223, 0.005170056360741374, 0.027301714841010655]
