# This script is generated automatically.
# Vector of amino acid stationary distributions.
distributions <- [
                    [0.06482595092140335, 0.010114517727075154, 0.03300891586371744, 0.05996591854083369, 0.01257981661988807, 0.033842933160244865, 0.035518259957773135, 0.02163769824441097, 0.16061029648124336, 0.04215843191995219, 0.01639543794678941, 0.043903410942767715, 0.025275301730392042, 0.08325424202510381, 0.18558205935255373, 0.06485659496322362, 0.05388728451145017, 0.031576299342315865, 0.005937811421436903, 0.015068818327424505]
                  , [0.07704430173878647, 0.006140888785857524, 0.21276578738722465, 0.17609494194797132, 0.006798604771879008, 0.06384123040011677, 0.023255437485388542, 0.010461473059337997, 0.048023182755428426, 0.018742657067887577, 0.007422445378466629, 0.08023132955419712, 0.02678562321364372, 0.05272308613203998, 0.03426969093149888, 0.07656572056360768, 0.046950744691394826, 0.020069454952222673, 0.0031623122486213874, 0.008651086934428774]
                  , [0.1419390865906474, 0.015387040488624704, 0.056885200523248386, 0.06278930138598199, 0.01761355912681614, 0.08634825318563474, 0.025785185199593424, 0.025955697241532998, 0.045873149587096616, 0.042312349040348196, 0.015718868704849055, 0.0533095453589314, 0.03952545427115929, 0.04532657534200132, 0.04707899468911749, 0.1271260506838379, 0.07939786257500302, 0.046313085247878714, 0.0073837508199401675, 0.017930989937757068]
                  , [0.07961116741083674, 0.007071964662497804, 0.09809268300008199, 0.19737845858849834, 0.009966451456986216, 0.032945059825408754, 0.031407677706289945, 0.018482163069508065, 0.07859738194818018, 0.033894056258367736, 0.014167389840134447, 0.050004165237794315, 0.018983332415871752, 0.11031235669183777, 0.05476451779025496, 0.06498451780487328, 0.05203181641068655, 0.03151704519933503, 0.0033356982958010054, 0.012452096386755117]
                  , [0.11687364362961454, 0.007540574128768783, 0.04563787405113032, 0.035473525849595795, 0.007928338363531795, 0.43691202731444456, 0.015209667907378302, 0.010051394784271103, 0.02926164569034829, 0.016421891264732334, 0.007624901537405275, 0.04667260728419661, 0.01705332658267661, 0.02445631995880442, 0.028246337564268306, 0.08893745437105818, 0.03466217823051612, 0.01934204769342896, 0.003612629451881645, 0.008081614341947941]
                  , [0.03835471261538026, 0.010913586046069358, 0.003917001802803062, 0.007593248675541362, 0.026038050459669074, 0.005839018938097379, 0.005518882234310296, 0.2763777748961948, 0.008836090337886056, 0.21000888709081547, 0.054719825425045734, 0.006289249920270396, 0.005861021592183458, 0.009109218955890801, 0.009020831659248269, 0.015117924264882369, 0.03419836104576481, 0.26210703829645043, 0.002095989020186932, 0.008083286723309584]
                  , [0.2992346136527949, 0.025307912100938423, 0.019929214182583404, 0.024880201509488727, 0.007768300355508887, 0.08220446790144728, 0.01212196465872003, 0.01455451710596169, 0.019945181011738113, 0.020936354581929804, 0.010180344675427883, 0.030234999033976775, 0.023532480603932978, 0.021180372700196445, 0.019436971593765357, 0.23275674380315298, 0.08784052438460653, 0.03862031875714917, 0.0022670781577408105, 0.0070674392289399295]
                  , [0.04870524441627505, 0.00922232676897564, 0.012868388554709424, 0.01977784971266352, 0.06030753424365783, 0.015788978747836187, 0.016058854331289146, 0.1353984894212453, 0.022151781469971897, 0.27620736747613, 0.062208268611306385, 0.016141703472038547, 0.017703083221185564, 0.024669911708204033, 0.02591838825710261, 0.03237554254894586, 0.04124802247851176, 0.12636695495355246, 0.010144251874538693, 0.02673705773186013]
                  , [0.04023546686793382, 0.002551416409800976, 0.25572662897238724, 0.4169810504199199, 0.003315825309514901, 0.02118173849008357, 0.012415546218750212, 0.0066957635630502275, 0.03260809716273307, 0.011157355990906111, 0.005477322594485408, 0.03691836267326482, 0.005887686908726344, 0.05955934758720108, 0.01439891005503978, 0.03332518688593424, 0.022441861251604123, 0.01365573403736414, 0.0008756698863246379, 0.0045910287149755445]
                  , [0.1131147943368741, 0.016148322801596365, 0.026317038715185575, 0.034483477809795146, 0.01432059997209576, 0.031532696616403184, 0.021473445356446526, 0.04088015053532233, 0.04388045993275798, 0.043124586499569136, 0.02256810783520574, 0.056900343352440534, 0.019284047987191688, 0.03738125814053521, 0.03614592522057794, 0.17246966437670702, 0.18972501831131286, 0.06325177078307996, 0.003510215339368937, 0.013488076077533988]
                  , [0.10378345509035418, 0.007841611654212549, 0.03432985508026242, 0.04854385387237423, 0.015423486374172353, 0.03207607094577786, 0.024335725767331232, 0.02468213358265851, 0.04591411913154368, 0.046987286676168666, 0.01456748579005347, 0.032975277777439416, 0.2654305074874073, 0.048341246906141125, 0.04328874489057926, 0.0911300802213429, 0.06025629275224913, 0.04021182511871278, 0.005194791322747854, 0.014686149558471185]
                  , [0.027553426025580384, 0.0025977350532214866, 0.009339437459864137, 0.02711906516504316, 0.003243043969377648, 0.01199641943010325, 0.01780900998653663, 0.00997211614798767, 0.37203730745258407, 0.01856901066509728, 0.009844718278227678, 0.03020323112846624, 0.006604148907756634, 0.06533610826065557, 0.30739272093037445, 0.032516200856717, 0.0297821291097249, 0.01300327909808844, 0.0011188688067010986, 0.003962023267892463]
                  , [0.014012796876227631, 0.004801249878422363, 0.001277579207083021, 0.0022733444362492937, 0.039523190680281275, 0.0019355785007189321, 0.0021793517503400674, 0.20190963757153454, 0.0027087038416881907, 0.4853038247115634, 0.09404237751796915, 0.002469476430567208, 0.001653383389864682, 0.00454802236926241, 0.002989996274370388, 0.0056532868103595915, 0.01203376894003482, 0.11497315097253204, 0.000502705410979156, 0.005208574429951953]
                  , [0.02400006016728139, 0.006051806116973662, 0.0047389892576712896, 0.008494944899598067, 0.04495754220189009, 0.005833324995720671, 0.0074676625686740565, 0.11918488184597863, 0.011675534292636082, 0.4706903647921076, 0.12971202037031304, 0.008239461332541853, 0.005123826424301599, 0.016915589330465126, 0.01162433025460831, 0.015769012011911682, 0.021842780053423407, 0.07429861326971336, 0.00237905036829295, 0.011000205445897054]
                  , [0.05065259652921326, 0.009096544088466038, 0.11791096965225216, 0.04738816960070174, 0.012996000375506972, 0.050384498107528895, 0.05382782828196133, 0.015413098874433243, 0.04752848181654841, 0.02263820154456943, 0.010487510172179065, 0.2622264884134856, 0.012867910392464347, 0.03751002660636073, 0.03433575004847125, 0.11269553401758763, 0.05584690716375556, 0.02103189846396734, 0.0037493631184477598, 0.02141222273209935]
                  , [0.09494563572308905, 0.020343451297130267, 0.011948797720764124, 0.020735016817600885, 0.01927615635026053, 0.016763126626443938, 0.012138146200939401, 0.1735866012461341, 0.020223396930923468, 0.10624902663210806, 0.033450146693641165, 0.018236363892504593, 0.013849302934314257, 0.02036570158294511, 0.019400894265507816, 0.04877969844595814, 0.08399821238778402, 0.25038586214703695, 0.003482676293859802, 0.01184178581105463]
                  , [0.12650700390463904, 0.0014304141585647684, 0.08970651285213406, 0.1678767563190579, 0.002414217579269585, 0.0339928017079253, 0.017583252473752635, 0.007968630320283852, 0.11824218676133595, 0.01598531672088365, 0.005648692765653634, 0.04979837457655425, 0.020466048790797685, 0.1027784049802357, 0.06933779837824774, 0.08049826974712913, 0.06557942343289479, 0.02038826225080136, 0.0007140102535883965, 0.0030836220262505693]
                  , [0.020707392140783074, 0.006735365030258803, 0.0008032830578768947, 0.0014087526816446967, 0.012163027076902843, 0.0015422492374322905, 0.0011285664182406367, 0.399677602611453, 0.0015780344768341046, 0.12132417012236997, 0.02646769166129364, 0.001722356815495512, 0.0011226682762827099, 0.001727516508762727, 0.0016429703154459822, 0.004639698419863455, 0.01624960020474982, 0.37687102890107377, 0.0002607773949837562, 0.0022272486482522373]
                  , [0.014253197398670127, 0.005752453609871198, 0.0013536607451155684, 0.002269688545230799, 0.05489075943594812, 0.0023393419959249423, 0.002760695294956877, 0.15174814168155681, 0.002671306182519248, 0.5380307840131328, 0.08904498221600021, 0.002408454866462907, 0.0026919767230253345, 0.004443277813315302, 0.0038241307647480156, 0.0064320449863134324, 0.010979552768537027, 0.09336161153349047, 0.004136393772708679, 0.006607545652472242]
                  , [0.05970768578388347, 0.006919168515490227, 0.04448306018697178, 0.07596153160343608, 0.004720823383930518, 0.03646450164772338, 0.04366305348967884, 0.009227432593586445, 0.18938125212473458, 0.020046160018482445, 0.008027860667675949, 0.07787955340083172, 0.009172447048171137, 0.10315840928814905, 0.16281055805943487, 0.07680790423263914, 0.04828294775150499, 0.014337649873872446, 0.0015966735331883783, 0.007351326796614644]
                  , [0.0932535659764154, 0.008752169509011481, 0.05675506665859827, 0.03737825117907224, 0.005202455751118192, 0.0582388336231282, 0.018450271582559817, 0.010355848203596807, 0.03795797514409797, 0.015065316487222544, 0.007911520647076852, 0.12764670544943926, 0.012059887094053196, 0.033713993770448085, 0.02645507975830538, 0.2727407790376847, 0.15210093233900582, 0.018515734347727443, 0.001501912166573061, 0.005943701274865439]
                  , [0.04199093755050659, 0.013895866574870496, 0.01210104632713605, 0.016458916907310425, 0.2332282276160913, 0.014955354891839415, 0.03229842957306135, 0.05879395763547353, 0.018978493263148117, 0.1448136651505774, 0.03451774376593159, 0.02032273242034162, 0.011260250891122278, 0.02149932377360444, 0.021023966572639018, 0.03758590460322866, 0.03351484424685263, 0.05927640001464748, 0.01334899720684698, 0.1601349410147706]
                  , [0.027959418235010646, 0.007683133504790804, 0.001186342537352233, 0.0020642942886460324, 0.02061381725743947, 0.0027920658280209216, 0.0018341242431801244, 0.3516757086082728, 0.002205852629512721, 0.16486152408671867, 0.03451428781859017, 0.002258303030354865, 0.002231729527173824, 0.002706598751762132, 0.0026611116880623444, 0.0065085922566846775, 0.019370346627804038, 0.3401967830619627, 0.0027450850117319145, 0.003930881006928827]
                  , [0.14055478102133565, 0.0028964365794492968, 0.0680125986693156, 0.09665379620094892, 0.004515241941807699, 0.034934583382805244, 0.014274978381335951, 0.009856357939664535, 0.06203152829266303, 0.019044858105109648, 0.00625637532190202, 0.03291428843096663, 0.2439000411811063, 0.048273911302947205, 0.0356727289955578, 0.09689393071980378, 0.05372045045100982, 0.023173550782439028, 0.0015084552786846959, 0.004911107021147104]
                  , [0.023723802564519454, 0.009860023154994017, 0.007491980321371828, 0.018030426671717323, 0.005259855377438004, 0.014669038243720149, 0.029589908817373032, 0.009883488540231817, 0.26201606301298525, 0.02032544496693618, 0.009521859932865993, 0.02663486660221145, 0.0052312318750852025, 0.054966423427046655, 0.4214985675590964, 0.033139973781735874, 0.024329929895965625, 0.01273660833093104, 0.003747014360622475, 0.007343492563152204]
                  , [0.06754101187274364, 0.011371923927416556, 0.043015869456154196, 0.04804009179770257, 0.0705616405547586, 0.03351079517079796, 0.10731689423828736, 0.02671118640447766, 0.045726636059601485, 0.05500717828219899, 0.01894431571937561, 0.061960677221412123, 0.019000587813981305, 0.05221020214987362, 0.05049306210398239, 0.07316955142900738, 0.051905877316704895, 0.0384978962982256, 0.011125828618099716, 0.11388877356519854]
                  , [0.027751989133880012, 0.004318481360112668, 0.011729513877915163, 0.013567620913266352, 0.2541840735896432, 0.011524311167276848, 0.0556700418831083, 0.01873512418965469, 0.014716125572942456, 0.051491260666271625, 0.013942791050178774, 0.01988814586392165, 0.008075659288584652, 0.017852035949995865, 0.017526994233714836, 0.023695452159011348, 0.020138720505591547, 0.023132721724126074, 0.04903633624380803, 0.343022600626996]
                  , [0.02348107256870427, 0.01139228769227232, 0.002820802343760994, 0.004446946326248043, 0.20442541209890222, 0.005106144654770807, 0.008795330041599287, 0.10953917657519159, 0.005385187453946826, 0.3486107402104304, 0.07477822375511997, 0.005614341167498325, 0.0037374972259082515, 0.007639170587337506, 0.006570454328627655, 0.013206801194524163, 0.017273775430397553, 0.08043784839898624, 0.010593683208850962, 0.05614510473692274]
                  , [0.5138808512213022, 0.025353325292665995, 0.0035321324151110487, 0.0047660146361174814, 0.0029210692280096455, 0.06197962212492385, 0.0029231115458790567, 0.006013998532199276, 0.003952062191093262, 0.0072133107317537085, 0.00420989987386416, 0.00756958566295811, 0.005089213403152222, 0.00492231233048327, 0.004310937245968197, 0.26172723553563687, 0.05250437935287304, 0.024013010849332016, 0.000719203732822162, 0.0023987240938543306]
                  , [0.0648316257643663, 0.0010969555789605648, 0.06818336813425843, 0.10627427861371799, 0.008033130548458781, 0.0360032451775154, 0.0333486259184509, 0.01481725735550486, 0.15354349215662996, 0.025191817306842414, 0.0106526574995655, 0.08038924304868274, 0.015000722426623949, 0.09554164732128442, 0.09853867197419137, 0.0803827880248939, 0.06677484406012614, 0.02322175166307837, 0.003348454761980786, 0.01482542266486731]
                  , [0.08024069849273752, 0.001026930035936147, 0.2707381126575975, 0.31624511951005785, 0.0015327193081789861, 0.03093325707219283, 0.009547721370368073, 0.0034924130788080844, 0.04140762422265056, 0.0069991121942683905, 0.002637008774958726, 0.04898940173551303, 0.018462836131617463, 0.05845124724972473, 0.014924426729896663, 0.05029316853758379, 0.03165534094775119, 0.010054581645332952, 0.0005463200549694336, 0.0018219602498557876]
                  , [0.13869401505995074, 0.004941788345373977, 0.011892622102992016, 0.01666926076955978, 0.005097697300992143, 0.02225031688952881, 0.009142996816466601, 0.01019456157223735, 0.014013747440710362, 0.01879509782467478, 0.0059264420894454255, 0.012877280721634122, 0.5428673588339598, 0.017124035803122762, 0.014108192964017253, 0.08693542980763265, 0.039710349417960054, 0.022901056746572893, 0.0015258219822155662, 0.004331927510952836]
                  , [0.07833985454930312, 0.0041482439884008935, 0.03426305028687161, 0.11355078647566691, 0.005160125698889782, 0.016566659461057884, 0.025632764909964717, 0.022146810337643326, 0.17635650077152784, 0.041104783162508055, 0.01749375650647817, 0.03991328093050447, 0.0034703002440752578, 0.12800260657497026, 0.13476340967498004, 0.05750247968759975, 0.05982234234689679, 0.03405086078826675, 0.001107294865805648, 0.0066040887385886765]
                  , [0.045060759140504905, 0.002736645556627263, 0.009241639557582186, 0.006469520975442025, 0.001765405337246055, 0.8535307087798211, 0.002915462689812987, 0.002409401594206173, 0.0055250091854507355, 0.0038895879824076027, 0.001995105750664896, 0.010953722664219243, 0.002640300041168118, 0.004336466620365749, 0.005899723844447797, 0.026335352002181865, 0.0071773409327193635, 0.004816778872494942, 0.0006933332713663046, 0.0016077352012705908]
                  , [0.02042321154491378, 0.0006871105458123534, 0.001555253894856745, 0.0025029766393840996, 0.018403396967765495, 0.0023366538833089812, 0.0015918614662287734, 0.3781994023457605, 0.002701517342360038, 0.18981483685664186, 0.04218872036846086, 0.002395993157795885, 0.0022991470494128164, 0.003134284032987638, 0.002877102785160849, 0.0055800272640995135, 0.015754002993766576, 0.3043569219239875, 0.0006588230746937673, 0.002538755862602344]
                  , [0.027239901176403455, 0.004203470025627952, 0.0019005004194299275, 0.003667265150227915, 0.004523601835658324, 0.0025728722408153463, 0.002003792305616531, 0.36584058586507984, 0.003284106174373409, 0.07154844237925446, 0.013478582775728281, 0.003037311287396806, 0.0026469421524808524, 0.0033975716722579904, 0.003254856129175439, 0.006462927326634814, 0.021938657972741568, 0.4564252675531514, 0.0005306187724428196, 0.0020427267855029183]
                  , [0.009788262735455537, 0.006783221816056892, 0.0025320893778633365, 0.00339293942976392, 0.35652151978219315, 0.003270432157577561, 0.03270446102906769, 0.010079582089453337, 0.0036201120786720446, 0.03492246451979787, 0.0073498312666494545, 0.006023172614663067, 0.0019740089140724724, 0.005148410743895378, 0.005047022892116142, 0.009667432923355906, 0.007236528333411967, 0.012098793160985055, 0.027234826378049706, 0.45460488775689945]
                  , [0.024954568286050978, 0.003374313665455818, 0.4980391332502771, 0.08681653348523949, 0.0035624849427530404, 0.02938930003988616, 0.018420923862755293, 0.005420719072665821, 0.019636450646230808, 0.007688869980906876, 0.003573203317283235, 0.1774399385429213, 0.005032114304733887, 0.018293946374079134, 0.011247094487192967, 0.04934196009395671, 0.02257965531092089, 0.008452100250652248, 0.0011366508036928058, 0.0056000392823453305]
                  , [0.30512893432057414, 0.07050194030987533, 0.006274498807984184, 0.009161135279646076, 0.00903360496183083, 0.03131191298585201, 0.006836651472236015, 0.0391314477903939, 0.008867936396065128, 0.033921782346495656, 0.016348584740184635, 0.01409578020025492, 0.00791218074945797, 0.01056454088732141, 0.009369891117248237, 0.15301136789447073, 0.1363199418065545, 0.12387936890432592, 0.001862368763923525, 0.006466130265305036]
                  , [0.06230131192818329, 0.0011729419367316485, 0.22830960017696042, 0.12812594997695043, 0.003527185368459104, 0.06764334711590757, 0.022283206371875173, 0.005011138022557725, 0.06351920305590221, 0.00942269290137662, 0.003919960682357545, 0.15122940311328598, 0.013705644513528941, 0.049444879965230976, 0.028967375123232046, 0.09418927240905972, 0.04881228911500264, 0.009444353578326745, 0.0012685462963387755, 0.00770169834873212]
                  , [0.06751713043832692, 0.011830238945468743, 0.01005887459849704, 0.008634261313193278, 0.005298339494896463, 0.019137229290859755, 0.0067540613775990445, 0.009984280752819685, 0.010130989500585648, 0.011697713108383677, 0.007454407252474976, 0.03351577272483419, 0.008018529231657126, 0.009184086801028158, 0.009699962479390095, 0.38115023252706204, 0.36618564022132216, 0.017678997954562656, 0.0014429956637668296, 0.0046262563232715975]
                  , [0.07701316281631744, 0.011013523502452615, 0.023571250368272442, 0.04513987148958387, 0.028639004988210703, 0.024295817881383155, 0.02978393856940956, 0.06168495355034207, 0.04392244433024445, 0.17081632758751528, 0.0865881332714532, 0.037139475093854596, 0.014426349411924437, 0.08242970497464322, 0.041594396778402376, 0.06300114885951374, 0.06394248400557384, 0.06875163237733461, 0.005355735018556687, 0.020890645125011698]
                  , [0.016496706572587547, 0.0053863289866115625, 0.003073729504967069, 0.0041057645221558815, 0.4333054906655524, 0.00495985343120422, 0.013885621402280064, 0.037396150997349435, 0.004761859582003613, 0.11755586806372725, 0.028433255532656257, 0.006413969995501073, 0.0030851029238642487, 0.006212372473464578, 0.005692816333879356, 0.012732901321307888, 0.011796553573564267, 0.03272226637158954, 0.025612140609501493, 0.22637124713623222]
                  , [0.09489968708793944, 0.0016031200876206728, 0.11446242372489196, 0.2073362585247731, 0.001955478967450407, 0.029077303322145462, 0.02110665161940646, 0.0054057548795292155, 0.1280428299451961, 0.012869997089517684, 0.004693047041755117, 0.0666842284889797, 0.002232510531322083, 0.10865832421703847, 0.07196435564598098, 0.06834718522584224, 0.045084846690333344, 0.01169001583429549, 0.0005060502882458932, 0.0033799307877360827]
                  , [0.02398253654338816, 0.0010408336003207995, 0.0029569785547726712, 0.005642995970530246, 0.07026723264329732, 0.004265399354073325, 0.004322103923865786, 0.19754675410451386, 0.006725593745019111, 0.3797304626979856, 0.07870891543224336, 0.004483738045364012, 0.004161979683277525, 0.008633905838346778, 0.0077158380408596456, 0.009341233591302348, 0.020981922809815295, 0.144885308067719, 0.006799177882260863, 0.017807089471044337]
                  , [0.058452539610242014, 0.001598799790724948, 0.007795491366723087, 0.01235788875952235, 0.0172630126540544, 0.00944545537074662, 0.005276601931176219, 0.25421739365807317, 0.01371133588785916, 0.1330423880974107, 0.040956277181552744, 0.011626347398093909, 0.009570372047516276, 0.012154861345168072, 0.010479377730533623, 0.025787241891025818, 0.06535407795393543, 0.30035662774622846, 0.0024671158955629257, 0.008086793683850136]
                  , [0.15266201531353127, 0.03345029950480793, 0.002659904581947616, 0.0044441817563445575, 0.00968677993235981, 0.010830574448669274, 0.0030975521699374404, 0.1643102779330605, 0.00448455700368605, 0.07726173768252027, 0.028654462865996842, 0.005920081539341834, 0.004040750154135267, 0.005303937552523654, 0.004503812824949978, 0.03938059947217407, 0.08452851327627815, 0.3599119835766102, 0.0009268956212392238, 0.003941082789886125]
                  , [0.2544419864239523, 0.0017520276056819679, 0.03161749551651889, 0.03380438166670562, 0.006808850188247502, 0.06951915160327801, 0.007118490699841682, 0.01515746349639713, 0.030661293508710948, 0.01855049817367162, 0.008726043867641383, 0.041005617785739766, 0.02213438085240648, 0.025213510525113475, 0.017548591943497636, 0.22953451101225783, 0.13677590282495317, 0.0405719446448344, 0.0022741688505060467, 0.006783688810044378]
                  , [0.282141210302671, 0.006622774314691007, 0.011820047241196587, 0.017013778841517162, 0.010838821449631227, 0.0394346882696691, 0.007411493753923727, 0.05910324642328724, 0.014442810484708761, 0.04492420550975029, 0.022233263892218528, 0.01790536151181851, 0.01646146185272798, 0.01481458067625741, 0.014060857867884975, 0.11602744224168886, 0.1391820197930829, 0.1562801570241751, 0.0024838298716438963, 0.006797948677455839]
                  , [0.2917509718450038, 0.011687292005040128, 0.005445604047046841, 0.006174891754984238, 0.004869448889590115, 0.4841450470764689, 0.0039785572549850216, 0.006615857611600121, 0.005244643879615021, 0.009685113534977401, 0.00553981239834565, 0.009741260445517683, 0.005200901875566792, 0.005889555330321337, 0.006358389781334206, 0.09590541634139217, 0.020957540598113823, 0.016050705785413212, 0.0013836955017702433, 0.003375294042913479]
                  , [0.09526280303631547, 0.002876837242853304, 0.04085829811835589, 0.10533950531704113, 0.010019413249877707, 0.01803620771021505, 0.015870808920828563, 0.07333148068074634, 0.07895054147600465, 0.06153959865199702, 0.022222083045000316, 0.03495211284918737, 0.014899630826420266, 0.0689194115167795, 0.048171413143236155, 0.06674466285928454, 0.11157776400964727, 0.11752731327501384, 0.0025877029000582075, 0.01031241117113738]
                  , [0.03890977756778137, 0.010264295312304174, 0.02509026316150926, 0.033205453180952804, 0.021607212270251603, 0.019754607082131965, 0.2834651505975553, 0.0152117261122622, 0.047312723770371226, 0.035408667629677655, 0.013085692905973773, 0.09694991902181622, 0.00955511721645646, 0.11230464100422391, 0.06766651064683328, 0.055256349811615896, 0.03510810434879735, 0.02068028842061924, 0.004361637964231711, 0.054801861974634596]
                  , [0.044206423588140135, 0.0031467926018147463, 0.10227257005459992, 0.046272687604875996, 0.0032317483199680755, 0.4562782600025329, 0.018207732516514273, 0.004211399432566011, 0.043811369440676894, 0.0076422449889422496, 0.0038279808387021263, 0.12007824797556478, 0.005413028205934547, 0.029218073554441126, 0.02625578464793584, 0.056610053477111406, 0.017133489324605657, 0.007107569877386961, 0.0011711055838699866, 0.0039034379638163215]
                  , [0.09862810009057581, 0.26370919173392143, 0.019121150881144165, 0.02173280536495628, 0.027960925632717668, 0.039325363076662574, 0.023815450126379572, 0.03052217751009692, 0.024708032115302026, 0.04726502875676502, 0.019035723085832658, 0.03783189980315875, 0.01630878474928439, 0.025011441129621316, 0.02987237853028642, 0.12644341342686094, 0.06425720003074639, 0.049899889045929374, 0.007837558064950867, 0.026713486844807732]
                  , [0.04638049138503148, 0.0066676279399402625, 0.012363539461150775, 0.03623778965610486, 0.023572051941078247, 0.013353271602700115, 0.03950163200973783, 0.0439569947571282, 0.1641592596340717, 0.09890246415566456, 0.034649482169965044, 0.02689002805552952, 0.006857327543806323, 0.0768682125661461, 0.2038860921271266, 0.039491148933372154, 0.04458826887506188, 0.047979542068729314, 0.006786068406938122, 0.026908706710716844]
                  , [0.021030101159003195, 0.019441709220623545, 0.008529892652096095, 0.009155968254436722, 0.25374971954122316, 0.009200736749666417, 0.07629867509939671, 0.016402211540974987, 0.010938979694581635, 0.050360009864278826, 0.00966811496192534, 0.022965340871296515, 0.006071232906743871, 0.01575151185938749, 0.014931451437553369, 0.030664344897106205, 0.017710856204274483, 0.020381305160331376, 0.004832756349478008, 0.38191508157562193]
                  , [0.0352599280920853, 0.006003939586025373, 0.0005738857420768828, 0.0008723085663921912, 0.0903433745950662, 0.005923025046889078, 0.0009872703854523935, 0.21896269947447616, 0.000993529615166993, 0.3620820493809583, 0.0650258525060881, 0.0015145346601197355, 0.001681125524493259, 0.001832593611864523, 0.001139919723848687, 0.008403148776664437, 0.019343695425138238, 0.1645017253564476, 0.004875395331663253, 0.009679998599083271]
                  , [0.05925824461458917, 0.008479572526649121, 0.009438004325356934, 0.03548611909072822, 0.011719484352382698, 0.008928952521532767, 0.015293999367984637, 0.14464090992142595, 0.08307400175919458, 0.1293924683694875, 0.04867246474085121, 0.01893672930487533, 0.004527479349922493, 0.052990628219905585, 0.0744260920483717, 0.03907526840084294, 0.08278781068440355, 0.16209231582139505, 0.0018395150085926066, 0.00893993957150801]
                  , [0.07640495860826309, 0.018545277260234787, 0.027545426114526327, 0.03536477316818431, 0.057910883288534304, 0.04268774581213882, 0.038573991512211275, 0.03607715084964964, 0.04060244340946729, 0.08361136350584615, 0.027587463632332866, 0.03657782631743344, 0.025886254768052057, 0.046561494333115315, 0.06112824347971414, 0.0746580776540833, 0.05773730983904039, 0.049839332390555595, 0.10580591003350084, 0.05689407402311603]
                  , [0.13802154102531336, 0.011632623747271791, 0.01014132281637175, 0.016260109394699677, 0.01644152370676332, 0.022482139855925832, 0.011653354272963426, 0.06060875647766044, 0.015618599597598695, 0.07428691070715641, 0.022021185838371603, 0.01591236485830056, 0.2827437540786195, 0.020224436033129987, 0.017334807475071323, 0.0736528062744456, 0.07052081060394512, 0.10621125414937112, 0.003779708399978271, 0.010451990687042246]
                  , [0.14761449564470538, 0.024286892226155186, 0.0031720234059735932, 0.004759464879281442, 0.06700599238176554, 0.034418537436613994, 0.004577455727541195, 0.11827560820140605, 0.005045362323786191, 0.17010877757947496, 0.06081192615130102, 0.008464135248319066, 0.006787696467443904, 0.007182783572385587, 0.005980378830920956, 0.06466920454959531, 0.07821746918134269, 0.16709801727037638, 0.006700071059905619, 0.014823707861705806]
                  , [0.11058435483417933, 0.014487913006572524, 0.00047540785457921676, 0.0006777956589548599, 0.05565985929463381, 0.025209585356814, 0.0006021464340474149, 0.21394746744615994, 0.0006457840535372889, 0.2136454863093435, 0.041516025281727875, 0.0012882262467016432, 0.001982086509756647, 0.001061459165393296, 0.0007571321946902192, 0.025797785536367777, 0.044306095390684266, 0.24292333933743562, 0.0017345613470099394, 0.0026974887414107206]
                  , [0.45973075450786216, 0.02803462422451206, 0.0014789864605243733, 0.002027682395889158, 0.008048387608013177, 0.10806495003964534, 0.00145737330455831, 0.02099712547464006, 0.0016768059649276737, 0.01944476956440005, 0.011893949666941373, 0.004997530176879052, 0.004153086919772572, 0.002736698023942234, 0.0019375977465922328, 0.18525581043348635, 0.07736581144891769, 0.05685815904872688, 0.0010975289450451274, 0.002742368044723888]
                  , [0.027611183349231874, 0.009622647476727461, 0.007933878252164576, 0.01011273598135359, 0.1187133769685341, 0.015288888888543024, 0.0150193336687754, 0.02018982427031908, 0.011984870797681442, 0.05268043581382746, 0.015865121574151052, 0.012194499310840183, 0.00762203731492335, 0.012810585400703489, 0.01674690504297148, 0.026093253402906243, 0.02107406223649815, 0.025165317972523263, 0.4786268169411202, 0.09464422533620466]
                  ]
distribution_weights <- [ 0.0310343325899457, 0.029050564875278198, 0.0276982564389364, 0.025547169205874062, 0.02393127522685547, 0.02329408582803679, 0.023027062213064216, 0.02132063233025664, 0.020785439076212893, 0.02052070750943751, 0.02009782461705605, 0.01959815811006874, 0.019121412085053323, 0.019006809675193848, 0.018620599553967422, 0.018320341240135596, 0.018099158589106813, 0.01806936196254335, 0.01777254172100731, 0.01751010220242911, 0.017380601479287907, 0.016495870875172763, 0.016451175935327567, 0.015875871837833008, 0.015747517138790395, 0.015731472801410067, 0.015706260271240984, 0.015690215933860656, 0.015120641956859068, 0.015051880510943385, 0.015036982197661652, 0.0149613446071544, 0.014922379787802177, 0.014881122920252766, 0.014868516655168225, 0.014837574004506167, 0.014223305087659384, 0.01419350846109592, 0.01412818508747602, 0.014026188942701088, 0.013846263159221711, 0.013631956652784495, 0.013367225086009108, 0.01310936966382529, 0.01252489737354197, 0.01248822460238694, 0.012264749903160963, 0.012223493035611552, 0.012092846288371753, 0.011636728697131043, 0.011625268456145095, 0.01154160869694768, 0.011275731106073699, 0.011079760985213996, 0.01106830074422805, 0.010792108936466717, 0.010309632790958327, 0.010105640501408464, 0.009560133030477366, 0.008323573028093634, 0.008074885798698575, 0.007810154231923189, 0.007685237605176361, 0.005805758083480979 ]
# The number of clusters.
n_clusters <- 64
# The base file name of this file (for reproducability).
fn_distributions = "dists_all_poisson_allsites_clr_064clusters_rb"
