# This script is generated automatically.
# Vector of amino acid stationary distributions.
distributions <- [
                    [0.08164719595766791, 0.005325381597680979, 0.09232210552254161, 0.12138680486363193, 0.007764306670428306, 0.0461353903542457, 0.033061414469806844, 0.015302624325189343, 0.11084653157395087, 0.027735921341042365, 0.011565852889397195, 0.07969274092491306, 0.017466886061484038, 0.08550190045423227, 0.07992878646606016, 0.08549996370120662, 0.059623256580161814, 0.025998718052843425, 0.0026756168355578152, 0.01051860135795757]
                  , [0.23269303957605117, 0.019995608927400897, 0.021928606154944515, 0.02574973511960605, 0.012274240060232526, 0.0952280936707239, 0.014340331460851289, 0.026176382307698365, 0.023652794842686717, 0.03437279195120188, 0.01567070346655691, 0.03511770046717836, 0.030293399194775635, 0.02446626591118136, 0.02345123211895504, 0.18952620749363258, 0.10541858364448237, 0.05579721498708425, 0.0035693600601988157, 0.010277708584557128]
                  , [0.03996369766973379, 0.0072802543032719665, 0.002862490767560949, 0.00501517434987884, 0.03397005929637734, 0.0058729519025117315, 0.003978544903293272, 0.25845243969890014, 0.00566406713509524, 0.2612734478904286, 0.06126619825459586, 0.005162600470024796, 0.004355659125599418, 0.0070858501788532355, 0.0060958330158717, 0.014684198975687696, 0.031341243380672, 0.23551710562583653, 0.0022405803642851566, 0.007917602691521917]
                  , [0.036981817621944656, 0.012349072639694435, 0.011304055586946615, 0.014886498790222639, 0.23818413074466832, 0.013922949876872261, 0.047235794199212505, 0.03909030896809581, 0.017696990016834387, 0.10880429736143814, 0.027709659820202452, 0.021550583930469533, 0.009254905220235374, 0.022048000023555944, 0.022350147992887148, 0.034455634864778824, 0.02870229662819445, 0.043339933579633436, 0.02913360051598404, 0.22099932161812902]
                  ]
distribution_weights <- [ 0.38035393808261, 0.25349709253686187, 0.24925451132386411, 0.11689445805666401 ]
# The number of clusters.
n_clusters <- 4
# The base file name of this file (for reproducability).
fn_distributions = "dists_all_poisson_allsites_clr_004clusters_rb"
