20 A C D E F G H I K L M N P Q R S T V W Y
128
0.046794455993820636 0.0799758519080005 0.0137090754081326 0.0540176026585480 0.0659781035167753 0.0230706871387360 0.0531039915245097 0.0611936622167446 0.0312430680460892 0.0692319567118911 0.0658786121184662 0.0191886169573641 0.0651944797611122 0.0265786374761751 0.0691947474763623 0.0697676086718359 0.0769845488545329 0.0641714312284163 0.0557127653539979 0.0082448345738656 0.0275597183984445
0.029664833792124982 0.1087326006181146 0.0125882745439923 0.0464080039098869 0.0532532680467402 0.0132462033149743 0.0556518550236304 0.0227570301199899 0.0262306918186557 0.0558299255832728 0.0485416801829563 0.0158546751156649 0.0680882917359906 0.0261211633578336 0.0537867856427446 0.0507114667769748 0.1518285866898527 0.1183396217227159 0.0543822207127674 0.0039389551234086 0.0137086999598333
0.028155520054275702 0.0843541047997466 0.0053963068934555 0.1181695493827567 0.1451246696110006 0.0082569159177671 0.0560159060119716 0.0353495267720891 0.0142583162476704 0.0737453368953545 0.0334032318229895 0.0100255654247287 0.0720312183897719 0.0232043778987949 0.0736914857692314 0.0567327157780465 0.0813955582032704 0.0610633949722455 0.0338230088401445 0.0030223418962519 0.0109364684727125
0.022903291610415984 0.0684955736972259 0.0086763969750672 0.0221028028522963 0.0548334068642824 0.0115520045770390 0.0354510996429145 0.0546758755509810 0.0197547807211725 0.1241663827160305 0.0562177939007086 0.0146585804483498 0.0474712738717579 0.0141393260631870 0.0810140516227788 0.2067874449448298 0.0630728184175687 0.0558280234328470 0.0412306827835926 0.0053011300619047 0.0145705508554657
0.022039189440075546 0.0666311486188642 0.0037086118006429 0.0518264095133491 0.0951836813390803 0.0062898303414014 0.0352242539302674 0.0348847801510655 0.0165144623637776 0.1875259906651421 0.0379020542108300 0.0113196810224372 0.0678906626180823 0.0115807925952864 0.0877635067582019 0.1035584804826803 0.0723056679875770 0.0648849114148315 0.0343325773153074 0.0019844744447610 0.0086880224264145
0.020041669436224905 0.2519219289671761 0.0147201729432583 0.0329709250935209 0.0479764874457921 0.0114525874562687 0.0716225734340010 0.0154555369775069 0.0243693112251735 0.0390681685283076 0.0483366497490927 0.0148335769058823 0.0366213196933786 0.0367801422851506 0.0426500872546760 0.0411102160407496 0.1132185641320803 0.0767646350830898 0.0660108131868459 0.0037500553473481 0.0103662482507009
0.01986403570094272 0.0668817143003886 0.0098598679613570 0.0133759077921054 0.0266566355372060 0.0567455582821149 0.0162724063830938 0.0204908046112430 0.0863657965591517 0.0449423562845162 0.2222842826699431 0.0742912519095626 0.0204961877369279 0.0138877815163845 0.0531190774576156 0.0510238402700339 0.0525980889894616 0.0548220682554208 0.0839824746897164 0.0071516730598961 0.0247522257338608
0.01913516437423646 0.0660962045533644 0.0038280118982311 0.2437257276777440 0.1419323686803499 0.0056319685010002 0.0634241694844946 0.0323038755855920 0.0084771538903114 0.0532180985775386 0.0140311091965390 0.0062032639844204 0.1059881556358833 0.0161632508950940 0.0506691010620142 0.0358515993288752 0.0782792206348407 0.0494057485721494 0.0146739093355810 0.0020815060609235 0.0080155564450533
0.018571320517727846 0.0471424779425319 0.0054692032201605 0.0149313133877798 0.0459042357973543 0.0065451930983971 0.0225906020441091 0.0374265277370325 0.0153913185597173 0.2477645112255784 0.0402130661150562 0.0127179925831123 0.0489677657580201 0.0093666815615869 0.0705115477978131 0.2334141245984151 0.0531073086457911 0.0481347052465842 0.0293554749676748 0.0026501344133450 0.0083958152999403
0.0180143528058108 0.1087657965326016 0.0062095375219419 0.0413069207155696 0.0542693385233908 0.0101377261231384 0.0425259234014517 0.0177627077778434 0.0200690948056167 0.0508958017223953 0.0489685085329467 0.0111381145480591 0.0373756387920867 0.2358497665793834 0.0500698906445964 0.0470826419312785 0.0932837759587946 0.0638473578753645 0.0474694007021702 0.0034232166561400 0.0095488406552306
0.01793756919120495 0.0734748031090278 0.0035273971370499 0.1327984621627453 0.2694234311173587 0.0051695246925863 0.0373110923417931 0.0209446714478175 0.0111811968976811 0.0694806988446817 0.0266154895747724 0.0081129440097080 0.0501103259949814 0.0128569462657099 0.0899145068697486 0.0454226997748225 0.0560179640486986 0.0467347329808676 0.0323242305323524 0.0017003946276092 0.0068784875699879
0.01752843858800663 0.1153905633753154 0.0115864447633605 0.0441208580175044 0.0405239396629774 0.0083476817131826 0.0604571416176365 0.0159527308124521 0.0138710820443949 0.0424875804708293 0.0296840830217571 0.0101201390175637 0.0760347174913791 0.0310131350768609 0.0401054641612928 0.0366812980532023 0.2539569916597372 0.1237150080868217 0.0348221007864794 0.0024474137204685 0.0086816264467843
0.01682821786376524 0.0839637802601203 0.0098635076476927 0.0142917010205130 0.0464309394921381 0.0182601114432630 0.0148550799513493 0.0144542739311562 0.1254089572393584 0.0500446651516909 0.0935809252281345 0.0476502135300016 0.0297033588517248 0.0122955192727983 0.0453064666393157 0.0452330464823243 0.0624292431566929 0.1012240676036979 0.1675224975654830 0.0037616812452854 0.0137199642872597
0.016595574971750505 0.1115968648444937 0.0094396763023573 0.0640100041019741 0.0554765998687202 0.0096708514615229 0.2544681261912385 0.0199471374941288 0.0125302226571751 0.0499777628462279 0.0229022399714430 0.0096413753925435 0.0668776093451979 0.0203204966591454 0.0422404969396945 0.0492368935250844 0.1047739557086871 0.0530927581063182 0.0295156975779389 0.0041097001757519 0.0101715308303569
0.016068403886396923 0.0624419275193829 0.0023705638759791 0.2371769354640490 0.3045968768137045 0.0029647016317049 0.0378475932105183 0.0183524589522082 0.0057172095079314 0.0497285433561411 0.0106560238589831 0.0045447825567415 0.0551717398647736 0.0113413111514391 0.0638528228205308 0.0285901716521537 0.0508825145591253 0.0363522420686206 0.0119989863139503 0.0009971853021047 0.0044154095199583
0.014711511353660745 0.0561230919609683 0.0061019131996418 0.0900909682841188 0.0513722985298072 0.0089124331484703 0.0564808354530676 0.0609175304018120 0.0122205443562544 0.0665417182002978 0.0193945549106981 0.0087211822557302 0.2412078966915935 0.0104211005348901 0.0530924984424165 0.0492645015006622 0.1085795631950660 0.0652380987562624 0.0175566507965046 0.0027199245322342 0.0150426948495040
0.014486890630336174 0.0593858203331183 0.0130505432283856 0.0175892116433318 0.0219069412068089 0.1396459387735564 0.0192018198369422 0.0726671457061096 0.0439657572879876 0.0246947929430470 0.0821447170728070 0.0198047087187911 0.0434974558958075 0.0127793557170850 0.0388014268080890 0.0413000101480712 0.0607578272476435 0.0486415722290535 0.0535770870811468 0.0212605156329252 0.1653273524892929
0.013939091111207887 0.0581933583597436 0.0081486472049170 0.0076465404988277 0.0139287913617842 0.0554546818862360 0.0104708815853605 0.0104327883157766 0.1785396564360903 0.0175443047556522 0.2307545408135047 0.0688012971975186 0.0118368227463872 0.0095728981297759 0.0193230577865296 0.0185291915553692 0.0364364523074737 0.0540172739285716 0.1658108501284322 0.0049128504323738 0.0196451145696753
0.013905856412348639 0.0383219810829733 0.0091871364306317 0.0103180322317814 0.0121771624355320 0.2265294500523046 0.0113751798839059 0.0630157900206614 0.0336437335547558 0.0135199590175631 0.0699906954497716 0.0141156474593561 0.0201323725852204 0.0078821626410504 0.0162335331369069 0.0165609912702950 0.0373461541909342 0.0273175531355792 0.0393678524687983 0.0418772390702794 0.2910873738816992
0.013840533038728738 0.0399754548881089 0.0067960994149349 0.0064259303375240 0.0106762632051009 0.0646889275576323 0.0082463483183289 0.0101024681881309 0.1061018634523436 0.0136274600706498 0.4091270288024647 0.0883965009376109 0.0094470939108347 0.0081780144776649 0.0265102042236660 0.0174378977370629 0.0281768703199768 0.0340181627288345 0.0827471651610458 0.0053130240346357 0.0240072222334490
0.01273232773538762 0.0355080583204061 0.0035794240900377 0.0093777633650206 0.0353341389058817 0.0035428842569656 0.0156621505794930 0.0274609515462199 0.0094166086569857 0.3426103880260705 0.0262594780837455 0.0085389925386422 0.0385579267963488 0.0055410514530043 0.0667951805047817 0.2768366360830712 0.0398401534581924 0.0351031694241470 0.0140705839605012 0.0015220337477688 0.0044424262027161
0.01212149689083662 0.2577752072394079 0.0150827905177032 0.0276375852471905 0.0320741480732840 0.0070057214261578 0.0751551915957561 0.0099013777454900 0.0117090688626738 0.0287076606001221 0.0254032769927928 0.0087851212373781 0.0435762891903027 0.0241430670760287 0.0311552424118480 0.0233703064583934 0.2430822687907007 0.0862593895766972 0.0408747356021945 0.0019409121713458 0.0063606391845329
0.011900314239807835 0.0389332096097190 0.0057350962429575 0.0032669320075016 0.0063333669795517 0.0567209499796393 0.0054696080838857 0.0052587097594680 0.1993464935899760 0.0073368518864191 0.3329107816486619 0.0866782294229473 0.0057105588551604 0.0048473419233388 0.0092126202225831 0.0081316547407599 0.0144313678035971 0.0339524581959665 0.1601168163793007 0.0034088123476162 0.0121981403209502
0.011881977854230319 0.1795446338747363 0.0022398903166185 0.0846471275083929 0.1352889610447187 0.0027531918112471 0.0533108073737640 0.0150827135542695 0.0068320200177911 0.0816619048488368 0.0152413840283863 0.0053882403872780 0.0513086050936780 0.0140158165758887 0.0859440808985448 0.0684015937685966 0.0977900606452130 0.0681219607641666 0.0281234558168615 0.0009939490385273 0.0033096026324845
0.011805194239624471 0.0429541889778706 0.0050693282916224 0.0023381220922561 0.0042647113048605 0.0343832417675109 0.0046642454676038 0.0034052994773561 0.2723354326072982 0.0046725473106549 0.2213126863051977 0.0555585961601565 0.0039815405891095 0.0040745178602515 0.0054999865381616 0.0051402400909260 0.0148455657790990 0.0350289042675182 0.2724710766308016 0.0020633841156782 0.0059363843660668
0.011750185082891922 0.0859066008835424 0.0103214857901676 0.0083200650237279 0.0178082763564373 0.0183032887545226 0.0116436165450264 0.0080621944479808 0.1990035394807981 0.0190238922973444 0.0963420401632340 0.0410848841312547 0.0126384146959155 0.0114499013956745 0.0153807822117163 0.0159264206946770 0.0423516552595294 0.0750544111034931 0.2990937831895884 0.0027681421451078 0.0095166054302619
0.011723826528624245 0.0790295199982508 0.0065549872787280 0.0276613423912417 0.0403014601062969 0.0077455488550674 0.0258739757261825 0.0122919351364735 0.0412777753538774 0.0535848707300740 0.0380150627762229 0.0160393189612656 0.0548811662871698 0.0112677345213466 0.0387257727458175 0.0405484455704313 0.1487641344066437 0.2898489515397277 0.0577396420306541 0.0023652133848450 0.0074831421996837
0.011339908455595004 0.0461942782617508 0.0063091135334943 0.0052166886571033 0.0089487417777331 0.0375019376310073 0.0069184464885574 0.0060868511061697 0.2698975143171626 0.0107098664831472 0.1798461803935572 0.0565525944740026 0.0078417522505683 0.0065986862289268 0.0102713334671620 0.0099797646422592 0.0232914410860337 0.0469585642775920 0.2475598458014082 0.0029235221374429 0.0103928769849215
0.01089181303304446 0.0676917293935518 0.0056735296596520 0.0406313534458183 0.0952643938713245 0.0089164512281850 0.0208573800515345 0.0638424278765591 0.0176076276764466 0.0778217027408415 0.0615691695732299 0.0197436304478070 0.0514872780513419 0.0109931329989948 0.2163051394754462 0.0763914121287923 0.0587198365634300 0.0542769832722252 0.0384195246539241 0.0027599891322545 0.0110273077586405
0.01087003857517116 0.0941011547621368 0.0041196796701318 0.0272978364945356 0.0364771620663861 0.0063776324740545 0.0285317428179552 0.0110127222675763 0.0136562075554113 0.0370239667042989 0.0373103040372926 0.0069424058270421 0.0218454952694025 0.4447568744440052 0.0358576006421318 0.0325966579550964 0.0737621439634425 0.0451986525451423 0.0352947324900800 0.0020854357673676 0.0057515922465101
0.010651147972339563 0.0935607640013053 0.0062402935151133 0.0466982597457437 0.0372437633315552 0.0062885662983457 0.4845136249076336 0.0119490934953811 0.0078675951740217 0.0342646255750432 0.0127514501793185 0.0061566383207326 0.0508071434724273 0.0115188308231295 0.0269027573916255 0.0336889099098695 0.0745922674319955 0.0312605776502707 0.0147681434576378 0.0026531175007112 0.0062735778181395
0.010384124357366986 0.2333527310259426 0.0355987633974111 0.0082377232258695 0.0144423094638002 0.0127035537799228 0.0382628463805408 0.0072630203678038 0.0807603787331560 0.0123481199676542 0.0687079330527677 0.0357012897172379 0.0132043382400295 0.0140370378066058 0.0140743158654662 0.0120445865639637 0.0857482330678623 0.1075058482289335 0.1958391836560505 0.0025590932462034 0.0076086942127784
0.010313070863254113 0.0750121615633624 0.0013800161838433 0.0898453775176566 0.2158595430428108 0.0022558415632401 0.0287954480349762 0.0229453043991498 0.0062823524721868 0.1613154942493358 0.0127790713331592 0.0048705203137404 0.0595468259338376 0.0055503089559655 0.1140709702455753 0.0731123825229386 0.0562044272384343 0.0509357604799643 0.0146246371830582 0.0006819163969317 0.0039316403698332
0.010177840019619933 0.0269468075407695 0.0043735671946500 0.0018425802030364 0.0033835625236766 0.0472364607224771 0.0031138731164330 0.0029790831560967 0.2255359141022190 0.0038220939236871 0.3865594648057754 0.0805554493664510 0.0032244943881806 0.0029753193741985 0.0053071629408402 0.0046379681889781 0.0075316567081695 0.0222907112672999 0.1586854724939637 0.0019639859938339 0.0070343719892640
0.01003000291090121 0.0245160308239856 0.0049215064073828 0.0026108267938854 0.0044613998068954 0.0695188774827843 0.0042023942958254 0.0049868154240011 0.1133820749181642 0.0054056464569978 0.5330718351234125 0.0812459541393880 0.0044546022281020 0.0042041244146315 0.0084946758811956 0.0067517632930040 0.0101059974254135 0.0197620863419041 0.0770568915995178 0.0035186631300581 0.0173278340134508
0.009753811103139876 0.0473933836324382 0.0012743810758345 0.3248178699629152 0.3562025420094244 0.0017733138466005 0.0277012430118462 0.0084409109808660 0.0034279092426176 0.0332468879434115 0.0060169494972926 0.0027525430868059 0.0453352065779756 0.0078893555253383 0.0478821195794133 0.0138445216408447 0.0362016500248280 0.0249010274451201 0.0079317381467516 0.0005750969229054 0.0023913498467706
0.00951773013882936 0.0685439698557442 0.0023852534668687 0.0365947946320512 0.0880132549938850 0.0031328228297630 0.0220524816403078 0.0401637954112303 0.0084536049061791 0.1876865947800663 0.0320946081841699 0.0071932101193516 0.0473918523594606 0.0047515380253493 0.1488405140077007 0.1839844079571998 0.0506434522279196 0.0468240606215227 0.0153848890022308 0.0012653129186543 0.0045995820603452
0.009468451102589785 0.0632892949635081 0.0078524448814140 0.0039083880983187 0.0074223219472737 0.0207683490127089 0.0062443721258159 0.0041125883043227 0.2662005578742711 0.0076349818178353 0.0898896490879690 0.0343971042093528 0.0063852228193084 0.0056055761631859 0.0069636416987046 0.0069146267976664 0.0250277752818160 0.0549029506659964 0.3748647939258097 0.0016589842655455 0.0059563760591769
0.009397397608476911 0.0252248273656297 0.0069562333620613 0.0047123227759459 0.0059849781635792 0.3827138093414821 0.0062649290676920 0.0291424583271852 0.0401343469786914 0.0066752022075055 0.1034502505454134 0.0297339647193475 0.0089623276010222 0.0044859261103168 0.0084086811421057 0.0078662091833708 0.0232173270207468 0.0142378447068334 0.0380635315283377 0.0355772917879375 0.2181875380647960
0.009346972548138743 0.4532333546364795 0.0321639535343849 0.0100054579364738 0.0229599173092843 0.0064683097743105 0.0727686456126403 0.0064405606876368 0.0227484548418674 0.0120424068899589 0.0283513718334169 0.0090201527534823 0.0137126553509054 0.0125027980236905 0.0121235310729899 0.0115043780971010 0.1377034647016110 0.0672996394295367 0.0620458517193103 0.0017048806547604 0.0052002151401593
0.009093701222349303 0.0753089659384516 0.0036222882473789 0.0299926251991192 0.0211629341937065 0.0035813630020152 0.6700914368161563 0.0063105542048931 0.0046514612488248 0.0187388861790949 0.0072490838087169 0.0036993190698932 0.0326715402214401 0.0063632185919278 0.0134657554278780 0.0181787430328105 0.0511232914345162 0.0194355283642453 0.0094049126182849 0.0015011859546866 0.0034469064459599
0.009034107969222377 0.0277221204018672 0.0042254366816271 0.0023298831613940 0.0037841985226605 0.0209652051782073 0.0033807062313863 0.0027917825304470 0.3988275518330444 0.0045208350422626 0.1211983234944783 0.0364438472678528 0.0038412546939731 0.0029852803183571 0.0041621270912521 0.0041311061210771 0.0107054406677597 0.0302250317740355 0.3120440296266783 0.0012713944580243 0.0044444449036152
0.008760208209658232 0.0303013716833187 0.0040926401551213 0.0012298958857583 0.0022196791112418 0.0324145972681242 0.0027830295258245 0.0019185170503590 0.3100810920866273 0.0024464338457899 0.2501223090959144 0.0540315956896110 0.0024029336340058 0.0021832208635079 0.0030573092977500 0.0027036085328320 0.0064615867106579 0.0231782688514478 0.2632033995912380 0.0012565688472621 0.0039119422736082
0.008689154715545358 0.0427666063147223 0.0022639182689063 0.4093885818384391 0.1459646487652299 0.0030187450468898 0.0452428667688281 0.0234232540821547 0.0046311383461755 0.0362318975676154 0.0073921236830644 0.0035486553317592 0.1123146901783791 0.0078570201542998 0.0348363690737757 0.0200717547336769 0.0550321302043247 0.0323050927782849 0.0083968356040148 0.0010056362530567 0.0043080350064029
0.008591742667164805 0.0459296847387552 0.0108609514180667 0.0069302536535384 0.0093359121576680 0.2391721210389173 0.0105676455831779 0.0270854369926909 0.0754206011621686 0.0105157797614713 0.1837063781546866 0.0546537158609879 0.0119200205906641 0.0073349411779882 0.0135708181118906 0.0126443099057078 0.0374483866375910 0.0338822566744107 0.0703807013728062 0.0174777871743112 0.1211622978325013
0.008513813028460363 0.0280078402242761 0.0030143858304803 0.0011110274627706 0.0018768985022320 0.0185038422613049 0.0022517020526414 0.0014185288837432 0.3666277421243193 0.0021126230301256 0.1487901791576766 0.0332092090702631 0.0020350286378846 0.0018825630409513 0.0022598484393298 0.0021457180826035 0.0054108381583671 0.0218913611254523 0.3541270403876445 0.0007051951822366 0.0026184283456970
0.008424423148769972 0.0218771645997333 0.0056184988188764 0.0054984928218074 0.0063642931913775 0.2195635227340132 0.0059760406116884 0.0770117357565333 0.0122630189520603 0.0072402715876545 0.0406972454098623 0.0076225578559568 0.0200535823694514 0.0038738416973930 0.0096197129031140 0.0098900165184731 0.0229887244911452 0.0117369689942590 0.0213295579969094 0.0354575818485428 0.4553171708411488
0.008402648690896672 0.0152384710479802 0.0044222827472463 0.0029454149107064 0.0036577631733849 0.4018964373218955 0.0036798583268747 0.0288515355369516 0.0213194981025412 0.0040852490654200 0.0574744916599875 0.0151091213356712 0.0059096891494125 0.0024208359079492 0.0051179607084311 0.0048950461308003 0.0147824218597442 0.0078829648008401 0.0219531505478946 0.0335580758241800 0.3447997318420887
0.008380874233023371 0.0182211123561639 0.0033592335051768 0.0012637748777699 0.0022511441917998 0.0479209031308518 0.0021879537953659 0.0022379752227417 0.1589459613433132 0.0025756777052086 0.5306781552265757 0.0953886553355108 0.0024595644689020 0.0020420713392412 0.0042801801390706 0.0031204517402339 0.0056703657685653 0.0154537715101927 0.0949198329469912 0.0015347065025978 0.0054885088937271
0.008190634232656644 0.0851610904530674 0.0127286434775674 0.0293714768682261 0.0204740971184585 0.0056246045853762 0.0434557768849599 0.0084238099450001 0.0093746855748382 0.0245753664511155 0.0133806347082811 0.0068979386806719 0.0526444240289647 0.0188431637252080 0.0152738369608803 0.0191556417383408 0.3785992026239540 0.2242324307364305 0.0249410339994851 0.0016093177226787 0.0052328237164957
0.007702427966655283 0.0425220100459610 0.0073015462476775 0.0310302706280056 0.0303606262968812 0.0425544836874808 0.0142972247642929 0.2889647371329692 0.0116282473868444 0.0419547601588119 0.0405699584819040 0.0092271236015793 0.0904386560933486 0.0075084767358088 0.0751228755919021 0.0606172110598571 0.0506648240750432 0.0355067263958553 0.0163939099249191 0.0044161629871881 0.0989201687036698
0.0075568829061337505 0.0431838581485165 0.0024187126388467 0.2520802879757377 0.0673502191108189 0.0038372471445759 0.0567650235683726 0.0357035338249530 0.0055842699016299 0.0505431182232211 0.0080378120762502 0.0036965126599572 0.2574483592424462 0.0064494801196692 0.0348900571327491 0.0253192577167045 0.0861903206899555 0.0438818624893408 0.0083032638954688 0.0013857606593944 0.0069310427813917
0.007509895918091366 0.0232994975950312 0.0023750513317812 0.0045902589462038 0.0206572868326730 0.0022586179148138 0.0091116715083948 0.0213027514550130 0.0057427748178032 0.3714731618589999 0.0175370031081142 0.0054200641361284 0.0262328210158603 0.0032031339990536 0.0496020498262881 0.3760031175018102 0.0264990103806070 0.0230640516033932 0.0075906568999792 0.0010491527198851 0.0029878665481666
0.007112225555878989 0.0572496668274994 0.0111211593191877 0.0018629871040391 0.0033264411923644 0.0158951707371458 0.0038157130881925 0.0021694398069865 0.2664697659506886 0.0032347555035391 0.0843812562787218 0.0271888422562790 0.0032402362965130 0.0028952241312481 0.0036058375146658 0.0032926293626107 0.0161539834157400 0.0408758567030480 0.4490063560427018 0.0009731865537544 0.0032414919150742
0.006962096398963077 0.2620474161084381 0.0121216558376970 0.0234578726436836 0.0235242050505080 0.0061196510297269 0.3228761869426269 0.0069061345206355 0.0088410639690003 0.0136163056328725 0.0206537757173527 0.0066374254791577 0.0315625947028998 0.0126595794860177 0.0138864846849728 0.0136754676144916 0.1364276378870387 0.0462586646666905 0.0318235579838579 0.0020087636852931 0.0048955563570387
0.006925423627808045 0.0237685041595534 0.0032886994865167 0.0013432791165248 0.0023744143546244 0.0114689325214399 0.0020658047767773 0.0014822484486464 0.3911171136758390 0.0026241675875093 0.0611788930584155 0.0182246298931499 0.0023746145297145 0.0018473582891543 0.0024576371464230 0.0023370938021996 0.0058988682487634 0.0221224188053438 0.4412683503435206 0.0005873452556510 0.0021696265002329
0.006873852543371282 0.0185019040348736 0.0031297949379075 0.0009575545231773 0.0016387505307332 0.0347033514616068 0.0017839747541804 0.0015184537090682 0.2698552771313744 0.0018380918886479 0.4080722027194834 0.0637868726228396 0.0017573972293960 0.0015642323109669 0.0027721736020933 0.0022354365233039 0.0040905182544710 0.0146225812842813 0.1624359192284925 0.0009850712750902 0.0037504419780125
0.006731745555145534 0.2881646698433826 0.0354925472544090 0.0082172262791326 0.0087790059698267 0.0045601179296693 0.0688040380006818 0.0048593976781189 0.0074280818926664 0.0077943359616412 0.0112608567965392 0.0058236563548064 0.0287635520403892 0.0088696947507727 0.0106357928695466 0.0071278400596819 0.3753505198351905 0.0835967983343906 0.0295870602323535 0.0011641603832635 0.0037206475335372
0.0067305995310469385 0.0309050340081883 0.0069055777585383 0.0026333957895514 0.0038526166411969 0.2512596093229145 0.0055288352641632 0.0069570077663466 0.0946688398458691 0.0047056246613377 0.3084623899759301 0.0693684932237020 0.0050140561746535 0.0035916363729447 0.0062928042174985 0.0055977152365742 0.0135951081046320 0.0218384192017859 0.0741189212970360 0.0145545724766395 0.0701493426604975
0.006628603386272007 0.2408813094741667 0.0266689528800541 0.0077272421750798 0.0113970959528152 0.0063302819860892 0.0414670625903642 0.0053801886647530 0.0330059966598786 0.0104869845480576 0.0316235985371184 0.0134866485525039 0.0309086379850026 0.0128015132063795 0.0117460562341577 0.0086592448888423 0.1970034503760813 0.2325119253046740 0.0717714315572793 0.0015636620249133 0.0045787164017896
0.006516293024609722 0.5312630024230457 0.0292221906491594 0.0042260757116073 0.0062395136216944 0.0035698575203443 0.0594825500073223 0.0031682189357906 0.0094914148016312 0.0049252928897736 0.0143285455695666 0.0051068568156922 0.0079797785293749 0.0070725936210378 0.0056317909390049 0.0049779600196229 0.2028437170091088 0.0583001367106890 0.0383808867206346 0.0009166860862990 0.0028729314186007
0.006468160012468742 0.0968576185740015 0.0025334364517435 0.0139625942723001 0.0210070373837689 0.0033964211303652 0.0193672352660348 0.0054374152401719 0.0075663585030602 0.0186096130613415 0.0205521870037118 0.0038890215085136 0.0075091175415324 0.6298776102942111 0.0181968300322810 0.0156262850605555 0.0588372744708477 0.0299690852017177 0.0229170496403303 0.0010338485411036 0.0028539608224077
0.00643607133770809 0.0369791083561440 0.0052634196223366 0.0079103569892947 0.0251614686642069 0.0049440977386685 0.0192597857583503 0.0418057664549488 0.0095531166019213 0.1428907847635528 0.0326441074673101 0.0078780686768174 0.0291651734384235 0.0056029468758167 0.0606760652314427 0.4802995154358959 0.0368833870417315 0.0298451610941405 0.0141378233185213 0.0025315311803963 0.0065683152900801
0.006001728204340681 0.0454642461847699 0.0025870374344927 0.0156343697881852 0.0112120218342118 0.0017895298660911 0.8191779522758794 0.0031645646972600 0.0025140199797079 0.0102251945776345 0.0039354199070415 0.0021294109550188 0.0170942947925832 0.0027960746533368 0.0051987142244468 0.0103825041148903 0.0290889006646840 0.0097664406644393 0.0053367312385087 0.0007976472624523 0.0017049248843657
0.005966201457284243 0.0187022604783774 0.0022635155307641 0.0007011776344077 0.0011568297487033 0.0237626939552413 0.0014110740651997 0.0010595607928870 0.3744618246795872 0.0011976947582626 0.2539250905760270 0.0448081743137781 0.0012974308164704 0.0010955529333296 0.0016330345464281 0.0014335755674978 0.0032141100250343 0.0136099011821652 0.2511757895033577 0.0006459461290198 0.0024447627634616
0.005835554710044443 0.0196010286436546 0.0022608119005688 0.0006988092034640 0.0011625114092951 0.0103054168578310 0.0012510776283823 0.0008172158883356 0.3854287424387740 0.0011291003129241 0.0928974336373736 0.0178526858741042 0.0011663966100633 0.0009608347426697 0.0012613645442618 0.0012978403356221 0.0028465846240543 0.0139918705220315 0.4433352781180885 0.0003384381874921 0.0013965585210093
0.005552486757691541 0.0546551689378684 0.0058364918707618 0.0198588805755870 0.0135759648452327 0.0034995335113317 0.0212515235403061 0.0048217956582766 0.0104712333743945 0.0185112345792582 0.0136176711758817 0.0058287453348841 0.0398418901317422 0.0058905992832882 0.0086416528094611 0.0092504289525414 0.2832364705275791 0.4528235997596600 0.0241504697664578 0.0010503646842142 0.0031862806812734
0.005534150372114025 0.0102896493366154 0.0038876240474601 0.0020229414064208 0.0026245964134141 0.2853536949670258 0.0025006512000605 0.0363953651610763 0.0098144975297594 0.0028375427196415 0.0268249648211016 0.0045003030840210 0.0053672094423158 0.0015235687641306 0.0038765070183300 0.0034976799884721 0.0111347578151083 0.0056812570688863 0.0124689593300451 0.0207139783809762 0.5486842515051392
0.005514667962437914 0.1887847966247585 0.0008010107211627 0.1271031844660083 0.2476476452912427 0.0012578570499806 0.0366779017692028 0.0074104695313700 0.0035123552123533 0.0813679961776353 0.0071691122433978 0.0025224897250706 0.0399923059415644 0.0063126578111749 0.0845178423499055 0.0431884674973939 0.0647771585720114 0.0432224831072514 0.0118812583386450 0.0004303553117860 0.0014226522580848
0.005500915673254777 0.3388389517315840 0.0428878963232432 0.0032317552086129 0.0053043563540623 0.0075795887901749 0.0362335117615724 0.0032613485225099 0.0694751134610372 0.0045768000749934 0.0481416462128098 0.0240721596736528 0.0056463434280027 0.0057700375170530 0.0053358901418609 0.0048907225416518 0.0717649731122396 0.0905840291523904 0.2275094901811959 0.0012041694744311 0.0036912163369218
0.005409233745367198 0.0637723864904405 0.0044370260892590 0.0665148691206459 0.0312357127463808 0.0038547567690944 0.0546215882232222 0.0241354618333819 0.0063150771048177 0.0393237801963001 0.0085879599127570 0.0046788927289602 0.2339680793785670 0.0059182912276019 0.0335753476118835 0.0253087688804846 0.2625872220862582 0.1149857468741960 0.0106749867991610 0.0011167277678257 0.0043873181587625
0.005371414950113571 0.0117806295703252 0.0027075327526781 0.0011015109785942 0.0016989318698520 0.0507515822195868 0.0017199992006071 0.0021672255907289 0.0758469950049785 0.0021817220353232 0.6888164946453915 0.0850174117722086 0.0018828594718345 0.0017801710219257 0.0038827001876224 0.0025318308470269 0.0052099452799003 0.0105744041937597 0.0440830698425472 0.0014395092471845 0.0048254742679246
0.005359954709127624 0.0483219475977975 0.0013152558714846 0.1312057744973363 0.5147549610747286 0.0020380578693524 0.0216390745615799 0.0081579235212208 0.0043480321784310 0.0481835502381546 0.0078880076910643 0.0035917548933736 0.0260581147236890 0.0039930947728566 0.0864083874801933 0.0219899893752833 0.0271132726525404 0.0237809212905649 0.0160374394237779 0.0006436349943180 0.0025308052922531
0.0051662766364651115 0.0516162992727211 0.0028251021027698 0.1368090398880599 0.0643190900693861 0.0033429695247184 0.2835982669348026 0.0280491431333201 0.0042004196685948 0.0570577462060750 0.0074876700982530 0.0038623580772009 0.1525291066126888 0.0060763056026542 0.0417052528474160 0.0373476479973531 0.0761529920544686 0.0302925690981863 0.0070009472525450 0.0012815142512787 0.0044455593075078
0.004830491575576851 0.0138918140448261 0.0019686056356409 0.0006768111028033 0.0010640883404739 0.0465718602985464 0.0014127470995666 0.0009639716207792 0.1676523337270110 0.0011730912642998 0.5713770514007314 0.0772199714359641 0.0012937171760735 0.0010389485591861 0.0021269207023314 0.0013264309120426 0.0033701762220028 0.0104876721580582 0.0923393188499794 0.0008681382371061 0.0031763312125773
0.004751415912773814 0.2372272569824451 0.0044649963849633 0.0220431159956976 0.0297514059419662 0.0044896928154797 0.0436242399901561 0.0072432528100532 0.0102267932584786 0.0233119259679947 0.0243019193952615 0.0055073256088005 0.0210219613092319 0.2889962879944882 0.0264264317935728 0.0189291878174589 0.1242960469609832 0.0618134389257291 0.0410046818740989 0.0015126788811131 0.0038073592920273
0.00474797784047803 0.0250444895358951 0.0040316349504803 0.0025554361412740 0.0043557718624971 0.0502667829820787 0.0039389600437886 0.0039556790761699 0.0799176776278100 0.0055865627909608 0.4951316425016725 0.1985849989131624 0.0043733718828689 0.0029067096333006 0.0162375393924841 0.0059503849655190 0.0138346744128970 0.0210408669866210 0.0516706404366851 0.0023912967471375 0.0082248791166976
0.004553153743716923 0.4552032270480611 0.0225837002496566 0.0041298025667011 0.0051290883159377 0.0042648571947941 0.2511226815896074 0.0028210460506480 0.0117863347600167 0.0039584597403141 0.0170521074795962 0.0057345789223907 0.0070249240407332 0.0059766336755912 0.0047974098652641 0.0041916660043811 0.1232505769566683 0.0361790347623312 0.0311471218992812 0.0010517279513434 0.0025950209266825
0.00440990073139258 0.0589311950923786 0.0011424420554483 0.0309183935819516 0.0880398540253712 0.0020424084149039 0.0218408814975508 0.0167030816029932 0.0062492130744558 0.3885691823575824 0.0141058044885357 0.0046339562297599 0.0504293068500441 0.0039806552947275 0.0997128245190326 0.0967680048843145 0.0431209215278323 0.0495206022302659 0.0199389098870669 0.0007461645526671 0.0026061978331178
0.004116518562152325 0.1645503468867144 0.0309438317336718 0.0017249430965625 0.0026076922650819 0.0499683563439656 0.0394444299949169 0.0020984817305874 0.1293513008411687 0.0025915839048959 0.1741267463932416 0.0535720643414430 0.0038719675626347 0.0038922270718046 0.0038020198369615 0.0030508094270147 0.0521295340248956 0.0711172797969939 0.2032664517759783 0.0026024890552813 0.0052874439161856
0.004053487236729614 0.0395776568976311 0.0061964930763933 0.0008704223424203 0.0011693129777253 0.1636272026844364 0.0060024095816071 0.0014876863379252 0.1914295172824323 0.0014738710403146 0.3121307045933976 0.0564377158973303 0.0018424521391388 0.0019830220983473 0.0020307608284672 0.0016605638104206 0.0144638751996378 0.0223019145753049 0.1458759893117165 0.0052766080995065 0.0241618212258467
0.004050049164433829 0.6487670795248064 0.0191208953186278 0.0015777898569846 0.0021475241422781 0.0019376046819971 0.0726764771917494 0.0012615694538411 0.0065089211891349 0.0018194844832138 0.0070987826799507 0.0030471870266294 0.0030016414643558 0.0033568198474704 0.0022828094595107 0.0019065531465851 0.1603574386906689 0.0363591469456818 0.0249862873204239 0.0004606668897025 0.0013253206863876
0.003928570609982787 0.0824299492502253 0.0121623153165823 0.0048694229315565 0.0096643248322311 0.0072252597526510 0.0084434735083672 0.0046512474521677 0.1347215112098751 0.0109553573220344 0.0565446116655776 0.0352620717111738 0.0208125804751262 0.0050247002309388 0.0104182305047176 0.0087786388352337 0.0662624351485938 0.2805514270506384 0.2350193488326136 0.0014651277784997 0.0047379661911956
0.0038987739834193233 0.0380378577368831 0.0015953448379958 0.0059017941977271 0.0029830245819517 0.0010445898819300 0.8938759297841252 0.0013413286536630 0.0014941439264438 0.0026667358225710 0.0021348669344217 0.0012389555929285 0.0081999035344651 0.0011254855198557 0.0020132055444003 0.0044061008692712 0.0211868551152344 0.0055135752904428 0.0039418910731248 0.0004056202233683 0.0008927908791957
0.0038896057906305653 0.1760567804462684 0.0308723265188020 0.0020556551988315 0.0031586475384918 0.0069177192083338 0.0117268800332863 0.0021970294511474 0.1271684115998402 0.0030200599237937 0.0558155241036796 0.0229499738722197 0.0034114256894459 0.0036026919796555 0.0032724013282197 0.0032233384956843 0.0312104348336417 0.0731065776681399 0.4369593812894712 0.0007412052802097 0.0025335355408376
0.003681029404686322 0.0573081040002274 0.0080815674651443 0.0059460444789963 0.0108400051615954 0.0403253400253109 0.0100057959948986 0.0085825864693621 0.0854271853879265 0.0281035173358845 0.2168114628725396 0.2688099570828750 0.0124580128997127 0.0048429911539706 0.0420725171644870 0.0256349176688606 0.0390507440825045 0.0556432566898976 0.0669805316164346 0.0030836113308797 0.0099918511184920
0.0036420645853341006 0.1327167574839484 0.0015817731106901 0.1078891666284459 0.1558726973700893 0.0024246695733269 0.0359289801841024 0.0085978480817947 0.0049808461130403 0.0664153036542469 0.0102897602631430 0.0033791288155098 0.0353754125914854 0.2150584253938451 0.0482218779383841 0.0327519973672702 0.0721460992849604 0.0416793508149293 0.0210200276633583 0.0008703036123004 0.0027995740551288
0.0036374804889397214 0.0515229374145718 0.0114373836056127 0.0129303425044457 0.0154033643179988 0.0961017829289088 0.0250260167431819 0.0260836589201461 0.0353727313156211 0.0191976731258718 0.0755209356866513 0.0199604213799738 0.0183693191398329 0.0122849403959106 0.0205327395541742 0.0443790562853723 0.0492641277744318 0.0404914965490326 0.0448146602239858 0.2879537271598230 0.0933526849744531
0.0035572588020380894 0.0111903515521499 0.0020763443440127 0.0007849596901915 0.0013119442659170 0.0131743942253998 0.0011579555974893 0.0010706634393489 0.5702138637911972 0.0014387736152892 0.0910109942496295 0.0244850297798752 0.0015703248056438 0.0010110004435310 0.0015320294886594 0.0014200084716806 0.0031196855043572 0.0131872245407861 0.2580827882329292 0.0003933682862141 0.0017682956756984
0.0032535624159104816 0.2077447380625794 0.0099176877596682 0.0047003646503433 0.0045561169619718 0.0026810772531335 0.6182436962207630 0.0024239967259518 0.0038050204612457 0.0035111845350206 0.0066911256788995 0.0032787882229436 0.0113116588693888 0.0034846263461930 0.0038504796467544 0.0043256807603086 0.0751830209163045 0.0179384928580172 0.0134448171952149 0.0008196364612716 0.0020877904140267
0.0032409561508259395 0.0568119045049622 0.0115728670745621 0.0009719025513464 0.0014752960731772 0.0081591672705649 0.0022412234628134 0.0010363153642821 0.2165808845267436 0.0014191663849504 0.0535739254570437 0.0172768814928533 0.0016698989710889 0.0014176887876408 0.0015187113113413 0.0015892389263033 0.0094797237700574 0.0277537389117819 0.5836185414615536 0.0004369224453395 0.0013960012515938
0.0032352260303329656 0.0295163979497094 0.0007162570116626 0.3611274929873212 0.4594398422647522 0.0009437911322703 0.0171823845406366 0.0039159551238672 0.0017882136944851 0.0176334677765474 0.0030609526897760 0.0015515260270323 0.0257667005113268 0.0026449361399759 0.0307264099493892 0.0035574111065452 0.0207866014746125 0.0137750783172706 0.0044413898211720 0.0002919953811431 0.0011331961005046
0.0031859469940933916 0.0175411003757193 0.0038223312975774 0.0006012325430799 0.0008962197131500 0.0045077075572053 0.0008644045293542 0.0006321306234164 0.3203939587478071 0.0009773019142635 0.0366592755164588 0.0083282568782261 0.0009243071345104 0.0006621541950571 0.0009573961650255 0.0009625236485817 0.0023965470715114 0.0113893274181299 0.5865419925947162 0.0001975843875242 0.0007442476886854
0.0031183315722763017 0.0162405579617606 0.0036378176575397 0.0012731050233682 0.0016626912852946 0.2730006420065410 0.0024796429525936 0.0025326102837469 0.0642855347265374 0.0018779025449476 0.4621645745949673 0.0715469455682211 0.0023475675015853 0.0017473960569476 0.0030048481430681 0.0023911396615982 0.0065912226397593 0.0113861497718449 0.0392822232049188 0.0036909879883363 0.0288564404264236
0.0030289416925859116 0.0227012842850824 0.0015048173899060 0.4167346510328213 0.0406799749037139 0.0021562216906386 0.0372219000304375 0.0207330267607942 0.0031914738096397 0.0250953661294022 0.0044201266999690 0.0021908217705942 0.3040786306122155 0.0030254312413077 0.0175578775253492 0.0126645716682440 0.0521731773371072 0.0251209855656034 0.0047067825503030 0.0007584863520309 0.0032843926448399
0.003022065547994343 0.0154977673576064 0.0049852097128720 0.0017439936139139 0.0022230289047060 0.5830611810859816 0.0031906069351569 0.0045462320035886 0.0392870372527452 0.0026476059160939 0.1413438066893503 0.0286508599618217 0.0032719687230572 0.0019973037507278 0.0031224292972839 0.0030235230172709 0.0137826272265102 0.0092029248195386 0.0321021938920350 0.0136393279140865 0.0926803719256533
0.0030197734997971537 0.0203392632137855 0.0014565650510811 0.6468401452710180 0.0934712156469881 0.0017210536852479 0.0218011061566030 0.0141640222567275 0.0026474681464500 0.0154215374765013 0.0038429145254101 0.0018999931667417 0.0971976631383777 0.0029870800751700 0.0162839924406695 0.0057536809271416 0.0304875244371963 0.0163679577894217 0.0043598495222902 0.0005504570414839 0.0024065100316949
0.0029739325358533637 0.0079553602890557 0.0022336426703045 0.0012843057326355 0.0016787705378006 0.5897367842348832 0.0017253936151403 0.0129204491997441 0.0125950710469735 0.0017720649302041 0.0446556339050815 0.0110177582672675 0.0025262460598069 0.0010239251966968 0.0023058281755481 0.0019699644315050 0.0073406424883619 0.0035920339858981 0.0126296173660484 0.0163837691038667 0.2646527387631776
0.0029395518128955216 0.3630598556204923 0.0226348051827215 0.0023898667272009 0.0028113162023755 0.0022814530236130 0.0445398521281203 0.0019803746671958 0.0037453632376129 0.0024393256141796 0.0050433540405214 0.0029773674029783 0.0110766297487322 0.0032138283561841 0.0036295153291321 0.0026194954007876 0.4531512457924042 0.0528957915260262 0.0172002191361107 0.0005666116151284 0.0017437292484830
