# This script is generated automatically.
# Vector of amino acid stationary distributions.
distributions <- [
                    [0.07655965084117049, 0.006194640026304447, 0.1371102298357561, 0.22784802511843333, 0.008597344693113943, 0.03626111230288003, 0.023756718122335926, 0.016213210591852874, 0.07198468708533694, 0.026287281214832623, 0.011070960312146801, 0.05367211267631663, 0.027104570583853023, 0.078136943405953, 0.04293182097317106, 0.06487651278696266, 0.04956134962681255, 0.02786326884837565, 0.0032383979441122446, 0.010731163010279736]
                  , [0.08035914204411965, 0.007609423273081299, 0.05709860470080698, 0.11077524835692108, 0.014275488371841564, 0.03314589814283643, 0.036428214563692066, 0.02511027383762709, 0.10838920175444383, 0.04942727159756174, 0.018967813754487653, 0.04934544407379933, 0.021125065139370746, 0.1134475712271536, 0.08802579617167298, 0.06800714381558352, 0.05898168594566057, 0.037741514408174026, 0.004844575509475721, 0.01689462331169022]
                  , [0.04758163199634449, 0.007844630139100655, 0.030353010480526126, 0.06637603523312051, 0.006854324842260518, 0.024747855201357458, 0.028573075696522243, 0.016524060267827535, 0.24280574597079765, 0.03031529163296454, 0.013490676602708076, 0.047886213443192514, 0.015142536950277811, 0.08719802741630081, 0.20257093664612758, 0.054468583390209845, 0.04442277011500289, 0.021664283738278747, 0.0025280474298604748, 0.008652262807219304]
                  , [0.04695998121083909, 0.005794712131701825, 0.3009773216879492, 0.19379792944028867, 0.007056494570175583, 0.05293413375250711, 0.02234655415255978, 0.009498109370786146, 0.04223319583406782, 0.01573797001147493, 0.0068790205843419225, 0.09617320563496344, 0.015187093809246278, 0.041475639345638665, 0.02431600400506908, 0.05641560613674043, 0.032984330860161046, 0.01627464203791128, 0.002892216891977291, 0.010065838531600263]
                  , [0.1445101105650514, 0.012267828402964333, 0.05517025043511145, 0.06245874985452682, 0.017982106733273332, 0.07666205618702929, 0.023756818145407605, 0.02781790931484761, 0.04692701060524829, 0.04308576425539132, 0.015594178305387113, 0.049999995992004935, 0.04606810895519243, 0.045029455490687466, 0.045351719305042705, 0.12747996454670948, 0.08416188480231711, 0.04957456410396303, 0.008008558453561269, 0.018092965546283177]
                  , [0.06706875682538353, 0.010650016034611843, 0.1307105796616579, 0.07855112723185209, 0.016724094549753037, 0.05914891461019415, 0.039385974940426886, 0.02061475232933215, 0.05489690607576539, 0.031354887899907105, 0.013364017114632823, 0.15202367988494656, 0.02194365450416503, 0.04579902141789495, 0.04131798874801676, 0.09773547379913865, 0.0616193935194287, 0.029230686452255714, 0.0056593615194245155, 0.02220071288121212]
                  , [0.0991699291493173, 0.012683162947022368, 0.057107579752337274, 0.04902654114093315, 0.011554372946358379, 0.32598543552556286, 0.02339171430049107, 0.014375289033267001, 0.0418281421195536, 0.02363730108483043, 0.010684044056926618, 0.06064012606795912, 0.019923692207214395, 0.033533660214698724, 0.04113594949097736, 0.09170696144518757, 0.041660510553207616, 0.024332987477050125, 0.0051469285373225895, 0.012475671949782432]
                  , [0.054984053318290545, 0.009919545879945313, 0.0059661222181118965, 0.011317906294204285, 0.015373355661920817, 0.008272116723385209, 0.005740988616870458, 0.26958541750983744, 0.010968602347587748, 0.12216746639048742, 0.03251231303119795, 0.008520900283239964, 0.008665483389423623, 0.010692474881682566, 0.010408764560737211, 0.020421623338998923, 0.048008998279240434, 0.3376092019588852, 0.0021527574727140284, 0.00671190784323898]
                  , [0.06277664592538211, 0.012542944022439228, 0.030466101372607766, 0.04982312340830006, 0.015222994331443284, 0.038398027686078626, 0.036021300373886574, 0.02142986054703818, 0.14359686158435006, 0.04278406926311097, 0.015849681789972064, 0.04056171271368824, 0.026028186600302514, 0.07137670906917178, 0.2189307674480771, 0.0631345195521185, 0.05130493969964054, 0.03158917367703806, 0.009936386499345055, 0.01822599443600913]
                  , [0.031064576740996507, 0.007847925384820955, 0.003530044783922638, 0.006995204035690585, 0.03753328428265648, 0.004991110490695654, 0.005245464783377914, 0.2543230940090931, 0.008488921340147658, 0.28431163701134493, 0.06657791514962526, 0.005367150940866271, 0.005777234301261916, 0.008696616009064278, 0.009504051147247242, 0.012103772662114208, 0.02729194488216079, 0.20550813952554717, 0.003990914694742361, 0.010850997824624]
                  , [0.1391259041804352, 0.017088563248127096, 0.042901382246975386, 0.04148391010029929, 0.007943911196448859, 0.0639167651140175, 0.020758780643057827, 0.014381200645020367, 0.03829145834790177, 0.022448021326056146, 0.01051138609636856, 0.07241087945656492, 0.03252327629917609, 0.03732930944257051, 0.029868803980844117, 0.244064825402717, 0.12544527088323862, 0.02817220987491766, 0.002324200214959979, 0.009009941300302771]
                  , [0.1110902767771523, 0.014722912498417885, 0.027800390226608494, 0.03260731300523004, 0.01516495820754149, 0.03167071130802217, 0.018821862446959162, 0.04042866316013135, 0.03722338909762245, 0.041795744490524256, 0.02146162893372324, 0.05114373578010715, 0.02457605172139279, 0.030798421207342927, 0.030275503390923317, 0.17756894945056154, 0.21374559248519767, 0.06121445664056883, 0.004205404456998533, 0.01368403471497422]
                  , [0.026908779233684618, 0.00818551080443355, 0.006945191661905307, 0.012164131613502376, 0.058054798575065, 0.0073388044147544435, 0.01093955568889839, 0.12733517628719193, 0.016744014608251624, 0.4299826212411843, 0.09458216008059722, 0.010003924865756965, 0.007401929789522917, 0.01902779272437255, 0.01715174308016353, 0.018163600070821597, 0.022679837020822376, 0.08450633761648771, 0.004013947984082397, 0.017870142638501386]
                  , [0.07483983800259182, 0.004438162472417899, 0.1320386941339507, 0.19852643116954197, 0.004286998937216895, 0.03388302752748816, 0.026905506401977943, 0.01090429536623242, 0.09610805559462449, 0.01955681904819941, 0.008470743411340494, 0.07514592887628756, 0.014216177517829293, 0.09152697147197454, 0.053384572375588545, 0.07726449112485352, 0.05185519205899354, 0.01894122629951776, 0.0005601367253124742, 0.007146731484060243]
                  , [0.06498201082093262, 0.015912039534242417, 0.014772403848352047, 0.023176340982854964, 0.031359075477270015, 0.017345915718355552, 0.015142706587236703, 0.18315716425481438, 0.024494179646751615, 0.16141598632824422, 0.043457642542843504, 0.01898500262191675, 0.015868371592944002, 0.02295043297720133, 0.023089840609856197, 0.03971362154295647, 0.05840270456257363, 0.20299953871891735, 0.0050891926152499085, 0.017685829016486243]
                  , [0.12926122341509755, 0.007392275459338122, 0.04887735156683633, 0.058910246740041264, 0.01000067267848771, 0.04363140337622688, 0.017986795366957166, 0.016484283110246918, 0.03854189525052024, 0.028246060594873532, 0.010121786929585413, 0.03281450402707969, 0.2954595301323197, 0.03705931715021978, 0.030667681313168476, 0.09419174311443242, 0.05458431720985197, 0.03140735009285098, 0.004230639934474936, 0.010130922537391085]
                  , [0.06702888597574018, 0.01090254536646944, 0.049392834849115, 0.05538108747765253, 0.048741274330919786, 0.03611855053093189, 0.12621374077319072, 0.024633507393411386, 0.052924930126112206, 0.04985022301527618, 0.018084887760903126, 0.06428392759787789, 0.02114533911655816, 0.06131934367142501, 0.06026871737564873, 0.07133996114242755, 0.0520187051549744, 0.03618619083144595, 0.01166736097607941, 0.08249798653384058]
                  , [0.3168628520532005, 0.021125613345245424, 0.02635835432086472, 0.039218136028127834, 0.009441046547560195, 0.06974310157457317, 0.013694416548798827, 0.02434608236691426, 0.027701569555929197, 0.030756268133049408, 0.014382791775773274, 0.02503553351191724, 0.02432473540351581, 0.02813118198197295, 0.026991645949781165, 0.14665250141545788, 0.08021035808074052, 0.0640988264717342, 0.0027757669834051293, 0.008149217951438404]
                  , [0.028607956137240598, 0.01394206174205925, 0.009076808912605072, 0.012132759397695748, 0.286757927252648, 0.010596587462009283, 0.03518544646538118, 0.04042719446760445, 0.014035155539096032, 0.10866981210770228, 0.02705933391037737, 0.015218868951514437, 0.008120302462854364, 0.015607442809990116, 0.016660140131365245, 0.024697867343687556, 0.02248801755690282, 0.0404269071510958, 0.03534817189018068, 0.2349412383079897]
                  , [0.17722163463202328, 0.017234157789131666, 0.02193046363738176, 0.01946839619431714, 0.0063574432775123525, 0.47296598624174546, 0.00978432725637412, 0.008339171112916554, 0.0162708250014017, 0.013259357780365416, 0.0066198724052886305, 0.027183645615133027, 0.011179962319266034, 0.014412653314379987, 0.016879882428336313, 0.10407525530595473, 0.030342873721691418, 0.01853769150374602, 0.002213009003290172, 0.005723391459744203]
                  , [0.04857451536481818, 0.0017794197771864946, 0.3079140704229769, 0.34445841502120417, 0.0028076141758488233, 0.022729231159267182, 0.010239605097138315, 0.005804775179376894, 0.02922182342896152, 0.009959234557106428, 0.00395378457505305, 0.04749556950188935, 0.02183263212411663, 0.04657920116677337, 0.011171589754848353, 0.040830296184572845, 0.02837085980365676, 0.011895915235123292, 0.0008806890449206908, 0.003500758425160746]
                  , [0.05414770057445633, 0.003843991948991853, 0.03889734501497787, 0.022548351078664694, 0.002997226938175453, 0.7063227604628776, 0.007297120799565395, 0.00423156119422392, 0.017955499337305503, 0.006759552056603634, 0.0034047757215859334, 0.037199588349136954, 0.005301113294217925, 0.01212253223321886, 0.01280758565816851, 0.03909456991423281, 0.013369206318349739, 0.007694172553976433, 0.001101139953150912, 0.002904206598119348]
                  , [0.05543678890328582, 0.011985915713309472, 0.015765838199622618, 0.023211023688570715, 0.0725792759945924, 0.021214735646475722, 0.020622836213083726, 0.09710775980906955, 0.023788093873808015, 0.2569476535471816, 0.06064598997923212, 0.019462815130036747, 0.025962807378835617, 0.030794188707759917, 0.03120251596539282, 0.041408282612828924, 0.04451533834786321, 0.09874693743494864, 0.016046045104710707, 0.03255515774939175]
                  , [0.014012815290022703, 0.005902235722051323, 0.0016570662899460286, 0.0025234906665561247, 0.05633634709615854, 0.002931277051600316, 0.00329708958090262, 0.12205017028727376, 0.0028389622003197317, 0.5722509742829576, 0.09105528366955289, 0.002619556204346613, 0.004646559560060618, 0.005289691306825847, 0.004917401050880203, 0.00752000997589193, 0.010645060928795233, 0.0792508058742323, 0.0050958315979463525, 0.005159371363679318]
                  , [0.3861308805612116, 0.017547899444193864, 0.009866166036577598, 0.011968389890572131, 0.003870525031595387, 0.0823910115913731, 0.005940357362405001, 0.0065190874274677, 0.008944610849802352, 0.00909171550120572, 0.005393275453347912, 0.018960862418621754, 0.008195047452490894, 0.010890893442109448, 0.008831951979884158, 0.3153147214737416, 0.06520300706290245, 0.020290633846426546, 0.0010668667225561276, 0.0035820964515145422]
                  , [0.08494359606241307, 0.009566030730281911, 0.031466905678200784, 0.0517560328542778, 0.029243895781366144, 0.03024926369446627, 0.026087097818109077, 0.08147462169870258, 0.05953352217197992, 0.1086074457999976, 0.03352121738783124, 0.04031369144457166, 0.026355843096677697, 0.04780415881984979, 0.05368469820339769, 0.07078715943679685, 0.08127872978964065, 0.10021373828671645, 0.008006194213512877, 0.025106157031209806]
                  , [0.018731804660152968, 0.006584981418184702, 0.0007113234333212459, 0.001176714752313772, 0.00947788323228195, 0.0012962083476762544, 0.0009074310130348358, 0.40639868983116056, 0.001257833319775487, 0.09726841867811381, 0.020306653643208175, 0.0014594034366623395, 0.0007282840859641198, 0.0013582700986973268, 0.0013974546754156973, 0.004020470418110357, 0.01448614504640894, 0.41068990142078754, 0.00022400745188210105, 0.0015181210368479074]
                  , [0.06397143960982714, 0.008742078788402637, 0.07321761726682788, 0.07262331423938438, 0.006232690561769213, 0.06451195781549005, 0.05156652479345455, 0.009202701570582153, 0.11370728945045835, 0.018334139389850155, 0.007704488802590758, 0.1291949365737435, 0.01075305016455139, 0.07917238902987694, 0.09750694812209973, 0.10910450631910223, 0.05578987478394658, 0.014740306433012182, 0.002499355800236299, 0.011424390484793906]
                  , [0.05697036095451246, 0.001020377217741017, 0.08642196776336313, 0.11444892330806533, 0.008581179616337168, 0.03814095001934767, 0.040015247923016826, 0.013170178352844845, 0.14184534468677673, 0.02367510069670823, 0.010134100212524142, 0.09550637781008268, 0.013773705361828219, 0.09311003427032052, 0.08835632392893378, 0.07617950212994551, 0.057789799230906116, 0.019805224249552382, 0.003194866257528754, 0.017860436009664547]
                  , [0.11807410480980199, 0.003292651832026652, 0.013520229003272224, 0.020498111382668067, 0.004063062810498648, 0.01819140263692832, 0.009082685399406383, 0.008631481096934204, 0.017186845762214548, 0.017592519498895367, 0.004942314477986384, 0.011295480753888412, 0.5930051995620802, 0.018854111064765457, 0.01564961966089336, 0.07082404032580446, 0.030965105573163607, 0.01971786995502254, 0.001207222309567084, 0.0034059420841820623]
                  , [0.022207164493109468, 0.006428959708528121, 0.001812327441904201, 0.0035350098120568154, 0.017097853404635995, 0.0023361537624561174, 0.002592570686909405, 0.39312384620466423, 0.004453550770383439, 0.1264299816581985, 0.023566480406356432, 0.0031849360008185295, 0.0025951118939817183, 0.003675915448499694, 0.003596274821354244, 0.006649869907540198, 0.019931505725170315, 0.34940458500879906, 0.0004134415852959734, 0.0069644612593373475]
                  , [0.08677193883312484, 0.011570393619047702, 0.02503869032519145, 0.03409423000986312, 0.023370247267300713, 0.029414612824490538, 0.032450934098750425, 0.026846265901044712, 0.036949552671451516, 0.06768757723548037, 0.017278407615707248, 0.031346928534411296, 0.26056455169890136, 0.049919404311480405, 0.04614259555535083, 0.09298694247072616, 0.05892385843729326, 0.040220483947292975, 0.00752391534202078, 0.020898469301070196]
                  , [0.016864706425664223, 0.006205567108209358, 0.0008013693586826309, 0.0014294275423198755, 0.04070649614073323, 0.0016435175822809398, 0.0015954682642587603, 0.2717442764565756, 0.0016010662595402172, 0.39027743687275024, 0.06742860781549405, 0.0016398794800848665, 0.0010229200754226352, 0.0025738841940532928, 0.0018826625311579998, 0.004230751339649366, 0.011793506368156653, 0.16737328265778414, 0.002977523133043485, 0.006207650394138341]
                  , [0.016159543766545784, 0.006439816465061618, 0.0009501816573807026, 0.0017013964970365978, 0.03829710098417848, 0.0016843920310208697, 0.0015946469397112907, 0.2572107399254206, 0.0018840766420825138, 0.4048751357345861, 0.07391137368269385, 0.0020154908724505866, 0.0020590530446681107, 0.0031767365892865773, 0.002294484018232629, 0.0049014481823127995, 0.013011877026401842, 0.16106532950760546, 0.00039884192459156855, 0.006368334508731882]
                  , [0.034408030956983277, 0.00207788207628305, 0.004459393673009547, 0.0034530496234494086, 0.0012764693274193797, 0.9012185684581382, 0.0018644063646112462, 0.001675960877995755, 0.0030288547552310883, 0.0028210298578988974, 0.001409285775207419, 0.005844885010933663, 0.0016217510866373653, 0.002543978608761533, 0.0037937104586520816, 0.019038789888374406, 0.004544127205888739, 0.003300527510342096, 0.0005121043149846469, 0.0011071941691982608]
                  , [0.014201115667420095, 0.007804896584239656, 0.0017249501211157518, 0.0030233899556047304, 0.068129317225735, 0.0027717550156229256, 0.004521895496983642, 0.11468259318140817, 0.004538275821906764, 0.5450272278255373, 0.11507575771416267, 0.0039408495306703165, 0.0019797747122753764, 0.00713951020254829, 0.004115907817780299, 0.008144520159173106, 0.012694793282634271, 0.0644090862196297, 0.001047847657689179, 0.01502653580786287]
                  , [0.0903813752251394, 0.001691335636336937, 0.17916708082830174, 0.25232750911860086, 0.0025809279730018373, 0.03985585778493689, 0.024135679562399426, 0.005036073954315139, 0.07033337884089645, 0.012390676333602121, 0.0034477937453712944, 0.05503111593382231, 0.01325252337623463, 0.08805031542777021, 0.04933989503221152, 0.05605366063613252, 0.03829159386741337, 0.012162680750995788, 0.002474641880488892, 0.003995884092028897]
                  , [0.036034254170380295, 0.000585321092097722, 0.0027747691726199885, 0.004493929943154621, 0.023583995238255787, 0.004143749499783257, 0.002343756928578982, 0.3160869861165281, 0.005780371515787565, 0.17470566198490461, 0.04407231977596591, 0.004606510951856818, 0.004534460368557609, 0.005522064013534348, 0.004537224436089553, 0.01055236867232889, 0.03179304018934786, 0.31647286659483415, 0.0014782744916675753, 0.005898074843726536]
                  , [0.008648641050271093, 0.009160441679094147, 0.0022730579879192206, 0.0030162887037815914, 0.3444076290042502, 0.0030052702265011186, 0.03511617465571578, 0.009036535771573, 0.0033078965915214593, 0.031269705687863684, 0.006152624786904537, 0.005854154163764827, 0.0018138108708565307, 0.0049154194656444855, 0.004886536414821428, 0.009133700683677515, 0.006637812383292659, 0.011143140670398486, 0.026238703697384423, 0.47398245550476376]
                  , [0.10437307859053573, 0.0017877188847040778, 0.13738083616874436, 0.09528964491846749, 0.006750962191265998, 0.08703242342071446, 0.013252323200555584, 0.011016203323847258, 0.0583467828628284, 0.018200011488905987, 0.007626472272864546, 0.10490644394507125, 0.03158072554142353, 0.04781842891391441, 0.03073653723618824, 0.13275544606075393, 0.0755053843443039, 0.022293467561684665, 0.0033268082386366856, 0.010020300834589583]
                  , [0.02381563893899983, 0.0039141357321268305, 0.007121867980648345, 0.016047923380387383, 0.00381639383913251, 0.012776309875821611, 0.0155129135308797, 0.009021750506067858, 0.3655168278579146, 0.016450901410133275, 0.008982122962000329, 0.02594378745980098, 0.012760874469544294, 0.04445556247248101, 0.35725413074558865, 0.031267221563505074, 0.02618008043675152, 0.013225126976556522, 0.0012055948672930908, 0.004730834994366553]
                  , [0.21530107123742107, 0.03669054044131915, 0.010778257220027655, 0.01819198737980178, 0.011217469171592869, 0.02182560612653366, 0.01014322426886985, 0.09434044989634256, 0.015592753347810595, 0.055592860694689224, 0.019630054964912467, 0.014334035657054472, 0.014424390848216399, 0.016698750874300953, 0.016571176655278554, 0.07076459289232162, 0.10188820135029587, 0.24521902914027002, 0.002809180719308123, 0.00798636711363325]
                  , [0.0438382174781206, 0.0029809674010397498, 0.1629533883442642, 0.4773501054148174, 0.00465799773095287, 0.015291349964131125, 0.012964333227642996, 0.009030050501543619, 0.03244502829970786, 0.016513431864619857, 0.008200701214276896, 0.023436359842157205, 0.005118428663561048, 0.0891975832589104, 0.018317811689518283, 0.02934574680023555, 0.022859361268347464, 0.01793997394947524, 0.0015642175292302062, 0.005994945557447342]
                  , [0.0751208656068177, 0.0043670275715294036, 0.053552089340640145, 0.12346034744539888, 0.005275029086431311, 0.020674559884921777, 0.03525511288290701, 0.015595062521147975, 0.15904331894428023, 0.03421067173637619, 0.013441085136024334, 0.058096342353960155, 0.002151045758275829, 0.12306047674711944, 0.1247496254812381, 0.06507088661775502, 0.0535098370281531, 0.02398240806310674, 0.0007920252620886583, 0.008592182531828038]
                  , [0.026987583128692254, 0.009210706090165484, 0.0014568241452625349, 0.0025488914601916337, 0.01347438416779846, 0.002519217640986343, 0.001987100689803943, 0.3602162277779806, 0.0025525007840984906, 0.11612689109151564, 0.024042394527296812, 0.0024492339364391115, 0.0017932649865392994, 0.002895102738843705, 0.00278933604972961, 0.006131614284534987, 0.019414936636016095, 0.396093299465609, 0.003208549440245987, 0.004101940958249802]
                  , [0.46864116488661434, 0.03222033155080773, 0.006627827696260729, 0.009431124994717497, 0.0071543986465675575, 0.07729443363990068, 0.005426188456725636, 0.020360756487141467, 0.007895337202352883, 0.021307374724255083, 0.009560915986308354, 0.010319808598407044, 0.009967813634078547, 0.008016845888738357, 0.008620010424661482, 0.15287895550981187, 0.06725808962421125, 0.07016362503835183, 0.0015755559975523807, 0.00527944101253538]
                  , [0.024641011534738563, 0.00943967701010838, 0.0019818815488648273, 0.004221493225529539, 0.019292868991249754, 0.0029324766558227323, 0.003187287054764472, 0.2718346460863103, 0.005173938339335976, 0.3133719729390171, 0.08542642205340177, 0.004188466656151734, 0.0018676288680087349, 0.007348743086203255, 0.005634516755060126, 0.009619443156111847, 0.023614983874318037, 0.2028178355561727, 0.0008118096051252183, 0.0025928970037046714]
                  , [0.08383878410897057, 0.007566213463138024, 0.19629209861102753, 0.11354748733258255, 0.0035346023303133977, 0.1077642851291949, 0.024064962338997287, 0.006158327410575278, 0.03840625318978848, 0.010663220563925473, 0.004568783864069576, 0.11715914593065128, 0.0234494507029303, 0.043869663460129486, 0.026900378375468215, 0.1208208401648013, 0.0534197477967231, 0.012052402415573194, 0.0013105206498837017, 0.004612832161256633]
                  , [0.0527070954640728, 0.01300874775117415, 0.02270656023526115, 0.026124344427817765, 0.16138635491786646, 0.026254441325647603, 0.04806035490530461, 0.03170608394047163, 0.027902867732641987, 0.0748723276457143, 0.02136743336916567, 0.02888377924743831, 0.018396890193590042, 0.030036413757743123, 0.033895674583125285, 0.04639956590023942, 0.03776941826908622, 0.041798118012922526, 0.07573322116285107, 0.18099030715786585]
                  , [0.01083678465278185, 0.0011484043913750053, 0.0016764840953202942, 0.0026506800126038423, 0.03524205672400726, 0.001986395663438865, 0.0021148090715549634, 0.15894388177738739, 0.003121130567768086, 0.5655082022612986, 0.10386470718934913, 0.002424467631370952, 0.0020767337701422628, 0.005099401518485087, 0.0038656775050617776, 0.005381446138628229, 0.009463678407912056, 0.08101353768762047, 0.0006275858574379924, 0.0029539350764558013]
                  , [0.034643052198868235, 0.0019145493238955677, 0.32306711140102656, 0.3919333384325303, 0.0019085093122923839, 0.025085050743329982, 0.011071866746079158, 0.003950898743499619, 0.028992326653986975, 0.0066223163404356645, 0.003422129322407395, 0.04556803551792086, 0.0025990964840816814, 0.04738888495351576, 0.010522307362673608, 0.031650248798062525, 0.016882015620981777, 0.009242878056923821, 0.00042918493045562915, 0.0031061990570324283]
                  , [0.05359753495218694, 0.008870656593814814, 0.009290374371545325, 0.00831134411859374, 0.004088265215222112, 0.016282966432692322, 0.0058232856471996525, 0.007670437023545896, 0.009684979215144024, 0.00949701579220795, 0.0059113579922862175, 0.02571151325160554, 0.006732816515514018, 0.008294107573071577, 0.009227045230999998, 0.3840989210000444, 0.4082665326769003, 0.013719689673697095, 0.0012351521542523967, 0.003686004569475744]
                  , [0.5683661215250041, 0.02745013103574978, 0.0020979000594468335, 0.0030773666422205265, 0.0021421414223885007, 0.056508409820511314, 0.0019766600030237075, 0.004900069578476009, 0.0026494443454799644, 0.0056120812872951335, 0.0033381286311636813, 0.004931535838229289, 0.0036683291311236568, 0.0034446318855088183, 0.0029444887480033683, 0.23672545104564605, 0.045154932029506885, 0.022825887515187288, 0.0005205876994490244, 0.0016657017565859212]
                  , [0.11333294195557848, 0.032668971321772496, 0.002621756468639107, 0.004412677315916576, 0.013541174410851118, 0.008886149128367387, 0.0034541756972974566, 0.1954781596116671, 0.00496145348115493, 0.0962828509826063, 0.033742824802499356, 0.006333743803447254, 0.0030667860752248456, 0.005572697851571542, 0.004624890329504645, 0.032331888839740225, 0.07099558621212414, 0.3613686803097311, 0.0009389735764485196, 0.00538361782585757]
                  , [0.022263817282459554, 0.00458028533395153, 0.00990060153237349, 0.010994720696071447, 0.2395846024377263, 0.008959438898311004, 0.07563351688086511, 0.011488508158094301, 0.01146731937382878, 0.0332390206091429, 0.00889917314730195, 0.018963971571658435, 0.00584630399848085, 0.015493331135674412, 0.014889092912904462, 0.019453524778106746, 0.015240318799509869, 0.015702932701631804, 0.04678318293518828, 0.41061633681671883]
                  , [0.039365924274458716, 0.0018978349804655334, 0.009425566181112907, 0.014441912460919462, 0.055784824744863494, 0.011071598433643323, 0.008891180932509348, 0.18001865071554757, 0.017295154237411063, 0.28473886840434015, 0.0637763165321194, 0.012605646656566652, 0.011833059700948546, 0.01719177895279817, 0.016386031776706764, 0.023525735247785333, 0.04100594755677639, 0.1609533186887716, 0.00658287928084315, 0.02320777024141257]
                  , [0.014009535681080784, 0.009476747677595375, 0.002244666520573535, 0.00311473606904776, 0.459017032366128, 0.004006167083284576, 0.013431703169709297, 0.03154223257974402, 0.003458082619047031, 0.10117657741041731, 0.024542259817730765, 0.005293940172807938, 0.0022524968697296573, 0.004690844245248714, 0.004390548244877488, 0.011005351742570927, 0.009593070912289812, 0.028137560758256207, 0.02625489010354429, 0.2423615559563166]
                  , [0.018872319532850332, 0.010144703080372424, 0.005633573946645188, 0.01407280567496419, 0.004254541033713111, 0.013214415017703048, 0.025214649565873028, 0.00861872869695564, 0.2550199979520511, 0.017628000750937615, 0.008455424587629825, 0.021046831048376517, 0.004187336870088476, 0.04633541377487695, 0.47682352844459025, 0.028642148509883773, 0.02035770167859929, 0.010770762848450627, 0.005059550396651552, 0.005647566588787163]
                  , [0.14587186076107414, 0.002023047117733265, 0.09387620395679001, 0.127226846811901, 0.003116408343410616, 0.032728121232091345, 0.010959219103840592, 0.006442704051534451, 0.059542798320592984, 0.013851429287822889, 0.004339622202695056, 0.03215173287058954, 0.23880285166987952, 0.04516583577751703, 0.025863651049303188, 0.08938180162720721, 0.046539289153874897, 0.01765544541756635, 0.0010200486353699985, 0.003441082609205977]
                  , [0.03619536797562231, 0.0037086581201364174, 0.0018764978792485214, 0.0030279187598006158, 0.016121515904356985, 0.00423039843287954, 0.0024208019350963044, 0.3124888751777673, 0.0024928783457908673, 0.1710814227920819, 0.038713834163547754, 0.002840099220066489, 0.008368583971389435, 0.003229340649832547, 0.004297213450494824, 0.008340876876031056, 0.022506400523990683, 0.3549775235911487, 0.0012410159042405865, 0.0018407763264770183]
                  , [0.02651542426772822, 0.003991518537739735, 0.007241766296039934, 0.027628688899904105, 0.0027836539285254554, 0.009122855799218335, 0.016201579572360705, 0.01112795183753421, 0.37414700632150527, 0.019852140605555974, 0.010460371899243443, 0.02708796838521613, 0.00206770721865186, 0.0708061607403794, 0.3145721833582851, 0.0305521824309153, 0.02897336801149606, 0.013178829028396996, 0.0007451109971479313, 0.002943531864155888]
                  , [0.02906536393552645, 0.004669191656021894, 0.21680287393263895, 0.03639371002715841, 0.006671556030418044, 0.040665035361843314, 0.036088049239916195, 0.009141946984927833, 0.03469011091728482, 0.01150111763419604, 0.005346774754941592, 0.36440127236778275, 0.006196524870127168, 0.02059178596636345, 0.01795077430208926, 0.09530530421105245, 0.03903294229491535, 0.011592292126964235, 0.001811125337478668, 0.01208224804835302]
                  , [0.0513781125491869, 0.012345733102679958, 0.01127565546166625, 0.030743564918124733, 0.01219630069247215, 0.014816048308541519, 0.023667927412348872, 0.051699103613369005, 0.18670600562792378, 0.09509185035533907, 0.0388211486858921, 0.023317334648730658, 0.008857163635321939, 0.07178716527952393, 0.20763864482222233, 0.040737110756882515, 0.04810936245519803, 0.056267692363367254, 0.0034692713968395602, 0.011074803914369533]
                  , [0.048212861132319845, 0.0008297957647047586, 0.2986379722487049, 0.12057622247242025, 0.0028008034599474405, 0.06473894259084749, 0.018385532815276474, 0.0037584393446387426, 0.05125999565403109, 0.006920192269020854, 0.0030008835809220767, 0.18272159685013015, 0.010465836887211978, 0.0359489362604625, 0.018001314546134888, 0.08045000570484968, 0.039117748156992906, 0.007101572123678368, 0.0009692993843646858, 0.006102048753340809]
                  , [0.03817751628608168, 0.0017912150163608745, 0.014688744295060487, 0.04411080460855342, 0.0065506683535421495, 0.01545000072668451, 0.033446227098148824, 0.015473003755253121, 0.25412560120726846, 0.03267965432111943, 0.015944958130969147, 0.033114502635614024, 0.0067909970915378095, 0.09423676905037365, 0.285472997865471, 0.035848141434678606, 0.03580075881725097, 0.0200727795113497, 0.0057748853264094294, 0.010449774468272607]
                  , [0.23216735841712166, 0.01633881615459131, 0.013486781793190045, 0.017303902518531308, 0.007718672437564744, 0.0533692315989039, 0.01119699369977894, 0.014861613929683087, 0.01509872512655051, 0.022130123103721425, 0.009754108920114994, 0.027186787588733413, 0.14675309078772827, 0.018969554999070864, 0.015507513853559569, 0.22195421497076212, 0.10933770499424353, 0.03780417574101142, 0.0023693314829785093, 0.006691297882160357]
                  , [0.1831562944828984, 0.006731968682705374, 0.11444931275107595, 0.13293339736043502, 0.006112378217288467, 0.08784963884791284, 0.026493543921071446, 0.008912135235746308, 0.028327102461001515, 0.023526876111865193, 0.007327135133466418, 0.029504573284549973, 0.03579535144211638, 0.06176920505521834, 0.06452343358149833, 0.08542873162865908, 0.058583592627004466, 0.02953110020720726, 0.0036495181732469502, 0.005394710795032006]
                  , [0.3604104933800079, 0.0018823803719345508, 0.019361845527603092, 0.02253362042921915, 0.006868884079547176, 0.06491151499888072, 0.005677942727581488, 0.01661186077009462, 0.01834503772929742, 0.018182341469131044, 0.008003738622064861, 0.023337275131173153, 0.02058606022868591, 0.015255951601061522, 0.012162465071933927, 0.20184335556455704, 0.11791160891708805, 0.05845478861696249, 0.0020728870593959164, 0.005585947703779954]
                  , [0.0417989072415499, 0.019205475883870796, 0.0051898920641631945, 0.009452609264224613, 0.12654418001681858, 0.008381513370368847, 0.01808674706112476, 0.1397077146481863, 0.010482784326859604, 0.24978247054596014, 0.06493172119274544, 0.010246572866265208, 0.005727468123407332, 0.01432165415001642, 0.013231154610296305, 0.023815629227397557, 0.033190528248166644, 0.12963160938100635, 0.013667513349090261, 0.06260385442848183]
                  , [0.11620241716210004, 0.0006305201914140175, 0.09923642890524262, 0.14903835149846123, 0.002108129550946071, 0.03896520234738059, 0.01728544574984313, 0.006601742895742943, 0.12259859533653952, 0.012041872231127604, 0.00477383558402835, 0.06521098867406207, 0.025228692359366464, 0.09740456466918665, 0.060938587530583704, 0.09251043516165045, 0.06881752756091332, 0.016808959966724935, 0.00047168641227990935, 0.003126016212406317]
                  , [0.013017989384626763, 0.0010906438886082459, 0.0035135617356806467, 0.004424521106601719, 0.3926804102601598, 0.00410927835125903, 0.022305255943549995, 0.014245796669057778, 0.004852668541496996, 0.04908184082216346, 0.012575897907840757, 0.007093220740747758, 0.0025748342019338375, 0.006364182828947051, 0.005423836916427821, 0.010626330334144377, 0.009419455877189835, 0.015257880906900384, 0.03264214804222454, 0.38870024554043936]
                  , [0.10197365542848151, 0.0007191360092871778, 0.23415453190747734, 0.31459580103968465, 0.0011646957064002882, 0.030912051399444612, 0.007571095578262958, 0.003026501235726389, 0.053423874815087195, 0.006132249763376607, 0.0025257267833762313, 0.04495888696912446, 0.015388719472357346, 0.06700061696085377, 0.016331488493328876, 0.05301331082940623, 0.03540197627763899, 0.01019779272993929, 0.00034770485918977234, 0.0011601837415562476]
                  , [0.01247853405331007, 0.0007529721031375694, 0.0009429405578242087, 0.0015532421329214356, 0.015853521737752056, 0.0013731585483784127, 0.0010549432091757564, 0.4456218107330122, 0.001484830768607551, 0.16613573650724245, 0.03361879714632811, 0.0015382870833066662, 0.0009689959297829752, 0.0019217828855393887, 0.0016366964813702214, 0.003344214926559211, 0.009685599255869664, 0.29779139074253613, 0.0004526840614304336, 0.0017898611359153552]
                  , [0.018610805409922646, 0.0008717216489667148, 0.001832903204322293, 0.0035940645305196995, 0.07377871701002031, 0.003008570172898204, 0.0029631526110149337, 0.19844684214723224, 0.004166934756204421, 0.41745734479445495, 0.08314488489854768, 0.002998051527602189, 0.0025892905840299873, 0.006163977584839517, 0.0048326536943628946, 0.00646215010063245, 0.015346694431770955, 0.13058700525719497, 0.006716783040401493, 0.016427452595061415]
                  , [0.1097115218246525, 0.12595211871211578, 0.02781198926659966, 0.033928023193975705, 0.027554050266716004, 0.047187085214400605, 0.030335134960600838, 0.039211393285655365, 0.03739313989479734, 0.061814196426975936, 0.023432576212788592, 0.04480934170012279, 0.022987279690670277, 0.03770405565809815, 0.04474431649937138, 0.11334090520540174, 0.07288037896932932, 0.06275284000512117, 0.009009849269561587, 0.027439803743045423]
                  , [0.1029308550193651, 0.0011457462142727257, 0.12156632921240342, 0.2093290043394432, 0.00151948085390065, 0.028611356289035522, 0.01844709966703815, 0.00445222064161262, 0.12685044374948648, 0.010494570663821989, 0.003838352992150529, 0.06878282307666082, 0.0018254506920461885, 0.10488798556637277, 0.06820080675622438, 0.06992044345645163, 0.0439359622169841, 0.010198219282711885, 0.00039213099458940365, 0.0026707183154286527]
                  , [0.12520630858482962, 0.0015406323620293094, 0.03210652967735414, 0.020651223075729253, 0.004890325559433791, 0.5408437864857621, 0.007914305957382867, 0.0067671316891517305, 0.018995147112343562, 0.010196907242330678, 0.004821873727762822, 0.03841248464337583, 0.015544117582042865, 0.016898921323755204, 0.01761397472773568, 0.08544778574359019, 0.029444579889606956, 0.014278034048140013, 0.0028021256414963386, 0.005623804926146986]
                  , [0.066435692375222, 0.015159878659835079, 0.0015688580807896317, 0.0026411636079952685, 0.06347267684683756, 0.012050843427487218, 0.0030820934304670007, 0.20436737433206387, 0.0033628029094058443, 0.2482361369819578, 0.06575124046668271, 0.004119090766212774, 0.004618388118965765, 0.0044473722307113795, 0.003909780186515295, 0.02261995271804598, 0.04009044293406115, 0.2194316141729548, 0.0041017159601290255, 0.010532881793660015]
                  , [0.08761513723152387, 0.0010956903882473183, 0.04986549656939703, 0.1847689807933732, 0.0032278264790032225, 0.014274816335392421, 0.012304162140003449, 0.015022343324492168, 0.19992452713030687, 0.02202584174813052, 0.009065738557883616, 0.03416204212856133, 0.009241747769398985, 0.12743390883606004, 0.07939067254134825, 0.049603231275333455, 0.06543796690759694, 0.029968585198172318, 0.0010321419539216408, 0.004539142691853301]
                  , [0.038124100058601236, 0.0016154073418236466, 0.020569007192078385, 0.046758377753682086, 0.002588075048062713, 0.021236269992340143, 0.030477040706732777, 0.005594859946503909, 0.32545581359042997, 0.012485898141323313, 0.0058392530385655865, 0.05260900832199882, 0.0057026452731902795, 0.09137915322619967, 0.2496707729455747, 0.044357131237644544, 0.032798806966960824, 0.008247541349286902, 0.0009550104248610043, 0.0035358274441396375]
                  , [0.0184881006238615, 0.0026507192593455266, 0.6094909155800367, 0.07861515393051592, 0.0026418335575979883, 0.018873489901777805, 0.013596941877735105, 0.004107269081896125, 0.012330439877513531, 0.00592224570800805, 0.0028653757874410614, 0.14250354781943347, 0.0035495276668555662, 0.013605867296926302, 0.008332044492852674, 0.03511342608238969, 0.015704302519268444, 0.006765465311565511, 0.0008105225894255378, 0.004032811035553287]
                  , [0.10280708795788732, 0.015735846317046116, 0.019514879362896177, 0.03756109879021489, 0.008568443672516707, 0.029595930833399564, 0.026640002513483692, 0.024402865319446215, 0.10929353021814947, 0.03405543880555244, 0.017946696402126365, 0.052924162769283536, 0.008858042341594293, 0.06386368933323054, 0.10659482493351752, 0.15684901501583787, 0.13074764232450292, 0.042354235736995184, 0.002240983280153757, 0.009445584072165444]
                  , [0.13617417545321714, 0.004400565352076193, 0.05252818362221317, 0.12611299743908932, 0.0024513703095179478, 0.03784622818666479, 0.024376149107411406, 0.00803157453699448, 0.1301896230036653, 0.021710034650239088, 0.006032771167438317, 0.03360148713506434, 0.009652973881800218, 0.10537090854694166, 0.1433134562948199, 0.07352706746371523, 0.059488664351343604, 0.020838117649995328, 0.0018228396913339843, 0.002530812156458462]
                  , [0.09167828823905333, 0.0052131421670103826, 0.03205362325335207, 0.06263022122143211, 0.006572701074812769, 0.028945435835893936, 0.026148513986448404, 0.013512331882439835, 0.13726616476002312, 0.027125868996563707, 0.009662729532032552, 0.035797270672693074, 0.1510086468051557, 0.07609553994852003, 0.12075606925064605, 0.08392313052762078, 0.056553820495846736, 0.0248204557111447, 0.0025230404434416855, 0.00771300519586903]
                  , [0.09921278338932855, 0.014799221299067718, 0.010255705017828888, 0.019838011179077866, 0.012257960450332941, 0.0158156457394251, 0.013365840915838242, 0.11113855051745006, 0.02547203825156193, 0.07350344628408476, 0.04706646058255169, 0.036413448620771394, 0.006486491640301688, 0.02914770929763741, 0.02158510969561139, 0.10585896424439753, 0.19643483900958109, 0.15009585404794568, 0.001783425670640649, 0.009468494146565486]
                  , [0.03361898888399143, 0.011580149902502643, 0.017836160049245393, 0.03587475535393564, 0.01273442675172, 0.017437244131862022, 0.10630574901126154, 0.01223981295653937, 0.17055896502695303, 0.02960662108399134, 0.010337945302223494, 0.06251350868402399, 0.007067313895064191, 0.0935893606171305, 0.25150912998115493, 0.04659123543014928, 0.032221929682354045, 0.016376699029537815, 0.0028195161511917056, 0.029180488075167446]
                  , [0.03831685762878644, 0.006317394930947627, 0.005539583980584963, 0.009652505477842322, 0.02511796317107948, 0.008948744959940445, 0.007084879139465878, 0.12250209515401565, 0.011925953081654164, 0.3704840207178278, 0.18253458097757416, 0.011332294166372025, 0.0055581559186863244, 0.022775349832718682, 0.011971613235060146, 0.023927346112426893, 0.03809085161511003, 0.0892913149753527, 0.0018732360276028537, 0.006755258896951506]
