# This script is generated automatically.
# Vector of amino acid stationary distributions.
distributions <- [
                    [0.07979925218974349, 0.012594832607531664, 0.050071397853789064, 0.062040692399057934, 0.028875743985653447, 0.051916190407095116, 0.05970974721805924, 0.04255580108574154, 0.05903405464393777, 0.06825677494708098, 0.019334511767603205, 0.0606036688171878, 0.023751619631299063, 0.06640842431879991, 0.0637878454848287, 0.07449291455075101, 0.06418193403790234, 0.058520235807564464, 0.009008767356388237, 0.04505559088998479]
                  , [0.07007172423666083, 0.005405431672099638, 0.044051840064284836, 0.08064624454984037, 0.008304432419459003, 0.034895575693791224, 0.045222221806704176, 0.018512262152816227, 0.149633703459919, 0.04828411510665043, 0.013332536851212572, 0.05799210282062862, 0.012516212128701819, 0.0963161817660167, 0.13311512251405674, 0.06741611829136082, 0.061238579267603704, 0.03917931656104316, 0.00301825097275198, 0.010848027664398048]
                  , [0.0848565409060099, 0.004271449735267526, 0.14595071979171725, 0.17078203733091182, 0.0062660096425105685, 0.055961028205200936, 0.03237616218218652, 0.011356466299730073, 0.07151786179369743, 0.021568084511412122, 0.008224797540898072, 0.07291890078621785, 0.020190648377977394, 0.07449679096184698, 0.05129917376490572, 0.07704173294592186, 0.056418536146761726, 0.02376542768157207, 0.0022376908523346274, 0.008499940542919656]
                  , [0.11692198529476686, 0.011155954907065429, 0.04662707666463574, 0.05195835354116323, 0.011063977684242844, 0.06031195084206133, 0.01978005127451331, 0.022032847274679374, 0.052041638812128345, 0.04299342263004739, 0.01373580175175605, 0.06740725841509816, 0.03273005241411758, 0.050735327775333794, 0.04638411696090656, 0.16921706157445635, 0.1193734738761523, 0.0507770502653354, 0.0033388997672121326, 0.011413698274327784]
                  , [0.06073987858066016, 0.009069358282187755, 0.010310792460790658, 0.01852720376882603, 0.06525608753238005, 0.01323958112038817, 0.015729995603250408, 0.10734858376639092, 0.03440724811807212, 0.2349283144954806, 0.08099684343459349, 0.016044772282039387, 0.010957649468133877, 0.04262205445491926, 0.0399967957948234, 0.044906792110102844, 0.05273506364277367, 0.09965247456273808, 0.006703448034560704, 0.035827062486888356]
                  , [0.05196791103494086, 0.005125625327553767, 0.01599633328113871, 0.05008862582406603, 0.005976965479727996, 0.025509624556350495, 0.04209306475608591, 0.013317579627443649, 0.20926555064937893, 0.03984900557644511, 0.011137976134285195, 0.04662409893744094, 0.008212367731049271, 0.08236372897835251, 0.25657682457332615, 0.05196360205274938, 0.046728667828328393, 0.026749873958888178, 0.002542287077954155, 0.00791028661449418]
                  , [0.279892360462952, 0.01318813948240198, 0.03044778645012491, 0.04494334269505303, 0.009034429103409456, 0.07143060947448206, 0.011723242915201262, 0.028734083487470745, 0.03495417140052088, 0.04244904206776528, 0.012682915095783688, 0.033553942607445396, 0.03168851630790014, 0.0376260994624358, 0.035091644540327295, 0.12434527123860209, 0.07888586538858003, 0.06876308177036958, 0.002774537430012715, 0.007790918619161674]
                  , [0.07844597797734269, 0.0024134881167614925, 0.18143114375540526, 0.3028611274744364, 0.003249508462726056, 0.038581550955534935, 0.01591670639477044, 0.0067813206675111795, 0.05796295458601739, 0.012538391855514256, 0.005234625923902241, 0.050192366105781434, 0.014208326249365135, 0.07808289510064108, 0.03522939105354973, 0.05371157248148645, 0.04052276108839928, 0.017086127801034804, 0.0010911788397521811, 0.004458585110067585]
                  , [0.044018220025084306, 0.010252160118611455, 0.011409794427258353, 0.01374768635481099, 0.20716687971702633, 0.01312423135943452, 0.0649363272237319, 0.040639717816752366, 0.015305984746593292, 0.08152544623656578, 0.017336384658538873, 0.02226578912027927, 0.00891998616613121, 0.0188927918329666, 0.01947121912155395, 0.0429771511235916, 0.033302844875799605, 0.04553882177742061, 0.04920423778674827, 0.23996432551110064]
                  , [0.1075818058036905, 0.011592316971759721, 0.009865058359694388, 0.030549295951402104, 0.016514166273464772, 0.01451684825776044, 0.009549946577604747, 0.14982712099477855, 0.03157876791924357, 0.09102555996289387, 0.044231599503950766, 0.01639233165196161, 0.011821453439923711, 0.0256851737359448, 0.0211198217075152, 0.058328693166438926, 0.10155804392272375, 0.2351250114399008, 0.0029797565471563637, 0.010157227812191449]
                  , [0.05684895254171759, 0.007391152702615578, 0.004927798061596482, 0.00873458649859451, 0.041676092322785276, 0.007977467849499953, 0.006025288200103785, 0.2377936777116166, 0.010005410877558803, 0.18414158341835016, 0.059689001375009175, 0.0078107129808679164, 0.006915847233058331, 0.01048014224907011, 0.009967413159303742, 0.028106229085069566, 0.05159362376286788, 0.2462031214341792, 0.0030443690610475033, 0.010667529475087733]
                  , [0.036394854046154855, 0.006357979689808451, 0.004435044446702761, 0.007463073195987724, 0.07104500071539925, 0.006578876985006368, 0.007342697989902971, 0.11764520992898973, 0.00914902580283851, 0.42274035668098303, 0.1029671195696904, 0.00713810526687905, 0.005835234531461524, 0.01474542674257548, 0.01075090860383914, 0.022609419641124444, 0.03085630367425664, 0.0870225026537556, 0.004513530612612776, 0.024409329222031203]
                  , [0.11648301896618427, 0.005185675228843532, 0.04416475240002451, 0.05726582149203544, 0.008102295731210025, 0.04118494693452084, 0.015037518029065331, 0.016542755626486026, 0.04990037450309677, 0.042820197273969456, 0.009227645061462173, 0.03478499617434474, 0.26307709182736944, 0.04732903512077539, 0.04311059570478126, 0.09130169893922255, 0.05999232362913914, 0.04403785747772081, 0.0027756176609070402, 0.007675782218841195]
                  , [0.10989326527232778, 0.007799497386148806, 0.05966526131829557, 0.04849259399640845, 0.007738392399302282, 0.34415652535344005, 0.01593376608625245, 0.00980226784035894, 0.04308174967187456, 0.017157516559870963, 0.007795735832301376, 0.06343037770982903, 0.015610874839360259, 0.03606193240045317, 0.04191260366982611, 0.09650432856326904, 0.04368945319225738, 0.020001380670027897, 0.0032707641021124077, 0.008001713136283506]
                  , [0.03305916634711467, 0.004836989719826752, 0.001975649646698603, 0.0035844812854023797, 0.05530032524869072, 0.0039666189094827555, 0.00323246206932283, 0.2226110723844978, 0.004230691253710396, 0.35116321744060175, 0.08238778879531887, 0.003562716318944715, 0.0033320381556833463, 0.005541879657612118, 0.004824447324920023, 0.009928396982209096, 0.026506746202259353, 0.16837836531446362, 0.002474244432997301, 0.009102702510243168]
                  , [0.05784225154100884, 0.00499823500796251, 0.10512471246722359, 0.05499578812258702, 0.0071504991991318415, 0.06442831475172653, 0.05264198340696672, 0.010138334649265926, 0.06520098422233749, 0.0153516398209596, 0.00730325780276416, 0.23164514757137325, 0.00981849927367846, 0.05103982318510115, 0.045355057009637184, 0.12027964026832853, 0.06796428376953435, 0.014823171828231285, 0.0022312900051466664, 0.011667086097034773]
                  , [0.04202529625050218, 0.0054612663666846395, 0.002706100403521375, 0.004710303067845326, 0.02521423909972419, 0.004467608260093181, 0.0032890216544059405, 0.32041373698764053, 0.005138188487322027, 0.1382447770203101, 0.04102464897777636, 0.004437671835432045, 0.003950377470712638, 0.0052479832772795885, 0.005039940099805338, 0.01626180015661064, 0.03862859236217876, 0.3269029138016437, 0.0016352468229493382, 0.005200287597562016]
                  , [0.04713849023246779, 0.002512273292293888, 0.3455110581065133, 0.11966708573260866, 0.003622596061076225, 0.05541891271101796, 0.02778874200012859, 0.005388464904865309, 0.04263331594696055, 0.008397573839284038, 0.003906820916529959, 0.14622996267995325, 0.008714413434305686, 0.03712193955290098, 0.02342605151284577, 0.06782406525251378, 0.038856886297181724, 0.009144205937290342, 0.0012871030360180982, 0.005410038553244174]
                  , [0.036618079730751, 0.0030287628148851853, 0.00968218789971333, 0.03835771613339306, 0.003133215590249657, 0.015057563370164803, 0.027371400606060615, 0.008253529087979335, 0.3458277642222993, 0.024330733630574943, 0.0076166226919615115, 0.038920167738608444, 0.004832775639760906, 0.07172782872980428, 0.27376774493289313, 0.03840299861384537, 0.03479757497078931, 0.01285213957539595, 0.0013712029510765306, 0.004049991069793205]
                  , [0.11048319730240218, 0.0012526593498716498, 0.07517426987673927, 0.18085864332163015, 0.002008264614480856, 0.031897948614953396, 0.014699092218362022, 0.00593105812747867, 0.16844459671250325, 0.01205997852469684, 0.0043640752097902445, 0.05314081150516962, 0.0063079023226876784, 0.11034789439085345, 0.08053407493017738, 0.06368878671917429, 0.05484389652174207, 0.020305284246895185, 0.0006686856322628511, 0.002988879858128906]
                  , [0.1276126049543508, 0.01171834351484497, 0.03801741710024444, 0.031066746758149723, 0.006209008677682157, 0.06380862995956367, 0.010703299437054196, 0.010076350984704828, 0.032492469486983644, 0.016048282839525214, 0.007618549443196707, 0.07541743894582698, 0.021470248689744443, 0.03142428765446199, 0.02601703886871231, 0.32364835989184565, 0.13026928099329882, 0.02864210050427804, 0.0017537014612525232, 0.005985839834278925]
                  , [0.019739945607015422, 0.0053164495739311925, 0.00441361792933899, 0.0053376882214376765, 0.3010602537407678, 0.005054567542302525, 0.05033132327776944, 0.020689602690782776, 0.00594889143830356, 0.05035059166193143, 0.009308466019036905, 0.009879728690305293, 0.003410744038527783, 0.007619335645040278, 0.007532099298277459, 0.01992350935451826, 0.010556208235743589, 0.0234247559871249, 0.03811425882518868, 0.4019879622226562]
                  , [0.38604149214048433, 0.030029329321861174, 0.00944255502807739, 0.019365476505599905, 0.005416761367382255, 0.06387166182980365, 0.005590585023646683, 0.012453131737396997, 0.010501410654640884, 0.02191606346110035, 0.007467178746854439, 0.0241198425288055, 0.021229615519748384, 0.012062923324158105, 0.009189085006949125, 0.2207910410302216, 0.08732925397262162, 0.047376664676686484, 0.0013860095106854578, 0.004419918613275902]
                  , [0.05471387583161873, 0.001335810402753156, 0.28129212912964485, 0.36678026005395653, 0.0018878974332358072, 0.02865634693687259, 0.009122125622206644, 0.003681525316780021, 0.03944681325732041, 0.006683366064777775, 0.0029776942437279605, 0.04506208554629845, 0.007721734299290431, 0.05512524978113075, 0.018007578765157267, 0.0385646470727628, 0.02714121366224751, 0.008645128590422716, 0.00061068112830968, 0.002543836861485904]
                  , [0.02591904835226714, 0.003490970343555964, 0.0012238029456244214, 0.0020912425633879835, 0.028609104704718256, 0.002432489633715019, 0.001818081548070016, 0.3423980890916677, 0.0023495922532001303, 0.2322634374613766, 0.052592093469452886, 0.0023170654561294676, 0.001967112430122258, 0.0029316320658243885, 0.002596501781645013, 0.005591260702124777, 0.021298629469344216, 0.2634083290068647, 0.001061920227647269, 0.0036395964932618816]
                  , [0.034989867365445224, 0.004397403355230712, 0.0014431729554853687, 0.0024402068171472378, 0.013654644366395078, 0.0025789067787712065, 0.0016488037442370085, 0.3412549118826684, 0.002600175367062126, 0.08062783091692327, 0.023349237589672337, 0.0025389394551270953, 0.0021069106519160017, 0.002548102197997285, 0.0025142248603142263, 0.009520279089575832, 0.027014558540241797, 0.4415680474757641, 0.0007033303060956956, 0.0025004462839297455]
                  , [0.01868909769123597, 0.003586030054422373, 0.0016642497218190633, 0.0028195357941871255, 0.05315531079619691, 0.002755213860794494, 0.0030331262064147236, 0.09889072027956591, 0.003504042246105234, 0.5715052616055621, 0.13200960138053022, 0.003021903175401274, 0.0024351893377356957, 0.006332324043759022, 0.0039996498276126495, 0.007318360724890242, 0.01610849904402901, 0.06036669743022184, 0.0019757185539351642, 0.006829468225580944]
                  , [0.09653866771133436, 0.008232674415034634, 0.013789858053288818, 0.03167322273664884, 0.007352650809300939, 0.024608278205102016, 0.00938003772472454, 0.04746195638442735, 0.04156047456821013, 0.03886851674973851, 0.025746372438472838, 0.046413226024425616, 0.01026669901230985, 0.030657667538890397, 0.0305948724450021, 0.147249369728516, 0.30953967903546653, 0.0715238309806716, 0.0020639707561539446, 0.0064779746822810165]
                  , [0.08088575386644906, 0.00394690116421054, 0.029582686318170928, 0.0212165768255136, 0.0036415559048909164, 0.6616803066934338, 0.006252064234745595, 0.004782824876894903, 0.018627420304081096, 0.007486141398925313, 0.0037891856063025278, 0.03199919503650865, 0.0062874101210630045, 0.01301422792433021, 0.01830019199604343, 0.05385144358118204, 0.019845893513215588, 0.009801734443302353, 0.0015248156649584799, 0.0034836705257781106]
                  , [0.018269256128393346, 0.0029105219511526776, 0.0009591754030192402, 0.0016268072314494146, 0.043206394708156154, 0.0018759542560055577, 0.0014915014006705524, 0.21659925473331143, 0.0017944129743853237, 0.47020266084122225, 0.08176400353795477, 0.0018461283849971327, 0.0015321315242765217, 0.002905079166599691, 0.0021405166421634126, 0.0044410435015617075, 0.014277312272885244, 0.12675787730337407, 0.0011458850227843416, 0.004254083015637421]
                  , [0.11655192047752233, 0.0034150814037396883, 0.02547563260474375, 0.03396498420032685, 0.004668369273436809, 0.027161345467868532, 0.007943590266655467, 0.010005809610381982, 0.029006932352092927, 0.028276706372089212, 0.005245784601953082, 0.013631367328344286, 0.4892091694477738, 0.028018728514986654, 0.023951608291787732, 0.07584039082058132, 0.04104333052197785, 0.030999831775360278, 0.0014911467503260034, 0.004098269918051295]
                  , [0.03000539520791777, 0.007859942192767477, 0.0039691121683191315, 0.005307118455771952, 0.3524911845214133, 0.006593655310115984, 0.014162354171380464, 0.06277236246689226, 0.006156856764061729, 0.16994763900503365, 0.04458906038372685, 0.007372601059129688, 0.004337737517924662, 0.0078002126056441815, 0.007178407248886619, 0.023683392008444278, 0.021200968480972898, 0.05488286137178122, 0.028624213509589814, 0.14106492555022604]
                  , [0.3282159550242945, 0.04066709726726944, 0.0030132150823029046, 0.004814789455809954, 0.010514446386647341, 0.03803991673485083, 0.002977509391274293, 0.06631305457857631, 0.004212598042679111, 0.05332895643822748, 0.027085824906527566, 0.005553391099218918, 0.005527697205504283, 0.004987150102115762, 0.004439302250704291, 0.07940838041946394, 0.10999687258897578, 0.20597215285773374, 0.0013194799598455077, 0.0036122102079780005]
                  , [0.01800174698935351, 0.002317871419709096, 0.0007732326358507112, 0.0013522534271826836, 0.01531437033115867, 0.0014455952971808214, 0.0010325439433122444, 0.4415376491006627, 0.0013969683002562907, 0.12810138695490067, 0.02775478554335287, 0.0014263123621452473, 0.0011847807885645215, 0.0016003968397731712, 0.0015041599810398582, 0.0035414381244116733, 0.015328392839682264, 0.33397055258418024, 0.0004729590938198212, 0.0019426034434629738]
                  , [0.0738923224493471, 0.008886406661806649, 0.024673741051292386, 0.015675265028234662, 0.004024427000330862, 0.030089331010376558, 0.005777986960607512, 0.00901001317179142, 0.019603072932452816, 0.011132479084515413, 0.005995678772378688, 0.04825646495566039, 0.008049316881573683, 0.010597435607918471, 0.010021259484159394, 0.34943777534802634, 0.3344388381700103, 0.02561317133473616, 0.0011821399922495358, 0.00364287410253207]
                  , [0.12358984685674812, 0.024875126940123258, 0.0023909016025620137, 0.004059641747435958, 0.013255120755453622, 0.007835825142843873, 0.0025552427440754324, 0.1681871104185627, 0.0038656223166989483, 0.0672233116709403, 0.027930373998687957, 0.004285274506674741, 0.0039992829448032225, 0.004234421984822877, 0.0039426903910106306, 0.030467386183874758, 0.07640514751663785, 0.4265983347122753, 0.0010180915933821967, 0.003281245972386176]
                  , [0.5886305278132627, 0.026857358321454302, 0.002714178946822691, 0.003962636094204479, 0.002919124751501363, 0.06621323273444903, 0.002136007319178284, 0.014043027768971261, 0.0031166407383818777, 0.013500756349431148, 0.004763738818952427, 0.004679576390810705, 0.004914170957984611, 0.0036558602463695462, 0.003246272695379785, 0.15226620129126048, 0.05464470037545493, 0.044978443752033276, 0.0006977841947877716, 0.0020597604393091753]
                  , [0.34528566024969864, 0.022604621909911936, 0.0089463593560512, 0.010641782466519454, 0.005438676391029344, 0.30303406407101696, 0.004762580057975875, 0.009059451669293093, 0.007681341985629602, 0.020753636462922803, 0.006200714925757194, 0.02079788167985259, 0.009382827975911359, 0.008627870400626583, 0.00802372927378759, 0.1288651903706012, 0.04119384424020144, 0.033359217017589905, 0.001548503860170997, 0.0037920456354522693]
                  , [0.046640462402790385, 0.002205402998250636, 0.011947182855294282, 0.008145462025845658, 0.0014649750340705145, 0.8435540896899348, 0.0022772365169648045, 0.002064429294895396, 0.007592390222142409, 0.0031174636570464338, 0.001743843575963172, 0.013892193529769451, 0.0020190877058359077, 0.0036176550815938523, 0.007578502808506076, 0.0274395356049612, 0.008165240196072553, 0.004614086585329714, 0.0005943631566000704, 0.0013263970581323832]
                  , [0.009342624647411682, 0.0016791391381665174, 0.0006663257605655688, 0.0009934210380198327, 0.0397944261898224, 0.0010923561455951016, 0.0010440742324921064, 0.09268810134373258, 0.0011981517483550062, 0.7010134548028275, 0.08340253857902408, 0.0010994453971573679, 0.0009521196356506369, 0.0021400295868426794, 0.0014051968713106248, 0.0032258576393710725, 0.007656628673634534, 0.047449172477936556, 0.0007175113339035986, 0.002439424758180426]
                  , [0.008427228739204118, 0.002866153902725187, 0.001587775606294712, 0.0020129367135172083, 0.30356810564529485, 0.002016939381762046, 0.029384953364484635, 0.008474654441111298, 0.002196535934970416, 0.02345645911341188, 0.003826396431301148, 0.0038155928727772984, 0.0011850073946836237, 0.0029013828949310647, 0.0026557528880689174, 0.008352679164453041, 0.004458302634420101, 0.010209970579556327, 0.018849594527023505, 0.5597535777700086]
                  , [0.02297526072296006, 0.0035653402247693812, 0.000730966311268398, 0.0011579278633078722, 0.006247015389406357, 0.00112374920887189, 0.0007820202661232785, 0.3243626084154895, 0.001216028638824999, 0.04764739414065358, 0.01174387997917989, 0.0011891406961453673, 0.0008977650733714569, 0.0011854266692368333, 0.0012307930213906605, 0.003305730420729854, 0.014595839013844472, 0.5547192503122735, 0.0002811673315433001, 0.0010426963006093472]
                  , [0.022023546121326457, 0.004688389647415416, 0.0013910163387439133, 0.0019188795503626834, 0.2767480582975565, 0.0034281963751723616, 0.002917437688566048, 0.08518251410340914, 0.0022372900506829776, 0.3962642336128847, 0.06798498421797963, 0.0027454012313444967, 0.002082230073557716, 0.0033455619012421225, 0.002740370585194526, 0.009716267564238174, 0.015188998390127792, 0.057909616422557805, 0.005603245990336681, 0.035883761837301104]
                  , [0.01647962341065095, 0.0019565017811360857, 0.0004749782753621211, 0.000748780015176518, 0.02611558347132297, 0.0012753173177184598, 0.000651820768800627, 0.3537934008319457, 0.0007728215256137639, 0.3399593190125796, 0.04501852609229381, 0.0009203386693102862, 0.0008249978475506815, 0.0011092887695667434, 0.0008594226645847152, 0.002505947511310081, 0.010658176188408265, 0.19354653748413797, 0.0005341925279195311, 0.0017944258346111522]
                  , [0.03487913917106964, 0.005852537454211029, 0.026634549134607468, 0.022799355914736242, 0.0362951779473182, 0.011129584940578145, 0.38977311630808525, 0.009504472520476343, 0.03273295045057218, 0.03302515430869001, 0.007715987640494206, 0.08684845040116389, 0.005811132433393751, 0.06929833030468142, 0.04911914405446774, 0.04247115087075689, 0.02887508004253745, 0.013025624382484748, 0.0034265136117182468, 0.09078254810795733]
                  , [0.0188794607681, 0.001707608813144972, 0.0033906911282030887, 0.01764277524093491, 0.00174561489273709, 0.007481141707654131, 0.01496080444163421, 0.004376730644630605, 0.4677073189229505, 0.013104229396836774, 0.004400470244601438, 0.022579212131702026, 0.0023782816148191234, 0.0392506879084845, 0.33130356897438124, 0.020875852612613092, 0.01950266322071949, 0.0059186202046457885, 0.0007298009514598154, 0.002064466179747038]
                  , [0.011193701227880546, 0.0033430474993710493, 0.0016450682992483017, 0.002098785654761419, 0.5825145934749394, 0.002378313232425573, 0.01279250833475844, 0.021076172480801576, 0.002340886222625755, 0.07060784951565266, 0.017006451153025435, 0.0032264049179250975, 0.0014961570271783946, 0.002939422259647438, 0.0026951914704943826, 0.01010800912520092, 0.00516245374229308, 0.01971551313469158, 0.01890578768706392, 0.20875368354001508]
                  , [0.2827745097934694, 0.029762771574699507, 0.003700390481115605, 0.003980225077367749, 0.003131580257703631, 0.052350934880420724, 0.002848422794078349, 0.005051263177763084, 0.003624574380996566, 0.007252059465587983, 0.003946114800989107, 0.01735962195949364, 0.004653111236814366, 0.005181290582183129, 0.003840120171186989, 0.4685417346400482, 0.0768225254664869, 0.022063069982273528, 0.0007778063478726628, 0.002337872929448733]
                  , [0.04668129863385802, 0.0038536663538871413, 0.02684603373662042, 0.10254371336119447, 0.005605193905928185, 0.014758700599413586, 0.06550956358255099, 0.010536968314295972, 0.06784068906005096, 0.04695018056865905, 0.02582108873648581, 0.03555646924587344, 0.007069283638373377, 0.36878468369649875, 0.06098011100296823, 0.040826857720540836, 0.03660810205952634, 0.023956569837800958, 0.0019995000159138622, 0.007271325929559535]
                  , [0.030008102081234993, 0.0028785963992482367, 0.12433082080796136, 0.025785714558340236, 0.003374835670583459, 0.03725052537432398, 0.03509526031329299, 0.004871603250087227, 0.034219742657268945, 0.006493565307776597, 0.003507605105210871, 0.49679191602764733, 0.003489252136253124, 0.02234214525557933, 0.01877828817519164, 0.09437800413498068, 0.04339145636848579, 0.006718759166219682, 0.0009897396368814602, 0.00530406757343198]
                  , [0.00895377304722605, 0.001308759507919202, 0.0004913852433153559, 0.0007024510807398886, 0.007379936804506327, 0.0007431672125658538, 0.0005452818820442121, 0.5347199463838855, 0.0007230423825232529, 0.07115911891983165, 0.014054522493174815, 0.0007979133093166396, 0.0005023316042532114, 0.0008770254333865234, 0.0007656256865320643, 0.001725256606107538, 0.007991024964155177, 0.3455012228591488, 0.00020999847302617187, 0.0008482161063415659]
                  , [0.017874367603827674, 0.0012688476311298385, 0.6617440890825428, 0.06645085680616777, 0.0015497398989783382, 0.02003955280138048, 0.013277942758584713, 0.0023963038589697207, 0.0140763290420922, 0.003487836556893184, 0.0017125434391851227, 0.1237932439660068, 0.002510337349243562, 0.013766541288705287, 0.005425161682802241, 0.029023964139969296, 0.0151048413488446, 0.003736470841174269, 0.0005259216006381847, 0.002235108302863666]
                  , [0.0355475856718748, 0.002009300927851, 0.12205193960848226, 0.04895191488701161, 0.002323776663630679, 0.4349578626819071, 0.022076949633995674, 0.0030168492832879814, 0.04722921009062112, 0.005052333381349435, 0.0027059657676798458, 0.13678486369536094, 0.003668393788646461, 0.030344567862740875, 0.02769638293339033, 0.04970742702546701, 0.01736241471551457, 0.004800888955541069, 0.0008691281722728261, 0.0028422442533741973]
                  , [0.03047323701172307, 0.0007780819058542327, 0.2552991344862543, 0.5537878652049498, 0.0010343459945407372, 0.01650310342485109, 0.003919604010641643, 0.0020719917770697853, 0.021303708311976092, 0.003427523284012738, 0.0017980563837028294, 0.021890301395269922, 0.002481007907565882, 0.03941471591667846, 0.0049205217926439025, 0.019702351534868788, 0.014071720926546924, 0.005523501253936983, 0.00033580840759447374, 0.0012634190693183495]
                  , [0.07713081922485834, 0.0017593129101674478, 0.005047588890893354, 0.010529128366542337, 0.002218192945625801, 0.012576679186939015, 0.0033337405924105216, 0.0050401761715720295, 0.008685132973642953, 0.01301309181399368, 0.0025550053471367564, 0.0044907177177624805, 0.759692576803561, 0.009691839278793716, 0.005531139755405422, 0.03994584944850818, 0.02062862614499662, 0.015665615402009544, 0.0006625053125239261, 0.0018022617126569112]
                  , [0.12022381393703949, 0.014879086530562753, 0.00038363422324493, 0.000539329675546374, 0.07017424400141886, 0.033283297576341624, 0.00047937869432336164, 0.1886391989395875, 0.0005388904993703376, 0.23887970414036241, 0.03621904306470469, 0.0009417788481134431, 0.0014987654012234084, 0.0008066556590940127, 0.000614419058304142, 0.02590459646550816, 0.039433290485130675, 0.22220945093674735, 0.0017409000690494219, 0.0026105217943271524]
                  , [0.6521480092575913, 0.014180816557380738, 0.00103745397191966, 0.0013912128903329287, 0.0012724401924695938, 0.05265558709895993, 0.0008708353445198559, 0.0030262585026423314, 0.001189216405784301, 0.003290811198072544, 0.0021131487893818945, 0.0022156198953808682, 0.0018480936004003769, 0.0015598746638181016, 0.00126408254549578, 0.21306853369970546, 0.02903244576712021, 0.016565358412613636, 0.00033244653599118787, 0.0009377546704194459]
                  , [0.3833140785523097, 0.011757911661057226, 0.002029573743218927, 0.0024514444270756696, 0.0023643992653345942, 0.4464374128230539, 0.0015483528337369564, 0.004126661894385506, 0.0018978586392660902, 0.007881645505767976, 0.0032425484277957997, 0.0038514144624599493, 0.002737641791586539, 0.0024104004605426943, 0.002338344692205514, 0.08704761043724042, 0.01836717022169413, 0.014144957632105312, 0.0005889268604930323, 0.001461645668670162]
                  , [0.03656394956311189, 0.00517936478911266, 0.009032241923400606, 0.0034763168742605144, 0.0021026491603170494, 0.01245972387869247, 0.0023543888881875624, 0.007537699610592851, 0.005071116607211302, 0.007589330677671145, 0.0033720117271281197, 0.020482446923598463, 0.002762945898187054, 0.0035170088792595704, 0.0037903485140454063, 0.3085274012062577, 0.5496276712853027, 0.014193070375934222, 0.0006151952115582233, 0.0017451180061706297]
                  , [0.018313380368953643, 0.003224783089608976, 0.0037345220285093564, 0.00796463335749918, 0.0029379876482383206, 0.01064700182386804, 0.023551764726235234, 0.005773853698607263, 0.11428126896617309, 0.01726149285538748, 0.004422508307718105, 0.015607572307959958, 0.002858111536978746, 0.030607653215495377, 0.6918132172216391, 0.019712965462259386, 0.015606364027471183, 0.00671318476992774, 0.001418201656972404, 0.00354953293049729]
                  , [0.01867833162644464, 0.004766227226704864, 0.004071024022868867, 0.005340678668639946, 0.07357651260268985, 0.008538049377095132, 0.007798326652946907, 0.010563126233763508, 0.0060514174630266915, 0.03479994692750721, 0.007463913915106495, 0.006266884025049274, 0.003913422927320193, 0.006515415639321625, 0.011030406054503622, 0.019124929742386325, 0.013670587048232702, 0.016866918641075007, 0.6790222146500342, 0.06194166655528297]
                  , [0.016460493020310173, 0.000700156986547747, 0.002650893866250974, 0.0010846782724354118, 0.0005490260872705065, 0.9543892166385508, 0.0007223541965961098, 0.0006632725217986583, 0.0008422812125078854, 0.001117507552039291, 0.0005301213154947092, 0.003253808450434391, 0.0005524661827472517, 0.0008292418062278076, 0.0014596252547897331, 0.009962746491815956, 0.0023905751535768026, 0.0012342337120034381, 0.00019582189072309968, 0.0004114793878793238]
                  , [0.08811868134167558, 0.4852946370481754, 0.007547187236096593, 0.008168813302340473, 0.01696675054968742, 0.03228784055642666, 0.007991475530442152, 0.026493020647952194, 0.0086328072222058, 0.033578831947938766, 0.011161134086124663, 0.023609794976339585, 0.00663116543257082, 0.009025092052007553, 0.010990663277173856, 0.10508076208777654, 0.05525861989407354, 0.0509453008606057, 0.003186505773428418, 0.009030916176958273]
                  , [0.006303486784387886, 0.9396767583423244, 0.0015564787530425016, 0.0019068426577055343, 0.002064511664250826, 0.003459232751219729, 0.0018022416878131207, 0.003013996531786177, 0.0020668905130010193, 0.005360924600152838, 0.0014879437617343668, 0.002152664171427649, 0.0014047169569013178, 0.0018478506331775744, 0.002900550585729956, 0.009812486697027015, 0.005206050242992611, 0.004924184877511433, 0.0008044552791552184, 0.002247732508658331]
                  ]
distribution_weights <- [ 0.08032139099820991, 0.04921371286595415, 0.048798852142262844, 0.04507312779773133, 0.03483798657318166, 0.031162687288988314, 0.029986866563830105, 0.026941880533863868, 0.026850198605976285, 0.026356262219481952, 0.026257704147002802, 0.025500182217831676, 0.023747911371080312, 0.022756600525795857, 0.02242654558540057, 0.021193423655312623, 0.021137268474481483, 0.019716198592223996, 0.019585551844984197, 0.019539710881040406, 0.018658418349221047, 0.01832148726423419, 0.0173599730455132, 0.017264853045329837, 0.016307922923003225, 0.01541058605380354, 0.014789440992365187, 0.014571696413632186, 0.014240495449138305, 0.014109848701898504, 0.013880643882179555, 0.012905377374275426, 0.011228744118031314, 0.010542275682973062, 0.010016250621718074, 0.009866121464802162, 0.00917736098154672, 0.008580282426178858, 0.008467972064516573, 0.007187863146386243, 0.007123685796864936, 0.0071191017004705575, 0.006783316639582297, 0.0067741484467935395, 0.006485350373947664, 0.006389084349665705, 0.006081949891242313, 0.005707200011001831, 0.005662505071156636, 0.004868310370830478, 0.004847681937055773, 0.004841951816562799, 0.004797256876717604, 0.004774336394745709, 0.004251749405786505, 0.004154337357405951, 0.0041302708513354615, 0.0039148183207996495, 0.0035778872358127947, 0.0034220279584039094, 0.0033120096449388136, 0.0029945609696280695, 0.002794006752373989, 0.0009007749414954697 ]
# The number of clusters.
n_clusters <- 64
# The base file name of this file (for reproducability).
fn_distributions = "dists_all_poisson_allsites_lclr_064clusters_rb"
