20 A C D E F G H I K L M N P Q R S T V W Y
256
0.025966614025959737 0.0813164334488748 0.0161776319895510 0.0515198768178079 0.0627420331092640 0.0268648811926793 0.0542773968791521 0.0561444219620954 0.0360427294094885 0.0636798752270252 0.0699316436284900 0.0205696086795134 0.0586571519318544 0.0275188613237306 0.0609441414911827 0.0646834697501350 0.0829540614973305 0.0673958707986951 0.0582520702335270 0.0098878222487390 0.0304400183808642
0.014881122920252766 0.0798188835153508 0.0060867945830944 0.1054769849748415 0.1527096615635615 0.0094461276070362 0.0516072894590541 0.0334622441281899 0.0169344638985658 0.0767210878914310 0.0395338163165807 0.0116846328506621 0.0641607951333379 0.0234916501364948 0.0741811064389804 0.0589918585258527 0.0778247646742730 0.0614337563810671 0.0405619837389896 0.0034569632043371 0.0124151349782992
0.014682860751195875 0.1065471492974330 0.0155548167610141 0.0462376180060769 0.0482904510492134 0.0133114743922411 0.0622760012260049 0.0240695200156604 0.0192759736772752 0.0487944618633939 0.0428994839026108 0.0135604669348539 0.0705790893865223 0.0361799729448060 0.0474849871209132 0.0465178300927476 0.1983944766958299 0.0993416535919966 0.0422016132612384 0.0040537442884911 0.0144292154916773
0.014358535931293563 0.0717610448030400 0.0098642115444273 0.0260183752077517 0.0588915285034837 0.0140346443495751 0.0389361784117127 0.0533648163097053 0.0216789565466708 0.1123657997409814 0.0579897487709738 0.0155829822424291 0.0492244672025648 0.0163625263589187 0.0780932080662563 0.1809668351326082 0.0671277411077247 0.0590815750134054 0.0447713613657401 0.0067047748183293 0.0171792245037015
0.013851993279714685 0.2105890772365703 0.0135387816936892 0.0397502586097896 0.0548024963388042 0.0141777962077081 0.0665172038518465 0.0191751377432565 0.0338540503218116 0.0446862110359633 0.0555020928107617 0.0167598343227858 0.0401445942771201 0.0297919467113249 0.0497361178382498 0.0487063694442502 0.1010183288415510 0.0742958015360077 0.0689013484774684 0.0048472429667095 0.0132053097343318
0.013033732073318038 0.0676715636251975 0.0100163522353289 0.0142972479677693 0.0281061983285685 0.0542705308816574 0.0176468825374533 0.0219971253123958 0.0795840352298573 0.0419816119475765 0.2272851853367965 0.0749504369014429 0.0222154463729857 0.0146355988340742 0.0558625906686767 0.0501178357275767 0.0556181896218005 0.0553245619032649 0.0769935264603762 0.0075765694801677 0.0238485106270335
0.01255354797600684 0.0649814853928435 0.0053084839495649 0.0444165452502894 0.0777921947832104 0.0087639973269193 0.0347127537794392 0.0351729120046995 0.0224865236450413 0.1940425767362576 0.0445979328392752 0.0145048282271399 0.0626380398066995 0.0155089326749163 0.0786655442042502 0.1086712993170275 0.0687909624211927 0.0639802498204380 0.0409057305157666 0.0028745223195455 0.0111844849854835
0.012146709421005705 0.0776954065341098 0.0065828854805840 0.0524236644950798 0.0927967149080426 0.0119596167003947 0.0262557980879324 0.0517318710269061 0.0227653659097767 0.0912829981112716 0.0611226759231706 0.0183372383248898 0.0559054414430427 0.0145623000691648 0.1406212873539123 0.0820051327867668 0.0683631849295348 0.0619233783234777 0.0454205801925589 0.0036581891579026 0.0145862702414816
0.011796026046835714 0.0803087763170592 0.0103013459022874 0.0166124791379788 0.0492568656245662 0.0257034863645606 0.0166927330791504 0.0172893396263856 0.1197401199109309 0.0505522749851630 0.1136098273106583 0.0517571281780776 0.0256342247839225 0.0143767495489791 0.0489885683680749 0.0475796091828011 0.0602214685954174 0.0770087173299082 0.1521530348720179 0.0048931989449563 0.0173200519371045
0.011399501708721931 0.0669197532910302 0.0080462642422344 0.0940705336038909 0.0654756163721072 0.0128196144176189 0.0635330162623713 0.0531233569849906 0.0167656038855857 0.0687926076032528 0.0309756200240945 0.0115543265204354 0.1600918968085727 0.0164241554996006 0.0580273130310260 0.0550879867842682 0.1035560689189823 0.0678598541735181 0.0241609330641013 0.0043649024630270 0.0183505760492916
0.011229890142129908 0.0947995359226142 0.0099783693884252 0.0263581835795738 0.0502418112562531 0.0148599847491400 0.0280667371685627 0.0193764502738717 0.0556555993657919 0.0560331335073979 0.0593860656466746 0.0253772197462310 0.0555490862073756 0.0184509443996036 0.0503475338373073 0.0504368369111465 0.1123923575333056 0.1791047975522758 0.0756897551311515 0.0042344486991860 0.0136611491241120
0.011154252551622655 0.0503728749390733 0.0065929975256063 0.0183621609978676 0.0509256260353808 0.0084080059600162 0.0227572779185877 0.0392388157935563 0.0171271001861313 0.2265901633928451 0.0409940521023694 0.0139446220737442 0.0492496621416835 0.0122392129827865 0.0692118083949387 0.2193781334102064 0.0577026367619573 0.0517232797690980 0.0314349619300030 0.0033324818598007 0.0104141258243478
0.010768042430396226 0.2016797411676477 0.0110701549738054 0.0340561158125649 0.0405489535131029 0.0088324002596428 0.0620172000642831 0.0132567240296925 0.0168970973870183 0.0364527529021721 0.0367838223033305 0.0118741682100286 0.0504628103786986 0.0323161629288657 0.0389229741413205 0.0302643246810020 0.2008104251860052 0.1124605140815831 0.0503672166802405 0.0025619152082331 0.0083645260907624
0.01068896676759319 0.0727125020817890 0.0044224154044055 0.1407606805605659 0.2505528547803880 0.0065196848142524 0.0403885601618704 0.0212636760519229 0.0129425695199039 0.0698801624169691 0.0291609170740661 0.0090467859535967 0.0529486499710664 0.0168542253038725 0.0760393438038486 0.0455282737175224 0.0588095718417489 0.0480264021419900 0.0334119437443524 0.0021804453597562 0.0085503352961130
0.010597284839705609 0.0970217549972217 0.0074522063887558 0.0470325541921511 0.0614469277503915 0.0130159148193316 0.0431366938863501 0.0224282420389588 0.0236959229296836 0.0562968851893379 0.0572333471491152 0.0133079810324808 0.0427936260010989 0.1844318103801381 0.0555486089113422 0.0525242875561959 0.0905854880574347 0.0653209746920562 0.0500535898422131 0.0043218089340959 0.0123513752516468
0.010572072309536525 0.0985754053429141 0.0102179947784895 0.0673929050165689 0.0609577728569834 0.0118515419712441 0.2227736459263917 0.0227339612517680 0.0150537422183381 0.0544905751097585 0.0311848830159398 0.0110224665775696 0.0665771870243584 0.0228318387946736 0.0461803185321382 0.0534876258324883 0.0977886422696456 0.0560069181819077 0.0330810125250525 0.0050971601914884 0.0126944025822814
0.010489558574437704 0.0664155004167286 0.0053497128097913 0.2264206545722066 0.1324496419859232 0.0085482445490339 0.0626546477635705 0.0388695196345880 0.0116379667037810 0.0527132430780239 0.0191627609608636 0.0082185516860612 0.1005314357646898 0.0201120811672186 0.0510572912796802 0.0389280105079554 0.0732416890489855 0.0492193739776933 0.0195624242698630 0.0033096407651386 0.0115976090582040
0.01045976194787424 0.0631917249992461 0.0133272859648784 0.0194501868744462 0.0247847133023975 0.1310705153044010 0.0214318562359404 0.0642882585569897 0.0466032327520858 0.0278371875487772 0.0852500440250655 0.0215710025862088 0.0441546883981900 0.0142397408927858 0.0414436616411225 0.0443006758156919 0.0640247195564110 0.0521198004294684 0.0566135532710660 0.0209183637759762 0.1433787880688517
0.010405898815240287 0.0553339813905745 0.0081830642853374 0.0086410797645333 0.0152485599927427 0.0585164926636389 0.0110755263791825 0.0117578973117368 0.1623995710028852 0.0179015882739612 0.2561829126777772 0.0730727444480207 0.0127462328694639 0.0106999450838847 0.0221254685571028 0.0189835416783820 0.0361710749668685 0.0509874628105770 0.1447506987142490 0.0055034556728077 0.0197187014562741
0.010238579296845454 0.0446476512468245 0.0104695804567505 0.0120148141365692 0.0143451959437858 0.2228035919839830 0.0138340235591793 0.0544718804616495 0.0416961898358899 0.0158486826529620 0.0825200162963171 0.0180766733634233 0.0197515172552694 0.0099190710630266 0.0183857390731996 0.0187942523568601 0.0427025073842619 0.0340773292340461 0.0465230613077785 0.0442872516608130 0.2348309707274110
0.009656399054759323 0.0576682291387273 0.0035441960301111 0.2441092905599543 0.2441990858449449 0.0043665384254156 0.0461984569585700 0.0250416667690870 0.0072511401084121 0.0510932959175856 0.0132816502095718 0.0057167369850864 0.0719149900974342 0.0147839705073264 0.0593200494518150 0.0318868045063240 0.0583714997664377 0.0399852871722756 0.0135323902988278 0.0014764515648814 0.0062582696872116
0.009444384596519296 0.0455241156861712 0.0063366985322652 0.0053996579397294 0.0094845183102567 0.0375112127783136 0.0070968579070893 0.0065146668773023 0.2586405992995431 0.0113324349518292 0.1974688843055994 0.0580349760441375 0.0081356516826486 0.0070129334729372 0.0110506186483762 0.0106172359191238 0.0234039387978448 0.0476184471796466 0.2353440399668433 0.0030983096484622 0.0103742020518798
0.009342388451744362 0.0421040739586062 0.0069667886685327 0.0075044039158599 0.0124118587343287 0.0585600591807661 0.0092281467512418 0.0114363674247953 0.1020213942512209 0.0150152856582824 0.4037611989682405 0.0870473596935649 0.0107758551796561 0.0091522942196410 0.0313347052721693 0.0212708943564508 0.0309777744632312 0.0363463194170877 0.0813550201042079 0.0055093829398342 0.0172208168422822
0.009074218812673193 0.0670033697690201 0.0093215800174012 0.0104502075162410 0.0206858759919724 0.0355974052827344 0.0122810195576415 0.0110674388290571 0.2005614369685413 0.0310599873911117 0.1250931916067153 0.0504742170446529 0.0159650761888952 0.0118844036843056 0.0202884439989734 0.0213688305884110 0.0432798692708179 0.0678932447886387 0.2272002477605671 0.0039530213321539 0.0145711324121483
0.009004311342658913 0.0406701096068604 0.0048813880462823 0.0105105879990843 0.0367818454317553 0.0050287106987530 0.0170285938323297 0.0361651051937499 0.0115359214025545 0.2488950139691564 0.0326087689036617 0.0101840903106780 0.0396347259717474 0.0069489882978288 0.0693587824571959 0.3177878350821987 0.0456996356044347 0.0395286699770300 0.0173726818482550 0.0024379484877532 0.0069405968786909
0.008847306041151434 0.0956890872229858 0.0053081031099060 0.0374184196299771 0.0496729432508254 0.0088725057487078 0.0358800620120368 0.0157825456658197 0.0200228268582451 0.0501481396515615 0.0456514469848992 0.0099908965922473 0.0316107775232300 0.3143633751647672 0.0469696095718337 0.0455856048098899 0.0771662254627057 0.0537502303592433 0.0445294066465871 0.0031018213591863 0.0084859723753451
0.008702907004728495 0.0407274541888974 0.0063554073042307 0.0041404201113366 0.0078677939817641 0.0545927327476946 0.0061839936635924 0.0064000226597461 0.1844766715699570 0.0089413408848346 0.3446081205686812 0.0864133649860821 0.0067924304156817 0.0059508648636211 0.0113595265391565 0.0099994333298725 0.0168272745442612 0.0362454499338156 0.1461547620666722 0.0037466742629481 0.0122162613771543
0.008607787004545132 0.0680470492542501 0.0023399478690229 0.0688119869917155 0.1675775776522291 0.0038505336809099 0.0295390801506687 0.0295863157797648 0.0107487328177372 0.1786873425236996 0.0260190056795694 0.0082534730653922 0.0565680454252796 0.0084300916646805 0.1003199608916663 0.0994163821584255 0.0582570853047365 0.0553338628908048 0.0204953240417293 0.0012867053096564 0.0064314968480616
0.008558507968305557 0.0882177151942500 0.0082815105253475 0.0302636872504779 0.0377412630981633 0.0088483007480588 0.0354936758500545 0.0140487684140832 0.0342234172149253 0.0441418366739654 0.0364580071068363 0.0146494455763266 0.0582085667249314 0.0145909767803289 0.0375981998109016 0.0385745734045473 0.1831242978185216 0.2537646134070664 0.0501867036502274 0.0027850784642811 0.0087993622867055
0.007662317123204467 0.0324590684601324 0.0041326905570955 0.0024714299439929 0.0047991070028375 0.0464089835175162 0.0039835663989671 0.0036793254577931 0.2446443584114455 0.0057934693697249 0.3209104855062866 0.0693455754500591 0.0041347978064084 0.0039552630366116 0.0066834878043939 0.0061170719369869 0.0093621046814867 0.0282336818073761 0.1916658647835857 0.0024179234243657 0.0088017446429342
0.007558028930232345 0.0885163932854188 0.0075231892103622 0.0538667428537114 0.0434115040318720 0.0078071098902829 0.4313233976453650 0.0146805469708363 0.0095072901694632 0.0382708239494682 0.0162521043053734 0.0074756259098755 0.0555998603793745 0.0150976377175602 0.0319033874916817 0.0382484927487326 0.0754664955491789 0.0356893748927610 0.0180848097962102 0.0034309436980733 0.0078442695043989
0.007394147484133296 0.1688839384585598 0.0038192933635626 0.0996893814965348 0.1489141191634613 0.0043481736734534 0.0554582172299496 0.0184629650167372 0.0093461115452858 0.0553531417300653 0.0269925046618192 0.0069440224300202 0.0448233090634121 0.0381447917950917 0.0745304926565961 0.0572528174605718 0.0821648090256970 0.0614336264499210 0.0368246209411186 0.0018467240836985 0.0047669397544438
0.007289859291161174 0.0541603033704711 0.0089462717236044 0.0415855280967009 0.0441216772339446 0.0278627704085201 0.0210080445949368 0.2121855509764713 0.0159486363484490 0.0527627901031969 0.0490315728324929 0.0123098887431015 0.0858718849368725 0.0113427581129716 0.0818744533419729 0.0718703299145585 0.0624612611497019 0.0474936630074449 0.0245540473234475 0.0058739209200224 0.0687346468611182
0.00722109784524549 0.1000853641182548 0.0032059392844788 0.0578419105613473 0.0819860246797128 0.0045416132117591 0.0488781308118868 0.0319351423680869 0.0106947333170204 0.1076100777336337 0.0195597182395512 0.0081293756822675 0.0817781826340025 0.0117443756499861 0.0909826146808998 0.0750145254751046 0.1431762105283422 0.0940578767719279 0.0215347625196805 0.0011814068984481 0.0060620148336090
0.00710534941128742 0.2095994918314603 0.0180410441407571 0.0108234576894980 0.0232492694639562 0.0145204743403360 0.0375345970984738 0.0095941313827755 0.0917181023843918 0.0166270686843780 0.0751601293371783 0.0372781207645226 0.0148777730281755 0.0186658953834676 0.0180868852485965 0.0160441568434960 0.0736092663975257 0.0880039996238484 0.2137931151834202 0.0032169442005806 0.0095560769731618
0.0070388800135689255 0.0504823639723735 0.0020976680128349 0.2560134302206477 0.3461012687392926 0.0026612044628008 0.0318231652628269 0.0143154856668875 0.0052425426806041 0.0420886218113764 0.0098159236969914 0.0043363807564053 0.0489971764945886 0.0095278350641424 0.0610250867862982 0.0227853695232820 0.0446807562464834 0.0314621791049084 0.0115422807356000 0.0008979130063544 0.0041033477553011
0.006967826519456051 0.0970274541438187 0.0041088010507938 0.0267380257135071 0.0365051582924559 0.0064652752304679 0.0284163693017195 0.0106121210012217 0.0137580799649449 0.0362955497078984 0.0376004497402641 0.0069178499526182 0.0174527170062336 0.4541353307292982 0.0353790147729028 0.0319019017493872 0.0691130212453838 0.0436234240342609 0.0360423777755633 0.0020952685719240 0.0058118100153356
0.006869268446976903 0.3720189566614575 0.0168090088210302 0.0174829579600915 0.0376072841734106 0.0094127836926173 0.0689114081614387 0.0114437222053818 0.0282370630888617 0.0290963769794331 0.0409153592175827 0.0130582395896836 0.0215670881327920 0.0190683401778196 0.0297924575347175 0.0261555007274263 0.1130202974588579 0.0676562141857170 0.0668621882795811 0.0027120508673719 0.0081727020847281
0.0067982149528640285 0.0687202314429471 0.0018441439835793 0.1406855521602404 0.1591465606947007 0.0033362986079259 0.0504225025036445 0.0317751256588094 0.0065774139729163 0.1125750676837154 0.0127552304347317 0.0051744058855200 0.1001843894110536 0.0122323049560582 0.0833991473738109 0.0559909654742334 0.0799314960343398 0.0564708590772998 0.0118644171829075 0.0009213170616748 0.0059925703998916
0.006759250133511807 0.0518036055941011 0.0062974092105451 0.0026446818114893 0.0050836980933977 0.0310011470094869 0.0055436921492073 0.0037807988199807 0.2419148939989843 0.0049762712200761 0.2021199987743910 0.0484954043450014 0.0042745489404548 0.0047744865719913 0.0061911840793447 0.0060291565719477 0.0173442996187642 0.0384776006552031 0.3117017347720693 0.0021170648834874 0.0054283228800765
0.006722577362356775 0.0478968431856846 0.0034488093503418 0.0236862918985409 0.0592147081238476 0.0043342701694295 0.0165650213830086 0.0263518425137263 0.0125851292342128 0.3349078238121007 0.0312992590721407 0.0107131276155192 0.0508066188368838 0.0077622517912834 0.0792554645181045 0.1626361014153196 0.0503719678077787 0.0470907772034936 0.0239355330032861 0.0016208962762138 0.0055172627890837
0.0066629841092298485 0.0539870158632341 0.0038012170627809 0.0350049190246000 0.0777190897406590 0.0045461007590542 0.0163594512432371 0.0539983047786783 0.0106520642776382 0.1714121798280601 0.0383368743297724 0.0093217217535128 0.0512143156967884 0.0064354303635982 0.1563003478315960 0.1857013389702884 0.0521097397550309 0.0464650011707117 0.0173572427536970 0.0017971019992730 0.0074805427977891
0.006653815916441091 0.3202932513642668 0.0276502997198471 0.0134451227392557 0.0260639041300625 0.0069725326587912 0.0660484083934618 0.0086154838422347 0.0129781709532939 0.0174374357956086 0.0263700524328651 0.0090597055928692 0.0336213354786087 0.0246406462291515 0.0244365468078063 0.0147843131119663 0.2347798511025966 0.0791626310975573 0.0456045495900883 0.0018922926106314 0.0061434663490369
0.006618289169384654 0.0762568912846068 0.0089725403334659 0.0075187928916888 0.0190363578337500 0.0153797166210204 0.0100110372490028 0.0071333603686941 0.2133060326572645 0.0181280333227396 0.0921540507565035 0.0378617804710534 0.0110455206702737 0.0107044367400664 0.0144784435469197 0.0146032213315774 0.0370202359652092 0.0690352487211622 0.3266437496816981 0.0024303918802376 0.0082801576730658
0.0066137050729902745 0.0305576443045616 0.0080664362326472 0.0070154818590504 0.0086502661586449 0.3244072013227120 0.0082052083974548 0.0416374067425560 0.0359118495652321 0.0093768857911685 0.0820846063290596 0.0178773530688286 0.0129637991288524 0.0062876707044376 0.0116682241618369 0.0111207522914119 0.0291276362673431 0.0170706078440809 0.0388985346442428 0.0390020825992485 0.2600703525866302
0.006394814470158679 0.0556398590844237 0.0075097530476177 0.0043833998217537 0.0081030594725876 0.0215940026041912 0.0062745220761437 0.0045962204283943 0.2858493596719668 0.0088767500252890 0.0947725899736944 0.0351718186873534 0.0071204996903878 0.0058853552772089 0.0077221668476906 0.0076908513578369 0.0250880245537630 0.0536493192657355 0.3516971565816324 0.0018337537524416 0.0065415377798879
0.0063363672411303465 0.0300349059981928 0.0040336929330298 0.0015390378159930 0.0028466860086223 0.0323417464094625 0.0029162694996886 0.0023719617287399 0.2989365140739894 0.0030962290651613 0.2592347822144235 0.0607029672385075 0.0029429607262129 0.0025930336642107 0.0038805341611170 0.0034534041430984 0.0067521207952576 0.0243134570502591 0.2520991075010140 0.0013653566730878 0.0045452322999319
0.006157587481749566 0.0198089654539412 0.0053791312960081 0.0042765540329988 0.0052216430061432 0.3247266753834016 0.0050152990935903 0.0457857544947481 0.0205468886853141 0.0057417867401576 0.0494314719830425 0.0101333041484045 0.0089910550509561 0.0033660999448467 0.0071521194695506 0.0077437146727123 0.0198665624043640 0.0103874823900860 0.0228775382206827 0.0373187913893718 0.3862291621396796
0.006147273264862214 0.0227097127609859 0.0046851613691720 0.0020235811906018 0.0036278089814267 0.0465138779244442 0.0031683264435376 0.0036698577899541 0.1673809192216770 0.0043833537598293 0.4961708950159500 0.0856184415762773 0.0035314089925506 0.0032732184710372 0.0062391516055330 0.0054136114874306 0.0076784815229566 0.0195669077061775 0.1050931075910250 0.0023474849410429 0.0069046916483904
0.006128936879284698 0.0264431359127788 0.0055188026663585 0.0037539220835272 0.0061846530021194 0.0528162647970841 0.0051782502746507 0.0062339183295022 0.1012752447991849 0.0077635570929407 0.5487957942347651 0.0775849193131361 0.0058957327386173 0.0055264068567596 0.0140703142796854 0.0093572380473138 0.0166487202067442 0.0227034736167818 0.0710141552243031 0.0032785645736679 0.0099569319500791
0.006033816879101333 0.0231370556716545 0.0038834047368217 0.0014060531721441 0.0026051403978130 0.0415265650472306 0.0024584496006844 0.0023628434940648 0.2401185841589064 0.0028131043486999 0.3950016474725826 0.0838208334195798 0.0026181751719100 0.0022882839648733 0.0042516478821785 0.0035317941783317 0.0057823370957675 0.0183132060577376 0.1574237280874188 0.0014973642113830 0.0051597818302174
0.005961617360889865 0.0319541870686009 0.0035828179528453 0.0085092839957160 0.0300983409850903 0.0035253779845180 0.0128957103522927 0.0235916675973501 0.0095117692096215 0.3900585813749251 0.0246858824510187 0.0085796877594859 0.0370017099466787 0.0058072310698917 0.0545638369213085 0.2668224181266250 0.0362701210346617 0.0325235384102032 0.0143124927209917 0.0015432483688313 0.0041620966693438
0.00591463037284748 0.0499798494005872 0.0111885808676193 0.0078295405308247 0.0111073531142079 0.1857881890624435 0.0115283421866036 0.0295324897732863 0.0808832712396650 0.0127384964982239 0.2065771732839483 0.0599640331293296 0.0133513034001558 0.0086804602050479 0.0161590985532761 0.0161043222695186 0.0416996428814461 0.0387212470519694 0.0763928090605656 0.0162743326197421 0.1054994648715393
0.005805758083480979 0.0310876032031437 0.0074534910332899 0.0086916380238460 0.0098720366968025 0.1993238839671473 0.0094480218420452 0.0710400701350450 0.0173009760911957 0.0109383491066812 0.0502406416608411 0.0095277745874102 0.0244622538659026 0.0062266556032339 0.0140171778147666 0.0137473347216561 0.0317386177821368 0.0186649664337666 0.0289730736541334 0.0383882051009502 0.3988572286760058
0.0057266824206779424 0.0641721406869101 0.0027582264749677 0.1286646781263445 0.3677409166240916 0.0038580616707198 0.0299522838127753 0.0154348069456428 0.0095619654062557 0.0614324066535520 0.0188207327552657 0.0069040322041981 0.0375445662976120 0.0082195609119569 0.0901457741533408 0.0355775038411671 0.0439709269197944 0.0382370355723048 0.0305477985649425 0.0012540329016977 0.0052025494764607
0.0055845754324521935 0.0548722523458045 0.0085213941738592 0.0154181879512576 0.0380566272536876 0.0098430170637563 0.0316813445612073 0.0610909411357873 0.0151002662153901 0.1063076796724142 0.0489029531300572 0.0117461723323829 0.0413672300075635 0.0116070983059432 0.0751992840577857 0.3195164461404730 0.0541146414131376 0.0469881874763848 0.0316118076751530 0.0048309934570865 0.0132234756308686
0.005575407239663436 0.1229451358398287 0.0342606160421931 0.0266904029776656 0.0213532733953700 0.0095666657380306 0.0534214003494423 0.0129862678718590 0.0128477904121193 0.0287364191500501 0.0301966606588030 0.0097122024456511 0.0590135789438958 0.0182128615057711 0.0279330308177270 0.0283331249120267 0.3520019446127976 0.1087426153479524 0.0314732030811949 0.0024230027665116 0.0091498031311099
0.0055238361552266725 0.0513474911442565 0.0036654798982100 0.3671744423024962 0.1209823232570911 0.0052056408058420 0.0456920520399518 0.0313575354086378 0.0073728598537330 0.0382158416474432 0.0115232014144065 0.0055741119381093 0.1135562117550470 0.0116415588801871 0.0380938186922530 0.0254654644878581 0.0614230276788729 0.0398992070217915 0.0128137993479215 0.0017984144465097 0.0071975179793819
0.005496331576860398 0.0726716167180890 0.0093517176717994 0.0313106274171997 0.0249489393300420 0.0056892847488330 0.0384177188628212 0.0099740356172200 0.0104771732825386 0.0288725362386958 0.0144800223685502 0.0076571597763304 0.0586892266224672 0.0116809296253161 0.0222214696964873 0.0238216478233223 0.3223954104488267 0.2729092105508638 0.0271208819206951 0.0017756387319022 0.0055347525480002
0.005477995191282882 0.0450182512622270 0.0031022065969719 0.2280870845616142 0.0714356660013338 0.0048842494003847 0.0624238774854479 0.0380164805120662 0.0070420742192671 0.0530959323955809 0.0099137893916455 0.0044492066739896 0.2387562800874568 0.0080782976123237 0.0374204534069821 0.0285899679456569 0.0913274245554513 0.0480580281427242 0.0099341341265965 0.0018077276474878 0.0085588679747921
0.005386313263395302 0.0736321361254761 0.0070722122701345 0.0567667503513060 0.0349918583304414 0.0060698260902419 0.0575712949015376 0.0345154587933352 0.0109069606140878 0.0457064450430577 0.0148205479342709 0.0077245074017303 0.1939748875458355 0.0105103562567260 0.0425756859288842 0.0345335597649096 0.2260524134641852 0.1154452544114481 0.0174703533291262 0.0017328839954467 0.0079266074478190
0.005303799528296481 0.0390802148267139 0.0057006761499875 0.0027663483272113 0.0048483319787142 0.0171783918659342 0.0038744995488368 0.0029764279203437 0.3406457667273691 0.0050889968596647 0.0821977755976372 0.0281159950348528 0.0044309482011433 0.0036443925827175 0.0047196781766191 0.0045794915723434 0.0162048688627388 0.0376449741110380 0.3903877980998572 0.0013584825611710 0.0045559409951062
0.005294631335507723 0.0303296444584221 0.0038118592687332 0.0016510574452891 0.0029415576621702 0.0133969730955407 0.0026823131971430 0.0018822417699099 0.3608465604040314 0.0032500707422373 0.0719427143476592 0.0213920070630044 0.0028562171087812 0.0023416934266100 0.0029874045155928 0.0028198576881229 0.0093207990635045 0.0260593812402268 0.4359605559417597 0.0007797698630773 0.0027473216981842
0.005244206275169554 0.0210975912931817 0.0029553884790193 0.0015555275195997 0.0025298376073031 0.0201155273387519 0.0023560671898431 0.0019258121113454 0.4374732480015606 0.0032179281010046 0.1380442863160361 0.0380670358320897 0.0028312071487282 0.0020590222086337 0.0029908798081880 0.0030488484238100 0.0057318112080994 0.0221221339029620 0.2876784925269509 0.0008746460645644 0.0033247089183283
0.005241914226972365 0.0747889060523124 0.0048407627908044 0.0337050753855980 0.0252968832170120 0.0045755783270041 0.6330535955748142 0.0082431598482176 0.0057099381890946 0.0221982538950515 0.0090959260790419 0.0045028956909932 0.0345839924499106 0.0077361606471255 0.0158617892609373 0.0238277279142936 0.0525910838085318 0.0218900345126163 0.0111141442171008 0.0019768649281417 0.0044072272113981
0.005217847720901875 0.2134160863396973 0.0114740388444931 0.0408529369316327 0.0425909171994064 0.0093153936671748 0.2305568729537428 0.0131452697324895 0.0127527201023362 0.0330611342544083 0.0337086672295039 0.0095614024310399 0.0417337959054924 0.0228822943344955 0.0325651719894116 0.0352427119614849 0.1099141611975895 0.0545059073563228 0.0412077464030421 0.0034383112485113 0.0080744599177255
0.005213263624507496 0.1904334928057428 0.0054831174699733 0.0357994383518776 0.0453829099896303 0.0066979752564005 0.0527222113252679 0.0115577308908867 0.0136964027741183 0.0378190549052309 0.0341073877517531 0.0081814446365474 0.0344449161649415 0.1956922759405825 0.0390598073881781 0.0327648549194179 0.1263146305209269 0.0750531118508846 0.0464851579590486 0.0022172693688464 0.0060868097297445
0.005152524347281974 0.0912646690021774 0.0036216049033002 0.1559434490184215 0.0932458411802416 0.0046683411738272 0.0715211621005377 0.0183803914063163 0.0077728009417067 0.0488815140011715 0.0122939859503043 0.0058487109806146 0.1118821293022307 0.0285268613256251 0.0471899028532443 0.0349672745030202 0.1582848553102487 0.0825575458344465 0.0145587808933350 0.0016383331872702 0.0069518461319604
0.005114705552028348 0.0416602345577724 0.0047586476142844 0.0016764785611308 0.0028708170281997 0.0213306663497073 0.0033878520069947 0.0021908506587504 0.2921491413101651 0.0029661161694522 0.1570424779289652 0.0348571232753647 0.0028528260976712 0.0030885393803272 0.0033875044038880 0.0030943790871816 0.0110634235997315 0.0305148030523306 0.3764632482531144 0.0011355299112312 0.0035093407537375
0.004984058804788547 0.0742931712156864 0.0076100023359299 0.0102056892331944 0.0352059862454224 0.0104649946094046 0.0111490509000056 0.0098169564275150 0.1184130089411421 0.0414780323129033 0.0669716370849752 0.0408835442961609 0.0366745885968287 0.0082370606372021 0.0350205666170525 0.0358060710966023 0.0723239501246429 0.2067982902474653 0.1680327366940449 0.0022593278258813 0.0083553345579399
0.004914151334774268 0.0374668679060606 0.0014626852278731 0.3404023583657160 0.3636900424551097 0.0019979825693469 0.0261580113984111 0.0084560498580381 0.0039499399391887 0.0298629504395466 0.0064394181148151 0.0029092122344078 0.0446150292859622 0.0073190514279605 0.0459136630170782 0.0097457955908200 0.0344950423292617 0.0237693084329270 0.0079330504099862 0.0006207834041907 0.0027927575933000
0.004898106997393941 0.0297238483555116 0.0044565239216448 0.0027930189186645 0.0045417417468976 0.0271548105192665 0.0040189638284750 0.0034620708528853 0.3910490928852529 0.0056824245683130 0.1571750920069211 0.0474412283271516 0.0046390893734154 0.0035235596710726 0.0054677770459219 0.0050853119788575 0.0106656059225420 0.0358484119213439 0.2496073498140964 0.0016840456179612 0.0059800327238052
0.004884354708210804 0.0840876292550928 0.0029583752134895 0.0178215632743984 0.0255408941662599 0.0041897830912405 0.0196392503366666 0.0069708743827487 0.0090343368486664 0.0234572184715127 0.0252936974290023 0.0047161448849391 0.0092188275303475 0.6019971023468741 0.0228129777157038 0.0200810713758265 0.0606515038955178 0.0318549826209228 0.0248064607803095 0.0012863185687367 0.0035809878117444
0.004877478563619236 0.0503666782550127 0.0069410612297531 0.0849643468084467 0.0429518000300817 0.0103642134618018 0.0481418620192904 0.0670485543143034 0.0133831941726469 0.0550043668755918 0.0217953481066303 0.0093065581294061 0.2948226979129297 0.0095898422661200 0.0484909580038119 0.0438431407862623 0.0924961477739343 0.0586119880621772 0.0185351332469926 0.0028064728843637 0.0205356356604434
0.004780066515238683 0.0482215447440020 0.0027342964110233 0.0245863543072445 0.0167612661091735 0.0026032710504891 0.7589061670167432 0.0048499799027233 0.0036827963661708 0.0150863786545242 0.0054752953981869 0.0028494764309617 0.0258577277411049 0.0044550283703834 0.0093771829309774 0.0144086071904256 0.0357875338788739 0.0136014856759111 0.0070371308821137 0.0011998087386331 0.0025186682003345
0.004738809647689271 0.2312794284696970 0.0322166550138714 0.0074429801193054 0.0120373682282783 0.0096502045510308 0.0364278291517259 0.0060041375451952 0.0593994828020775 0.0105862292138414 0.0488998565090599 0.0309193332872694 0.0186765091104863 0.0115011974697270 0.0121589901680519 0.0099246799167079 0.1277785337779261 0.1907520030543095 0.1362153684465980 0.0019782696512548 0.0061509435135868
0.004736517599492082 0.2098756791316133 0.0106111000821808 0.0116298494165070 0.0154614730904758 0.0057301518905796 0.0489636067536572 0.0066169393015116 0.0179001738739543 0.0140207600992433 0.0251097474082094 0.0097334310796563 0.0411686948516034 0.0240561133666425 0.0220421174512143 0.0112119365758160 0.2539592328564592 0.2175451511091227 0.0480564929822454 0.0015904952544308 0.0047168534248771
0.004652857840294666 0.1542733549931841 0.0064219778007348 0.0320718358003728 0.0269680802712884 0.0054776006844756 0.4796643549594183 0.0082619960636430 0.0073623556291911 0.0237003838572534 0.0115963555992848 0.0057335348871604 0.0365472662142968 0.0119863199955721 0.0156360215163499 0.0219300126227532 0.0917740926883290 0.0321175735201029 0.0211631550194988 0.0021213750423579 0.0051923528347326
0.0046173310932382285 0.3468355076294031 0.0275836938959835 0.0087282210756420 0.0111805559421320 0.0048527476702660 0.0585314407551968 0.0053149277258310 0.0081558353568818 0.0092242467823931 0.0156989284391228 0.0062486035025841 0.0259573684842964 0.0117694292718071 0.0116949243751926 0.0081435436804278 0.3287382393847043 0.0739761463715796 0.0319864158287598 0.0012372238824903 0.0041419999453057
0.0045875344666747656 0.1369563224951161 0.0013666328681446 0.0928562951016350 0.1958247912539102 0.0018853490719522 0.0348110601232106 0.0191067367006480 0.0057070850825948 0.1141245595614058 0.0129190574209949 0.0042160007921229 0.0481669751579308 0.0065052833230215 0.1094560040384811 0.0802440610952438 0.0664586457956990 0.0518675803113017 0.0142515672184448 0.0005504247844598 0.0027255678036826
0.004582950370280386 0.0415096343294133 0.0022340466190945 0.3982804376585648 0.2104625898041055 0.0027612329740957 0.0398432940638692 0.0183158112685805 0.0042630743180619 0.0329936632324617 0.0073195622569282 0.0034821824461083 0.0885138495265999 0.0083643106024609 0.0364583020941848 0.0157681983041457 0.0473145532375085 0.0286453009515585 0.0084490241707123 0.0008829820831789 0.0041379500583672
0.0045187730207590805 0.0168805917370405 0.0028745200296649 0.0011393328903549 0.0020747097441349 0.0408167220985720 0.0019175224869208 0.0020232757450515 0.1469790785316899 0.0024422934356952 0.5485609981621116 0.1117336553021182 0.0022537955296431 0.0016741575948688 0.0043351042410090 0.0028612517747374 0.0050512830657017 0.0148753353833692 0.0861278006779581 0.0011489525901983 0.0042296189791603
0.004399586514505227 0.0254105977840487 0.0033457995903618 0.0051194898714974 0.0200967302452758 0.0029808644448124 0.0102048693704029 0.0279911379146518 0.0069505941983088 0.2895265789848505 0.0216736832781387 0.0062260654069979 0.0271077312830430 0.0038046529544030 0.0494437846105121 0.4306290231976843 0.0297890944438003 0.0247404096915195 0.0090514437369033 0.0015628968908050 0.0043445521019825
0.004319364827603595 0.0115598906773748 0.0036355388531063 0.0023078383978522 0.0029920926277204 0.3462036839689221 0.0029027523676858 0.0320386147147571 0.0130058606281897 0.0032223450522841 0.0334451437656270 0.0061475756519573 0.0051374483050527 0.0017583322194102 0.0043551306480005 0.0037400495869896 0.0119772417259225 0.0062132316211678 0.0148198120712617 0.0242129475438737 0.4703244695728446
0.004289568201040131 0.0648647476738362 0.0036372286148467 0.0628193273669763 0.2115863937913990 0.0055973537173372 0.0184389528719271 0.0360051548705288 0.0141236549358146 0.0764927381210475 0.0442897521108964 0.0109401918401258 0.0416322361105783 0.0079401219552188 0.1890623269942950 0.0589010508979029 0.0522413746332021 0.0524832155036743 0.0401317420283838 0.0018916330189540 0.0069208029430551
0.004232266996110394 0.0342439446677168 0.0075002953206659 0.0040697898616180 0.0059320679693538 0.1886103998791545 0.0065868252392574 0.0106913005584323 0.0833909863835993 0.0069585951919227 0.3504698325869061 0.0832269600547126 0.0068458070891507 0.0050271993697953 0.0097894234275068 0.0086916748981941 0.0177725618009238 0.0244207244311866 0.0659344893707401 0.0120751240371591 0.0677619978620043
0.004221952779223041 0.0265059012951441 0.0032264059142679 0.0009312481702779 0.0016501244724643 0.0244682987276238 0.0020944491183019 0.0014337917678732 0.3298349233961245 0.0017564978748095 0.2210128691758918 0.0475232590423550 0.0017402540524211 0.0015875232152787 0.0024139190926038 0.0019980677473975 0.0051503731326232 0.0209957423308859 0.3021103450270568 0.0008223442289669 0.0027436622176323
0.004094744104279025 0.0308421292390141 0.0048550704782266 0.0018060726427363 0.0034784714051094 0.1158857737746074 0.0044292627744830 0.0040269778209962 0.1543385890765984 0.0041008634109732 0.3876418862999947 0.0896074249667443 0.0036992710374302 0.0034308285325367 0.0058225131753113 0.0046497788167877 0.0098279986170754 0.0230148876473409 0.1160704290822822 0.0051700563607414 0.0273017148410107
0.004060363381321182 0.1436960656997491 0.0013656487857309 0.2058073306153766 0.2439213869556677 0.0020108519374085 0.0473427012940154 0.0128056713648249 0.0044479388469106 0.0401976033424256 0.0086225464259536 0.0031222980561719 0.0427951933262833 0.0276596102354458 0.0626866415013219 0.0333266820585601 0.0626091662059916 0.0428124713976833 0.0117624197679585 0.0008312581397384 0.0021765140427820
0.0040569253090253984 0.0209565466770703 0.0059352011844746 0.0034035338018249 0.0044725607414754 0.3945668157512239 0.0047167405006690 0.0245883517881227 0.0413752346608181 0.0050926024250697 0.1249045758607355 0.0324910669769988 0.0069477672913469 0.0032942886518547 0.0066085130233292 0.0059272270825927 0.0138413358156574 0.0115108468774714 0.0371378274633334 0.0288090517733217 0.2234199116526095
0.0039835797667153346 0.1803082103532830 0.0330370146929862 0.0041632923679379 0.0067497709155228 0.0108446394196385 0.0222548664394548 0.0042007486824972 0.1331706913690434 0.0064268510771565 0.0692657031592822 0.0313900412375380 0.0064940905503335 0.0080880034091658 0.0068796976331841 0.0066204053054285 0.0442164286503203 0.0745187554344793 0.3448035310182389 0.0016115583676214 0.0049556999168879
0.003976703622123766 0.1560101571403921 0.0031640966977198 0.0418457663576990 0.0816311037676896 0.0034931650311968 0.0427667388387993 0.0298838298647685 0.0081696866599662 0.1167068726729407 0.0345685987227182 0.0074684240008893 0.0366786181947561 0.0081210682597069 0.0917425595194628 0.1750482652140195 0.0691152463745267 0.0574168852068004 0.0307919264281978 0.0015280491259345 0.0038489419218160
0.003966389405236414 0.0164837504999970 0.0027576957131247 0.0009849514291913 0.0015618345604142 0.0312864719490384 0.0015905713870080 0.0014665715407873 0.3489471829069525 0.0018159174881855 0.3223263119469762 0.0516638788394262 0.0017632930900110 0.0013887886131468 0.0025012058266848 0.0021884978492698 0.0036683989672248 0.0136602275978205 0.1890811576769885 0.0008898819833077 0.0039734101344448
0.0038357426579966125 0.5276308545884707 0.0280685520041368 0.0077070031016377 0.0131628266769674 0.0052151337559764 0.0668462159256843 0.0052606428338349 0.0178947338229255 0.0090440119188127 0.0216580977748942 0.0069788093454183 0.0106630210286705 0.0104731609303437 0.0087701084511118 0.0087734365695204 0.1406963950219973 0.0528247906741524 0.0526610237726999 0.0013929154631528 0.0042782663395926
0.0038093841037289333 0.0370103551469718 0.0114334086948548 0.0056863859641356 0.0073160584058497 0.3741965559235375 0.0092759859266182 0.0147804332123484 0.0560621751531621 0.0082021609737822 0.1498907881545683 0.0419403497846400 0.0099478217986724 0.0059669070778761 0.0100489857121783 0.0095179934473909 0.0347846674289258 0.0272865449361971 0.0517212880550477 0.0172309636890358 0.1177001705142073
0.0037715653084753067 0.3844164762169364 0.0342610352853798 0.0051595626845325 0.0085785397712788 0.0077906758806392 0.0415726795920902 0.0047151592914023 0.0572676207082622 0.0073591395048269 0.0448699495805690 0.0212143707821569 0.0074670104438644 0.0091543824019420 0.0078123224295414 0.0075876812720026 0.0726225740395258 0.0743482315834122 0.1973847204353375 0.0015851790829138 0.0048326890133859
0.0037326004891230853 0.0143967567192510 0.0040958746256731 0.0026415959673794 0.0031754962443499 0.4543404175928331 0.0032967433116303 0.0232099186224665 0.0225264126252347 0.0036012655660558 0.0656500983478523 0.0165271460229951 0.0055556841790563 0.0022815001318931 0.0047357307166718 0.0040980712637909 0.0143347990763688 0.0075879721053254 0.0230572142558362 0.0255148731610004 0.2993724294643357
0.0036867595251792954 0.0720396650499795 0.0010002904613170 0.1549186651961377 0.2641357995720737 0.0015727949036660 0.0282245419628573 0.0178327230933408 0.0040021335050784 0.1261264392558051 0.0076200212972491 0.0031950331248366 0.0647410521109811 0.0054387000986586 0.0942086549413343 0.0492946579571439 0.0533568132184470 0.0406680712359545 0.0081290921079753 0.0004652229284287 0.0030296279787351
0.0036867595251792954 0.3542300025886117 0.0231100343470747 0.0116735388231008 0.0210759799390674 0.0064468035118334 0.2242730856001941 0.0063904351563180 0.0102943582884766 0.0112375320932601 0.0231835654873728 0.0069912533941241 0.0237795651511856 0.0190059490822158 0.0117500345861852 0.0116754200122850 0.1363137102940181 0.0511859550260095 0.0405781681106571 0.0018926607869363 0.0049119477210736
