20 A C D E F G H I K L M N P Q R S T V W Y
32
0.05080668636300084 0.0781998704118536 0.0059538348913930 0.1468648099038493 0.1743957460201695 0.0094538520642373 0.0480477521419064 0.0295304598505626 0.0151576595616476 0.0664414610849196 0.0266372148704183 0.0107687073373766 0.0728647637808775 0.0231394188640986 0.0743676476460870 0.0469030378523173 0.0751313746361668 0.0533324451833568 0.0264279692701482 0.0037311975416535 0.0126507770869603
0.04697323575320142 0.0648036110564990 0.0092855558929940 0.0346388771901115 0.0661738278024710 0.0124614165414023 0.0326981093844394 0.0395605055874439 0.0209226734241003 0.1527484797512535 0.0429991073241356 0.0164803349800755 0.0461151824343395 0.0229913268526809 0.0955897148932057 0.1706582352017724 0.0657252489750480 0.0538928865817211 0.0307417240103788 0.0058853503422086 0.0156278317737190
0.0469342709338492 0.1330457381879197 0.0145625428815366 0.0497894729084130 0.0562072123126753 0.0197361353382552 0.0701455202662043 0.0258903269905653 0.0308436650102751 0.0464963748112789 0.0472685323838924 0.0185382007362146 0.0551499795071306 0.0404805980402258 0.0445203553104739 0.0442336044838914 0.1327380065952188 0.0922750333954878 0.0514157894373279 0.0072775690506101 0.0193853423524034
0.04191468538200421 0.0768539258561231 0.0024976450586405 0.0541876731885739 0.1295645332475005 0.0039420779044057 0.0243699010131832 0.0276756442845257 0.0120029969010388 0.1839269811614608 0.0235796899510294 0.0094636698406252 0.0557430038888873 0.0056883181367666 0.1199314316735398 0.1219296852266666 0.0652702575768313 0.0557889772650598 0.0204758842727853 0.0010826015918908 0.0060251019604658
0.04016699863164722 0.0250678052730798 0.0071927719853267 0.0010778406723496 0.0019336282708055 0.0112772788554108 0.0020570296625138 0.0014706693862807 0.3777215950369082 0.0020815475161754 0.1189800244451083 0.0257304161443432 0.0021341522924769 0.0016226632690256 0.0023074986797717 0.0022141809121154 0.0057418839160114 0.0189114322644328 0.3895509842688434 0.0004934723928036 0.0024331247562172
0.040026037667520074 0.0160682107280201 0.0053929142455792 0.0011393015059965 0.0019398693204166 0.0494661930180592 0.0021538343473761 0.0021511441266719 0.2056661540349469 0.0022680107783287 0.4664701160443340 0.0835506286728169 0.0022466454829082 0.0019099313484250 0.0037869599437607 0.0027783543048591 0.0058132743317040 0.0123521325965426 0.1263386123883082 0.0017523536255429 0.0067553591554027
0.03866341501429092 0.0236579929630452 0.0052232865417225 0.0038632458302515 0.0071954930843820 0.0512085173037234 0.0051840934506043 0.0063528958648626 0.1465919820397602 0.0091624946936983 0.4522051895250581 0.1082433960985213 0.0062901565778245 0.0050514409302341 0.0126519514120144 0.0103509806015329 0.0132856259623099 0.0211525408216294 0.0981480425192767 0.0031569113273154 0.0110237624522333
0.03813624392893734 0.0543806477543127 0.0106566267585372 0.0052323851576684 0.0099714571381932 0.0159075175584535 0.0076603585992909 0.0058615289515823 0.2701840070014471 0.0104129099157095 0.1339606293216085 0.0359462147703542 0.0081497585144995 0.0072930213627754 0.0103105462587557 0.0100075307683853 0.0205208836084562 0.0480175953413783 0.3264027640995574 0.0020462233713252 0.0070773937477094
0.03794714995266921 0.0265099066920945 0.0051133907851010 0.0087145328862058 0.0228827815766574 0.0043591829600269 0.0135259419064648 0.0242349146195531 0.0104987431952812 0.3159214511710599 0.0206440762026639 0.0101675149946533 0.0299770112870036 0.0056139113199337 0.0619762815559978 0.3567209016339645 0.0340156510057546 0.0280030662978042 0.0134761291277283 0.0019465075869843 0.0056981031950674
0.03620175525050941 0.0585649996414815 0.0099879074940148 0.0150918416685328 0.0239311128008724 0.0565301292754521 0.0185450577475663 0.0198817800143569 0.1174937203359620 0.0277352380449386 0.2379798175880925 0.0655708052107158 0.0214750858280853 0.0174782410752429 0.0320898026364699 0.0303161992778497 0.0418810315762048 0.0510528344542314 0.1158551394165420 0.0086723347667245 0.0298669211466640
0.03369769259507989 0.1086776588639445 0.0011100526042353 0.1635314650422849 0.2032025013538599 0.0020012807961513 0.0456227220597091 0.0162867582001011 0.0047660991786584 0.0848973912843338 0.0100990602784305 0.0036962529478805 0.0701631102091540 0.0149430385493202 0.0826689190665222 0.0413698578141093 0.0800734404366075 0.0509719185945623 0.0123972750259471 0.0006519956615953 0.0028692020325924
0.03285307283441556 0.0449879828611603 0.0023079807520794 0.2849196858210128 0.3788251111708825 0.0029054022703389 0.0240205814829895 0.0119330656863347 0.0058577306616743 0.0318492621075253 0.0101948407644737 0.0046740060710954 0.0430860948100060 0.0078077375530783 0.0546154195330022 0.0140032541583622 0.0367923357233187 0.0238295591156999 0.0125520121805309 0.0008757997707805 0.0039621375056547
0.03181019090469434 0.0819447745955561 0.0052110704347398 0.0597950739296965 0.0383147070526173 0.0055590568270166 0.4861044500115026 0.0151138117068088 0.0072844631159041 0.0330969259626458 0.0122149406682691 0.0058087008297224 0.0634414340191569 0.0115880716531302 0.0252413005169504 0.0270012386967187 0.0737969591916835 0.0267153360946889 0.0133319369472253 0.0024058381365956 0.0060299096093713
0.03168642030204611 0.3471284552558448 0.0152369161992364 0.0178289408566602 0.0226742498967583 0.0069155076728229 0.0915249613394678 0.0094902535159054 0.0136057428882190 0.0174162983494851 0.0186751642395266 0.0092418652783339 0.0250384234474898 0.0206495158635786 0.0183104199344355 0.0162786911881240 0.2195414124178589 0.0822951888375745 0.0401183759893646 0.0020294894090979 0.0060001274202159
0.031591300301862746 0.0360181586523680 0.0039611111551635 0.3196948048025560 0.0805553127534563 0.0050921544794438 0.0529814210786063 0.0284666051926980 0.0069649843368809 0.0355638103761180 0.0104520828835856 0.0048116156096248 0.2287247245947991 0.0079249380206961 0.0277734022202686 0.0198765374907336 0.0761164667208553 0.0338095551355375 0.0107182490227817 0.0016912629957012 0.0088028024781256
0.031278435722946384 0.1265827857713955 0.0068654627479699 0.0163553933490132 0.0233300995351214 0.0093655955342179 0.0249312967743661 0.0137328247102945 0.0186837567864982 0.0216850592537154 0.0335379601800568 0.0101841212121358 0.0183871591359945 0.4433186587657116 0.0258428320631718 0.0220365558827850 0.0876959237410998 0.0508272818276799 0.0358131693137218 0.0028669313041249 0.0079571321109260
0.030383390901943887 0.1046718962040765 0.0059431015349942 0.0530673360122396 0.0419997926062358 0.0063597152729945 0.0526068833365748 0.0193526472589527 0.0135544848501084 0.0471174328731676 0.0186438423688020 0.0097383854757392 0.1188538588008350 0.0135237955428282 0.0397231646466529 0.0313418905589350 0.2395391446593049 0.1499410426354733 0.0245796032051211 0.0018197242074438 0.0076222579495206
0.029506682466518906 0.0131231611139561 0.0051328851912979 0.0035596800090282 0.0046025103742392 0.3691425750053995 0.0044464286709221 0.0302790359557635 0.0146784672770881 0.0050067459306137 0.0480172743464990 0.0111554560570334 0.0077888050818387 0.0028271927266677 0.0067892514565372 0.0065351283592551 0.0118794235754286 0.0096404141814920 0.0163132809657774 0.0328068996358207 0.3962753840853420
0.028570380777967 0.0692224101231325 0.0063810424755239 0.0193719857129335 0.0609032707511276 0.0137820175668839 0.0141624125099905 0.0228459999453919 0.0806097923764727 0.1052762041991537 0.1093289061551601 0.0443993203324011 0.0297526636275206 0.0076251456935639 0.0851309405290278 0.0886488729222739 0.0516076180262459 0.0786185747317114 0.0964705130084291 0.0028838008083924 0.0129785085046634
0.02845463234400893 0.0537219931753667 0.0113591519152090 0.0375010886840653 0.0425232171069124 0.0381708749311263 0.0273682064316184 0.1809826995468725 0.0212548933459430 0.0509343948086895 0.0459928843713165 0.0168926013411878 0.0909222830026234 0.0131495710387076 0.0773957296832579 0.0624136957753495 0.0697284682434328 0.0462232861432684 0.0295520699354125 0.0073459317216922 0.0765669587979483
0.027479365836104802 0.0319399930247551 0.0139576591684597 0.0124202761408954 0.0147771415706114 0.2539479739834161 0.0134462834223587 0.0575266993315656 0.0282058167348028 0.0168020761620365 0.0757738082250690 0.0173441392732139 0.0245365961783187 0.0094755544566167 0.0207329250075050 0.0199072044829759 0.0358023302624447 0.0254748006377892 0.0324657051376759 0.0101864541134361 0.2852765626860538
0.02732923667918889 0.1649877053758536 0.0087403842012126 0.0156595943338642 0.0249734560797832 0.0136252586335892 0.0259278400997548 0.0110779829724682 0.0977876290236495 0.0232766158906220 0.0656101403288570 0.0284931304196022 0.0250450656746304 0.0193165619719833 0.0232177074006372 0.0202859582009383 0.0928929991255465 0.1444066183022397 0.1819794495405918 0.0030354740685146 0.0096604283556617
0.025845135471508695 0.0261021528924929 0.0089209042916686 0.0032632506899252 0.0048374849630594 0.2556411781469680 0.0062990856072630 0.0098210615551256 0.0965808874709114 0.0057594683136565 0.2868284103666134 0.0621545166751574 0.0063728250381114 0.0043135497239010 0.0078905082442579 0.0070803265798668 0.0154438832746161 0.0187239851629765 0.0763726958318386 0.0160884000030261 0.0815054251685639
0.025562067519155792 0.0255272481851238 0.0008001839974038 0.0021972890792316 0.0036662279461453 0.0189879512396116 0.0031642607618091 0.0021655854568960 0.3525861436713650 0.0040592349955858 0.1844396362210853 0.0415745345151668 0.0033781194383450 0.0031083854025101 0.0044110511200760 0.0040027732301915 0.0074051804683648 0.0214205165126569 0.3120691537556814 0.0011573406266915 0.0038791833760588
0.024618889686012318 0.5069703550171231 0.0287157908423411 0.0029345926784113 0.0039784714623627 0.0042393108470230 0.0929720769634228 0.0026490160901444 0.0090496938911076 0.0033491395423811 0.0102229741057406 0.0060294699900769 0.0070729914709095 0.0049921634133905 0.0044144745811808 0.0038136652130591 0.2181284927109951 0.0551275414062607 0.0316321345552245 0.0009216675033747 0.0027859777154705
0.024326653540870657 0.1451615673295809 0.0031952748900357 0.0673247616254225 0.0962517962473477 0.0052440658860710 0.0380508900320308 0.0151735569827883 0.0114167518277558 0.0616859941466951 0.0214043925473432 0.0072480083503203 0.0351637811712610 0.2096834790748600 0.0510207543591376 0.0381187582230622 0.1010345656560806 0.0589810921791056 0.0264460369439352 0.0018059325598937 0.0055885399672728
0.022146915705343453 0.0901547827246203 0.0048714138295244 0.0085123225169899 0.0070748353819808 0.0028965368627455 0.7685381687738335 0.0037554246658945 0.0038234931914069 0.0060994639716156 0.0060361474166447 0.0031646196575730 0.0113705705658524 0.0039106391146540 0.0054134055530865 0.0070180987527582 0.0445429721808139 0.0112996748112257 0.0079901743283536 0.0010629483423013 0.0024643073581255
0.021954383656779534 0.2591649638766181 0.0445261368518329 0.0036826191954128 0.0056423917780841 0.0124075767256266 0.0264137865324684 0.0041617517601810 0.0872451862840740 0.0053497646086954 0.0612000073722221 0.0266435491857038 0.0087578402194245 0.0060268279538345 0.0069319536959631 0.0057543163072426 0.0908861127144010 0.1204894638406780 0.2176312760374680 0.0016459199052279 0.0054385551548412
0.021169357149242136 0.0854766426251933 0.0142095468778567 0.0121371230280041 0.0110758713205670 0.0064621227177150 0.0226968749569510 0.0085542117483732 0.0130577690720918 0.0131966751426924 0.0150401291465180 0.0093214530069009 0.0393483688049052 0.0096975412861552 0.0121352962448125 0.0123072696862431 0.3560421361459217 0.3283217794885223 0.0235227405725911 0.0017201437662948 0.0056763043616909
0.017546774973584145 0.0790219180909838 0.0110731687682431 0.0006143650315025 0.0009110795293835 0.0679293181084537 0.0163555793023583 0.0008744954406193 0.2211067484914689 0.0009492793208234 0.2545890446733712 0.0512751518618070 0.0016598234086902 0.0023092686747860 0.0015645907821992 0.0010827730211796 0.0192072692798400 0.0363600297891072 0.2250340234151550 0.0031307575521279 0.0049513154579004
0.017365703166006174 0.0527386804207842 0.0129487703050234 0.0182588761260063 0.0226195121964822 0.1215286279648835 0.0271553733808573 0.0345967381552636 0.0322149729833433 0.0266097660041920 0.0777378887966561 0.0239517686980024 0.0256189531999800 0.0160000561724491 0.0284535055727681 0.0353881056803467 0.0479116294830619 0.0392612206688413 0.0424100586469011 0.1951877655791601 0.1194077299649975
0.017052838587089808 0.1262384193980600 0.1921661217068903 0.0182103549804778 0.0220252250848992 0.0265968601141583 0.0414044187055238 0.0230100198591522 0.0341332589229039 0.0247033127810713 0.0510073869204848 0.0213676539652038 0.0378095575271027 0.0164238269555988 0.0260554737710848 0.0294366431621476 0.1395687660691456 0.0770949159323895 0.0613935382964845 0.0070994621787276 0.0242547836684935
