64 20
0 0.025945360177950152 0.0524627224623014 0.0094378470212291 0.0247903878547981 0.0467161796729296 0.0097076000325603 0.0284566760333191 0.0328839827176933 0.0198407756720604 0.2060876797637317 0.0339603578050906 0.0163346770699287 0.0453458011440268 0.0183681624801594 0.0714976483030846 0.2248275274697126 0.0681924563010599 0.0488491196013050 0.0266462837484272 0.0039572953271907 0.0116368195193913
1 0.02384360919409114 0.0653681890945074 0.0071212520461190 0.1882274924195775 0.1785727371115787 0.0092786014298897 0.0463817385532411 0.0302872038414339 0.0140664915977055 0.0553863133773724 0.0239430861571711 0.0104652932283260 0.0783937897467635 0.0181281769465601 0.0613281515924353 0.0403071465320108 0.0847097574497028 0.0477864172528542 0.0242533728030189 0.0028258943158308 0.0131688945039013
2 0.0236012091484629 0.0117171189912547 0.0042554639910937 0.0010735751403259 0.0019098230487450 0.0367509336527013 0.0018367244513025 0.0019632088456338 0.1618004387767124 0.0023572582412417 0.5569373061719068 0.1036909794531707 0.0021427143478156 0.0014497459518437 0.0041698794073756 0.0027337807044003 0.0055699676416596 0.0101771892925410 0.0845769360391792 0.0004501956466337 0.0044367602044630
3 0.022745679575657332 0.0470325508142851 0.0121426415458459 0.0018835657967715 0.0034806490941321 0.0412021720222561 0.0067219571352816 0.0037705392231773 0.2491538771186540 0.0045541841883127 0.2320899071435878 0.0642046797670125 0.0046454785880319 0.0042896133837096 0.0055224387905407 0.0053427201246086 0.0173345393365537 0.0361524216427321 0.2484100303070456 0.0031842197154081 0.0088818142620534
4 0.022315063024011865 0.0235853785215032 0.0031656921317100 0.0080567060666280 0.0240918878246588 0.0026664417254538 0.0105347045241753 0.0157325180023153 0.0089666266887360 0.3985194170674323 0.0154563392110495 0.0097313387374274 0.0294259725448583 0.0045589318135651 0.0571861728876647 0.3109725910128140 0.0340813683622262 0.0276796258576906 0.0115609148847993 0.0007805956879650 0.0032467764473272
5 0.021470940512177038 0.0176978264661666 0.0075664278445371 0.0007313734255325 0.0013434695677098 0.0148514938572986 0.0013596651640085 0.0011140713363990 0.4083698588562668 0.0015792218818861 0.1500762039330255 0.0318134263603977 0.0015931175380560 0.0009077862007633 0.0017554245510677 0.0015968580302716 0.0044068967630364 0.0141796100726601 0.3359931362520844 0.0002733580708448 0.0027907738279874
6 0.021251354588490274 0.0246142416219427 0.0073607159097648 0.0035512861572346 0.0070442564882902 0.0418336939131238 0.0054049555867020 0.0070484413247349 0.1289453643381975 0.0105127054077491 0.4572393150470783 0.1258435183218961 0.0070822089225934 0.0050628160247705 0.0144019359063701 0.0114707463133150 0.0174040353423507 0.0241347675853454 0.0875197704203289 0.0026630206176153 0.0108622047505966
7 0.020983288655677865 0.0112346790167459 0.0034438262782708 0.0011093042259732 0.0018487239963887 0.0572090463902891 0.0020580092492163 0.0025050601514865 0.1255521181973884 0.0024756404700828 0.5921554018790041 0.0880571050096667 0.0020828135302729 0.0028169580039401 0.0039904088061740 0.0034886023229182 0.0062707938072266 0.0095301670399312 0.0737808276760748 0.0039425003051594 0.0064480136437903
8 0.020404380311412763 0.1201307018293814 0.0180930895368866 0.0223392365887593 0.0310252956118048 0.0135810523228374 0.0349693889568037 0.0219761861640565 0.0337211082302353 0.0433945705702822 0.0398245797368706 0.0229728876164463 0.0629166083992320 0.0128118786603449 0.0382898620894416 0.0395053282760680 0.2071060847607218 0.1698575698732149 0.0515862042663782 0.0029725402223172 0.0129258262879170
9 0.019677180174528033 0.1291829382912180 0.0054554214009144 0.0508981659545087 0.0704964329014752 0.0054854654884618 0.0638545231122734 0.0216276168601665 0.0135525787152500 0.0760777922512997 0.0223723146196860 0.0121999161003021 0.0799688668719357 0.0135232476728199 0.0650577105943356 0.0558453630706455 0.1850510145294699 0.0968558655333320 0.0257201179396280 0.0009971425287422 0.0057775055635353
10 0.01960018251297553 0.0500147489018170 0.0066317882219909 0.0050362112817559 0.0121403644438263 0.0174411036230828 0.0066936255168597 0.0062026992617566 0.2642107677901062 0.0140741812224973 0.1379984534357096 0.0504035921130860 0.0094641060431434 0.0050803206787315 0.0131562083402979 0.0131131938181693 0.0252548910708943 0.0616731760663957 0.2927680482266163 0.0012830510980359 0.0073594688452274
11 0.01954314720812183 0.0192461186503675 0.0079344359070455 0.0053643075300622 0.0138996221466538 0.0047170533835175 0.0125295729502336 0.0255384001053365 0.0098909638885416 0.2473376503320316 0.0195281993629988 0.0096903571412736 0.0207974653695141 0.0041763537774264 0.0490193716467017 0.4800364880193147 0.0283024187202164 0.0202409488758826 0.0116554249998466 0.0037432981943324 0.0063515489987028
12 0.019488963668510807 0.0326555309126882 0.0019873430540334 0.3325223643601975 0.3963021849386854 0.0023138599402988 0.0220846170081209 0.0101135831899724 0.0045459079455032 0.0244643312380123 0.0073498429990643 0.0037344278250485 0.0401128191863724 0.0043140030601816 0.0433164095147350 0.0099646980973176 0.0328040421355776 0.0173884839711213 0.0101735830236396 0.0004618379978907 0.0033901296015392
13 0.01894427650715793 0.0209651975242146 0.0058439819181730 0.0010929417990854 0.0018243672662194 0.0058753221218334 0.0016391570219849 0.0012847667592876 0.3693608571290168 0.0019262287604789 0.0606038088924257 0.0125899310733368 0.0019325185767137 0.0019965455830140 0.0019778814618313 0.0019408149550526 0.0049737844971619 0.0152539515483198 0.4867733533796708 0.0004627148025240 0.0016818749296553
14 0.018559288199395427 0.0212075828590381 0.0032379875567290 0.5606001525565298 0.0813916969436395 0.0033598187655339 0.0229366620455946 0.0168148834586726 0.0049734964269478 0.0159746753324841 0.0069502965348201 0.0033490314783726 0.1472391682491972 0.0046348687052945 0.0161733520709549 0.0106161317581266 0.0473709246020176 0.0194534301621423 0.0076868251109152 0.0008903048072416 0.0051387105757483
15 0.01816859636114755 0.5570539864212997 0.0252755585642697 0.0022509065046590 0.0032022984818529 0.0026275746126662 0.0617151867257900 0.0020294725138381 0.0057791125139055 0.0027351923286828 0.0063760930668834 0.0037600214324924 0.0053201426281641 0.0043231410514223 0.0035833029788439 0.0030166264443862 0.2428237666287334 0.0436986304757635 0.0219001132602238 0.0005926430789915 0.0019362302871315
16 0.01772086921804597 0.0086927906400002 0.0053043543804449 0.0022419739534414 0.0028805071805117 0.3364300560134260 0.0029007666778092 0.0320554387554372 0.0090344382898840 0.0033811814745363 0.0271132354241510 0.0062143505475993 0.0057723771787627 0.0017567889218299 0.0047059830024416 0.0047718162565515 0.0092183085813859 0.0064159121054401 0.0104892324072664 0.0224037966483751 0.4982166915607058
17 0.017495579763873836 0.1075952186679794 0.0051885835207956 0.0068764784248417 0.0098979332550885 0.0049149295288208 0.0155055565923542 0.0080326049152224 0.0100052286648980 0.0096826242348897 0.0181660023160547 0.0053591368668646 0.0092316208637445 0.6389799007265281 0.0126327903068754 0.0104608377190395 0.0697231485809469 0.0315184105376599 0.0208705213574192 0.0012149475856443 0.0041435253343325
18 0.01737580562368106 0.0475016325346370 0.0031805860026702 0.1405294111897309 0.4552288185580597 0.0047572630990183 0.0168936888058805 0.0146980200909366 0.0101500582828602 0.0424218083671591 0.0181070011107089 0.0089721132723126 0.0264598583038385 0.0064249393971989 0.0903790909013540 0.0250600090699039 0.0357776142446600 0.0264300645160284 0.0194837596536453 0.0017119436720612 0.0058323189273358
19 0.01709918439514059 0.0168237325362713 0.0058436508543511 0.0007501883120927 0.0013264681348187 0.0378645384075693 0.0014676546609299 0.0015000600717584 0.3258735488912582 0.0013825403265641 0.3123813426875865 0.0554917174419138 0.0014892863287771 0.0011266203436198 0.0021227879738784 0.0017545842184417 0.0040585886092177 0.0119575041443369 0.2076694896493056 0.0023985834772830 0.0067171129300255
20 0.016965151428734386 0.0751413717548749 0.0029726769377144 0.0437037389022945 0.1307439381561704 0.0047776441276935 0.0169522240726873 0.0227080313810322 0.0217137233627986 0.1772540294609864 0.0366465984595777 0.0177152727616989 0.0448364175111444 0.0038053650316122 0.1149776748320336 0.1218680259490873 0.0638817838704866 0.0611901392979096 0.0321142583197079 0.0009310491630838 0.0060660366474058
21 0.016956596133006333 0.0742693882251283 0.0013571226593810 0.2229597712536493 0.2702800198576494 0.0020520646885247 0.0338535700161614 0.0159003226042964 0.0049620605298379 0.0614251053754025 0.0095279063906276 0.0039038559550717 0.0605798858184136 0.0210496750999781 0.0662913810787772 0.0301021229632938 0.0686652182869176 0.0373766980429829 0.0119200022572770 0.0005257651071049 0.0029980637895247
22 0.016745565505047626 0.0458955749757219 0.0048349309357154 0.0417802566637446 0.0719855962811943 0.0046826835793737 0.0311708838702022 0.0475651854599860 0.0076266088708799 0.2110246821742086 0.0174689299215621 0.0090089133582317 0.0829757541141708 0.0040446834665070 0.0972335730204410 0.1908385342069308 0.0705700058525122 0.0387348542681144 0.0117899733961523 0.0021249574772615 0.0086434181070896
23 0.016719899617863458 0.0152784146241166 0.0008535359821109 0.0010426071499274 0.0016520739197618 0.0136178854060643 0.0017283557145570 0.0012265652322994 0.4350161805202351 0.0018874289942186 0.1410290394568056 0.0321260247642969 0.0018044148098426 0.0015442807055008 0.0020245162410284 0.0022789128134232 0.0043412831780430 0.0127293076006100 0.3273481408557068 0.0005322430700998 0.0019387889613519
24 0.016260765413791137 0.0419808075132521 0.0122062877556309 0.0820632707590794 0.0306310317279913 0.0105387273532006 0.0407646223911069 0.0541733979989630 0.0138400042236809 0.0383951562931327 0.0192254066853421 0.0096407506844437 0.3474262530345043 0.0086263632998535 0.0322501343110141 0.0316367438792025 0.1371710922254404 0.0520337890868384 0.0175718116964523 0.0025705004888184 0.0172538485920532
25 0.01616950892602521 0.1346354236521909 0.0185858532954365 0.0080698923233685 0.0133378540748604 0.0128644416009421 0.0175309774043858 0.0087452374107004 0.1133149747127366 0.0154801878991771 0.0650992275519919 0.0370523715091989 0.0248992808518135 0.0073880789823534 0.0171239465490183 0.0141734635874908 0.1068036354172849 0.1922859622359822 0.1824367420433972 0.0019858218854283 0.0081866270122425
26 0.016138139508355673 0.0319034159787880 0.0020331583253569 0.0039757880914720 0.0031791528173963 0.0012779932101815 0.9079163462041661 0.0017207059469414 0.0015750871006569 0.0025591941965745 0.0026838730631638 0.0013099931958021 0.0049538230697424 0.0014422604642935 0.0022273048356967 0.0035819076003783 0.0190919053859199 0.0041545628146042 0.0029591463480075 0.0004530405920866 0.0010013407587716
27 0.016069697142531227 0.1168355641478615 0.0309301368546274 0.0020639109563861 0.0034323671215534 0.0102086664050757 0.0073786652424128 0.0025657479764033 0.1942019632932912 0.0036680254202630 0.0825560305137558 0.0286813398455186 0.0050432641154362 0.0032235824248571 0.0042517163800469 0.0036631611576932 0.0292398761288226 0.0669358371052590 0.4003700934909312 0.0007736786589395 0.0039763727608653
28 0.015955626532823817 0.3599046707125074 0.0702299037211982 0.0029712982425908 0.0047362122658441 0.0075480566173943 0.0319382612022766 0.0035673275323344 0.0457885055261606 0.0043720937303128 0.0323127214576067 0.0146086757274160 0.0076406456196240 0.0041171599538886 0.0054829843687657 0.0046353043413128 0.1308309643583031 0.1169713399138680 0.1468618895408175 0.0011940238487621 0.0042879613190163
29 0.01585296298408715 0.0619336448685742 0.0132977194048714 0.0132541922260490 0.0269872131473989 0.0327396205001072 0.0160271923342336 0.0264426176875255 0.0896110806716173 0.0341274798880882 0.2193913025518853 0.1052125577272681 0.0296722040685429 0.0085630881678695 0.0615627648359066 0.0360882208055414 0.0556050178998456 0.0596047906873807 0.0853577765060236 0.0041590313525796 0.0203624846686915
30 0.01533964524040381 0.1141807037375285 0.0031482918805510 0.0533897767562029 0.0806618867294291 0.0045797219939037 0.0299579250212518 0.0160116586461941 0.0106393168699063 0.0695248266609547 0.0204015560848216 0.0068212963280494 0.0340378264705677 0.2817932053230776 0.0507401109984017 0.0421419286232190 0.1039470770619062 0.0504849045710562 0.0214343573266709 0.0012019243165193 0.0049017045997884
31 0.015308275822734273 0.0932815982648528 0.0069057862787900 0.0258989839034192 0.0419702907211927 0.0178736832608691 0.0223358702858274 0.0249881685306319 0.0329216517358939 0.0464124720742074 0.0631260219503266 0.0188054825172133 0.0292270046994179 0.2554812449217785 0.0530503236195604 0.0501970759527182 0.0928844601753340 0.0589953970102311 0.0467381071959481 0.0038258799889103 0.0150804969128774
32 0.014871955740603434 0.0388042810281936 0.0054435939598337 0.0005503033357848 0.0007846024896919 0.0302702133524155 0.0050756862303876 0.0006845884302352 0.3317276037382147 0.0007886416935631 0.1916225908004572 0.0435860371665680 0.0013525046081965 0.0019008070365544 0.0012560195621345 0.0009372763337279 0.0077974906224845 0.0232017459800531 0.3111465379453482 0.0010361079526163 0.0020333677335391
33 0.014860548679632693 0.0946849200726383 0.0016689470311881 0.1232600800400513 0.2285877477964943 0.0018835470935716 0.0269567845861487 0.0181154784640324 0.0056032067174826 0.1186005075703553 0.0127365542647276 0.0051298522367321 0.0624738856480350 0.0018805909569467 0.1005995240461716 0.0684677865554253 0.0718977169349291 0.0425309160283931 0.0116361799916553 0.0004584667969223 0.0028273071680996
34 0.014723663947983802 0.4162701885758953 0.0135347275702906 0.0087995566853554 0.0124460711690973 0.0091996899903849 0.0557879790068931 0.0058497840714250 0.0281903872537912 0.0097830680627528 0.0269204345588561 0.0140181379627255 0.0130836185043242 0.0160983682333004 0.0105342262552837 0.0104891357747763 0.1644763269349187 0.0939303295373756 0.0831548161515205 0.0017223417825550 0.0057108119184783
35 0.014660925112644727 0.0604781775398759 0.0058156857415597 0.0404351842629118 0.0268958209752286 0.0040830238092373 0.6355075138655960 0.0091592961128788 0.0055279031512915 0.0202360032791574 0.0085819198206184 0.0045380930082825 0.0428021183822039 0.0059209333429148 0.0140768172209617 0.0193327344383785 0.0640623691628999 0.0173969099168534 0.0098329860872875 0.0015074841872029 0.0038090256946593
36 0.014615296868761764 0.0134441925322156 0.0066147778053423 0.0019828377624439 0.0028263089791243 0.4730767562148985 0.0037309879071083 0.0123271562245504 0.0318288339505877 0.0032970692147542 0.1013224408172615 0.0236558545978065 0.0048149326910398 0.0022538483479121 0.0042632405019875 0.0043090568626266 0.0106450241102485 0.0094416995498857 0.0276483814375914 0.0257568221735023 0.2367597783191129
37 0.014472708606627502 0.0229593250636742 0.0159857321251614 0.0058738808191505 0.0072047816886485 0.3533758335336421 0.0082595870714079 0.0295983751756869 0.0365380167659353 0.0091323005303117 0.0958362418559879 0.0206620546077321 0.0127358169118057 0.0057822027235200 0.0109090450939118 0.0117454993221031 0.0278367766039638 0.0186472833571213 0.0379992994603515 0.0095169834655821 0.2594009638243023
38 0.014124793247019905 0.3204177480377366 0.0170925078800681 0.0130397311620153 0.0164076474614378 0.0051415287497726 0.1025538671264756 0.0073619931642671 0.0085536467796911 0.0121924141130570 0.0117916464034363 0.0068025180630921 0.0271097975735558 0.0063343362434597 0.0151121955393602 0.0116549991806389 0.3268078459876105 0.0654631532536719 0.0205591451630430 0.0011484263533219 0.0044548517642882
39 0.014104830890321109 0.0175818783081899 0.0096829493749741 0.0027776795788798 0.0040130456711639 0.2448867089920980 0.0040454702580525 0.0087335946247445 0.0925242764612694 0.0048991155001401 0.3709253259818899 0.0691795054271780 0.0054198694797346 0.0034715587362591 0.0071746118870580 0.0057896497162094 0.0127857880065732 0.0142506044831906 0.0647287424569839 0.0040993674996051 0.0530302575558060
40 0.014101979125078424 0.0354632381421442 0.0121419108080769 0.0262193569694076 0.0272270642042533 0.0307177062629147 0.0197114579089284 0.3247207559636437 0.0154186849298426 0.0371347240202816 0.0342366151435835 0.0126969233990098 0.0974140958929110 0.0092985950494904 0.0760370944965605 0.0549100178458796 0.0567265043588119 0.0311994897433095 0.0201935252149277 0.0050068837194334 0.0735253559265897
41 0.014030684994011293 0.1410443488787848 0.0174272827000921 0.0267912528319423 0.0285507874205132 0.0139670004552271 0.3382264915639011 0.0178148031959711 0.0173438688240725 0.0279947852364476 0.0282274927202498 0.0138604090587525 0.0387423824672699 0.0141704896787458 0.0248374727990546 0.0334936434896125 0.1254853694744784 0.0442078597903383 0.0300645361819922 0.0055759518884327 0.0121737713441214
42 0.013879541436148977 0.0931990382594022 0.0060731016090507 0.0478290392551072 0.1084877176895066 0.0144282190237344 0.0198508848887391 0.0177768681218954 0.0821489568977780 0.0520945424621546 0.0763661575552555 0.0318691118779970 0.0353355366151043 0.0094661119964855 0.0606820974416985 0.0377027851075593 0.0751616752136017 0.0948141996765859 0.1222318614709493 0.0023759758388945 0.0121061189985001
43 0.01368562139964638 0.0552500242242012 0.0090415534902861 0.0060788177616249 0.0057426450725618 0.0044948162975220 0.0136430568914238 0.0046738222500372 0.0104788292442539 0.0071916825614839 0.0109205376169954 0.0073816744517815 0.0231142084973838 0.0055037659635083 0.0066539662897650 0.0068228009943218 0.3467859252160891 0.4543066306902090 0.0171557472653614 0.0010654190280294 0.0036940761931603
44 0.013677066103918325 0.1756289856301219 0.0131992624338016 0.0226183246365752 0.0235398696579584 0.0091088723138333 0.0600744542133389 0.0152345086915113 0.0163139266197854 0.0238208730232189 0.0250324652551116 0.0112576412936017 0.0425479036141029 0.1041236107830086 0.0258208139646942 0.0226515609396490 0.2576518896067959 0.1090382337400272 0.0322182888174720 0.0020881557785418 0.0080303589868501
45 0.013468887241202303 0.3026800147446586 0.0110358090285449 0.0030063814114101 0.0036945209253177 0.0045454567233784 0.5057215595024972 0.0024695976213787 0.0060426793044617 0.0029970869585053 0.0081411539481474 0.0047825641378862 0.0061075917122658 0.0036588507581660 0.0036689326373292 0.0038467522485426 0.0922713478929503 0.0173480516584804 0.0143057352235327 0.0010703419537806 0.0026055716087662
46 0.0133348542747961 0.0438377776614179 0.0079101219227593 0.0004733430737003 0.0007321413330398 0.1037439659636183 0.0089434133734792 0.0008919264459380 0.1940442566872075 0.0008410932835859 0.3669949332446374 0.0663866086851174 0.0013314419079173 0.0018170427842195 0.0016556509264803 0.0009748907320933 0.0111925918227809 0.0220081280570853 0.1515152476591798 0.0053506980537422 0.0093547263820003
47 0.013041122454799521 0.0550641387233362 0.0069704525433369 0.0083997082878062 0.0340292535572756 0.0102393772633366 0.0094287532302931 0.0161292445558391 0.0932868034699768 0.1541869305640404 0.1107798684245277 0.0471512093572325 0.0198078382165261 0.0040700249623590 0.0675435942470556 0.1412312328304829 0.0405417978536787 0.0673129362588032 0.1029314723999763 0.0020463994645587 0.0088489637895582
48 0.012847202418296925 0.1885849227139365 0.0946273046249265 0.0087788321783605 0.0088402379458731 0.0122448640531228 0.0395798193121434 0.0099939085080654 0.0168432605040992 0.0102224265476788 0.0222851736616719 0.0114697677445754 0.0314893338654854 0.0085544912912008 0.0114694358807861 0.0113976898285104 0.3466005644151691 0.1185196427792231 0.0355993428651050 0.0026598842437780 0.0102390970362887
49 0.012664689442765071 0.0488597697214876 0.0091767394864329 0.0150107647539253 0.0360935419314280 0.0351071858847568 0.0161510288544820 0.0557372701166168 0.0344918272863441 0.1327863185699646 0.0820748183271419 0.0310261598810436 0.0340428248089023 0.0062972122163695 0.0719202202003194 0.1942493729236802 0.0515240726193446 0.0451858666905237 0.0411049941503718 0.0142218630842206 0.0449381484926442
50 0.012228369360634232 0.0890354686929534 0.0201028452757475 0.0255527778044903 0.0296787566105923 0.0893508197273075 0.0305682208360228 0.0625391087876129 0.0365138662770008 0.0277172055414143 0.0652912604204373 0.0259160244326265 0.0588561936999989 0.0132313088691476 0.0384758057218292 0.0325396573860840 0.1198808141501597 0.0685490583245490 0.0516605010235189 0.0085794581655844 0.1059608482529228
51 0.012208407003935436 0.1991857342905919 0.0232634144824143 0.0014689503013802 0.0021569177652903 0.0422168741876666 0.0453749711332832 0.0017373860686638 0.1298621129010420 0.0020285733931507 0.1279169734445212 0.0438066565182081 0.0041310808221252 0.0043704199877513 0.0030601063051089 0.0023192756205737 0.0706982215660538 0.0860483704762408 0.2025694147138634 0.0027851985234180 0.0049993474986526
52 0.01200878343694747 0.0315469907383297 0.0095986529595180 0.0014144969940516 0.0021834435253069 0.2476680236873694 0.0068134074635192 0.0038491809137287 0.1180555808897994 0.0027287601523851 0.2898872776685021 0.0616922348608533 0.0034997122141450 0.0026734801991789 0.0038862109703908 0.0037579509647638 0.0135960781901678 0.0193250598598476 0.0970183775729762 0.0221184320182504 0.0586866481569162
53 0.01187189870529858 0.0597624707801819 0.0082012308841368 0.0531217673985875 0.0207480259127396 0.0049021459819207 0.0483996721998176 0.0126803011808125 0.0087347478253586 0.0204182709644296 0.0115421806154800 0.0060414059671115 0.1335483091423947 0.0091400214886557 0.0173130880350082 0.0160987412277706 0.3591088040929542 0.1905349943728663 0.0135396986172873 0.0012590816491624 0.0049050416633243
54 0.01162094336394228 0.0220905000258837 0.0170324329298606 0.0091785994686702 0.0100892093394194 0.1883408435333410 0.0091296503322355 0.1285822748120823 0.0130069113198227 0.0120668277516881 0.0384226222948536 0.0097200959484501 0.0298950584880435 0.0045908845286733 0.0192913616544509 0.0201036998237273 0.0323562145351773 0.0162753731221057 0.0166547681604881 0.0104214876938447 0.3927511842371819
55 0.01130439742200422 0.0443912515453328 0.0090015381398992 0.0062937272346542 0.0150498144680641 0.0931200800014051 0.0090900112660516 0.0236983327748808 0.1208517218529650 0.0237830975278430 0.2457607073263027 0.0713512352587932 0.0136136145541592 0.0058452185516718 0.0253021689575300 0.0313376664171769 0.0300237185134732 0.0393498342248940 0.1093411208341257 0.0198551135223025 0.0629400270284749
56 0.011133291507443107 0.0460321275832234 0.0088968099824331 0.0286425869874494 0.0976358232135498 0.0119782809928830 0.0207492262940780 0.0840834414890200 0.0184630188699423 0.0618046841347531 0.0504931717322853 0.0225697499894531 0.0394859509439656 0.0118310963836452 0.3000916873079539 0.0613677695096474 0.0517260172831434 0.0376960454730766 0.0263106323005060 0.0035820345103537 0.0165598450186375
57 0.01110192208977357 0.0372766420049030 0.0032093918107739 0.1284163842018444 0.0627814108409086 0.0035275687019952 0.3123783002497150 0.0275132194567464 0.0038922520637788 0.0641438429030751 0.0074468943193804 0.0039954718730320 0.1654764727968176 0.0042978042626287 0.0380987463294511 0.0379480621359266 0.0699560476844472 0.0178171418598494 0.0060152858785743 0.0010207536555942 0.0047883069705584
58 0.010577197285119489 0.1493762941565416 0.0371059191758716 0.0062419806378829 0.0092288737586555 0.0799360340635540 0.0397997586758256 0.0104794065937799 0.0798783629507158 0.0098130327347605 0.1435751594065667 0.0540714279235542 0.0153036995393833 0.0090637398300901 0.0125300216548637 0.0117614093936718 0.0947963108900035 0.0815419205747042 0.1187022605958032 0.0094187028838657 0.0273756845599060
59 0.009901328922603092 0.1247115034557254 0.0115298284752766 0.0073249919493084 0.0117523180045411 0.0226459622242384 0.0191429848720340 0.0095584284573510 0.1057660605526718 0.0124290464447203 0.1063387052500940 0.0312651518790337 0.0134908324726816 0.1805994171965642 0.0159775634641187 0.0129714982101300 0.0634187573494225 0.0760630747785647 0.1603294733726013 0.0035660430132793 0.0111183585776432
60 0.009861404209205497 0.4569524210897292 0.0205902668249871 0.0011222936181579 0.0014291679244475 0.0073795552732088 0.1305059179853164 0.0010217501076980 0.0164364007656250 0.0011331355411848 0.0154857185973510 0.0111089771984636 0.0045112331040263 0.0039773864355738 0.0021499853858826 0.0012925295513954 0.2077559857489948 0.0711537256903074 0.0426601253518561 0.0010296551517873 0.0023037686540069
61 0.00963326298979068 0.0329151089841382 0.0157347159116938 0.0085028961106987 0.0114021328027338 0.0933198597950007 0.0189014906953256 0.0178461627781962 0.0233919711258239 0.0145324739655347 0.0592441890793971 0.0181413684550345 0.0141417047850520 0.0085754872571117 0.0152582038947133 0.0224257645282345 0.0361892557409428 0.0242582387003266 0.0280181263022380 0.4626568923649012 0.0745439567229029
62 0.009091427593680488 0.1223824513799945 0.0151512686399867 0.0003120696811791 0.0004417018375170 0.0658417270187535 0.0329307065603918 0.0003954209240013 0.1944091981093302 0.0004309915029880 0.2404747259668442 0.0367354595427082 0.0008127259198278 0.0014554023153707 0.0007184244371807 0.0004775472417917 0.0262131625578357 0.0408219104704212 0.2160164072732731 0.0017056432484197 0.0022730553721848
63 0.0055752010494496095 0.0460902286560075 0.6085732610779434 0.0099822770868903 0.0113119469892447 0.0167769289420724 0.0197276660276467 0.0125330227562888 0.0203735943619435 0.0126113731040357 0.0298044066554051 0.0114798578004164 0.0166557963442300 0.0080860116489111 0.0125608606614601 0.0174201773073254 0.0627476212476728 0.0302279935891349 0.0325638057538507 0.0049493295131988 0.0155238404763217
