# This script is generated automatically.
# Vector of amino acid stationary distributions.
distributions <- [
                    [0.08476195080848382, 0.008036829493813685, 0.06474520583731647, 0.0799241937401043, 0.011648487939539948, 0.05499853428931218, 0.05011348453938779, 0.023338497342303446, 0.07890167969965159, 0.05222856172918894, 0.013739314795879537, 0.07119540649857482, 0.030475574366212163, 0.07376452244283506, 0.07207717689806095, 0.08953359014688751, 0.07295448978720989, 0.049170381966166826, 0.00397842768929931, 0.014413689989771654]
                  , [0.05489579099025572, 0.007964600399788996, 0.005942180045905466, 0.01036053422686196, 0.06696747828336312, 0.009112676210146753, 0.008533959464708016, 0.15644448440968048, 0.012610353617777605, 0.2771175135537313, 0.08481166285980124, 0.009568526794069616, 0.007603175071152422, 0.01655853878535045, 0.013842380628282833, 0.03286524929360318, 0.049666223072120444, 0.14641745845015325, 0.004527216430438171, 0.02418999741280893]
                  , [0.26288748387938016, 0.045223237735871856, 0.013785184793685673, 0.029601234491277918, 0.0080377808495527, 0.06602937419595303, 0.008241015496470714, 0.0391772711371442, 0.019189273064826325, 0.03936146076806606, 0.012177710278028856, 0.03469444116562566, 0.02468570847217354, 0.025249865522402014, 0.015287842847302866, 0.16147361282660344, 0.10358549756105158, 0.08301077627588581, 0.0020653246702489855, 0.006235903968448714]
                  , [0.05669191951569536, 0.007205034427382109, 0.002255590564900321, 0.003853839279137028, 0.028127484270905435, 0.005478638308805209, 0.002779638010053363, 0.28325744661180224, 0.004139358814209961, 0.1449852412498411, 0.043340978326252, 0.003929456147065543, 0.0035867033104345133, 0.0044737995744115865, 0.004189413862693182, 0.019825892886969582, 0.04285687956391647, 0.332892208058015, 0.0014747766129823935, 0.004655700604527622]
                  , [0.07047355829404926, 0.0017913595122708626, 0.21117552652594115, 0.3277254035867887, 0.0025064934533335676, 0.034401405802237814, 0.012443829443275186, 0.005201678494017623, 0.058057295323905175, 0.009535392301776874, 0.004103502494362367, 0.049134126021003116, 0.009485764712779279, 0.0726120167500867, 0.031404029083126415, 0.04808935930960465, 0.03532172277490045, 0.012277483623962105, 0.000824496547297668, 0.003435555945281108]
                  , [0.041946034442056176, 0.0033378864402175013, 0.012255211060955387, 0.04533944827965553, 0.0037281346448517017, 0.019939529521608802, 0.03151940704910725, 0.009157422191109663, 0.28823307691964073, 0.027733191052388608, 0.007982063321610234, 0.04018108676981792, 0.005407075360027435, 0.07551393873815297, 0.28765392294118375, 0.04126149876380315, 0.03767637080052523, 0.014689808832989067, 0.0015945856080493046, 0.004850307262249468]
                  , [0.020197982353723807, 0.0033273805661543044, 0.001177290018399383, 0.0019351761409772063, 0.05886872623991845, 0.0024253637550885787, 0.001972775223094711, 0.1607539356324749, 0.002249458426407979, 0.5167472937528415, 0.09218477922632354, 0.0021793545351957632, 0.001869687108922714, 0.0036302003750108367, 0.002652048700343638, 0.006001407254019809, 0.015440887958338265, 0.09773102421453346, 0.001592916350507706, 0.0070623121677232704]
                  , [0.03639370547659108, 0.009055236853183983, 0.007977688870330436, 0.009838353381175098, 0.23800638741239327, 0.010243375462860945, 0.057704263038509125, 0.043117996965369325, 0.011122291181616019, 0.09642960078592204, 0.029292740957411207, 0.015912030669712397, 0.006803432503219751, 0.014223569019724795, 0.014373167060082143, 0.03460609926105489, 0.02625845578659728, 0.043970595533423036, 0.07506763551076034, 0.2196033742700626]
                  , [0.021253996663393022, 0.002634596518795069, 0.0007675815467475174, 0.0012444023265073888, 0.014597227869349595, 0.001549375792801131, 0.0009381976716788009, 0.4093094789416639, 0.0013050918645514003, 0.11549548205724207, 0.02455583657433298, 0.001363163594134007, 0.0011003136801776112, 0.0014774714342946156, 0.0013806778871276778, 0.0037395450617411334, 0.015621016418952428, 0.3795388496289879, 0.0004505052107904754, 0.0016771892567312297]
                  , [0.10491033579855955, 0.005161154130437754, 0.043847658226626486, 0.030487126201004116, 0.0045203737467906175, 0.5317717901005291, 0.008900183439720667, 0.005902654152183489, 0.02787237452247637, 0.009540063534372862, 0.004759947860984738, 0.04901927966749527, 0.00802512235531514, 0.0217350036049908, 0.024543990061567916, 0.07287094090710135, 0.027104343045124005, 0.01284222433635506, 0.0017951059097596471, 0.0043903283986049015]
                  , [0.03969395509270747, 0.0024543882176313197, 0.34033472305689616, 0.08514468809780625, 0.003430216567231277, 0.053575641933829084, 0.030547697825585918, 0.004986904750775408, 0.03864212636818173, 0.007446111762767686, 0.003594277546572344, 0.2090315094321595, 0.006306191581966602, 0.031450650731528515, 0.021241299872003256, 0.07082039995870683, 0.036980043572993615, 0.007885986204070598, 0.0011827525418173432, 0.005250434884769205]
                  , [0.11328962363373785, 0.0034541706309084044, 0.026045726567250054, 0.034590466720131455, 0.004824359062518649, 0.027594808640339946, 0.008321945988103128, 0.01056753160170316, 0.029814393409659832, 0.02836871171502271, 0.005512535156610207, 0.017065788546075326, 0.48411159738697523, 0.02851812691943091, 0.024669717140830504, 0.07390021531487526, 0.041898840805823595, 0.03158823310777387, 0.001567249960099781, 0.00429595769213044]
                  , [0.0805466941032854, 0.011398740434432397, 0.022520201503684032, 0.01296416246795975, 0.004358942587975006, 0.03210691671637235, 0.006125600739065544, 0.016047077233414576, 0.021482900546838844, 0.016997475052159518, 0.006689888137608474, 0.0504591503617697, 0.007649166757684838, 0.011801890953526904, 0.011094143814686572, 0.3295499974924426, 0.3224691777518197, 0.030591542958598967, 0.0012561127595136334, 0.0038902176271610983]
                  , [0.013172298573446515, 0.0039004758567544678, 0.002394905131261842, 0.002996606796927927, 0.3917885205971836, 0.0030503495008888395, 0.030879327724191195, 0.018585286351800557, 0.0033278722033249623, 0.05052706776788832, 0.013520720636528113, 0.005198243456689833, 0.0019336307117495467, 0.004249180847751413, 0.003997497041445947, 0.012585511805158702, 0.006661587544826776, 0.018713009769736243, 0.025843651683670348, 0.3866742559987748]
                  , [0.5366178646426077, 0.024514616796059208, 0.0026960204908502454, 0.0035956643665790967, 0.0029356882169458225, 0.08725548792115186, 0.0020935619139919323, 0.012003296712490822, 0.002919229146219842, 0.01274318113838904, 0.004446807720123013, 0.005678329207550302, 0.004412567810861591, 0.0036681450589593797, 0.0030605089738871822, 0.20221331574206233, 0.05101624062701758, 0.035437389544987985, 0.0007014340950340172, 0.001990649874231191]
                  , [0.04583844665929912, 0.0018476070299702637, 0.00800074396691391, 0.005254027120584074, 0.0011888942774872957, 0.8722805604917404, 0.001640353833894043, 0.0016321796584989866, 0.003562984015410716, 0.0025142208689458495, 0.0013521015524307566, 0.00949204075559324, 0.00146462701370875, 0.002378858122999664, 0.004923373346769012, 0.024011106961271265, 0.006571810550711266, 0.00459475799113217, 0.00044763209734375664, 0.0010036736852953008]
                  ]
distribution_weights <- [ 0.3005986829891059, 0.09028377848729403, 0.08236475196600435, 0.06704928591238417, 0.06522023145102696, 0.06081606084012735, 0.05645429312087574, 0.05048236154309853, 0.03946563188330724, 0.03519554609194322, 0.03224109596576597, 0.028560066561079647, 0.027088571618483992, 0.02576147571231128, 0.025723656917057653, 0.012694508940133993 ]
# The number of clusters.
n_clusters <- 16
# The base file name of this file (for reproducability).
fn_distributions = "dists_all_poisson_allsites_lclr_016clusters_rb"
