20 A C D E F G H I K L M N P Q R S T V W Y
64
0.07947584554839446 0.0815810751977828 0.0117037949226807 0.0450083848253590 0.0654041596447840 0.0195415320175369 0.0468519877315573 0.0511709078112851 0.0457352290603377 0.0680183495613928 0.0697348396147943 0.0239245296474694 0.0636695468453781 0.0152102847371519 0.0736799185763467 0.0699034809770413 0.0913459651934867 0.0724448662426472 0.0590804985133959 0.0046293155212540 0.0213613333583179
0.04904751040894314 0.0574017266449508 0.0060700870963057 0.0277881675532838 0.0608176083370572 0.0067285674131265 0.0301617641331228 0.0424891591990386 0.0169044659440605 0.1906140378916831 0.0440931686973531 0.0145832000718455 0.0544667021283410 0.0078448210459200 0.0845141236156494 0.1923244635298473 0.0649753691373585 0.0537004333728551 0.0334453160909003 0.0024750615971805 0.0086017565001201
0.04247989505503907 0.1286058906481347 0.0124937158939701 0.0381971557208648 0.0420244766518446 0.0090723122409321 0.0635543111085494 0.0157492374130388 0.0174032138062159 0.0448775574518163 0.0353797046732908 0.0124010875116830 0.0699515724161220 0.0155071328275180 0.0435925283700333 0.0402853741956531 0.2370898908984725 0.1209520345977079 0.0425257458823909 0.0019218717745202 0.0084151859172413
0.04028688758341413 0.0706981620507176 0.0042018347981555 0.1536439173636652 0.2181802293396425 0.0054714113968469 0.0436352442354232 0.0309561534774738 0.0112532763066682 0.0659656173919733 0.0271728149112473 0.0088682446188217 0.0638022184633799 0.0111112645787610 0.0782386035182013 0.0461949364530206 0.0722628705803461 0.0491165247569255 0.0304143355146291 0.0014530906365560 0.0073592496075451
0.034569098271830266 0.0361511208422137 0.0042000135852157 0.0088132870308871 0.0352356684990339 0.0037563468309599 0.0140487160024168 0.0307674562184471 0.0099984952945971 0.2923084211199772 0.0273005289122198 0.0092754880797106 0.0377048720203178 0.0046062912565231 0.0667801938399533 0.3209752520558214 0.0418746067431598 0.0343924428627936 0.0152428459035767 0.0017043935433800 0.0048635593587955
0.028874123082187873 0.0572408548763833 0.0105797163913565 0.0062554795164923 0.0126929406529117 0.0659239643078547 0.0105229552015355 0.0140591546365802 0.0997942471617217 0.0292702115220208 0.2691331493756036 0.1025696129112250 0.0132989624815477 0.0068514329100785 0.0410535342654114 0.0374073857988707 0.0454965913440892 0.0508263025838606 0.0879869374619990 0.0053562702840914 0.0336802963163663
0.028175440597729993 0.0982029565017728 0.0141394763394534 0.0073795192372015 0.0174881471827432 0.0336607558005753 0.0134473013437500 0.0091240160517066 0.1530214644857296 0.0291608142902088 0.1051493754472094 0.0566590330574343 0.0165956956761354 0.0086379886070819 0.0218231133412221 0.0201855359765802 0.0655634462194365 0.1056637902687319 0.2101311479532073 0.0026164974021907 0.0113499248176296
0.026880739177550905 0.0503120812832320 0.0017844803579343 0.2461155574664926 0.3758105400503823 0.0024311161231629 0.0289110514283868 0.0125400703859145 0.0049313120085062 0.0412239987710340 0.0089120629642222 0.0041434592320857 0.0439904995879804 0.0064997673886175 0.0627250350592517 0.0233538507956235 0.0428927987847697 0.0282770540567165 0.0110413099100244 0.0006464847065710 0.0034574696390918
0.02519249415388125 0.0584900053874914 0.0107476850666564 0.0021919164102823 0.0041719200068738 0.0606228488360541 0.0079346811071210 0.0041053582330320 0.2122200692578425 0.0053698271429465 0.2489240548612465 0.0777635689418569 0.0050071111807181 0.0041717306919162 0.0066069179497261 0.0060279143407206 0.0280198030992978 0.0455706354611047 0.1956587842670658 0.0031832333678943 0.0132119343901537
0.023467176182056692 0.3421816102501287 0.0362407945948362 0.0091010566778681 0.0245257179099106 0.0119002605633196 0.0667821114499219 0.0079486325602503 0.0422986564387295 0.0148059861292775 0.0492940620096715 0.0264989899912267 0.0173357076308873 0.0136345289292815 0.0167534382979157 0.0139416557571636 0.1294991922155025 0.0819265612649439 0.0853507432104551 0.0022441712835765 0.0077361228351333
0.02297952432555752 0.1086109400123424 0.0053716525117278 0.0348341602258317 0.0477141665443293 0.0077794290538416 0.0355530740945156 0.0147440677048419 0.0205363561052022 0.0458684525172985 0.0444286221608902 0.0092046952409428 0.0327423389454416 0.2938785747166973 0.0452280369010911 0.0412575800800538 0.1005825555880114 0.0592069152254653 0.0437010495521155 0.0019062410409599 0.0068510917784003
0.02290823019449039 0.0287390157761919 0.0060393054182400 0.0010598834788889 0.0019046574092810 0.0549543492346019 0.0031683473477162 0.0020857569349604 0.2293170645778279 0.0023402326622570 0.3811621180070348 0.0739822698587884 0.0023028445991045 0.0022884228984415 0.0033427931422066 0.0029219564504689 0.0102120930311883 0.0216701844096870 0.1625537372069633 0.0019832204895770 0.0079717470665744
0.021365425198197684 0.0286040601561167 0.0071982326631803 0.0023912259074011 0.0044170377242319 0.0714592650520821 0.0046558400989171 0.0054531671466386 0.1087149756025348 0.0059316296208030 0.4883310606197114 0.1008882145347118 0.0048990173694667 0.0040135447058367 0.0094184202588732 0.0073128254795927 0.0190174778239975 0.0247654288136855 0.0781253413842436 0.0033764381974300 0.0210267968405452
0.021020361603832773 0.0373595763488032 0.0077297601665541 0.0014896588182803 0.0025841226903106 0.0290939726952921 0.0036775302421112 0.0022671276544787 0.3446374339680801 0.0031532157385198 0.1462764807186291 0.0454758862865083 0.0031450308480069 0.0026997837592966 0.0034169456518404 0.0032373204365198 0.0139901638842707 0.0320608847510342 0.3115451863292130 0.0012370482740423 0.0049228707382087
0.02008498260423202 0.0518123721533354 0.0066313977640682 0.0959809149940859 0.0473112681767382 0.0063489801771341 0.0599841689254495 0.0503266339433610 0.0094480420786077 0.0573395154639600 0.0139174397013171 0.0069992152114173 0.2719990528151982 0.0069730723033485 0.0441035880392294 0.0430322400183686 0.1384770902026903 0.0650660381757136 0.0132024480369688 0.0016067573477793 0.0094397644712289
0.019851137854331832 0.0856938579887003 0.0079831500967115 0.0607936051302257 0.0481189202711751 0.0065671134120138 0.3818223320471315 0.0176099334311556 0.0081934459271124 0.0464048544182120 0.0141439638935348 0.0070711457524294 0.0729959740046499 0.0089057341156698 0.0343460227730765 0.0422480216800339 0.0974543497238792 0.0366345473372909 0.0143761865623586 0.0022197673910012 0.0064170740436377
0.0197798437232647 0.0215417149794652 0.0040572070094145 0.0007994637424132 0.0013780286018894 0.0151262533922120 0.0017863948007208 0.0010870984173506 0.4228989099724191 0.0015764027520454 0.0933183713555197 0.0257423682704029 0.0016918634815091 0.0013970160779166 0.0017040105182813 0.0016702312501635 0.0050542031434068 0.0181233893015575 0.3784045387713018 0.0005251694250734 0.0021173647369375
0.019021274168710432 0.0831338536272857 0.0234380684411116 0.0029300912076146 0.0057729148909561 0.0242923261151513 0.0075824556463251 0.0036659494357183 0.2192632626732801 0.0060231175654050 0.0891728793989075 0.0391400827196602 0.0064186933177640 0.0047805212113328 0.0060887292392433 0.0058683494703484 0.0350282422548822 0.0777798185098366 0.3524776863021024 0.0014212462691936 0.0057217117038810
0.01880739177550904 0.0456532247037198 0.0165340264634833 0.0079913061515893 0.0101865380012786 0.2038180607645905 0.0107730313354357 0.0694220204046777 0.0441233544770796 0.0129000223308162 0.0816099712770646 0.0213864726294112 0.0274515868074457 0.0061050275297198 0.0167317441401520 0.0191596191101422 0.0493482055344567 0.0352161378369536 0.0490344676440778 0.0274144534453954 0.2451407294125103
0.01875891176638339 0.3360960545244538 0.0384608075639015 0.0061433997000347 0.0079633518706571 0.0062214753642513 0.0640776388365195 0.0047061500184288 0.0185667468305030 0.0070625100044071 0.0224634191941555 0.0082550842168022 0.0245714975635648 0.0109169184246451 0.0095536569813798 0.0071235132521278 0.2867289575110131 0.0929948783549819 0.0426124866756823 0.0011986175923666 0.0042828355201243
0.01869332116580163 0.0169778202082309 0.0085783039814863 0.0030800884675594 0.0038845336479026 0.3082898456827980 0.0041301462572888 0.0482837900196149 0.0221649788268354 0.0045491921395792 0.0505255080715021 0.0096474289369664 0.0084186938205507 0.0026895898305380 0.0062285044319331 0.0065937670275573 0.0193720628928131 0.0088278308667869 0.0231725022590733 0.0280122489276078 0.4165731637033759
0.018274111675126905 0.0350779565036220 0.0031543567915640 0.4325648988038114 0.1103294011058534 0.0033847698056596 0.0435503428878681 0.0267244750251403 0.0050646314033547 0.0320628120116190 0.0072892276187400 0.0037294643152490 0.1368140573638215 0.0055989047867061 0.0297084631311740 0.0200791567774393 0.0606166753355648 0.0305667658815523 0.0078857063914951 0.0009163578774836 0.0048815761822816
0.01774938687047282 0.0146477544423158 0.0039220648746058 0.0010300783299522 0.0017383950594359 0.0522938202190819 0.0020433897879249 0.0022267911051909 0.1044138916178569 0.0022458210571295 0.6250362334631441 0.0914199125558048 0.0019965017372497 0.0019411866499105 0.0038129727428676 0.0027625800508392 0.0059180219328663 0.0124011338694250 0.0627757271847701 0.0014918452453002 0.0058818780743288
0.017310215023099297 0.0230588083851064 0.0041439607349925 0.0007162381708324 0.0012079675880852 0.0324595970153716 0.0019177706867784 0.0012161167096368 0.3486215004129111 0.0013323610976356 0.2613457077361167 0.0557417629630616 0.0014950462688203 0.0013864929356649 0.0019039015436151 0.0016035013608736 0.0050388342125019 0.0181643214599761 0.2344651393966044 0.0009106616322385 0.0032703096891769
0.015533565276906405 0.0919498479641614 0.0225005355927573 0.0084498965739466 0.0113622282312459 0.0076299818316637 0.0244508385990600 0.0072602998140010 0.0451996222587970 0.0235099562883324 0.0372865484344610 0.0281205652773718 0.0416754986694321 0.0072017891041216 0.0143083461122031 0.0149845708399218 0.1676093194668993 0.3728757719198348 0.0664317924510044 0.0016089543127873 0.0055836362579973
0.014980322819825472 0.0298999643888891 0.0103338306649450 0.0025773393081074 0.0034321978142148 0.3646822011227485 0.0057007121477937 0.0088259301996895 0.0691663457739084 0.0044341384005694 0.1870953575607140 0.0462824528733440 0.0054653496721370 0.0031837500791957 0.0054354567487356 0.0054892347317950 0.0220562955007617 0.0215059856299980 0.0608110619280641 0.0257340044060114 0.1178883910483776
0.014800661609536303 0.2958609641401940 0.0427715364947225 0.0017639275100736 0.0027608770327184 0.0198662099638408 0.0372815189788850 0.0020170154586523 0.0800000027732140 0.0025468812812113 0.0588716703138249 0.0283709066380909 0.0039932601118245 0.0036899739015499 0.0032556097148787 0.0027681240921792 0.0751437234201841 0.1045641383117275 0.2302350318178277 0.0011418138188497 0.0030968142255512
0.014646666286431301 0.1039718168153754 0.0015692692610284 0.0774051158902291 0.2284858953847406 0.0019339492493636 0.0257095503995669 0.0176561724130926 0.0058799777690477 0.1526111184857653 0.0133227563446760 0.0047616605842342 0.0472809639740371 0.0033895335049949 0.1087409564697520 0.0812351542671713 0.0584930445371117 0.0450941383438936 0.0192236150749130 0.0005616797702858 0.0026736314607207
0.014401414475560372 0.5847178074738860 0.0295507861466553 0.0022469556122819 0.0034648992206328 0.0033052464972047 0.0542404106828279 0.0020242836545441 0.0163686859377489 0.0028281255201317 0.0151445429304404 0.0056279390585939 0.0044504824058104 0.0044891716971689 0.0034033067737158 0.0029845623712612 0.1554296325702939 0.0581509705873321 0.0487061743282479 0.0007095846373841 0.0021564318938379
0.01424171562197 0.1077787705324394 0.0037850757217909 0.0108397151637284 0.0238402994330334 0.0042097308015173 0.0235141544858981 0.0070884147396189 0.0109861941472481 0.0220048265017107 0.0268338383432460 0.0048222358814167 0.0100119712620694 0.5587254126796865 0.0220016439100326 0.0179270811277416 0.0750259660751582 0.0368585766065385 0.0289753688810133 0.0011297534922687 0.0036409702138434
0.013899503792847772 0.0574016720871623 0.0041681205951427 0.0321180509524869 0.0210205002122164 0.0029336530776084 0.6998694360721375 0.0059143344550770 0.0037135004542011 0.0199916250337098 0.0058341488890389 0.0030943647381113 0.0358282354097422 0.0036257126321214 0.0131081510065490 0.0180278756938808 0.0481089830948127 0.0150763120515594 0.0065692361165880 0.0010742013622380 0.0025218860656161
0.013759767295956196 0.0778732682675091 0.0208935339700402 0.0261175862963884 0.0105590842248014 0.0048206296801569 0.0434509071315411 0.0070424716523313 0.0079840141274231 0.0171036144375772 0.0119195988916493 0.0059465163291783 0.0602600793776941 0.0099456680950052 0.0113192115238986 0.0114921034817797 0.4517514022633810 0.1958803951087212 0.0202331988308005 0.0011743180048762 0.0042323983052471
0.012408030570923401 0.0143995794682108 0.0022964409366986 0.0005569803495629 0.0008724604030941 0.0392165143969031 0.0013937633476631 0.0008471777987510 0.2208248361003416 0.0009464273717667 0.5195067582590622 0.0650065445011641 0.0010656837167948 0.0009381804113100 0.0016239590476590 0.0011227851985469 0.0030533494094736 0.0105161009567484 0.1121499365713215 0.0008009473732574 0.0028615743816702
0.011911823418696173 0.0186199550685938 0.0019215362934600 0.0036085636451524 0.0186341356534553 0.0017565893501920 0.0062238055479891 0.0149568137658459 0.0050652687463211 0.4729499818378711 0.0142163627529894 0.0056416644992493 0.0232056754566662 0.0023129883734290 0.0388422673964619 0.3204325261511968 0.0226776415672180 0.0196362161602834 0.0063573599390522 0.0007378667074830 0.0022027810870904
0.01172931044316432 0.0728667679159238 0.0176199350488741 0.0011760902964191 0.0018730463218957 0.0128665495780242 0.0035764604632232 0.0013604452383101 0.2150682976867551 0.0019143831031569 0.0638631184433399 0.0221336292131742 0.0022632859649369 0.0020164250386590 0.0020988382742801 0.0019868162545601 0.0160103319292029 0.0411290315652503 0.5173482897537904 0.0006225685193744 0.0022056893908495
0.011535390406661723 0.0409467523045468 0.0093036716869741 0.0291854642489321 0.0306191421212037 0.0433574488560319 0.0140423588167309 0.2866055834042832 0.0119689953008923 0.0419485357991152 0.0418088463703554 0.0095166023854538 0.0887081653309363 0.0065825057325754 0.0780268808112547 0.0649204109603935 0.0536601389482269 0.0339891438293981 0.0159113689740216 0.0041920885820285 0.0947058955366458
0.010999258541036902 0.3293161670553532 0.0270711529912609 0.0053050759768598 0.0065026874996110 0.0068576232428822 0.3163108367331599 0.0036944312262232 0.0166823727308882 0.0051193579875516 0.0233082414823456 0.0073748740460177 0.0154632870112272 0.0064507758348607 0.0062596101909731 0.0057282354617518 0.1381169827965198 0.0407891781521464 0.0345270381847632 0.0014366699341310 0.0036854014614738
0.009724519477556608 0.0200472384024635 0.0052251919619974 0.0005868736877273 0.0009116001158990 0.0069794172578919 0.0009609731377238 0.0006910916464385 0.3137330632107892 0.0009964070245273 0.0460254451779185 0.0116445005897910 0.0010077153284451 0.0007672762263992 0.0009762734286581 0.0009999614017618 0.0028648014160670 0.0123448154596382 0.5719650833086670 0.0002895276790186 0.0009827435381776
0.009676039468430958 0.0230485279231864 0.0056497050091509 0.0010588903737448 0.0014865515714857 0.2903871675869250 0.0035280282068800 0.0022813833416839 0.0871177806501389 0.0016596774381464 0.3867390326197270 0.0656392913180275 0.0022238901104747 0.0018226895935117 0.0025557462808804 0.0020971492083158 0.0110143798870778 0.0154462628239188 0.0602294134650960 0.0050290629860527 0.0309853696055758
0.00938230764843438 0.0076003229709446 0.0032687958864253 0.0013151484283607 0.0016775327648901 0.2949222706964121 0.0017626936157017 0.0263521053702052 0.0083664853571401 0.0018274878758197 0.0218611961978346 0.0036945615903761 0.0032867437918388 0.0010392737922652 0.0024273648024252 0.0023024230764299 0.0075721512939909 0.0038240117275895 0.0097912466732615 0.0179391592140827 0.5791690248740062
0.009262533508241601 0.0344768698967892 0.0020650513345733 0.0082268061151864 0.0053153294663821 0.0012394052360566 0.8830607138513041 0.0017133595943696 0.0016078854409303 0.0045480525103683 0.0024934738718070 0.0014120520127913 0.0103704116916814 0.0012479826347129 0.0024048379111566 0.0059422901540626 0.0232876106382806 0.0059273766702128 0.0031269724099254 0.0004802308646460 0.0010532876947636
0.009205498203387896 0.0170792440095233 0.0021759006825280 0.0003756235007640 0.0005520492808334 0.0233822628888815 0.0012619760011777 0.0004881225364429 0.4010084250251365 0.0005631988418973 0.2591578470307909 0.0371384762695675 0.0007475892643972 0.0007318545676644 0.0007929963513885 0.0006557189330563 0.0026469064464242 0.0109790419997793 0.2383244320087077 0.0004292820981891 0.0015090522628505
0.009162721724747618 0.0276337659942468 0.0009897871739522 0.2242541679246087 0.5818357963177316 0.0012210839317850 0.0158285708877688 0.0042597224770047 0.0024841074470510 0.0210628982717850 0.0038547011867199 0.0021118892367665 0.0210013888165757 0.0022078702571583 0.0422010076475943 0.0080348518730633 0.0199260442823738 0.0129940409162442 0.0062416478098094 0.0003270071680389 0.0015296503797218
0.008369930987281128 0.0086341151643214 0.0015031867983473 0.0004523624583769 0.0006458165019110 0.0080868564322293 0.0007163250624094 0.0004948223699675 0.5580101408943218 0.0006871781433970 0.0698552340513317 0.0142900863247911 0.0007537492553468 0.0004967164954509 0.0008174443866755 0.0007384562335385 0.0017765844454429 0.0078371222918326 0.3230340652042792 0.0002274517694827 0.0009422857165465
0.00821878742941881 0.0080410343958083 0.0017617810405522 0.0005679081161748 0.0008550229054138 0.0359291469571578 0.0009351044528644 0.0009217444793134 0.0737787654085451 0.0010502331925624 0.7374917513631466 0.0835481225717083 0.0009505914332572 0.0007761573147888 0.0018458378287452 0.0012167999400729 0.0029617197240408 0.0064384628443519 0.0381704209541267 0.0006146334920112 0.0021447615853582
0.007859465008840473 0.1260049341934344 0.0156929416625083 0.0003275269412518 0.0004623850242212 0.0675563950103171 0.0357121808429266 0.0004240321134691 0.1855908281678748 0.0004533669663913 0.2419708291699616 0.0352013876000263 0.0008133498759876 0.0013955659099691 0.0006830371545344 0.0005147764785266 0.0261846537928793 0.0386094488658273 0.2187457539721059 0.0015185596882940 0.0021380465694934
0.007614213197969543 0.0097708005347126 0.0034100065293764 0.0012544212466735 0.0016150089573615 0.6367839578067646 0.0019759793935776 0.0101900000690186 0.0200018727317797 0.0018190812159918 0.0636489155737368 0.0155464717430328 0.0025146359694672 0.0012319971365674 0.0021804111958840 0.0021987014845785 0.0082820515278545 0.0043353236215643 0.0178776213356834 0.0150502653196312 0.1803124766067435
0.007557177893115839 0.0404987459237932 0.0099403479713942 0.0061766801088869 0.0034014474419556 0.0024175393307675 0.0137969264161211 0.0025162085164913 0.0098404638663732 0.0041320135720852 0.0093864145960322 0.0040562046470287 0.0210933168397332 0.0028752821951197 0.0034900688447151 0.0037421844929294 0.3000535151713166 0.5439160881036944 0.0161151461649708 0.0006356762842216 0.0019157295123699
0.006670278902640735 0.2651125533480977 0.0267493018839433 0.0025604248912490 0.0027170459986174 0.0027118088805752 0.0480423783746563 0.0021680155724642 0.0044827984553040 0.0024529577532739 0.0059127695582871 0.0035440232364266 0.0141826572024868 0.0036541483525859 0.0036534528403524 0.0026694084036324 0.5207028094289370 0.0684238778422718 0.0176612217983690 0.0006452555780636 0.0019530906004065
0.006259624707694062 0.0389941652632427 0.0043539856405039 0.0152179721464903 0.0886610636668338 0.0053023306205278 0.0127085234485901 0.0686346305200517 0.0099424196773157 0.0547361574069715 0.0441803059246354 0.0275548377559081 0.0317542884419866 0.0055055411565183 0.4373846374749267 0.0542262610934941 0.0389855638055990 0.0315205690555878 0.0218830194482360 0.0018811271096399 0.0065726003429403
0.006125591741287857 0.6743907980907345 0.0142194347693272 0.0008650484232099 0.0011398573591603 0.0011796682045872 0.0440734738077032 0.0007454369289760 0.0032154790696885 0.0010011504142866 0.0032203334711792 0.0020623313173743 0.0019158282110079 0.0016250304595938 0.0012872171294809 0.0010620116034071 0.2032080221699044 0.0272903852753011 0.0163002149493764 0.0003141913274111 0.0008840870182903
0.005871784634688872 0.0129415452887497 0.0011606935017945 0.7449090795720018 0.0602985746861656 0.0012743637120136 0.0141712473089607 0.0108096188317809 0.0019488595415953 0.0088373344678897 0.0026829665221004 0.0014172874807986 0.0842360170977548 0.0019081644030180 0.0106246568302518 0.0037959063630015 0.0225671951056587 0.0111065552240677 0.0030976512065202 0.0003949324353012 0.0018173504205756
0.005729196372554611 0.0238823462696260 0.0036336265616544 0.0016085265766087 0.0026683346662935 0.0349141740341091 0.0032393382141336 0.0023174121793061 0.1218327471241990 0.0032942934597803 0.3313095236913481 0.3518492312716855 0.0031672182741685 0.0017218881553980 0.0068828191923425 0.0035242784306862 0.0129364974861350 0.0219410160415064 0.0632874907508888 0.0013365628488835 0.0046526747712465
0.005694975189642388 0.5713090227852575 0.0166839063683324 0.0012520567688717 0.0017697056343991 0.0027735314830941 0.2059902660020547 0.0011186751330085 0.0082585612870146 0.0014102894674181 0.0089264100956092 0.0042163028269389 0.0027615803797532 0.0024886463067661 0.0019293435301637 0.0016086650681376 0.1200054662040917 0.0251146236689708 0.0205081480051688 0.0005472692472058 0.0013275297377435
0.005612273997604517 0.0141553758873200 0.0005785390542657 0.0023116515115112 0.0009493156885262 0.0005053525709543 0.9607580896797459 0.0006343217108551 0.0005740963559014 0.0006741097097452 0.0010069089476515 0.0004442533127322 0.0026159949699706 0.0005180932452908 0.0006776459972340 0.0012786574545903 0.0086974692400733 0.0020690642333186 0.0010308204736492 0.0001701271283125 0.0003501128283520
0.00507329036673701 0.2395911531300918 0.0106290366073761 0.0017165808943968 0.0021883594759885 0.0023760619933568 0.6144436131136227 0.0013460134856889 0.0035206223548260 0.0016001593963486 0.0061709444544268 0.0028045868896370 0.0043440333597369 0.0020439569306069 0.0020255669500520 0.0021288416367188 0.0752085175134476 0.0147426174124576 0.0111231998334064 0.0005598106691206 0.0014363238986934
0.0047938173729538585 0.1147890148467298 0.4068516534873725 0.0065142577607386 0.0067754918643398 0.0212433479640745 0.0347628638387242 0.0069736910287373 0.0287093002684924 0.0072201544704464 0.0358328091151939 0.0115610265621027 0.0243102952910905 0.0054126568299569 0.0077014735771224 0.0091654502276208 0.1382663420086756 0.0652534179446827 0.0568946504493377 0.0026415255282008 0.0091205769363606
0.004713967946158673 0.0549168602225965 0.0017801777511884 0.0027035593639135 0.0037105853263521 0.0020384277922272 0.0099321138402021 0.0027870489806523 0.0047795069602370 0.0040283972504469 0.0112172040656199 0.0021788896490536 0.0033298158809464 0.8234920366262444 0.0052763269117145 0.0037793528905612 0.0323091100018984 0.0163103287689016 0.0132089555353309 0.0005264754436698 0.0016948267382431
0.0047082644156733015 0.0381793949711562 0.0123755849030865 0.0062231350277059 0.0082146644815837 0.1157094345193619 0.0152636779748775 0.0155136177257740 0.0341401952995294 0.0108095624495231 0.0676091550575979 0.0180263137247061 0.0102015385566488 0.0064156580190813 0.0111493143882366 0.0272906369981770 0.0364341594269408 0.0250693685447143 0.0353266098700902 0.4107257175303455 0.0953222605308634
0.0040609137055837565 0.0209719653080864 0.0034916591227665 0.0797624556529767 0.0167121577192373 0.0032327531719664 0.0269888358857118 0.0318889723623598 0.0047149279970627 0.0214896377343142 0.0058989200137323 0.0034236952740011 0.6279729670976433 0.0024956861969398 0.0161105086722073 0.0155325401070380 0.0760821653900436 0.0316670226535047 0.0060090348418756 0.0008457830549932 0.0047083117435396
0.003142645297439115 0.0113660994419582 0.0026726492270114 0.0021136898210082 0.0039945928571062 0.0020869436677342 0.0044106960441166 0.0152038052346831 0.0035156758638738 0.0738893671170658 0.0106170499072840 0.0028243100540371 0.0093669039482808 0.0015211699272063 0.0188471787442074 0.8074013991149919 0.0120915036807024 0.0104653880788118 0.0042591731701599 0.0010075518498444 0.0023448522499166
0.002389779273370216 0.0100524788993913 0.0049634879024431 0.0020106617703816 0.0027552025990718 0.0492833659647453 0.0049080943540710 0.0047846537986747 0.0055279370418904 0.0031567873464511 0.0214169463713794 0.0040745254987615 0.0034566354644873 0.0019476571891906 0.0035787497270716 0.0059716128889058 0.0129066782494994 0.0062306550644318 0.0083706647511020 0.8034084695587953 0.0411947355592551
0.0018194262248331717 0.0149109621709894 0.0028257735325792 0.0076029179216562 0.0054341946196418 0.0165282882649969 0.0045461652048615 0.7296639433707723 0.0050254814777041 0.0065184948440114 0.0156392032733440 0.0041170053297278 0.0493142949120002 0.0024757612355410 0.0406886270622920 0.0181830297966960 0.0190871784473274 0.0128102670965674 0.0061500159006155 0.0014159545324669 0.0370624410062086
0.001400216734158444 0.0067602587245202 0.9391769690960032 0.0014588217231079 0.0017223877160134 0.0020714753763310 0.0036510131018466 0.0017537147511689 0.0041228422793106 0.0019107064170024 0.0052227473423770 0.0014771200670514 0.0021315900259770 0.0013726676728003 0.0017452116149448 0.0022643223211087 0.0093154932447614 0.0054111862790418 0.0053620321656394 0.0007955674211084 0.0022738726598856
