16 20
0 0.08827823631475323 0.0932325117087698 0.0089915214997094 0.0660372822625257 0.1022113828647884 0.0147596656896356 0.0453879101775602 0.0351473409610987 0.0266790512954089 0.0817635599546538 0.0457181116817954 0.0179358563638158 0.0580076764220302 0.0270839840710938 0.0832282635407470 0.0715684252652826 0.0866963078886163 0.0701541604632066 0.0425398336817074 0.0054865655727568 0.0173705886347973
1 0.08108005895147963 0.0201078975920528 0.0049705403564582 0.0023050196010213 0.0039455881097699 0.0699608888310407 0.0036331136158805 0.0043811019531350 0.1628858911562708 0.0047795465739847 0.4605384740091374 0.0933735776234403 0.0040693944305026 0.0034594410053902 0.0071412020077778 0.0057258067977265 0.0094424729998432 0.0163342954029115 0.1065724789493310 0.0034935729492855 0.0128796960350404
2 0.08062279533614033 0.1600838466580765 0.0148655646354843 0.0264872565777259 0.0280546882822210 0.0099213837206150 0.0488893961855665 0.0148735212993143 0.0211159990976113 0.0281844194949860 0.0263945320913114 0.0135680185216291 0.0525277689430432 0.0199686801945638 0.0264544995496944 0.0243228188113041 0.2549743611005179 0.1750185909214798 0.0420161553708213 0.0028981963486888 0.0093803021953454
3 0.08035806376936494 0.0269681357321410 0.0046071154492451 0.0016453066308140 0.0029749316146446 0.0132097284911930 0.0026638687142039 0.0020386005045311 0.3653802650945376 0.0031739110691331 0.1421070477158997 0.0317019327717730 0.0029140268991912 0.0023861924589678 0.0034718737079906 0.0032701263892946 0.0071572409772255 0.0216455695409182 0.3588592302527964 0.0007273112823221 0.0030975847031777
4 0.07771762424620265 0.0631789884698561 0.0081559644592722 0.0130835547348877 0.0245693108671065 0.0328518335716427 0.0150676286992529 0.0147724931688861 0.1555975716400898 0.0298947691634608 0.2031298176131439 0.0616363312473796 0.0194214233982212 0.0132717913607033 0.0308513667885136 0.0289554868390472 0.0395929783052902 0.0614514461364374 0.1617696916685593 0.0049813387887034 0.0177662130795461
5 0.07138469507736808 0.0379202327633676 0.0063237432013500 0.0139167306847558 0.0351619595165139 0.0065713604842642 0.0173958262516462 0.0304112995467449 0.0155786346668601 0.2648557188698886 0.0304748088754533 0.0137663689858867 0.0360669363113325 0.0081682178988508 0.0783213344562847 0.2918654669128851 0.0435557639478450 0.0379386732793524 0.0203953552196327 0.0027619614281049 0.0085496066989807
6 0.07017334760515344 0.0735646245268064 0.0020531922385814 0.2392387147217124 0.2919293800173594 0.0029940319496467 0.0359726673576730 0.0143833183569771 0.0060614591317892 0.0479086464408608 0.0114554177636165 0.0046788705987859 0.0550811869573764 0.0167649036928700 0.0638468479454033 0.0224911167401279 0.0564592310474826 0.0360334313116058 0.0141020767961953 0.0010148280544485 0.0039660543506810
7 0.06651409265834042 0.0219941167718715 0.0084731166968273 0.0060629275356917 0.0077375406883995 0.3417467412445736 0.0079897825316634 0.0321766701098777 0.0262456095802497 0.0087280010978370 0.0788591374854439 0.0183091377092432 0.0120357038980387 0.0052430480707751 0.0110483858769082 0.0109341948221219 0.0199930072510932 0.0164490319283752 0.0284162846594905 0.0323593575909786 0.3051982044505403
8 0.06226119722845532 0.0512513192406543 0.0054165745752303 0.2250114852944378 0.0853799358891020 0.0068370949311758 0.0727955084410684 0.0325883246002738 0.0092674687996693 0.0459115540604195 0.0145186316263478 0.0066494988270616 0.1959849898614872 0.0111789472705807 0.0378806224464526 0.0286366804076955 0.0972629288340156 0.0456202947483736 0.0145609535779629 0.0023359875498827 0.0109111990181085
9 0.05900878083664343 0.0904346874432503 0.0021000973611749 0.0681023991822926 0.1407312316241091 0.0035574199987263 0.0296150553474829 0.0249565129328240 0.0105971192721434 0.1560660852417430 0.0206739285801988 0.0081761577970936 0.0613880679065090 0.0072982925121740 0.1127956487181077 0.0974798975751999 0.0771405100473622 0.0623096815376711 0.0202288863605285 0.0009927486532499 0.0053555719081588
10 0.051674226605637065 0.1395549238667297 0.0060059812799137 0.0259740280791492 0.0367832558078526 0.0088588381144101 0.0314202737037942 0.0150993970898879 0.0178152714945591 0.0315188809950716 0.0316364079606761 0.0099957812350170 0.0237210745097233 0.3591587690310101 0.0326606425597522 0.0279330233743228 0.0981480265489641 0.0569573077324606 0.0359776641388329 0.0028310805760960 0.0079493719017767
11 0.05086857166432496 0.0638427778491694 0.0204310554555671 0.0298528857018177 0.0360377582713414 0.0748104335939000 0.0311575039095423 0.0993988774593140 0.0310055081085701 0.0423373164574632 0.0704163927385221 0.0229018917835138 0.0572690190528736 0.0179590227615615 0.0554884810719306 0.0557708287553294 0.0741035583745065 0.0512426850934202 0.0418210869699128 0.0170609825064920 0.1070919340852523
12 0.050437666603253335 0.1031134384155283 0.0058471779152332 0.0258783752677414 0.0194949420990383 0.0048573630888679 0.6168968111454951 0.0086010014697243 0.0063988299228186 0.0165772651653543 0.0104552170653564 0.0050722137294814 0.0294376558260529 0.0087480551725923 0.0138137173504076 0.0161798607198084 0.0675462291112113 0.0216095963394636 0.0128942756097236 0.0019749075868955 0.0046030669992056
13 0.04240174562390698 0.2042974025834430 0.0373160858660304 0.0065893608024020 0.0104196996843457 0.0141919938119950 0.0232982937241955 0.0069802626205948 0.1015559551306824 0.0100118603821042 0.0688533621634514 0.0287475719259744 0.0133737274751084 0.0099762232718519 0.0116840929180570 0.0103557579993970 0.0851118713674020 0.1230459180374317 0.2240642432434913 0.0023394781389004 0.0077868388531415
14 0.04093025068131133 0.4570362474678540 0.0299782549623375 0.0044145873854895 0.0058160536762786 0.0052784517108014 0.0995671508614118 0.0037762396537625 0.0105940887290048 0.0049124766591692 0.0125579095511185 0.0071895990602293 0.0099076918347522 0.0068070107974206 0.0060968870018282 0.0055082368432083 0.2279488234239453 0.0633117403488272 0.0344211647306494 0.0012187520342010 0.0036586332677109
15 0.02628864679766486 0.0668522626206160 0.0110525449971929 0.0007124359168306 0.0010653413515328 0.0631965254470010 0.0118756410622952 0.0010771547894636 0.2314150571563485 0.0011302307216572 0.2621121764534408 0.0545700916555128 0.0018804072494222 0.0022184621984622 0.0018643369230268 0.0013042915026317 0.0163043995802340 0.0329883663926584 0.2296360208384829 0.0030503350961893 0.0056939180470012
