128 20
0 0.036933211658016316 0.0748068911346216 0.0154625504973841 0.0256206554543757 0.0548240659583033 0.0486279379785311 0.0279581726479557 0.0517695520229136 0.0537535594846032 0.0586374832382009 0.0811805870415018 0.0373162894351371 0.0566900158970828 0.0153726491864985 0.0674662507869783 0.0646665498401993 0.0804224720968153 0.0675638105852053 0.0640960681846832 0.0070874051443345 0.0466770333846745
1 0.029470142017909085 0.0985662249112130 0.0101530123865160 0.0535630427266739 0.0585137849084101 0.0099345146080486 0.0604093566274680 0.0360088042375490 0.0178324015527719 0.0647521255702632 0.0394677556019237 0.0136762709863941 0.0858207432222962 0.0162563694750426 0.0602124427717035 0.0575689973563991 0.1671513522218814 0.0952214399236935 0.0416036904307178 0.0021992932368495 0.0110883772441848
2 0.02889978896937204 0.0612360866876093 0.0077970304646272 0.0208535448143665 0.0590293003813359 0.0096515638017921 0.0309077369165928 0.0480857737083503 0.0227439196884059 0.1569968622246973 0.0535059174263430 0.0177319964509247 0.0547491194587921 0.0098645601068085 0.0830161511561423 0.1797624753100254 0.0695033817877355 0.0575176192011273 0.0415551419914483 0.0035370774330904 0.0119547409897854
3 0.022734272514686592 0.0809537545809038 0.0052124527441582 0.0995757054403417 0.1874575870769790 0.0070938684226667 0.0406289796693626 0.0336140835364253 0.0166299551756752 0.0766041713216251 0.0417837820111264 0.0124068644040235 0.0558993842922566 0.0112732367488287 0.0887327673377079 0.0577616604998099 0.0747472782695659 0.0565413510225118 0.0421890799762182 0.0019333650276002 0.0089606724422133
4 0.02163063936576741 0.0463816286030902 0.0051417208192738 0.0138125856423505 0.0469709075105926 0.0050645608224380 0.0193191290781442 0.0331361790244062 0.0158252747098353 0.2823715268395816 0.0369264458629537 0.0137417372688749 0.0498115379918035 0.0068038401916248 0.0755950494040099 0.2085064985944562 0.0556055919996159 0.0478183843003748 0.0288511616800782 0.0019214629741364 0.0063947766823591
5 0.01860491644327839 0.1234375471643263 0.0151742209525708 0.0358053169070589 0.0341019588519893 0.0082706771231267 0.0638643577275428 0.0139649153369390 0.0133718320328651 0.0359327743169095 0.0287601405356722 0.0100769538926971 0.0737056830014406 0.0156241854983363 0.0366173514210874 0.0335373532927647 0.2978153575995964 0.1169440902459009 0.0335909959680576 0.0017633984372839 0.0076408896938346
6 0.01844236582444533 0.0898891414888006 0.0119193929993855 0.0098483360326157 0.0349127741334001 0.0294020286201638 0.0135427274219829 0.0114677877744305 0.1360388253412054 0.0408428676218882 0.0996928799655384 0.0561580462095089 0.0223962228831111 0.0091420621402452 0.0365825082523596 0.0359751148564594 0.0675903407516488 0.0998905670310557 0.1791699854963368 0.0027243958832980 0.0128139950965654
7 0.018185706952603662 0.0620731978656938 0.0109627625823376 0.0080017852792273 0.0179124166248860 0.0571553232774182 0.0121565181385916 0.0189862108910726 0.0882294667470294 0.0417016622605634 0.2413913630367057 0.0903410519638077 0.0179535024596032 0.0076713302814885 0.0514344098634178 0.0486488133499747 0.0525486956610894 0.0537648522629213 0.0813664480975525 0.0053948699569682 0.0323053193996511
8 0.016976558489705126 0.2739296842374009 0.0166388801030340 0.0163104339256074 0.0417402123814857 0.0114327820403156 0.0657362808090037 0.0124978211250047 0.0337591387621660 0.0377293361678340 0.0495975137222720 0.0194512329754060 0.0368969800876129 0.0145022371842611 0.0389133845538200 0.0358158824444308 0.1388959601041878 0.0789954580708746 0.0651799589344568 0.0025178463604296 0.0094589760103963
9 0.016828266697085495 0.1044983139563922 0.0060569213141792 0.0298208327828636 0.0441444982831071 0.0096685741676522 0.0381828567363663 0.0174506027125094 0.0310762671363503 0.0483426710811288 0.0506542363062380 0.0113879236812252 0.0358887419545038 0.2496230115236859 0.0497626119280369 0.0469895874698089 0.1035014748978738 0.0637915624741835 0.0484438380298710 0.0022481871772354 0.0084672863867883
10 0.015756002965835854 0.0320037456899706 0.0037766769298870 0.0078293924754443 0.0305376443768028 0.0033169854792249 0.0129611920174096 0.0262696096892470 0.0091637634978764 0.3444140267822686 0.0246703729771782 0.0087876145531552 0.0365780476977095 0.0043275517798558 0.0614113598929851 0.3036544198351397 0.0395770894215376 0.0323269430587317 0.0127875538538863 0.0014550027478755 0.0041510072438139
11 0.015445160554383164 0.0620113735059730 0.0033001874641112 0.2136230576601235 0.2590787721083407 0.0044198304656090 0.0401410007314063 0.0263116771090262 0.0085693163985499 0.0549994102507236 0.0147498476645846 0.0067550420701402 0.0605815451631781 0.0099646586944255 0.0676353307929529 0.0366999901456857 0.0642793081902104 0.0413740468461463 0.0184166097674918 0.0010305805750493 0.0060584143962715
12 0.014347230935949353 0.0566635599510261 0.0097304686751185 0.0036556059310496 0.0075588185865457 0.0577208385108460 0.0080133045374700 0.0072751363812918 0.1898430274643735 0.0099455306819531 0.2493955437329705 0.0782548583341730 0.0081578656709306 0.0058837258303812 0.0123325458319968 0.0114881601976817 0.0340067120714077 0.0525563768876215 0.1754020492138474 0.0036805234613931 0.0184353480479222
13 0.013714139052073233 0.0909565686957017 0.0120686933340682 0.0111808579781663 0.0278537266138776 0.0105248176949189 0.0192822292944391 0.0111706025400360 0.0539399216085660 0.0404947026833202 0.0489649348314877 0.0366591340824067 0.0493436833250674 0.0090478093125177 0.0337201580679164 0.0343175047152630 0.1431690561504568 0.2839372526350530 0.0732076255758517 0.0021023460840001 0.0080583747768855
14 0.013260708378486284 0.0485256275724015 0.0018128100552134 0.2602061043717153 0.3533108035803538 0.0024177499257517 0.0305185767771165 0.0165939990710859 0.0049357333216813 0.0422365654464252 0.0090111210340422 0.0041198840132467 0.0473957271818822 0.0064681358143585 0.0591033686705062 0.0238713185919467 0.0451005128806237 0.0292888831445955 0.0108875038384654 0.0006274193416025 0.0035681553669859
15 0.013246449552272856 0.0840648347295608 0.0091470596204464 0.0635842687432567 0.0557827394665613 0.0082602873323411 0.3014109094659450 0.0263271565506925 0.0103701572184680 0.0536778806394290 0.0194998850482857 0.0089159973508576 0.0771335378974224 0.0111850843232017 0.0413446344418144 0.0520855626401001 0.1038855794198362 0.0437610396553601 0.0184015230529006 0.0028724569394433 0.0082894054640766
16 0.012812981235384702 0.0334906669212909 0.0071425317490932 0.0016031810715906 0.0032387836148914 0.0544802783014242 0.0041790448542764 0.0034111857743701 0.1991371182028865 0.0039930530625327 0.3781193589193164 0.0858303932913337 0.0036030387424325 0.0032282871669022 0.0055041108396747 0.0049521103204661 0.0156794935338396 0.0274778846563308 0.1529671990228778 0.0026349055963638 0.0093273743581066
17 0.012801574174413962 0.0793168871439789 0.0026634921346443 0.0667739638084207 0.1362112958496874 0.0029917033351014 0.0351887558721358 0.0300293204833378 0.0080779164162207 0.1695913756133967 0.0223358326353719 0.0077287983163949 0.0681409696090092 0.0043484494238785 0.1021139825946928 0.1085019055017562 0.0782129724247037 0.0567706557155129 0.0157876556490389 0.0008205649270184 0.0043935025456990
18 0.012750242400045629 0.0801662870910501 0.0153002626960832 0.0048477943459202 0.0105546286530373 0.0288473412351892 0.0090369307853980 0.0062325606177255 0.2125884659130767 0.0125247829368480 0.0969751760236143 0.0456121543298054 0.0099796454249982 0.0070438866102788 0.0108255569941956 0.0118862264596401 0.0418556306123419 0.0759057376683391 0.3087856886662341 0.0020232240266326 0.0090080189095919
19 0.012584840015969885 0.0486224284928635 0.0163757389547089 0.0093569026303814 0.0119401931914640 0.1717126040848617 0.0116142442324488 0.0832981245083442 0.0368402623516823 0.0153235955564802 0.0698964897214057 0.0170787245933016 0.0368372403100511 0.0062263423299317 0.0211276976530073 0.0317775867507416 0.0535597840162984 0.0372906229135912 0.0447056313704854 0.0198892751344870 0.2565265112034639
20 0.012288256430730622 0.0459523282154242 0.0084900433822107 0.0019763040985963 0.0039495036545402 0.0402558078799672 0.0050129137768385 0.0035977366904995 0.2785299261438616 0.0050500010056944 0.2004545330634253 0.0674073445081271 0.0046570061769261 0.0035005542082426 0.0058044085643763 0.0053975908900235 0.0209521149175740 0.0421421586905476 0.2463081066390135 0.0021583793970388 0.0084032380970728
21 0.012242628186847659 0.0579308482973862 0.0050230296360916 0.2473767510422186 0.1087829568075148 0.0061297430863159 0.0636459491236138 0.0388541237722645 0.0086237817187534 0.0510383644242569 0.0135454900058324 0.0065261858548560 0.1271792161756300 0.0104294962043988 0.0458806232176629 0.0373385723329950 0.0964438275595106 0.0508319773792621 0.0140301487325788 0.0016691110971474 0.0087198035317107
22 0.011863343409570523 0.3000115315733343 0.0368470809181500 0.0086516787089917 0.0115750574438994 0.0072593662789883 0.0611847290935631 0.0061601938857656 0.0200989780261493 0.0102276610338230 0.0264186396953381 0.0098901477406036 0.0317460107418391 0.0106462834051705 0.0152832346939742 0.0099705651974181 0.2866264210249180 0.0965477231705170 0.0443713725761395 0.0013573371133132 0.0051259876781036
23 0.011772086921804597 0.0235686890175020 0.0052546087870562 0.0009173743919856 0.0016543928523335 0.0385741595602156 0.0022978634782922 0.0017001375074642 0.2856562791640005 0.0019725143088368 0.3486937887793886 0.0599805315848696 0.0019426656200286 0.0018743177477073 0.0027824315048446 0.0024137768052628 0.0058023145667090 0.0187511476764626 0.1901983835949477 0.0012984501609666 0.0046661728911262
24 0.011412764501226259 0.0882554898902682 0.0047937502623645 0.0133701868850947 0.0280450900483063 0.0059666902037423 0.0254736055378968 0.0111316575453194 0.0186982508613901 0.0305783645910786 0.0385386495065898 0.0066742409116776 0.0168669761014743 0.4808043292422092 0.0325832906151982 0.0284476493322649 0.0823705910095092 0.0457052590796020 0.0350507432049676 0.0016114151961205 0.0050337699749257
25 0.011398505675012834 0.0385673211657643 0.0069396482234556 0.0086324161483154 0.0285214006866828 0.0061562991479262 0.0205136224063944 0.0458352058929184 0.0121747591044492 0.1474553825751037 0.0359397609953898 0.0102707557152656 0.0337800155784586 0.0059909976814796 0.0638913932194141 0.4231701701147186 0.0434449837739228 0.0345621504049964 0.0223543549104269 0.0032664902829643 0.0085328719719536
26 0.011367136257343296 0.0207523634186500 0.0056409850762893 0.0018174114913753 0.0033419678764115 0.0588473187164396 0.0034633874162419 0.0040848630024265 0.0921375476410680 0.0044284979782586 0.5712397825375631 0.1051134272482931 0.0036896823432212 0.0031340296621438 0.0073796210592607 0.0053079074185904 0.0133727630823903 0.0180708718062646 0.0615788993906538 0.0024929550064982 0.0141057178279602
27 0.011312952717732276 0.0480708309625827 0.0080243837399867 0.0661137036596089 0.0384934244193988 0.0082677126840738 0.0495208617197778 0.0654767200638307 0.0117363221516956 0.0615919269105815 0.0211135779104748 0.0090368871062565 0.3129487752873956 0.0070001009584058 0.0474781002022371 0.0487905254378333 0.1074823479725079 0.0566243824492149 0.0160908899018293 0.0020542349684456 0.0140842914938627
28 0.011295842126276165 0.2743201948966786 0.0489093303370059 0.0039797856923604 0.0066973871594860 0.0208022853229861 0.0446844972845494 0.0044034843541960 0.0725277069290542 0.0062481652629147 0.0614178840331826 0.0344325174562868 0.0090066369957857 0.0081038889333642 0.0074942227028119 0.0063403665068796 0.1050291788417263 0.1092476510738433 0.1683583368728089 0.0018591338959301 0.0061373454481493
29 0.011093366794045514 0.0367546331145132 0.0082564926579389 0.0039952101840792 0.0076423079644804 0.0584202318554988 0.0062664556792794 0.0090103574703138 0.1002854253633643 0.0122140641110863 0.4405018127982290 0.0916037513709706 0.0076856299762947 0.0056269448662839 0.0261022696103812 0.0217887453160643 0.0272557472612892 0.0324874535735471 0.0767449496135940 0.0039596228363986 0.0233978943763933
30 0.011027776193463753 0.0189164925699739 0.0044035459390448 0.0010489041045879 0.0018757439361237 0.0463057780794831 0.0022737370750703 0.0022074450387086 0.1671763191525769 0.0023265547654816 0.5206871481057478 0.0882112868178142 0.0021813906288111 0.0021100767399502 0.0038577116760284 0.0030826887124479 0.0062876912090775 0.0159997061909600 0.1038961659785609 0.0015169204146500 0.0056346928649015
31 0.010902298522785604 0.0286772000693790 0.0062146441587394 0.0014254374314562 0.0024690551264285 0.0271049045009947 0.0029575666294115 0.0022521518663797 0.3830118363078626 0.0030805321696355 0.1507786641621838 0.0446985627692141 0.0030228739323718 0.0023860858098072 0.0033127439340251 0.0031109270925269 0.0106501907458497 0.0272800522493245 0.2915920502932682 0.0010784848171708 0.0048960359339707
32 0.010471681971140135 0.0358870113905082 0.0028995531900312 0.4574618510925912 0.1318364265389740 0.0031955640190980 0.0380048558991096 0.0255433337430152 0.0048214151681097 0.0310514992464783 0.0073048916308559 0.0037201317294411 0.1051302721283343 0.0058527266591238 0.0311554742500402 0.0197419318486482 0.0539148552448655 0.0288277517589473 0.0080346083993765 0.0008469448239707 0.0047689012384810
33 0.010229281925511893 0.0243361446108677 0.0106739327770315 0.0038407680978614 0.0049124932695702 0.3274989982747976 0.0055978920215344 0.0385202539407812 0.0330225182306168 0.0061387278733509 0.0694010513892341 0.0213510622931114 0.0089317819968919 0.0034884470236942 0.0078728389211497 0.0082946415757014 0.0253290110800703 0.0136449922599159 0.0329653292816574 0.0327900539769796 0.3213890611051824
34 0.010192208977356985 0.0441851743867839 0.0171948545324698 0.0042916518602115 0.0057569328614356 0.2657296314376476 0.0090153416896506 0.0140243842692236 0.0798524832483288 0.0071996030773849 0.1812966181125645 0.0535801976236665 0.0086912242547507 0.0053240773793509 0.0091002090475150 0.0092393997323226 0.0363303303601389 0.0334994154018390 0.0766110524236567 0.0280267415785612 0.1110506767224976
35 0.010120914846289854 0.0485355869431799 0.0108907647066185 0.0332678681530451 0.0383691384260701 0.0409478447433211 0.0183853151699150 0.2237996579908258 0.0148088404327661 0.0513541089326163 0.0481584057315914 0.0120891336574981 0.0839418482375845 0.0084258528155955 0.0845679968032355 0.0756544663161930 0.0626076944673975 0.0418109086893078 0.0206020630990966 0.0050075792257339 0.0767749254584078
36 0.010063879541436149 0.0613908977753342 0.0178582576221713 0.0023140031038226 0.0048026396537073 0.0210425931209990 0.0050727204496314 0.0029456141567520 0.2625591174571514 0.0050181763367258 0.0822920436435661 0.0326642391546570 0.0048649903344708 0.0039062633436823 0.0048142192080465 0.0047676500865449 0.0244217197553812 0.0546954240953602 0.3984331336436987 0.0011410141213665 0.0049952829369308
37 0.009887070096389665 0.0788032512925657 0.0111096399292952 0.0246901883940238 0.0133447132491221 0.0055868424262823 0.0355879849795635 0.0078784356745497 0.0130053850031427 0.0238020111934462 0.0205081999216641 0.0085591522348845 0.0548467341777781 0.0104010676341832 0.0188242696596715 0.0186316512278260 0.3330213470074226 0.2859820293125691 0.0293049205774216 0.0013077820436008 0.0048043940609876
38 0.00968174299891633 0.0547356641601190 0.0024858492806995 0.0935928972250366 0.3791046936732347 0.0034518028736611 0.0236696101835912 0.0208549805469568 0.0093063965683581 0.0709718106294415 0.0239152202495937 0.0074605047139571 0.0349507140426788 0.0047897529889868 0.1146196615037976 0.0420606431447086 0.0415879358126669 0.0375387013447368 0.0290262980017283 0.0010352377868614 0.0048416252691855
39 0.009607597102606514 0.0290907598424333 0.0044126311751367 0.0006104009416999 0.0010546681373415 0.0260998403067822 0.0022077672922649 0.0009801405726414 0.3447962806554760 0.0011624560394949 0.1923399796054657 0.0438292616129065 0.0013766854674722 0.0013330703792399 0.0015957327410327 0.0013828204032725 0.0069993782616736 0.0209695971889417 0.3163440131532417 0.0008058447662722 0.0026086714572105
40 0.00936519705697827 0.5200586093858833 0.0352512705612080 0.0054296200522406 0.0092130525586447 0.0059907538822695 0.0571756005449243 0.0045319950660389 0.0229916252083036 0.0073169110511994 0.0250055242572805 0.0085913503968015 0.0094712800318243 0.0081234850122360 0.0078750657263768 0.0072031049265455 0.1412977268433628 0.0608871486467126 0.0579575223252540 0.0012705863378344 0.0043577671850589
41 0.009285347630183084 0.0825754249204238 0.0078497531483975 0.0341852113907715 0.0279048895557564 0.0052739126060930 0.5776045354391588 0.0086660685655653 0.0067671394191324 0.0241599056040195 0.0109668757154426 0.0054183639498558 0.0384560743182096 0.0070876321431836 0.0159652871970342 0.0276747728660563 0.0732091348870117 0.0263590925067562 0.0132596926995715 0.0019488280220374 0.0046674050455228
42 0.00917412878571836 0.0205843044064308 0.0023496301594393 0.0042348708271777 0.0200922943657153 0.0020818378748442 0.0077210229527494 0.0182628641562663 0.0060901110580032 0.4318698697691634 0.0170787318085047 0.0065934866636005 0.0271414144356281 0.0029050122927730 0.0436104639088703 0.3291339890762021 0.0261098533912406 0.0228424049531317 0.0076481955916010 0.0009022527984108 0.0027473895102477
43 0.00854103690184224 0.0143283780120448 0.0024446799633482 0.0006243126083002 0.0010016224899022 0.0427789389173392 0.0015157440382872 0.0010358713654394 0.1825544003860615 0.0011251351209528 0.5558194496513744 0.0712081461487002 0.0012293396133983 0.0011457329258153 0.0020526796704620 0.0013899168533705 0.0034881482572086 0.0111845532358747 0.1007001156846256 0.0009141814048584 0.0034586536526366
44 0.00847544630126048 0.0301994710862115 0.0095198102546047 0.0017792592070926 0.0027318578923990 0.2262264732414495 0.0048982634670253 0.0048535583404669 0.0997449981928272 0.0034463895250661 0.3529609131456565 0.0735218367383068 0.0039121590566380 0.0030512008004255 0.0050926053079908 0.0045212790969552 0.0187676121011501 0.0221681965262544 0.0755711341332758 0.0090635978872069 0.0479693839989969
45 0.008398448639707979 0.0197889312889078 0.0041884150090574 0.0009609111810936 0.0016649684999453 0.0146699610679728 0.0018580115755210 0.0013386107832593 0.4484309496209745 0.0019677974083079 0.0809940026547810 0.0242027824690307 0.0020504032690214 0.0016278847044207 0.0019900587235183 0.0020173335950290 0.0054840393525470 0.0192687389320683 0.3646081869100459 0.0005437396253265 0.0023442733291716
46 0.00828437803000057 0.3914117560418363 0.0379033783531150 0.0029735954917326 0.0040785690313541 0.0040738146565062 0.0641357051449276 0.0028289529394598 0.0074563716376124 0.0035399551159143 0.0124601480354404 0.0050966078254124 0.0148638757843911 0.0054812265606131 0.0049176472275711 0.0038247201467954 0.3362331060521235 0.0666993168637661 0.0284864603619885 0.0008276755876016 0.0027071171418384
47 0.007942166200878344 0.0392868287113072 0.0114835016622427 0.0012668101811283 0.0020757717171414 0.0159828641302024 0.0029460180082759 0.0015826308849213 0.2893543946813510 0.0023413402421380 0.0812687137219824 0.0248434493314516 0.0023807886396241 0.0021708201424047 0.0024082307796466 0.0024219296906221 0.0109177745045971 0.0283180360458734 0.4755178126508228 0.0007438187720184 0.0026884655022487
48 0.007839502652141676 0.0122255796803552 0.0055698565765356 0.0019165263253521 0.0024446422163410 0.4524735190999809 0.0028253985978513 0.0241026828251738 0.0204957003115639 0.0027718811807590 0.0538889639542253 0.0151373299022174 0.0044197357184729 0.0018546916738021 0.0037104155194298 0.0036528953973903 0.0132029512078658 0.0059545729489060 0.0206457685723488 0.0230122955088804 0.3296945927825484
49 0.00777106028631723 0.2445914021866270 0.0265913261678859 0.0134806805313566 0.0215583843269291 0.0079480224989145 0.2842792731642320 0.0066362973310725 0.0114079090957574 0.0118499963115258 0.0258028942810406 0.0081758429716335 0.0345950365985874 0.0098080211216046 0.0135029435521918 0.0128543199544873 0.1719731796433450 0.0529171193792686 0.0347567231540947 0.0019509861993210 0.0053196415301248
50 0.007751097929618434 0.0532936140613486 0.0039668543641293 0.0206017122416452 0.0148329134926710 0.0025828663840083 0.7661276050782864 0.0041245649697094 0.0032693714394906 0.0136991313032751 0.0052086487973008 0.0027175815230624 0.0226853530009560 0.0031325662241326 0.0068202288796209 0.0143464867560419 0.0408772325343148 0.0123146544393257 0.0063350121165470 0.0009636433063204 0.0020999590878138
51 0.007631323789425655 0.0779848789510052 0.0026937989712055 0.0061500680321122 0.0154523445308872 0.0032590293501830 0.0162209290560257 0.0052347392542298 0.0083866305328357 0.0151763270105827 0.0200988229086893 0.0036099777090925 0.0062999879052402 0.6894883694753509 0.0152717034287810 0.0122681649349740 0.0518482791712640 0.0258852238646693 0.0210890519396698 0.0008510032112648 0.0027306697619372
52 0.0076170649632122285 0.0356567130945719 0.0011838128412253 0.3632074438264372 0.3691105689278587 0.0015734688084656 0.0234438688212380 0.0076080873442701 0.0031071495743380 0.0261195720720325 0.0052271119942569 0.0026935804107133 0.0404789464603275 0.0043837169923704 0.0414594108011846 0.0116865415987688 0.0335610526774702 0.0201129372428572 0.0066791312513470 0.0003982034313218 0.0023086818289450
53 0.007511549649232875 0.0111589989514766 0.0032184342038744 0.0008884316930214 0.0014663815018378 0.0385646035378264 0.0015923935619194 0.0019191619006365 0.0752088067323515 0.0020470787656975 0.7021284573627183 0.0908406959031116 0.0016439813604411 0.0015092804925564 0.0033056328459107 0.0023049569003337 0.0049177602857784 0.0096133942622111 0.0426916047483249 0.0010884690967565 0.0038914758932159
54 0.007465921405349912 0.0503684239769878 0.0058588077009503 0.0197926672766457 0.0843713251327384 0.0074359337299696 0.0158339374230509 0.0762743809346435 0.0145912262384547 0.0667895010560452 0.0576559634181415 0.0338811370588868 0.0431386871614537 0.0071779869861432 0.3118128879139928 0.0705753793051759 0.0495503471668482 0.0418775369625474 0.0307641130128345 0.0024338930348171 0.0098158645096730
55 0.007465921405349912 0.0163532739434375 0.0027663084633974 0.0005754585943465 0.0009430615798048 0.0285697074476447 0.0011989358315609 0.0009781747460432 0.3369874676968136 0.0009744470711711 0.3401091317461732 0.0545725871652035 0.0011404993065157 0.0009665765725783 0.0014823253491511 0.0011637117773497 0.0031360525366586 0.0125263787633485 0.1922697254978956 0.0006782605550942 0.0026079153558120
56 0.00738892374379741 0.0854772577887879 0.0177319838100280 0.0007089646689874 0.0009896647798904 0.0525229901490433 0.0169312138895915 0.0010765087141765 0.2147192240917251 0.0011670205462219 0.2121852665475844 0.0452221653566857 0.0016636272542440 0.0024996875461268 0.0015460800527315 0.0014489161741501 0.0216877132674822 0.0382441598905613 0.2788282792654177 0.0017663063704669 0.0035829698360973
57 0.007109450750014259 0.0215300132618820 0.0071716581958348 0.0021149943897308 0.0027447057507872 0.4663923290313384 0.0043166764951723 0.0079785518972071 0.0517142245741917 0.0034684784787326 0.1481323011843023 0.0351495250554608 0.0044632521742572 0.0024396920031228 0.0041311519861984 0.0042544400317259 0.0170258122697021 0.0143486933897268 0.0446761130044206 0.0230091630368239 0.1349382237893823
58 0.006741573033707865 0.0314515977798366 0.0078144670675544 0.0007875587300326 0.0012774748190806 0.0086177447924153 0.0015310518777015 0.0009156795174816 0.2775343011565314 0.0013292175924372 0.0508621683839133 0.0150328276098735 0.0014590915040062 0.0011796319263541 0.0013651433871366 0.0013203344640988 0.0060711715103222 0.0188613510754309 0.5708276922301582 0.0004092084275482 0.0013522861480870
59 0.006621798893515086 0.6638665108372286 0.0217743035535580 0.0019018659333266 0.0028547103716697 0.0022918942108279 0.0474793494705475 0.0016001416724850 0.0108340667911558 0.0022954322669828 0.0103893684452135 0.0037726100968750 0.0033647102175497 0.0039125785635520 0.0028053527001164 0.0024939132138738 0.1388458479725339 0.0408122384927804 0.0365046103796613 0.0005726929544113 0.0016278018556506
60 0.006590429475845549 0.0173667641498402 0.0027137924777016 0.0004888386358559 0.0007896080747401 0.0135416084403917 0.0011474203403194 0.0005965707692110 0.3919920473731813 0.0008362959977787 0.1151787559455500 0.0217452504905865 0.0009631587433982 0.0008159606060410 0.0010002181494874 0.0009762452012428 0.0025933444564783 0.0121361396677261 0.4133964736756561 0.0003406972298092 0.0013808095750043
61 0.00655335652769064 0.0093888148751107 0.0047167570238726 0.0016634231823398 0.0021024563404486 0.2780866680825665 0.0022448643442052 0.0326521439277205 0.0107923134977882 0.0023405603506434 0.0262210968368250 0.0046319285761098 0.0048145130849355 0.0013476492977546 0.0031696265734057 0.0031958697963289 0.0106187866309879 0.0050180915228571 0.0125144264991029 0.0203327514443950 0.5641472581126020
62 0.006462100039924713 0.2372649088208088 0.0412097382156136 0.0020994633821255 0.0032032647243188 0.0149043361473702 0.0223238836631526 0.0024095472293859 0.1115833452048226 0.0031459624710251 0.0591331600506582 0.0265396009975114 0.0041457589715256 0.0038735776307857 0.0036474164585226 0.0034171598205293 0.0466099155385188 0.0734057180622546 0.3367429719829831 0.0009805988523550 0.0033596717757323
63 0.006387954143614897 0.0403178944654168 0.0113361064281515 0.0007529226112140 0.0010199348078764 0.1718989195351109 0.0069561980056467 0.0013992081589481 0.1925663682470215 0.0012143974643282 0.2981919079800965 0.0536591272295442 0.0016144800536603 0.0019396551957391 0.0017871879027676 0.0015027727714112 0.0150477451292765 0.0224213977371437 0.1480180953430303 0.0052321185164420 0.0231235624171748
64 0.006282438829635545 0.0177372164055729 0.0099404874265309 0.0040589220036275 0.0049035621779945 0.1872035619306540 0.0044598904441282 0.0920372813585715 0.0096199891423943 0.0056901131578443 0.0352258194532975 0.0060508284750572 0.0220385313578877 0.0029332691495767 0.0086143788247641 0.0104242544912265 0.0221561526563174 0.0091224183652589 0.0175266460706840 0.0221833151827474 0.5080733619258644
65 0.00603433525352193 0.0279471523792664 0.0019896399798982 0.0103815878271621 0.0066892361496132 0.0012663143236263 0.8820924472119458 0.0019863838602536 0.0016364819607506 0.0063459112539795 0.0025858905513723 0.0014555207399796 0.0122781014287768 0.0013683893180905 0.0028803562832543 0.0070784327596552 0.0215869211753773 0.0058591815955849 0.0029300029099717 0.0005114094024388 0.0011306388890027
66 0.00590315405235841 0.1805470670369618 0.0318648616163888 0.0012861489566800 0.0020323264263489 0.0625068437129131 0.0532756522645308 0.0016279502192518 0.1153103698882938 0.0019424191809499 0.1794802087263156 0.0538195831705356 0.0031161572270697 0.0033372339495937 0.0027946579808375 0.0023223575924818 0.0608964764516462 0.0674472801452924 0.1677732387966722 0.0033010817429975 0.0053180849142387
67 0.005811897564592483 0.0381607651674357 0.0012315051034151 0.1244743050705707 0.6051536744265874 0.0016993424569677 0.0159105924786812 0.0059142268085609 0.0038063574012982 0.0333142334340740 0.0059822818949386 0.0032309894446599 0.0192256464155948 0.0026634419879442 0.0691891848608778 0.0160722871820577 0.0218901176928148 0.0177788617120811 0.0117955733144119 0.0005463385032988 0.0019602746437294
68 0.005686419893914333 0.4537268412378905 0.0285975282856007 0.0029608125923294 0.0040550475228598 0.0074716739227050 0.2210687382013027 0.0024615011140473 0.0206479552576134 0.0031468914568562 0.0246426273552913 0.0125121648732301 0.0053058065658290 0.0050877945076680 0.0041521869980360 0.0035074605225106 0.1121765079860700 0.0411600861284118 0.0431866782135423 0.0011801200352522 0.0029515772229538
69 0.00565219871100211 0.1126954922891873 0.0353705267181115 0.0171513061758159 0.0074743297090266 0.0052710868604101 0.0560520714960728 0.0057997791142507 0.0070389965557136 0.0086765923458593 0.0121398609815109 0.0052364508389484 0.0385349867953401 0.0089883457492927 0.0083737476383699 0.0086185427113869 0.5391510247885991 0.0991831026302703 0.0187113396215099 0.0012825620150702 0.0042498549652536
70 0.005560942223236183 0.0321778219246613 0.0035971791434216 0.2459525411253906 0.0506081316115111 0.0038178839074334 0.0518571595317990 0.0353114733195130 0.0054042252605603 0.0387956271564162 0.0072987030500715 0.0037153791300159 0.3230014629947202 0.0040107961277548 0.0271224600831112 0.0248507701689125 0.0915221057715585 0.0375681082725885 0.0068742157914261 0.0010000005047987 0.0055139551243359
71 0.005267210403239605 0.0484813516749235 0.0079056652732987 0.0093892557858028 0.0064317271171787 0.0041020538389211 0.0173774117935165 0.0044077178739806 0.0199486435943908 0.0134905267887256 0.0180693529553843 0.0084832152090657 0.0349762412621751 0.0046474993420869 0.0069373603017194 0.0080362703802041 0.2218587037718723 0.5336193069782464 0.0276849017951388 0.0010199367903215 0.0031328574730474
72 0.005127473906348029 0.1909659059532068 0.0011981678450401 0.1019169728430066 0.2405515074853538 0.0014823862226389 0.0315900257638397 0.0088278365279596 0.0039737442477475 0.1029330686638651 0.0086736694598422 0.0030510701432452 0.0418744679022426 0.0030218189804019 0.0828276670779140 0.0543290715940796 0.0688249559152746 0.0399331119950272 0.0118187964720801 0.0004336953762940 0.0017720595309404
73 0.005050476244795528 0.2771847926307334 0.0432257965267916 0.0021913763143409 0.0028826544401630 0.0057032350460435 0.0335750158802788 0.0021481409409819 0.0306477444790820 0.0027369443112968 0.0258455841262311 0.0178326749886971 0.0070705109591876 0.0042130305082558 0.0036594310211271 0.0028859853962622 0.1860788334971508 0.2674534908058309 0.0809944821048597 0.0009445018133096 0.0027257742093766
74 0.005024810357611362 0.0481867262561377 0.0073344615147289 0.0585908373894253 0.0223795802444167 0.0041270014627621 0.0512848643657441 0.0290064661620442 0.0070474620425343 0.0303292082375493 0.0085077076896444 0.0047155921659667 0.2813801179249257 0.0052541523615432 0.0253561568464688 0.0225652734184589 0.2715867383534416 0.1065337061306508 0.0100875259064020 0.0010399934144110 0.0046864281127443
75 0.004967775052757657 0.0638615481250194 0.0014571442139773 0.0367445301950735 0.1207503325851135 0.0017245445462126 0.0110619432245133 0.0220788026091634 0.0055448567111513 0.3005294227751251 0.0183833134748186 0.0050288255420639 0.0407839283977022 0.0023299300217868 0.1254463545074274 0.1471496370033046 0.0436334362716262 0.0393538857085078 0.0114196496053799 0.0006079761000326 0.0021099383820006
76 0.00494210916557349 0.0512589267876182 0.0081609273666375 0.0038007009996094 0.0066156031947210 0.0404287907227997 0.0080658172976826 0.0059704956100232 0.1039503653385410 0.0108055540115143 0.2328826209651963 0.2971209227041140 0.0083894971828877 0.0036519131277169 0.0290622186841957 0.0108640201864833 0.0359265296394305 0.0530417607599168 0.0784006844257666 0.0026017688249807 0.0090008821701645
77 0.004799520903439229 0.2438475751526915 0.0165435307276701 0.0044089207114173 0.0049132416738428 0.0038960565532995 0.5189684888888433 0.0027538529123138 0.0055339102706938 0.0037799197399748 0.0119022383252974 0.0044255038772937 0.0118740537403697 0.0040801828952119 0.0043804998377687 0.0045320596526365 0.1089070275374944 0.0240508081108477 0.0175636066419002 0.0009950454455948 0.0026434773048380
78 0.004776706781497747 0.0154371155631299 0.0037827415179264 0.0008213620919558 0.0011279532119259 0.1443590063707299 0.0020560948208254 0.0016881435969202 0.0925437327760604 0.0012654075753893 0.5630171167517095 0.0816691423831463 0.0015168052568965 0.0014572748677995 0.0022834730129525 0.0015668536883589 0.0050911237460329 0.0112064350846570 0.0508339700332927 0.0024387944434760 0.0158374532068148
79 0.004694005589459875 0.0873442659625953 0.0274310183458072 0.0029898357522920 0.0051028757723300 0.0083637301163776 0.0086274529330552 0.0033187066453096 0.1328728884285213 0.0053963809472147 0.0567891477361186 0.0362313858598587 0.0103978707874894 0.0037064930724436 0.0062092642066114 0.0049913510696198 0.0687976960283485 0.2902262045132919 0.2361336339216167 0.0012644031510164 0.0038053947500822
80 0.004628414988878116 0.0110262985603863 0.0023030596375889 0.0006522138529279 0.0009925871389240 0.0083007456908727 0.0009519376947991 0.0007437699773367 0.5435040042011537 0.0010583549872683 0.0470590644665096 0.0137902185684249 0.0011150023122988 0.0008590593942323 0.0011799613434716 0.0011777413970487 0.0034070402814232 0.0108831769612179 0.3494002461503878 0.0003050543193908 0.0012904630643368
81 0.0044487537785889465 0.1158593637010175 0.0223598922264509 0.0011196483944488 0.0016783417998372 0.0104148487374101 0.0045493860644212 0.0012086740271196 0.1675701604854699 0.0016163914859947 0.0561994610014520 0.0207947290637751 0.0021709615817880 0.0019443332200729 0.0019290875280672 0.0016889728742257 0.0210940419450908 0.0547511696061764 0.5106505171364948 0.0005378445797839 0.0018621745409032
82 0.004443050248103576 0.0070330889459998 0.0014693943779157 0.0004887118743330 0.0007615696235925 0.0314087910529871 0.0008095208297569 0.0007956275322441 0.0653655529348851 0.0009491083640852 0.7654047051739243 0.0760930185922517 0.0008253859537076 0.0006690970715858 0.0016537049529172 0.0011096035970934 0.0025836838936774 0.0056010331335620 0.0346636707122544 0.0005027913186587 0.0018119400645682
83 0.00436320082130839 0.0161398151165133 0.0015083759162552 0.7045924967369355 0.0806218049801510 0.0016461695016667 0.0189622021334089 0.0130876813245715 0.0024379834869610 0.0108745129686256 0.0034248848642492 0.0017607240203824 0.0777268402182209 0.0026913031090720 0.0131424739733850 0.0048506301017299 0.0262764245093979 0.0133328769934721 0.0040449206311002 0.0004583967350407 0.0024194826788604
84 0.004334683168881538 0.4749269346436392 0.0416488132807690 0.0014922028592650 0.0022463427774268 0.0043498389887777 0.0363457356910845 0.0017092683440726 0.0427697778083785 0.0020597679319259 0.0288674856503434 0.0170131071401050 0.0029536853602889 0.0025501166043597 0.0025262834698736 0.0021639725527433 0.0807780727284428 0.0873316735149697 0.1655066377182350 0.0006894638859749 0.0020708190493247
85 0.0042776478640278335 0.0272558658778108 0.0021080880207894 0.1079797935244558 0.0488511378043961 0.0021283237481256 0.4657813864346316 0.0234925843992760 0.0025850102614156 0.0530223430828613 0.0043812105820903 0.0025985991587723 0.1359350893979333 0.0024823592455256 0.0297033813102473 0.0297528086274138 0.0457300390881327 0.0090761796836328 0.0038597985073317 0.0006818352235264 0.0025941660216318
86 0.0041835396110192205 0.1054098295055384 0.4388457252687734 0.0066317148921945 0.0068629924162453 0.0219367983640004 0.0328495795486056 0.0071078503357517 0.0273072401605681 0.0073131918745621 0.0346027302146401 0.0111528508999197 0.0232985056324884 0.0053076712769066 0.0076975391627950 0.0095970633114755 0.1280961316075462 0.0601583645969826 0.0535415078180838 0.0027001650278966 0.0095825480850262
87 0.004095134888495979 0.0295420958307707 0.0060963524422111 0.0231016443368975 0.0132441745300076 0.0368394493016319 0.0085995637056132 0.4435597075114842 0.0080298552600416 0.0253342017472969 0.0299747692640276 0.0060260071584024 0.0879421873930175 0.0042727126196333 0.0613626050768005 0.0427324610279744 0.0396648744279672 0.0227219853952233 0.0103061636292389 0.0027548275459493 0.0978943617958108
88 0.004080876062282553 0.0281070850977694 0.0010831964295885 0.0033899388569255 0.0011924414691279 0.0007544215041402 0.9293390133624188 0.0008418025941017 0.0009529981499830 0.0010871474313722 0.0014232621881667 0.0008211686241818 0.0048105594757081 0.0005861543333785 0.0011159100545599 0.0017916585177427 0.0164285649384088 0.0035674911371450 0.0018415410781005 0.0002587969031534 0.0006068478540275
89 0.004029544287914219 0.2630811746669343 0.0055530510500446 0.0061925750275362 0.0100890540340296 0.0042786895514207 0.0401615178932154 0.0059582074866795 0.0142854695100324 0.0085600901112952 0.0231141287662500 0.0055023031658033 0.0104389669132047 0.3478657380050793 0.0128540234887573 0.0082734279626279 0.1331383051116364 0.0549022428473740 0.0407794978115072 0.0011533387267351 0.0038181978698368
90 0.004018137226943478 0.5210439570717950 0.0198167541135077 0.0013674126400177 0.0017942470382493 0.0028952261959291 0.1688228564022602 0.0010563738747956 0.0089539352542145 0.0013926197709925 0.0093672880782134 0.0046902103358695 0.0037357666901940 0.0027017578559230 0.0020925650384936 0.0015073010040645 0.1892438509989999 0.0349705775403196 0.0225418349700537 0.0005555171850178 0.0014499479410894
91 0.004001026635487366 0.0100029939881964 0.0021438355229447 0.0006351813120186 0.0010011594277721 0.0148163980574926 0.0010292525792497 0.0009476481670631 0.5790635074019175 0.0012510349551464 0.1373163999789783 0.0372636711643964 0.0012704790046731 0.0009675028600500 0.0014140682165078 0.0012168526335985 0.0027449597082772 0.0106321554085420 0.1938720070561804 0.0004333743944241 0.0019775181625709
92 0.003986767809273941 0.0129163720962763 0.0015472037454656 0.0003585820059429 0.0005253787853705 0.0175106583487064 0.0009036929939225 0.0004053588711473 0.4262300931267179 0.0005043211147606 0.2438175653409674 0.0313694914122385 0.0006629659802129 0.0005949456957440 0.0006449129349157 0.0005893789268969 0.0018493071521286 0.0087540227795000 0.2494399838468858 0.0002879351280558 0.0010878297141444
93 0.0039696572178178294 0.0494239887846540 0.0102171588466377 0.0114654057028952 0.0039127272706225 0.0024470476500849 0.0200272209234438 0.0026520545898780 0.0047172447402920 0.0044039689179126 0.0057556514122512 0.0032450205126312 0.0245518823140352 0.0037536652977929 0.0038223782670686 0.0040059549680460 0.4983671732665085 0.3319890635418706 0.0124200641942520 0.0006745991028346 0.0021477296962885
94 0.0039268807391775505 0.0425048462744457 0.0156957967954226 0.0074393356619065 0.0095030657903313 0.0891039646296370 0.0198162095584544 0.0157676939575615 0.0356767096838704 0.0130596882050028 0.0722818794992693 0.0228599672964403 0.0117393717460390 0.0077658917411374 0.0132492504951724 0.0347758641148755 0.0426370388630535 0.0297968235193029 0.0379682544155019 0.4037504296907537 0.0746079180618222
95 0.0039268807391775505 0.0176059446104371 0.0032479233894996 0.0032205696804784 0.0073544204030407 0.0027530624302358 0.0064635447630378 0.0225011614996676 0.0055693062387198 0.1428711765440317 0.0155929864585466 0.0043922729879087 0.0151322745384261 0.0022678388311037 0.0332060154350802 0.6723261891889597 0.0190792746229027 0.0152058070338647 0.0064201730722794 0.0014572954780057 0.0033327627937738
96 0.0038498830776250497 0.0711374848365834 0.0105571438350565 0.0001860493183695 0.0002781480717515 0.0732408647150869 0.0176041925875656 0.0002418037703225 0.2400056583954193 0.0002551730987047 0.3015675434573252 0.0324097371206194 0.0004716901581935 0.0009263377147440 0.0004527579118343 0.0002618561785187 0.0117510877401934 0.0222241373772697 0.2134004128804966 0.0012425030682115 0.0017854177637338
97 0.0037215536417042148 0.0156877882194241 0.0046961519661956 0.0004852686894253 0.0007115551427418 0.0048523083234621 0.0007440056327791 0.0005609378188505 0.3010040043285451 0.0008294273623899 0.0333567954050270 0.0077810734062199 0.0007838022753572 0.0005174140369490 0.0007921119860474 0.0008054242803169 0.0024594061444914 0.0096424103278125 0.6133716816853547 0.0002001597513548 0.0007182732172559
98 0.0036958877545200477 0.0223174838709289 0.0034976772970127 0.0011558330150321 0.0019650735372597 0.0268690812136277 0.0025492934506064 0.0016933513281250 0.2959926239466587 0.0023709969334842 0.2393400306348847 0.2276187457853860 0.0024741967698443 0.0013336847376553 0.0033677812148585 0.0025625493076350 0.0103444454877658 0.0225640720316521 0.1276773646075761 0.0010271340924192 0.0032785807375878
