# This script is generated automatically.
# Vector of amino acid stationary distributions.
distributions <- [
                    [0.08039457988302742, 0.01408929988354356, 0.05569467293524073, 0.06621892096430992, 0.02426072627967613, 0.05537667942670897, 0.05901279962962796, 0.031345998499762474, 0.06337937314244561, 0.0645836159394574, 0.018339848053230856, 0.06325399167682211, 0.030994195486566116, 0.06761184055364189, 0.06345974413880483, 0.07666227066471873, 0.06564583928405761, 0.05699399027378016, 0.009366143550994771, 0.03331546973358266]
                  , [0.07115845991480256, 0.0067496492626854115, 0.040452974063628154, 0.06972996443860756, 0.01043668575233198, 0.036275066861467725, 0.04783293768510968, 0.02020513102231396, 0.13722621668310647, 0.052360749976153455, 0.013591094423865326, 0.052886170542590434, 0.016186704232205588, 0.08485790259034359, 0.1553539529727178, 0.06412803975193981, 0.06061887860559209, 0.04221916309062748, 0.004365977041607864, 0.013364281088303105]
                  , [0.08900118932208922, 0.004791308038543174, 0.12733066252749392, 0.15966096770358246, 0.007299561682308977, 0.05528444439227497, 0.032090851929977696, 0.012784162969361438, 0.07122053055457508, 0.025048505147309264, 0.008806663977747898, 0.06757132634537921, 0.032692366476703656, 0.07430277228368307, 0.05380757930546899, 0.07601642179356032, 0.05910481853167799, 0.03063177438261742, 0.0028843783861714264, 0.009669714249473948]
                  , [0.1028782618122345, 0.01160278307730409, 0.0481898540383728, 0.05150903534203352, 0.01178313593508233, 0.0545928081386941, 0.02064381109426409, 0.02366606806313909, 0.05381571820569171, 0.043714366095226144, 0.013899587245541157, 0.0694392823202614, 0.0377310736050003, 0.049843327638683176, 0.04612998904258179, 0.1634085800673018, 0.1292655297586887, 0.0512279891175206, 0.004113711769363799, 0.012545087633014873]
                  , [0.06660362122038442, 0.009036604279392575, 0.01420300741844804, 0.03120496995546234, 0.05374026901439383, 0.015923210134306157, 0.016579413554039434, 0.11233886873237132, 0.04217645284485659, 0.19532029784644814, 0.06828933912981325, 0.019104131887099078, 0.01490687243011143, 0.04560652141281816, 0.043895523405103554, 0.04729897039093307, 0.06000563334838956, 0.11404724998675686, 0.006992278533777715, 0.02272676447509422]
                  , [0.2235551112948461, 0.012866625923706106, 0.04227004904214175, 0.055453259972023515, 0.011040548024459838, 0.07035350385109064, 0.0166905058034636, 0.022080034104373095, 0.04413548642454706, 0.048384984793381894, 0.013951861846642039, 0.03920154760303179, 0.04037427626608577, 0.048894224571047126, 0.047503500308999094, 0.1075743691482445, 0.07603528753724925, 0.06521859116294565, 0.0040240029236309136, 0.010392229398090038]
                  , [0.05597878787424337, 0.004093790031230069, 0.027205172145970288, 0.05927735358887986, 0.00576859310629993, 0.027005180683488925, 0.03930686526270923, 0.013168432694604283, 0.2274549750894129, 0.039185875147506974, 0.010452762585722381, 0.05196287628939472, 0.009641349163234097, 0.08809873325139654, 0.20168137960954807, 0.052110868997152206, 0.05013076996463552, 0.0273964410040267, 0.002287364580809372, 0.0077924289297345494]
                  , [0.06190602656257807, 0.007188990367818785, 0.007901499901406758, 0.01408263573039721, 0.03228250931385982, 0.009686806320169543, 0.007645028130515168, 0.23703501870570212, 0.015296156421918393, 0.1388124539271621, 0.046937369740363305, 0.010790672729053291, 0.009665043361968976, 0.01364750041823126, 0.013352031445419611, 0.030892795050143775, 0.058940969677034376, 0.2701319210645181, 0.00330209284978382, 0.010502478281955344]
                  , [0.043101788536235114, 0.006536517918158333, 0.0072217253454254495, 0.011297192519208145, 0.07306308858654759, 0.008830848215897458, 0.010046017013943196, 0.1257045061502451, 0.013178151632582749, 0.35779357256742267, 0.09177917204961011, 0.009769840962910364, 0.008795852695433449, 0.01879342803830268, 0.01499063511384783, 0.025733457099520844, 0.036310350911434856, 0.100308029843569, 0.00581911137031263, 0.03092671342939262]
                  , [0.05182783188193774, 0.010713368082151882, 0.015001413365249959, 0.018137081541051692, 0.1798323327779346, 0.017014856980923778, 0.05888721712915248, 0.05003741494908728, 0.01933066210120966, 0.10135488222971027, 0.02225593640076782, 0.023344555831115863, 0.01252702426413573, 0.023594270374889956, 0.023676335767353153, 0.04814758694638457, 0.04037300052391069, 0.054505250971862484, 0.057337931988604506, 0.1721010458925661]
                  , [0.07312362599127824, 0.0028902024623439077, 0.1861308321560091, 0.27275398950165003, 0.0038685430651091194, 0.0422300302156909, 0.017869694493890212, 0.007441961188749865, 0.06106012847942771, 0.013688834731704751, 0.0056566924266368175, 0.056248192208523305, 0.026282645746982747, 0.07449672335763922, 0.03712667643838346, 0.05404197567552302, 0.04257412865976088, 0.015636956935519, 0.0014777589215978124, 0.005400407343580087]
                  , [0.07958232038344962, 0.001661196877160538, 0.08116474229063869, 0.16608357440184454, 0.0031999485742495413, 0.03547616669582617, 0.027628308557048984, 0.008424843645002943, 0.1592380582493111, 0.016168639488538094, 0.005893891824080396, 0.0656619005732128, 0.009839010465071171, 0.10475155676639072, 0.08152202087538873, 0.06698250084907806, 0.0617590630803463, 0.018515456856703045, 0.0010222912853313103, 0.005424508261327099]
                  , [0.03776625495480994, 0.004239934876012548, 0.0035142357480558435, 0.0063391640221152415, 0.04524638374978898, 0.005100097258760307, 0.0045064413586911115, 0.24522948217896756, 0.006819338645417661, 0.2800609397540091, 0.06929814089342694, 0.0050083671339497095, 0.005098328435858652, 0.007930480469140352, 0.007262941571709922, 0.01087854272428348, 0.03318021063168854, 0.21061219452306212, 0.002792240527608754, 0.009116280542643292]
                  , [0.1153860961566753, 0.005596440685095948, 0.04743908738268107, 0.06073195603634371, 0.009097853654839408, 0.044106679485032385, 0.016145496763651193, 0.01692407810114562, 0.051210790121530216, 0.044277104023711884, 0.009910388171334567, 0.03642428497135849, 0.24238940467687453, 0.04825934934047491, 0.04439046509569003, 0.08828521445549638, 0.06173465804223927, 0.04514732636470216, 0.003664209845018632, 0.008879116626104558]
                  , [0.06432949469550868, 0.0031440796061062057, 0.2714847144221769, 0.1317215985648931, 0.004828302424454835, 0.06966598691191174, 0.029206175621071844, 0.00736009707182588, 0.04880524222217406, 0.011875543536201818, 0.0052883758260730265, 0.11766412331542156, 0.016352944260230592, 0.045219411026209015, 0.03085479731072057, 0.07378763013371671, 0.04666418951413096, 0.012681128377911983, 0.0020331452761139022, 0.007033019883146542]
                  , [0.11347257375406217, 0.008256472819371934, 0.06869642377445519, 0.05526652691050084, 0.00883275942014347, 0.26968235696834003, 0.019316349435678584, 0.011364919188458467, 0.048625597854829054, 0.019920268026149456, 0.008697766478739566, 0.06968303513028216, 0.022756911882336365, 0.0420784958310353, 0.04616844076552635, 0.09930243021886778, 0.05121019687791477, 0.023029094532378662, 0.004049097595015857, 0.009590282535913944]
                  , [0.04217599664017414, 0.004830792353864849, 0.003218564116535633, 0.005336353096290115, 0.020951593924458944, 0.004407304239227517, 0.0034150066742258305, 0.32324936779422286, 0.005548714313907836, 0.1246846140060668, 0.03605223387801598, 0.004776334232198665, 0.00427045583649977, 0.005545279176753731, 0.005303491557924921, 0.015070646536522916, 0.03853619539782857, 0.34607571185218405, 0.0017583243335561043, 0.004793020039540839]
                  , [0.06018232061940362, 0.004770236788358617, 0.11177964925189343, 0.06176140545954684, 0.008658929237853299, 0.0625459505060756, 0.05430986497675178, 0.011682381170414117, 0.07024971496057204, 0.01815956088332857, 0.008051024700418753, 0.20979792347984302, 0.013026134270277134, 0.05461613221485495, 0.04725225027324448, 0.10244691388765226, 0.06605678816014528, 0.01719488590190332, 0.0030474304735970442, 0.014410502783865667]
                  , [0.16766739851502324, 0.010365543014826605, 0.039114541858109, 0.036736311762846224, 0.006565991090345275, 0.06524663892287426, 0.011333000841426194, 0.011027199239945969, 0.03445438069663905, 0.018775832438227797, 0.008202078667411105, 0.05945830044471543, 0.03684354467319543, 0.03408950243336403, 0.02705237969628933, 0.25740844699245596, 0.12952924236063998, 0.03710330157844106, 0.002325554503813596, 0.006700810269410717]
                  , [0.1533342293152515, 0.013495108523144622, 0.011109877736051882, 0.03264386808575214, 0.011665068130621743, 0.01864784837506166, 0.009092379787610405, 0.11024322250710154, 0.023766910861758517, 0.07456544758982513, 0.03587038663323516, 0.01627035082867561, 0.014708725194576134, 0.026950251646167524, 0.018762166237295153, 0.06686498980451076, 0.1217332915292054, 0.22905470427744493, 0.0028495137108829082, 0.008371659225827235]
                  , [0.3650532136886446, 0.0171119966649411, 0.017792487088896847, 0.032484842629626955, 0.006665560619078545, 0.07350586696576575, 0.008784670255161537, 0.01576830406969118, 0.024492063593489218, 0.02960960429574518, 0.009192263177528767, 0.027048554607071104, 0.03372934909284097, 0.024171788856688355, 0.01730630567626042, 0.1473381830824267, 0.08008131995843079, 0.061752843950758286, 0.0021879434821752, 0.005922838244778331]
                  , [0.03387093408505863, 0.00713395732675776, 0.010209126501722971, 0.011828157426527626, 0.23044125289557044, 0.010522235512517623, 0.06467905383835802, 0.0286871260470911, 0.012490038815701142, 0.06303967857431768, 0.011810523105447923, 0.019212203102135915, 0.007826174572041694, 0.014931493278396057, 0.014695287121952755, 0.031001123161080196, 0.020346028907298155, 0.03433624255722364, 0.044870707336319295, 0.3280686558344814]
                  , [0.027422354131238856, 0.0040614560691244845, 0.00338278150898967, 0.00553822645454017, 0.06081834228347617, 0.0046081781563518855, 0.005124168345342718, 0.11462967111683638, 0.006429025826880593, 0.5026265661392972, 0.11308453216192264, 0.005073739693917054, 0.004432014206044939, 0.011799076151055916, 0.0073037069878974835, 0.009656697609112178, 0.021743388829944737, 0.07830107734733607, 0.0035541200358059372, 0.010410876944885163]
                  , [0.0262293444429548, 0.0027047892580221514, 0.0016859868243752935, 0.002895871740189912, 0.024779863044320883, 0.0026025236806199083, 0.00215812725328572, 0.3414837181629181, 0.0031563855853975883, 0.22104097207648035, 0.048323942762645206, 0.002752406862685307, 0.00235447266334248, 0.0037007497935394634, 0.0032563660902633178, 0.0055483398387192314, 0.02228108091960512, 0.27842131919726915, 0.0010882348263861069, 0.003535504976979699]
                  , [0.09039770597198699, 0.004507444584058718, 0.057788383068326114, 0.038466564218461785, 0.005048693889237423, 0.4895811734246411, 0.011520462710063557, 0.006383803070469895, 0.03504640520929671, 0.010224606289195394, 0.005043117513689123, 0.06139104448052025, 0.010642265940640034, 0.027415079340864266, 0.029924464183909802, 0.068650403326476, 0.02858596728706055, 0.011765770844707172, 0.0022266768557695923, 0.005389967790625538]
                  , [0.039741176444582776, 0.0035283562948869745, 0.009947068053889157, 0.034490686041319475, 0.003877850572547051, 0.021104471167810404, 0.03417897623188363, 0.008601727538892906, 0.25579446211598345, 0.029729544110268746, 0.007429926725383719, 0.03522522689480288, 0.006732959504862471, 0.07333597584396964, 0.3436508124916287, 0.03763512473595043, 0.034870272743605595, 0.013169510204849362, 0.001847864128646742, 0.005108008154235779]
                  , [0.022686371120575154, 0.0031901389635572075, 0.0018391680267360283, 0.0030966879908508045, 0.04846928079263791, 0.0025621145072608625, 0.0025309621400951233, 0.2134198326722627, 0.003271916076576126, 0.43041762183295684, 0.08657796566840147, 0.0030460127081124127, 0.0024785919427186783, 0.004824807517593459, 0.0038174371781342967, 0.005683248931188757, 0.017920435260444015, 0.1364339974275622, 0.001723059136577683, 0.006010350105758392]
                  , [0.05476317365357725, 0.001667277319985335, 0.3247869567074149, 0.28584867264199887, 0.0022329386729933315, 0.03765889624062566, 0.010682589966353765, 0.003953158496497734, 0.03705612251326934, 0.0071348280941349535, 0.00307231808158661, 0.06394517686261603, 0.01697949957584407, 0.04737008131450937, 0.01604023017132771, 0.043788199513900526, 0.030629705842224467, 0.008449654272917318, 0.0008701402083902738, 0.003070379849832413]
                  , [0.12844409032418116, 0.003189017235910329, 0.0354498429472926, 0.04446810252298573, 0.004980783470621837, 0.03228796045513688, 0.008778257516169913, 0.009718264965412959, 0.036663948118123145, 0.028376033772726413, 0.005617305604098912, 0.021352599543487203, 0.4183987754724331, 0.03356433351152526, 0.02920422695406701, 0.07480444018253454, 0.04518543838272767, 0.033060024392452314, 0.0018888179463999613, 0.00456773668171324]
                  , [0.03185111046917892, 0.002673632454025832, 0.0016294962348296347, 0.0028869403214868816, 0.011764058573535428, 0.002351765057850563, 0.0017148588768070548, 0.3593668499106747, 0.0029005692470403556, 0.08000711444220542, 0.021461248174531423, 0.0025804080690971505, 0.0021023402289615033, 0.0026645219620968752, 0.002639720742579159, 0.006408559902655075, 0.02532939861860409, 0.43668288573678543, 0.0006569511665618376, 0.0023275698104926216]
                  , [0.08556833088844128, 0.004940127811263755, 0.03315895713860311, 0.0438370750051, 0.006534392930522608, 0.027215413778546648, 0.011194836252847817, 0.04022518126963455, 0.0563683322055444, 0.03280762966373223, 0.01294101022443485, 0.05395862876125687, 0.012455998281646135, 0.03882421781132522, 0.03944388748703565, 0.1465486079954137, 0.28497234487987827, 0.05968322347091375, 0.002433796619292884, 0.006888007524566429]
                  , [0.20402990184742376, 0.0012208637476287454, 0.09797734279823439, 0.16945035596820704, 0.0016930170920147782, 0.046381181307081236, 0.009462520843724401, 0.004654473641432209, 0.08199006458872883, 0.010038461847936678, 0.0034704787322558236, 0.041767368907721224, 0.029145171215675524, 0.08338624875763487, 0.05719682289557614, 0.07853831913481188, 0.05444378330668681, 0.02259533557536015, 0.0006651516631206648, 0.0018931361287450011]
                  , [0.026699145363038225, 0.006239988910142996, 0.005804937353587516, 0.0075350502996583656, 0.3718290517801559, 0.007279242861235172, 0.027818535702338432, 0.046663631681350876, 0.007720642869649406, 0.12692416813064283, 0.034760726262954116, 0.009520206758367625, 0.0054687358566902385, 0.010208407205256648, 0.008578964251060308, 0.02309378402309114, 0.0149996986517037, 0.042260099212846354, 0.032194007366274605, 0.18440097545995546]
                  , [0.06418952205349827, 0.0024123984909608107, 0.03472100609359037, 0.020968429418408485, 0.002732067456607139, 0.6996242525919703, 0.0058545506105170415, 0.003738928138635893, 0.018414206814793208, 0.005762748732990744, 0.0029296429587692334, 0.036242426689010475, 0.005306621909803254, 0.014221476229180708, 0.01495602116886963, 0.04009984182704117, 0.016222910804027747, 0.0075324302608623245, 0.0012500290537962348, 0.002820488696666945]
                  , [0.019278372578701436, 0.003793927492784938, 0.004770295440439141, 0.005621907642610881, 0.2905275063149269, 0.005032350678332356, 0.050992065828375656, 0.013067682105605724, 0.006096109005621753, 0.04291807319832696, 0.008324555019602583, 0.009867529639155857, 0.0033898631507776338, 0.007328194891382083, 0.0072745067801385874, 0.018164020201714592, 0.010249041924417102, 0.020372502847351034, 0.04291909278622235, 0.4300124024735124]
                  , [0.07030107680037405, 0.004087229105836646, 0.0400227265089511, 0.10302001584332375, 0.006707126555154217, 0.019701203937223643, 0.054361601076961856, 0.014035234245205539, 0.08872643339456442, 0.05472290627825415, 0.01415065270750113, 0.046257384802590285, 0.010962174148190227, 0.2364592987832904, 0.08716712617947563, 0.05299308181212024, 0.05162154509309727, 0.034036532142027835, 0.002402098962935932, 0.008264551622921957]
                  , [0.362881355590352, 0.024980335605103033, 0.01033663116784892, 0.01637701645400548, 0.0038312515259022162, 0.059981324093646614, 0.004872298744438713, 0.007071693188639133, 0.009456297678949904, 0.01005788146014405, 0.0051846955245198785, 0.025660595405164126, 0.016060642683935478, 0.011674601477778167, 0.007928784700410238, 0.2933784394410968, 0.09006147638785154, 0.03543456423547513, 0.0011982446606493436, 0.003571869974089235]
                  , [0.0408342997501774, 0.0015214448228322804, 0.27496899344935216, 0.06918793975349427, 0.0029203184719033795, 0.07391583785044833, 0.029686125737666255, 0.004133886848101612, 0.05114585029535683, 0.006413953816681055, 0.0029040321479729663, 0.2583388618990714, 0.005989942604298792, 0.03329563289637112, 0.020491458425183226, 0.0724964423756813, 0.03846470903516196, 0.006799493560858778, 0.0012049969174883143, 0.005285779341898692]
                  , [0.08757884864713095, 0.007093887874594062, 0.029500334610011513, 0.024088930472726908, 0.004119555484332436, 0.03539202743580032, 0.006923112593440119, 0.008301624298853848, 0.02621434843343431, 0.010437083808348424, 0.005880671080822376, 0.0473891284696914, 0.012097740604716915, 0.019155283020739072, 0.012891390849376863, 0.33389828992654014, 0.29567610888568907, 0.02780275397272825, 0.0014727185578226902, 0.0040861609732004145]
                  , [0.08717183602975516, 0.0009682090853182695, 0.15170169956382326, 0.3766821619692679, 0.00158758567917912, 0.02770530273969277, 0.009041295267054522, 0.003684641405149411, 0.06940392752760664, 0.007264074898976275, 0.0028098810792451944, 0.0371968755644947, 0.007634344485904413, 0.09582234775560192, 0.028701701713430786, 0.03982820386971166, 0.034421194186906416, 0.015584075395509392, 0.0006080528692614606, 0.0021825889141106353]
                  , [0.013084127334480444, 0.0016897858330703498, 0.0013988060286896974, 0.002136933209873415, 0.052707861157979936, 0.0017339990841140867, 0.0019958816169327017, 0.09656645970285209, 0.002482296898092309, 0.6231312378506771, 0.11741860466408253, 0.002215638915882173, 0.0016713760103522922, 0.005065669736573946, 0.002762801019895657, 0.0044991262558143, 0.011837983837844216, 0.05190191225506993, 0.0012846659006982208, 0.004414832687024429]
                  , [0.016577098399922097, 0.0013717828858184776, 0.0009247867223731993, 0.0016150938944107529, 0.014007322989631407, 0.0013178458986428509, 0.0011885081406494285, 0.42773964000648884, 0.0015396598100752652, 0.16736058749712307, 0.027795636862753093, 0.0014654007686437146, 0.0010900994103941954, 0.0018342812155466045, 0.0016025153912913865, 0.0028690044427108694, 0.013596758636135119, 0.31385845434566706, 0.0004636990673557666, 0.0017818236143668385]
                  , [0.30909503632840546, 0.009358343047742794, 0.02475993730583829, 0.023807928569267077, 0.004648532270139428, 0.300193649667694, 0.006813428053891484, 0.007071612505644206, 0.0169352271319272, 0.01152595748640045, 0.005446561650508745, 0.028968203824809174, 0.019345744219821732, 0.014689436040578891, 0.013854928172170973, 0.12447996952030996, 0.043194414281189045, 0.029795307266071092, 0.0018064056151572473, 0.004209377042432717]
                  , [0.12839930288917198, 0.01955911085937201, 0.0032391608498550132, 0.00547173056613881, 0.0077014804207017045, 0.008315563227894092, 0.0031067564234453296, 0.16590301744160574, 0.0051340545618512165, 0.07040471893888466, 0.02651257942677177, 0.004543545787896994, 0.004988942204229449, 0.005424150417142085, 0.005324498281596259, 0.026549147501513753, 0.07147114039522674, 0.43358902651460723, 0.001102891570025843, 0.0032591817220692753]
                  , [0.36777118284727567, 0.03188471539213553, 0.005150070604953114, 0.00855102074908944, 0.0051368140507751315, 0.03241973275282062, 0.0038914852608506797, 0.05178116304313668, 0.00681484367581117, 0.04034959633812479, 0.01890897592938784, 0.006792527827662623, 0.007379875629556098, 0.0069738281110252225, 0.006822375837211175, 0.07283893743545211, 0.11586457139419011, 0.20609147491526775, 0.0012594094222399335, 0.003317398783034278]
                  , [0.042438148153173455, 0.005331508192382273, 0.03263034988332093, 0.032729315672185795, 0.036885503178552104, 0.015187135343553877, 0.29796681719429813, 0.01072315253732828, 0.04208667934191322, 0.03824426489825159, 0.008815942288710391, 0.09488740889780983, 0.007994043749331407, 0.0800360932706524, 0.05811887276746004, 0.045606694315372044, 0.03567913977538956, 0.016163273336671072, 0.004413887563028499, 0.09406176964061522]
                  , [0.05964926068259456, 0.0009516417769944968, 0.03325842818914876, 0.09891303166998303, 0.0021702837845856155, 0.022906509309241475, 0.02020928157632842, 0.006079934716180921, 0.35542000808783664, 0.011090150153260878, 0.0040184028382482685, 0.051802482421173926, 0.004480405250628669, 0.116921336372838, 0.09720658504288973, 0.0410816936778334, 0.05130303611852399, 0.018867224531121177, 0.0008060290709345832, 0.0028642747296535606]
                  , [0.012724583585660651, 0.0025991348450505073, 0.0026897097401175746, 0.0033103807085735825, 0.4795693079009153, 0.0029915279639943543, 0.020555315006994763, 0.018117579233402667, 0.0035573518829765363, 0.06427734827857944, 0.015679344629469672, 0.004820913677916133, 0.001955943097215891, 0.00458736972121554, 0.0036412720848283653, 0.01118927833593696, 0.0066140762409848, 0.018300815630584062, 0.027831649578763447, 0.29498709785681976]
                  , [0.02280683772991269, 0.0019198769843378448, 0.004281167576940492, 0.019243746068336506, 0.0021449746509062152, 0.013364233976684901, 0.018719927031266063, 0.004703910328775799, 0.387675983475061, 0.015013159117500837, 0.003945579212246601, 0.02397312521772763, 0.0032873350821777166, 0.04587072810651588, 0.379992892968695, 0.022074568171797548, 0.021051387391340694, 0.00658549551877648, 0.000931114104065545, 0.0024139572869344593]
                  , [0.014189654591809098, 0.0013969967035913449, 0.0009749609281322794, 0.0015882623254246059, 0.02919053817080114, 0.001332110952137117, 0.0011090724988564338, 0.2555270813299085, 0.0017394861459668577, 0.4649190937586799, 0.06483223102574644, 0.0016727570745159255, 0.0011523833747902567, 0.0026630055076284167, 0.0017962061333174505, 0.0028723358942802416, 0.010503615895832253, 0.13940172181252908, 0.0006662177477010842, 0.0024722681283517235]
                  , [0.5848547112745736, 0.023080827539657577, 0.0048663791913982355, 0.006896050901429063, 0.002477474950263267, 0.08214398751850953, 0.0029510517842876436, 0.006611219921292246, 0.004719309453922194, 0.008640051093616714, 0.0039017837150895087, 0.006007905173196925, 0.010887135026023221, 0.004865900417500021, 0.00480999800280107, 0.14470161023310205, 0.0532466189569586, 0.04131223908979692, 0.0007896735045413281, 0.002236072252040293]
                  , [0.01751035018283858, 0.0014886521407251434, 0.0008231425718262574, 0.0012879598598020748, 0.004527430668923263, 0.0010592854595763194, 0.0007969613175652272, 0.399940272186251, 0.0012552353049827267, 0.05486607869805695, 0.010770838351144302, 0.0012160950472896663, 0.0008086110737189651, 0.0012922833664750597, 0.0012875299899739617, 0.0022920793324228135, 0.013013692949613609, 0.48468150832110485, 0.00020712732160123375, 0.0008748658561080264]
                  , [0.0621997097691424, 0.0032676294384925203, 0.0725864441685358, 0.03291037625619906, 0.003856630923467631, 0.05193462905346479, 0.02839948120651518, 0.005920765758662157, 0.043913810778899026, 0.008327091178287092, 0.004460455994517619, 0.2859444504990793, 0.006309335137529693, 0.03635817431310001, 0.026264663613362903, 0.21043599525804146, 0.1004149035988987, 0.010110732916410068, 0.0013102796218028366, 0.005074440515592022]
                  , [0.022058119930264068, 0.0035423960204036043, 0.002921909010427293, 0.003962103477080891, 0.25476434158166655, 0.004205715023075222, 0.005592882626468, 0.08269548246371022, 0.004895605006693318, 0.3807025277103299, 0.07317051476061284, 0.004701903810675869, 0.0030584728766106504, 0.006346872401737462, 0.005222567282023215, 0.009374596924384155, 0.011747510490624623, 0.056521384913034635, 0.008658724104350226, 0.05585636958582728]
                  , [0.045437845187097405, 0.0016414785617273554, 0.012233598888366238, 0.008190175993742412, 0.0011811600377998914, 0.8507174633169117, 0.002184648931558576, 0.0019077575213589783, 0.008043619003191404, 0.002791500621173726, 0.0016160863847306695, 0.013681231645183905, 0.00230321808061678, 0.004407621257672043, 0.006793451734239014, 0.02287226215861536, 0.007880445862705754, 0.004345231736000744, 0.0005289780441822319, 0.001242225033125545]
                  , [0.04349565944417534, 0.0006748292930333176, 0.34006017587086146, 0.4291434537861282, 0.0010918884297853849, 0.02034698072097949, 0.0046387684185300445, 0.001999185042530419, 0.02346785717935129, 0.0037095827886954886, 0.001702796993836202, 0.030551008656759727, 0.006156884091409243, 0.037375581896398356, 0.0045317625752475275, 0.02461377436885374, 0.019086566234395398, 0.005682530374379954, 0.0004398641973084329, 0.0012308496373410302]
                  , [0.10297128986628361, 0.0015967489416939184, 0.016531173454517725, 0.02051417125019869, 0.0025048686258175076, 0.01637060308967962, 0.004066418427560211, 0.005109313851007796, 0.016230222227445457, 0.014886813423930983, 0.0030087189570217067, 0.006764466261026664, 0.6647007450478528, 0.016054016028769397, 0.013481525957868615, 0.04769368238341157, 0.02615534853784076, 0.018328755388468797, 0.0009776260908087259, 0.002053492188795458]
                  , [0.008742217307263381, 0.0019525905036799536, 0.0017923804016119283, 0.0022393877908788167, 0.2998142233712228, 0.0021065611737868892, 0.032305796542039106, 0.0055311302174776995, 0.00258020416190561, 0.021599575104802923, 0.0030051198494003323, 0.004188054667102741, 0.0012001252916931386, 0.0033342974524401612, 0.0027052181079903633, 0.007747508525388755, 0.005141607062963812, 0.009167490682801857, 0.0190538191448934, 0.5657926926406562]
                  , [0.02379301685057122, 0.0010480765820267356, 0.5213086768856591, 0.0628292405961719, 0.001596565202589673, 0.030671746427687916, 0.015558755321928346, 0.002605895332017572, 0.022242187644181136, 0.004276137800810373, 0.0018176326566919224, 0.21929674087073583, 0.003124300256483992, 0.017541164209493712, 0.0076242574561920795, 0.03575225908972179, 0.021562249189799765, 0.004262168470395647, 0.0007089271974329233, 0.0023800019594081762]
                  , [0.0414191502721837, 0.0036529506464454114, 0.01578722271584896, 0.006417258843482943, 0.0022493149319466614, 0.015540624359403234, 0.0031470327946560616, 0.0042405892232032765, 0.01357329268805659, 0.005484299069528162, 0.0031942030198408803, 0.0298896781017328, 0.004181818188038559, 0.0057997003271575125, 0.006324342042703354, 0.33413237374583593, 0.4868981952101346, 0.015224237367065782, 0.0007681519817771676, 0.0020755644709583845]
                  , [0.3373427940184378, 0.004926894677341738, 0.006110703486833194, 0.005281264230934627, 0.0020462217470529538, 0.4922110950219595, 0.0028245983965657245, 0.0034232231579806403, 0.004321303574167353, 0.0055786290765140936, 0.003092163003627299, 0.010655981310819048, 0.005196380811497096, 0.004506259220212059, 0.004734042229945032, 0.07222477716833119, 0.018719131260821198, 0.01416070597968054, 0.0007833423581289098, 0.0018604892691499852]
                  , [0.020707790369333172, 0.002972929219591025, 0.0060524020177348935, 0.007695223200439916, 0.07650934045754991, 0.010756512054301476, 0.008529320538559218, 0.00919217178945696, 0.007655847059106907, 0.03716664232688397, 0.00858459723535793, 0.008279574271823876, 0.005390183658593884, 0.00838407238062512, 0.011450163833723838, 0.01781460099170984, 0.017444876826530977, 0.018481015533609375, 0.6496093604024553, 0.06732337583261244]
                  , [0.5612288150674632, 0.012290489971853658, 0.002268723106735823, 0.0030548996917660796, 0.0013420952685110048, 0.04159775098971377, 0.001575826844357126, 0.0022596289291120977, 0.0024908554303935105, 0.0029385639268707914, 0.001841304237834119, 0.004556642746001047, 0.0027420733464363313, 0.0034185769364514524, 0.002563985322450795, 0.29881782312642435, 0.037674259261120537, 0.015852140043825264, 0.00035615169686462235, 0.0011293940558145723]
                  , [0.013711450303177978, 0.8613852337849027, 0.0039103030321548035, 0.0047662436629646796, 0.004465036151889733, 0.009418238615635486, 0.004154207105349443, 0.0057307258797664185, 0.005116968267461481, 0.010243100347166245, 0.0035857435825111354, 0.005768749204133712, 0.0037722116911865808, 0.004699560661568861, 0.008949343535403824, 0.022316577052353237, 0.011303695949847347, 0.010358881089861792, 0.002002982760762773, 0.004340747321901442]
                  ]
distribution_weights <- [ 0.07354738830706505, 0.04391843992014132, 0.043621460678032346, 0.03769145581140477, 0.036154827732879626, 0.03150662359509659, 0.028755254616590217, 0.027348914205570948, 0.027203298577182032, 0.02528347147658079, 0.02464161311460333, 0.024013166718398534, 0.023327240468882324, 0.02315671690405846, 0.022905721544598617, 0.022827165745073017, 0.02074256306497906, 0.020453247803311606, 0.020223328390065947, 0.01983246538754833, 0.01786665440429796, 0.016688317411413967, 0.016644249523875214, 0.016238058560474555, 0.01578013572909362, 0.015657512042029267, 0.015563628281620626, 0.01494476186096773, 0.01470143048194941, 0.014680354535735225, 0.013592069313039114, 0.012850579205321868, 0.012714543552484855, 0.012264284701545442, 0.012005625361644076, 0.011244975302823028, 0.010290809737853549, 0.010149026099685394, 0.009867374818459463, 0.009265752353799993, 0.008279014871954047, 0.007993531600507356, 0.007803848084579688, 0.007526028793574519, 0.0072884453998873396, 0.0071524097470503254, 0.006826690578285644, 0.006776874705415751, 0.006707898881442054, 0.006096696441230682, 0.006037300592808887, 0.00580929717467361, 0.005761397296914098, 0.0057422373458102935, 0.0054126861868248515, 0.00480723173194462, 0.004475764577848798, 0.0035465069493142653, 0.003295511589854423, 0.00316522392234855, 0.0029812883917520244, 0.0025061216043776656, 0.0024582217266181537, 0.001385264464805086 ]
# The number of clusters.
n_clusters <- 64
# The base file name of this file (for reproducability).
fn_distributions = "dists_hssp_poisson_allsites_lclr_064clusters_rb"
