32 20
0 0.1357195136438012 0.0887799701151352 0.0122896496750137 0.0509713105964256 0.0599911650828218 0.0261542101987361 0.0611253751160738 0.0459773787236348 0.0430192030635910 0.0573017459708936 0.0648498645616356 0.0176905887289240 0.0596508645189922 0.0382936240488259 0.0601590158307029 0.0581792036385121 0.0793939539432996 0.0686589717992106 0.0614484486296011 0.0082376602149844 0.0378277955429862
1 0.07470656534884523 0.1486224389179964 0.0103437135710414 0.0412318532919843 0.0462304053940920 0.0089795833034923 0.0609952089269097 0.0147803943112113 0.0214457610668861 0.0448344004413384 0.0375709659313102 0.0119629534031032 0.0584724153869418 0.0359624969621413 0.0429433962055114 0.0384829782646762 0.1723389473222796 0.1369177502770176 0.0555869495377805 0.0032189161597459 0.0090784713245403
2 0.06850448917654361 0.0703022949682484 0.0050971191613114 0.0421759283356282 0.0767785023650762 0.0080996458286069 0.0353985578443169 0.0437612615740672 0.0175310378898444 0.1521389592505011 0.0476549534293369 0.0122115290000984 0.0557431630009274 0.0136726469711466 0.0975426050324231 0.1466252030325357 0.0627013808017421 0.0606533777638570 0.0381771825705491 0.0031750919047604 0.0105595592750225
3 0.0671613766041669 0.0882519836433427 0.0041110978356421 0.1399994366961112 0.1632380381996458 0.0063171940433066 0.0586631555752292 0.0311039089821645 0.0112004134037127 0.0720640433905069 0.0211953604437150 0.0079111719080004 0.0722991493553582 0.0304275014777742 0.0747432982749244 0.0516449409153790 0.0755842402348257 0.0570993851321805 0.0232076280143546 0.0024440174069563 0.0084940350668698
4 0.04904947482574024 0.0589343507963794 0.0080543063780498 0.0109134062712201 0.0183507114134719 0.0672593428642779 0.0128831016551090 0.0139711750648816 0.1174982615404175 0.0235193966547900 0.2520543548391789 0.0781537123784991 0.0145927450406595 0.0120236198403373 0.0375193449948393 0.0331922662397352 0.0388156841938386 0.0506450657794357 0.1090359964533422 0.0068270192399131 0.0357561383616237
5 0.04425757105467867 0.0344443877763770 0.0075700879651854 0.0092831173423164 0.0111781452984458 0.2694203687556317 0.0104646222049426 0.0514785080874684 0.0415864317844842 0.0117464260157739 0.0925555185781169 0.0190321109641810 0.0154113241974744 0.0078291735024851 0.0144860908877946 0.0135598524699147 0.0314951064419378 0.0204695809834308 0.0421055590890755 0.0441414684802774 0.2517421191746864
6 0.039126536149079745 0.0686307790070029 0.0074925426390140 0.0079270504420249 0.0149798425124791 0.0289959822416102 0.0098469535988811 0.0075311021817522 0.2250800677892242 0.0161242581731345 0.1271561583313020 0.0453017575479034 0.0110309914581096 0.0097592187417270 0.0142681316381422 0.0137238856832403 0.0343331781758242 0.0681787416590088 0.2768662120836050 0.0030989406033091 0.0096742054927056
7 0.037804499522917215 0.0711866129767167 0.0023511731752849 0.2460635201871892 0.2457636248467488 0.0032024072711863 0.0477260836233755 0.0176329367568668 0.0056650508471445 0.0508701710128312 0.0103589509283312 0.0043748347901194 0.0698129932875894 0.0239328448739316 0.0594029027319045 0.0294073122262842 0.0553134944758576 0.0395097400669911 0.0116702830146698 0.0012768948689160 0.0044781680380613
8 0.034871111008924704 0.0365305445176586 0.0039663272799243 0.0030011048991277 0.0052640830675523 0.0402427277746983 0.0043996966466439 0.0038034192965586 0.2660312475049793 0.0057130355270005 0.2670192107016581 0.0659149599693048 0.0044727946874928 0.0043450894772113 0.0067334586202179 0.0060875535821455 0.0095994674492996 0.0313709362396739 0.2260696374382967 0.0022504580918379 0.0071842472287178
9 0.034037653135909195 0.3473281881008068 0.0161495802836876 0.0256397278220527 0.0316796826715022 0.0052950142583460 0.0858116165359585 0.0075231530358644 0.0104315743002679 0.0237160093252871 0.0211498796452079 0.0071070876720591 0.0310877090999958 0.0272331066968744 0.0244268697191824 0.0158223722114528 0.1842642062201708 0.0814739241013250 0.0472786589900654 0.0017678516106996 0.0048137876991937
10 0.03356057035342446 0.1154993893188809 0.0055311112815213 0.0553254435485265 0.0391896673835298 0.0056249043202262 0.4388246226997520 0.0119651748904009 0.0073031769987531 0.0352158103707340 0.0118949127154133 0.0057272363418782 0.0580826250076051 0.0128294342670583 0.0289845656152776 0.0311704216107851 0.0793563963111334 0.0340221284441768 0.0150152533005068 0.0025102945497280 0.0059274310241127
11 0.03305283164917363 0.0499985364224123 0.0032486958118249 0.0178391045023725 0.0527473256463401 0.0043106195093700 0.0245786658945533 0.0357440581113485 0.0099507674636960 0.2590565492095672 0.0321915062700358 0.0081198769205008 0.0464086007976356 0.0074581218600645 0.0904199611282169 0.2436253363085390 0.0451832384978714 0.0445436014387564 0.0168744591597552 0.0018745600959632 0.0058264149511763
12 0.03300493177141412 0.0297260074681780 0.0046628522294687 0.0039298023280164 0.0062747877328154 0.0874179658272631 0.0052984797904587 0.0060788249427065 0.1184462838060889 0.0071721827956463 0.4504436802641630 0.1005877627337638 0.0058395747428835 0.0049715263443616 0.0108774318534654 0.0080263259961940 0.0113058692800178 0.0237277641235368 0.0838785696746245 0.0046094810316676 0.0267248270346799
13 0.030029391364993236 0.0424856026696775 0.0042225549619221 0.0023689267657677 0.0040288961514218 0.0152972168242237 0.0035085126322510 0.0024948511188947 0.3266128577379981 0.0041450937729552 0.1013771772008855 0.0291018240084045 0.0036410486677138 0.0031611079139077 0.0039767711506825 0.0038659275793026 0.0122114911825479 0.0343262460700796 0.3986523793603631 0.0011135265686434 0.0034079876623574
14 0.02992401163392231 0.1253276636514112 0.0045344508245749 0.0448020511533625 0.0568319832081864 0.0071161773619040 0.0413071236202253 0.0127951952541051 0.0136511926507959 0.0470028424107135 0.0371960416252748 0.0079566954681033 0.0315433125685284 0.2951031521253979 0.0437535081656664 0.0390455630179148 0.0849524417371444 0.0563563658194322 0.0410013699390394 0.0028741072531447 0.0068487621450750
15 0.029136537643555935 0.1149756366914788 0.0012346729141271 0.0835709745025997 0.2013287569218270 0.0020991890451097 0.0337931894629462 0.0140541780256763 0.0060136511473141 0.1364065609947316 0.0122301422581681 0.0043703712021613 0.0503531859103499 0.0090109744403202 0.1197810347708781 0.0657128551779756 0.0619461327879026 0.0560480270658602 0.0231988638106924 0.0007476154559825 0.0031239874138988
16 0.028054000406190962 0.0590435920857675 0.0035007737154877 0.1393808617617943 0.0610070591948944 0.0057238957493174 0.0724547177977900 0.0425093984787822 0.0082146567615547 0.0602183795007705 0.0120522481129349 0.0057469215313947 0.2307983502110488 0.0103092344032691 0.0457680738701514 0.0361033645721136 0.1168312438286566 0.0663880198317555 0.0125281754135267 0.0021068161053992 0.0093142170735904
17 0.02142274132916413 0.0165327252432811 0.0021460368781432 0.0014781367489441 0.0023685131814167 0.0497926813224207 0.0019607784539787 0.0020380337233028 0.1499699817799026 0.0025935653350697 0.5481607196514168 0.1003377221928964 0.0024576618242611 0.0018671479315302 0.0044883483082372 0.0029289559774159 0.0046879827978932 0.0135897631294670 0.0864280445315898 0.0013916444489912 0.0047815565398416
18 0.02074256306497906 0.0145492713326412 0.0029592939543717 0.0032258998881901 0.0039433813339023 0.3682516297271099 0.0035483011303331 0.0349398247884123 0.0165131906919824 0.0042871010878778 0.0486265785287662 0.0089667944642742 0.0063692687420021 0.0022923988678209 0.0053496358917178 0.0046571813865036 0.0132456735163414 0.0077430057840972 0.0177741366743989 0.0314003068301573 0.4013571253790995
19 0.017675054893259913 0.2630364995186762 0.0310764708788195 0.0064675451627287 0.0112833661129972 0.0073393023687926 0.0303776188432932 0.0052400759541748 0.0790333319636471 0.0090178281976496 0.0563185133725404 0.0269694410329745 0.0089028497890639 0.0101325382934033 0.0100293198482342 0.0090177283689546 0.0650356884544039 0.1160088127071770 0.2483235100968556 0.0017177160000179 0.0046718430355957
20 0.01735316771471599 0.0205251850161725 0.0018512763777258 0.0012230927975019 0.0020744250149180 0.0232962580817942 0.0018483247494386 0.0015409470438402 0.3547272473215919 0.0022465923646835 0.2596259241712246 0.0459992449582012 0.0020110037466703 0.0015987036322165 0.0027491883968141 0.0023696495338288 0.0038074363000622 0.0158171853138850 0.2531653506026986 0.0007966573507423 0.0027263072259897
21 0.016795613137595273 0.0700324250668024 0.0021676306194869 0.0216310284646331 0.0136783129607546 0.0019554036801944 0.7618052441268700 0.0037268752332600 0.0028732187598073 0.0122686687576583 0.0043873892474249 0.0023391763918251 0.0230954715048300 0.0038041367169958 0.0088143654959213 0.0102891641763161 0.0348863403933083 0.0126419396945421 0.0067319224636462 0.0008678968853809 0.0020033893603423
22 0.016550365763466572 0.0783952471804379 0.0059545062613079 0.0268730916656119 0.0210893893766328 0.0036956398413121 0.0299477404427012 0.0061224403116572 0.0083661500206216 0.0264371237184100 0.0097183349266901 0.0054982229827665 0.0496076982940805 0.0092293011564941 0.0174084988146654 0.0150731545761919 0.3181771501174387 0.3365541095432682 0.0268633196530763 0.0013234767866519 0.0036654043299837
23 0.01485854208100061 0.0562753688475465 0.0009650301382023 0.2906564855859246 0.3949912923909278 0.0014778395644313 0.0262339061815907 0.0066705191880026 0.0028661226586911 0.0361199860685845 0.0052168599059816 0.0022196580159237 0.0391808577781832 0.0086508287680212 0.0514233055543346 0.0103117137664318 0.0319865636292963 0.0247371132917763 0.0076248619638074 0.0005770260946900 0.0018146606076527
24 0.013724272975655366 0.0192115014058675 0.0016928589108769 0.0009781028604458 0.0016346525631908 0.0077637374737527 0.0012931483348122 0.0010439477954613 0.4101001545839263 0.0015237067097714 0.0753500692157024 0.0153970732839877 0.0014429391495553 0.0010332858587163 0.0016551663662791 0.0015406139222752 0.0029266311604652 0.0155032922809095 0.4383247137062026 0.0003069120446384 0.0012774923731637
25 0.0122585367162143 0.5425374459803836 0.0200414069261721 0.0046849331550370 0.0058314325972870 0.0022570532895285 0.0813266222321540 0.0027454314466026 0.0047946928324814 0.0044071401466302 0.0063252992744933 0.0033711636752355 0.0096521738212538 0.0060399282906520 0.0052225859379513 0.0044742686337376 0.2081834980352406 0.0534004419876738 0.0320167423125060 0.0006968488879951 0.0019908905369844
26 0.011768041967956899 0.0345296500886262 0.0013703236209442 0.3837600607696720 0.0740865102262439 0.0023588492395538 0.0545844363766512 0.0226688309834223 0.0034869211669929 0.0366250414712585 0.0055438678921816 0.0025081339283823 0.2324140130026306 0.0050435215711384 0.0263604522128891 0.0149360142051018 0.0568093056891475 0.0320521593007041 0.0059956560720415 0.0009953873137925 0.0038708648686255
27 0.010833036354091224 0.0451603891787865 0.0058457199728519 0.0332595544329323 0.0363658270248530 0.0424058992895164 0.0160190256478912 0.2570775530589454 0.0118624371186661 0.0443568734123098 0.0427603525140448 0.0096920261053959 0.0883911434098451 0.0087796008721647 0.0879248990178645 0.0618794944135662 0.0486492062205910 0.0391667826889925 0.0178674901666103 0.0051071476870453 0.0974285777671269
28 0.010516897160878445 0.0258519913747796 0.0021159084826825 0.0053886803691405 0.0228953178351800 0.0023972553895289 0.0142764038511679 0.0216389113685093 0.0053129260460758 0.3690131949695381 0.0172578342691566 0.0046004492827395 0.0267206490926850 0.0038227179009273 0.0521111438055576 0.3650300825991959 0.0251349902723471 0.0248310026085211 0.0077143046054906 0.0010416376387720 0.0028445982380048
29 0.009313652231559505 0.1152946376418465 0.0021086776620389 0.0221560215068575 0.0280861909515792 0.0033812506354465 0.0214700186128330 0.0054776879156131 0.0068318014390785 0.0220768827326237 0.0200137625788031 0.0038636178984227 0.0089607936404799 0.5833401908915404 0.0207405766768579 0.0178281521393228 0.0582455073107568 0.0323461114587959 0.0237367456846163 0.0012361253252941 0.0028052472971932
30 0.002766696939389411 0.0220145143642919 0.0031366228297909 0.0064506231324476 0.0078869769134509 0.0814923590404466 0.0107948907297681 0.0096241542852732 0.0096802055976534 0.0079990532988450 0.0391882423099999 0.0088576800473727 0.0086280698283423 0.0056554802895072 0.0088445871430424 0.0118737400054836 0.0192295836087465 0.0181643822688491 0.0194103119326324 0.6270824365956845 0.0739860857783715
31 0.0014197523767919345 0.0140814753057688 0.8576070489137321 0.0040406652301477 0.0048776576253030 0.0045816483141968 0.0095944822467485 0.0043017552689417 0.0059808408362110 0.0052553417511263 0.0105288107574380 0.0036860331984566 0.0059281705091646 0.0039170871900071 0.0048316660344115 0.0092522755395988 0.0227980797427929 0.0115684561576741 0.0106923190751440 0.0020482935620754 0.0044278927410610
