# This script is generated automatically.
# Vector of amino acid stationary distributions.
distributions <- [
                    [0.0879138059439695, 0.010438517486949236, 0.0589691984654687, 0.07184929816668695, 0.01839228887993801, 0.05655112593129602, 0.04910144496432099, 0.027886620660760204, 0.07072930339341418, 0.062322302618226105, 0.016922602057201752, 0.06589211552251911, 0.024157904706895366, 0.0714317756426698, 0.07034017302132706, 0.08561560658409519, 0.07021077925437788, 0.053173051503954495, 0.006072632839358637, 0.02202945235657081]
                  , [0.08686501126192658, 0.0027114044915242004, 0.16069402885943027, 0.21917144797301952, 0.0038973239963926193, 0.04624416111631018, 0.02448715876046516, 0.00791317471769025, 0.07731267009024471, 0.014853774225114124, 0.005993912943652547, 0.06512303377332865, 0.014049617813359118, 0.08311604103446811, 0.04777514959853483, 0.06612379439703361, 0.04926728162507495, 0.01762073897001013, 0.0013379514620585158, 0.005442322890361808]
                  , [0.16195670305817558, 0.012891744042156808, 0.036163237099337726, 0.04089689585348746, 0.00827525112433378, 0.060569809006299075, 0.012797849952397152, 0.01827966211266419, 0.0403881666187736, 0.03459440664177103, 0.01147020971153776, 0.05882722517777259, 0.02505079602927811, 0.03891218798508856, 0.03419335955079381, 0.2046419381843376, 0.1389889631897332, 0.0508549407585271, 0.002414153448798162, 0.007832500454736645]
                  , [0.05983746056553608, 0.004031819329799215, 0.03223944524259401, 0.06920472417735796, 0.005311989980341423, 0.027951482251989103, 0.038338560263715356, 0.012867872926135452, 0.2114185989777401, 0.03757307218555359, 0.010316612345570962, 0.05155525216629554, 0.008097501679572412, 0.09544376917454725, 0.1904843115527096, 0.05589079139655458, 0.05198388398235065, 0.02825926115476835, 0.002087740944264856, 0.0071058497026036185]
                  , [0.052370447135129956, 0.008317326312068364, 0.007555659524834235, 0.012925079615238835, 0.07425292583139073, 0.010619596289391648, 0.012114098401737381, 0.12002588159043359, 0.017034289996221585, 0.29006120727481877, 0.08886786576329554, 0.011814206159595773, 0.00888317531093549, 0.03227902597792326, 0.025427554632727098, 0.03630099582634781, 0.04490367012781966, 0.10317990497323198, 0.0063306303950443005, 0.03673645886181395]
                  , [0.05260568960190574, 0.006593222441735361, 0.003496402109509917, 0.0062387028352941165, 0.033531215943793914, 0.006098111878210004, 0.004297965430711269, 0.2707252532190808, 0.006900405014347232, 0.16361658162423315, 0.05109490905503581, 0.0057308478731089236, 0.005142844845240907, 0.007180123021503408, 0.006884292495179989, 0.022196464868086976, 0.046781487738425324, 0.2913909959674504, 0.002217734398677606, 0.007276749638469225]
                  , [0.03468968250922912, 0.008644031542296239, 0.00811218384793942, 0.009760249531975044, 0.2598293289853761, 0.00967629462661498, 0.05650413098603608, 0.03873168045017688, 0.0108843009798776, 0.08241440337434433, 0.017189531403331824, 0.015718054045323764, 0.006687360819129125, 0.013603466614586968, 0.013525217128029182, 0.033530839979915, 0.021918402838711624, 0.040671474439682415, 0.04399214445916112, 0.27391722143826314]
                  , [0.10841793561817067, 0.012194907361552515, 0.009670806434812985, 0.027874895530284553, 0.01841330043626365, 0.014935853856207347, 0.009633041459254994, 0.1479781042289714, 0.030581849586568094, 0.09884030733910806, 0.0468792461234893, 0.016517121691782138, 0.011433801265798531, 0.026123992833593703, 0.020609765010093116, 0.05945686190954755, 0.10482452818832713, 0.22187199350345474, 0.003116941203740139, 0.0106247464189793]
                  , [0.40893350435038156, 0.03374651871085214, 0.00789707009955894, 0.012725164769021694, 0.005237760073317912, 0.08567008118814018, 0.004947962013298054, 0.01578156508829419, 0.008671002647206173, 0.022147761978553646, 0.007200993370851539, 0.02124421330993187, 0.011809049473258094, 0.00991958840185279, 0.008141872178294896, 0.20505094902317722, 0.07656129113423643, 0.048965319235419365, 0.001344325105435675, 0.004004007848917644]
                  , [0.02758018027235324, 0.004985796095739435, 0.0024935897147939324, 0.004310409442428556, 0.06771180055025934, 0.004252739748587271, 0.004389034807167046, 0.12649088980335504, 0.005222930461665547, 0.4788986985986989, 0.11101569059145548, 0.004388185720323637, 0.0036317903486384907, 0.008346003686891337, 0.006049319385304757, 0.01125873421349429, 0.022883539735716787, 0.08636365839085498, 0.003158656881034773, 0.016568351551237138]
                  , [0.03687359640689507, 0.004895939438179293, 0.0014492023829359819, 0.002452296277273817, 0.016484159309665816, 0.002852543192220283, 0.0017387909049568395, 0.3423002134770055, 0.0026371203842996006, 0.10163050116754604, 0.028245575234420593, 0.002574103037494641, 0.002208423240908051, 0.0027005613488091207, 0.0025890779488362574, 0.010693796491557323, 0.02851858046486833, 0.4056080062798135, 0.0007869299925735741, 0.0027605830197403114]
                  , [0.11137219291209381, 0.006594000849248381, 0.05715531326541781, 0.04218606504731047, 0.006092336662997748, 0.408948405973169, 0.013147324529979592, 0.007861940520260763, 0.038388926034648815, 0.013229635475578058, 0.006279358071022303, 0.06228917904954824, 0.011557067384569521, 0.030668984396731602, 0.03471557527052406, 0.08841039798663128, 0.03629279139331991, 0.016141162109737376, 0.002479124125722868, 0.0061902189414882606]
                  , [0.12278733468628807, 0.004557477945964506, 0.03907104558347434, 0.050797565860084416, 0.006765077627987498, 0.03767988889263187, 0.012302517877247367, 0.014032933707211594, 0.04365139236692697, 0.03777549834652782, 0.007668943934658494, 0.029335425194305688, 0.322859472089721, 0.041332095879824546, 0.0366354501165654, 0.08874992481782341, 0.054938580649964514, 0.040539513630201036, 0.002282049154888393, 0.006237811637703008]
                  , [0.03193797470540422, 0.0042809405067812415, 0.0012728228628314977, 0.002185295586141007, 0.047118941213751354, 0.0035164230063150946, 0.0019736986396282855, 0.26055396212538606, 0.0024766733414520194, 0.32972589043181644, 0.07127432695021957, 0.0024477979536188447, 0.0022991834668023123, 0.0033929005634439143, 0.002877710893372802, 0.010672947981090681, 0.022807444395768886, 0.19210368623280233, 0.0016313020905819793, 0.005450077052791444]
                  , [0.04961041425986598, 0.0037141404481452565, 0.14945315554233493, 0.05501191104320607, 0.005019831742408433, 0.06469805491621738, 0.04150057949865767, 0.0071840610441759375, 0.05319478023299519, 0.010366498620813963, 0.005137513433514231, 0.28223880950714436, 0.007362722167963197, 0.03916205046309402, 0.032380376950993515, 0.11493433294425258, 0.058837796496875386, 0.010644146779258507, 0.0016311210962322179, 0.007917702811851278]
                  , [0.05096090372463765, 0.001246866673205235, 0.25972478300814883, 0.41565468317466947, 0.0017382551852008375, 0.02597782769722128, 0.007902679983433657, 0.003471054911516244, 0.03723645004285176, 0.006212072292577334, 0.002836796247909887, 0.038123297065242374, 0.0061272521654083855, 0.055716127685012086, 0.01671822879474993, 0.03428373454709014, 0.024707881557367462, 0.008488406133255222, 0.0005614097393218226, 0.00231128937118066]
                  , [0.02689150722299422, 0.0027227314693190306, 0.005791242293596343, 0.02530196575411585, 0.0026551130804749455, 0.010816904025781763, 0.02306547343960906, 0.0064155036618398515, 0.33991760815950933, 0.019451067892308254, 0.006006838203682225, 0.028381433548584693, 0.0036411779401461734, 0.05275541353734527, 0.3780371759343869, 0.028875001915900204, 0.025782504552879296, 0.009001827830660693, 0.0011947226144963007, 0.003294786922369704]
                  , [0.01181621106465785, 0.003600390556045394, 0.0022599129992591175, 0.002852342432318878, 0.3707548077125473, 0.0027953825897539405, 0.031477157036903264, 0.014609751688488076, 0.003128422299744262, 0.039612991247866484, 0.0073007203210891415, 0.005053020642845808, 0.0017414632319253205, 0.004040926001994696, 0.0037502572164841382, 0.011635297585809504, 0.00602762027983075, 0.01577217704272087, 0.025176468951924966, 0.4365946790977902]
                  , [0.08450744718889253, 0.0032699829781585765, 0.02234823704325954, 0.01463216765434713, 0.0024450524773185532, 0.723832697378676, 0.003974163356158938, 0.003344778840945948, 0.01299674836587664, 0.00524750421177014, 0.002771032350384327, 0.024604974159489645, 0.0037675761809768693, 0.007104011894402912, 0.011776991524282172, 0.04554084473594529, 0.014710409374809798, 0.00993463846324871, 0.0009576962635506772, 0.0022330455575057576]
                  , [0.012834843327493366, 0.0022047258207577415, 0.0008607209422717641, 0.00135762697341311, 0.047408222962862276, 0.0015118177626584491, 0.0013932199973348716, 0.11771539546226358, 0.001598271329589281, 0.6289006362904078, 0.09328070583118994, 0.0015478202156568926, 0.001284211011201824, 0.0028119095318175453, 0.0018595138320870687, 0.004062256104948752, 0.010505919385405167, 0.06405528839811869, 0.0010056564550771172, 0.0038012383654450425]
                  , [0.06987814685166437, 0.012979459047757174, 0.018444083844958145, 0.008811079530094584, 0.00364058224257356, 0.026467117002669818, 0.004731283058168939, 0.010191956571414725, 0.015930254543468466, 0.013363387368552752, 0.005619636840687245, 0.03932654375731625, 0.0062498705469143405, 0.008050010892820684, 0.007902060210448817, 0.3481453821835244, 0.371128381727483, 0.024923675187601708, 0.0010474818501309492, 0.0031696067417501844]
                  , [0.015723221823238324, 0.0021025688537185216, 0.000654380234205611, 0.0010320460941844326, 0.00829841020320775, 0.0010184267181527092, 0.0007381550224553354, 0.43148322628859825, 0.0010628107270877715, 0.06754235443527734, 0.014918043344306112, 0.001088118707707928, 0.0007869854214719237, 0.0011549919986078988, 0.0011127622921866876, 0.002561405441805218, 0.012076835326772601, 0.43522363593272434, 0.00028099572884971493, 0.0011406254054415566]
                  , [0.020775822185053992, 0.0023996756241776323, 0.0005828765581051836, 0.0009306779875793219, 0.027435866522885252, 0.0018507021863350414, 0.0008149268596153513, 0.36271346839665575, 0.0009617803272994088, 0.2891475070339865, 0.04473182739377935, 0.0011058788687576485, 0.0010038799084681612, 0.001354401062221267, 0.0010982147876343043, 0.003621189104415571, 0.013454465825886048, 0.2232691311040446, 0.000630577570427828, 0.0021171306926716462]
                  , [0.2632338213086525, 0.036512735420719165, 0.002480253060846968, 0.0038774966063622306, 0.01781292416490902, 0.032988859296779846, 0.0025370840709149248, 0.09141065073923611, 0.003507199223695142, 0.06280504552178869, 0.028498033050706837, 0.0046262514744639495, 0.004517013431131154, 0.004207258800573746, 0.0036877433231444876, 0.06163891439563497, 0.1025808072194222, 0.26860339381630194, 0.0011906960070713136, 0.003283819067644576]
                  , [0.5898936773004825, 0.019394470165365843, 0.001726942713000651, 0.002291028799223739, 0.0020731757752304944, 0.08508807733699608, 0.001429883392447004, 0.006938726250297491, 0.0019136579280276114, 0.007703123926505699, 0.0032238607655354543, 0.003716183702573186, 0.0030775144672854, 0.0024915528448085722, 0.0020673354232059443, 0.202013027251879, 0.03861944985661484, 0.024406043254989174, 0.0005046677858171314, 0.0014276010597143957]
                  , [0.02795900403842269, 0.0017444787132457082, 0.5260230039388828, 0.0915370538466698, 0.0022714175959297643, 0.03551431390614269, 0.01919054644301856, 0.0034175748903489877, 0.024489011934557676, 0.005148253744865434, 0.0024941086387292545, 0.14574158931664447, 0.004320690793429264, 0.02219824036754244, 0.010855531779781814, 0.04381569263463959, 0.023584706218967577, 0.005644756003663113, 0.0007702471262594228, 0.0032797780682592096]
                  , [0.023084348078075734, 0.005768074498854851, 0.0020330504881399744, 0.0026970943783949904, 0.4064014108599675, 0.0042075624596979765, 0.005190298263707734, 0.06508300578541322, 0.0032692104370667355, 0.2408285651341013, 0.04932485776091537, 0.003870130540352772, 0.0025663324182074324, 0.004175226048329161, 0.0037852409780035922, 0.015129955718501259, 0.01575261329292345, 0.051142578841298005, 0.01625493349194836, 0.07943551052610069]
                  , [0.03817795406488733, 0.006266986205520276, 0.026775096086769874, 0.03202542017682046, 0.03412597784127895, 0.012762126999295824, 0.31906333639247203, 0.010372597043871792, 0.038578681621138554, 0.03803637555782173, 0.009197076389591045, 0.08494375931165866, 0.006647215470493141, 0.10817882302668808, 0.057082996871133405, 0.045712198075344906, 0.03255985228402455, 0.014359617403804583, 0.0036869841578579337, 0.08144692501952698]
                  , [0.0920064813981089, 0.002316904967873342, 0.011432065134414837, 0.017551151711256926, 0.003005557564619575, 0.017125427904543692, 0.004689855469354938, 0.006760910908297045, 0.01517639048186876, 0.018080757809082762, 0.003460022656153737, 0.006628264876276225, 0.6702087094143293, 0.015307326519294217, 0.012325348465260158, 0.05284096507146212, 0.026888469656355305, 0.020746409009141677, 0.0009191353113767848, 0.0025298456709296987]
                  , [0.026385588230794378, 0.001090135357711731, 0.00395970580975964, 0.001820781027838204, 0.0007664925055776117, 0.9285636383472089, 0.0009713483679412912, 0.0010162429653973776, 0.0014574444538569071, 0.0015324550934426257, 0.0008111509779861154, 0.005156813666549921, 0.0008121867145498991, 0.0012693869978441402, 0.0026397055317287864, 0.01495196723150595, 0.0037358917890319126, 0.0021862694712602437, 0.0002748945222490707, 0.0005979009377653917]
                  , [0.019539665474487097, 0.004893082908167919, 0.004239093506250697, 0.005564168406002901, 0.07683386487982402, 0.00875976677265755, 0.008399794968580973, 0.010785899145197914, 0.006288905207802384, 0.03605964627808536, 0.007727852755104833, 0.0064891863605820626, 0.004058426399646653, 0.006750172739104732, 0.011311272763019312, 0.019822137033363572, 0.01406745684017595, 0.01737839007677391, 0.6653820226695449, 0.06564919481562732]
                  , [0.01583744010178451, 0.868784455090297, 0.0030026781157546163, 0.003497312581286695, 0.004283110318802455, 0.008976066248619297, 0.0032510066392573895, 0.006798005060279248, 0.0037347440494131584, 0.009788329735495033, 0.0030107494890368675, 0.004777238988810149, 0.0026582657403658723, 0.0035267241498976006, 0.005127878016188709, 0.024391718991359817, 0.012098165125748959, 0.010959494233824814, 0.001477507584371198, 0.004019109739406162]
                  ]
distribution_weights <- [ 0.1674960061060164, 0.07947104111705261, 0.07277482230896351, 0.06917745266347461, 0.04594983623315631, 0.04105402128395956, 0.038898349954502844, 0.03860611380936119, 0.033366491630586005, 0.032325901749061976, 0.03171965500090536, 0.030310045359633823, 0.029584612105223347, 0.028640288247981278, 0.025635413061465856, 0.024711717637998492, 0.02303737642995157, 0.02011043088214059, 0.018998787506503686, 0.018522041481488272, 0.016866036659018865, 0.01553664870464896, 0.014936132076985315, 0.014898313281731688, 0.013066966772177285, 0.012906523398374021, 0.011009853515199718, 0.010150335441253659, 0.009313737849279495, 0.005643022661480526, 0.0035148559103900835, 0.001767169160033097 ]
# The number of clusters.
n_clusters <- 32
# The base file name of this file (for reproducability).
fn_distributions = "dists_all_poisson_allsites_lclr_032clusters_rb"
