16 20
0 0.27178463468887243 0.0765710360093988 0.0097387140816409 0.0521038760198331 0.0673615960739360 0.0173610522772765 0.0492285180215936 0.0579368617025068 0.0401005408933936 0.0716322858925001 0.0589782529080930 0.0181135323800083 0.0742698992773884 0.0152375487795001 0.0713284978844857 0.0689027638046922 0.0957575189130566 0.0715655706612651 0.0533033884844631 0.0045177112450865 0.0259908346898816
1 0.08306621798893515 0.2802790820997014 0.0627185350175985 0.0077751745754455 0.0116304826726219 0.0097526301201740 0.0689166366281641 0.0064222063654093 0.0399916054271929 0.0102534719392473 0.0411740860474165 0.0169348366609953 0.0304405047706538 0.0115330888382924 0.0123819635461989 0.0099555066110167 0.1903412651961022 0.1027030240539170 0.0790494219368535 0.0017490174010840 0.0059974600919148
2 0.08204813779729653 0.0456692750382093 0.0095981496066631 0.0029210387319612 0.0052381776571612 0.1025478831036548 0.0071232887777184 0.0064124689186318 0.1379053044832285 0.0069534556956138 0.3304097520914080 0.0951969074154069 0.0062371138953448 0.0045439416981675 0.0098583191248132 0.0084616065527123 0.0284614850763204 0.0382311223509865 0.1142963429543937 0.0050400329786299 0.0348943338489748
3 0.07005646495180516 0.0360212592654628 0.0037847973339194 0.0092498809274485 0.0379380516351103 0.0035112961873891 0.0137499121971562 0.0291891288566668 0.0092998971642592 0.2992731550719924 0.0259123750987691 0.0087580543227130 0.0367982986068807 0.0043153419994041 0.0649312266000969 0.3241059814887485 0.0399285288039630 0.0334265686495800 0.0137969939152668 0.0015159919208978 0.0044932599542754
4 0.06730736325785662 0.0822200556948427 0.0212384335763293 0.0019817988323312 0.0034867329459133 0.0294608239553618 0.0095730350429892 0.0026406612127179 0.2382966468251517 0.0038633453779048 0.1166434896267965 0.0422184845135854 0.0041958009931316 0.0035290637644419 0.0042239494535092 0.0039872419243741 0.0291659603355070 0.0584887063795710 0.3385309174935405 0.0013849351029485 0.0048699169490523
5 0.061367136257343295 0.0554687429462772 0.0019246770548785 0.2108056232652316 0.3761801399251588 0.0025288973493931 0.0290300057210610 0.0137315294375956 0.0053649834222790 0.0503616363791137 0.0095733882658551 0.0044078511088600 0.0435048474252485 0.0058240176103483 0.0703171709639854 0.0292481484213787 0.0444729832250355 0.0300833849634861 0.0130314829484762 0.0006712452564943 0.0034692443098432
6 0.05086123310329094 0.0163216979544561 0.0066588122755565 0.0024901144203728 0.0031835056931450 0.3774826371632958 0.0036457437785203 0.0347335279155845 0.0245419342722367 0.0037356861844063 0.0603441440612369 0.0172431734538616 0.0060275782110762 0.0022157163683347 0.0048100170320044 0.0049571163351874 0.0162353829670882 0.0080769254027242 0.0240786751284788 0.0328345712978851 0.3503830400845485
7 0.05030228711572463 0.0287098198143571 0.0048202933596391 0.0006494437802804 0.0010709701258290 0.0394143449850481 0.0030597329516938 0.0010527117820969 0.3142440745818700 0.0011840916249833 0.3012277910217465 0.0557167464112047 0.0013882045544792 0.0013755911361881 0.0016883982013135 0.0013771258247011 0.0084229895539740 0.0185338408256963 0.2117344056664258 0.0010231039634016 0.0033063198350715
8 0.04827468202817544 0.0156418582165707 0.0033622812484428 0.0009011004402083 0.0014667231077237 0.0578685168451271 0.0019791297178120 0.0016999178279683 0.1167720712649239 0.0017893508130034 0.5990078220978152 0.0966010349004802 0.0017152657709651 0.0015335937569255 0.0030540261952200 0.0021778240802961 0.0055301394477758 0.0123580366107641 0.0676250023891621 0.0013401031411642 0.0075762021276513
9 0.04291621513716991 0.0191119755893888 0.0039327390554798 0.0006477276426322 0.0010222598597854 0.0112928749218035 0.0012780743193977 0.0007930405150394 0.4173393335064399 0.0011281669807703 0.0798330258511111 0.0194816869518884 0.0012224140213169 0.0009671459289276 0.0012258123764255 0.0011936990055197 0.0036952923994080 0.0142125967922531 0.4198126244972329 0.0003720013819385 0.0014375084032413
10 0.03455483944561684 0.5610182123578782 0.0234378487328330 0.0017538830088358 0.0024219798990090 0.0028098607842578 0.0886428575979504 0.0015492278657833 0.0114419144727604 0.0020156492402245 0.0112611104482095 0.0044178731037158 0.0041303375839813 0.0032941658391150 0.0026616156636861 0.0021869546321107 0.1990963097727625 0.0443321543600833 0.0312187128030554 0.0006061654069186 0.0017031664268299
11 0.03337135686990247 0.1018464319113801 0.0065796417245193 0.0313142411533224 0.0227187222239708 0.0039445658516178 0.5970516109887145 0.0064083232715910 0.0051033455267500 0.0214271752908068 0.0085033727997719 0.0042475188679948 0.0378831522533847 0.0047819970021205 0.0148279348873556 0.0198462525468884 0.0719918115004832 0.0222845477950357 0.0146525770801290 0.0012916190400223 0.0032951582841413
12 0.03124679176410198 0.0730900286137511 0.0196108915769033 0.0164839365959246 0.0072733850108591 0.0042894709636290 0.0291996972710070 0.0051418764167339 0.0175789773218988 0.0097520572209655 0.0173247587572463 0.0069317428565235 0.0436386905180564 0.0060392305498510 0.0079620411775266 0.0080622865279630 0.3492959412076112 0.3452890474866868 0.0284753883620497 0.0010592499329543 0.0035013016318590
13 0.02978383619460446 0.0997113370057832 0.0037879314958398 0.0126069811287721 0.0247672411812814 0.0045061023512653 0.0234591006502307 0.0077095363885827 0.0116212275556697 0.0232306032967887 0.0276805377815497 0.0051829755574429 0.0115057167325166 0.5555908164211414 0.0235715884168933 0.0198814944081193 0.0729678805896368 0.0378380700617588 0.0293122885755929 0.0011909725631137 0.0038775978380211
14 0.027847487594821193 0.0281022680700008 0.0027174131384798 0.4594420184037690 0.0835529907842180 0.0029167146044594 0.0370762621779600 0.0250485462273793 0.0043337126957415 0.0260613263523365 0.0060269505772610 0.0031595129894474 0.1830547768818115 0.0041664160945192 0.0233125986476711 0.0160357806364609 0.0568358069926142 0.0266965156368754 0.0064580597677341 0.0008148593189171 0.0041874700023439
15 0.015211315804482975 0.0302245721369514 0.0013748000852472 0.0045167913276356 0.0020775750474832 0.0008920245673126 0.9176529240041696 0.0010624524656918 0.0011324808192216 0.0015253770918769 0.0017536807309547 0.0009285245343900 0.0057427754599638 0.0008736407150489 0.0013505158434296 0.0030957592315511 0.0176446636988329 0.0042616087133857 0.0028940321270293 0.0003154060726492 0.0006803953271751
