32 20
0 0.05163990021497465 0.0700855983700741 0.0103877621689116 0.0390258491893834 0.0691567847771275 0.0140062227381895 0.0357130494137729 0.0387217942279761 0.0222041254203328 0.1362960403482318 0.0459086442157700 0.0167282233351119 0.0464055218037734 0.0266007770968629 0.0933065875425655 0.1553626582433168 0.0665046864131904 0.0566856706363901 0.0331117759737596 0.0068263477065746 0.0169618803786850
1 0.04852257617038561 0.0810880752761176 0.0064164853164932 0.1553276348681905 0.1908708337653008 0.0093027802520993 0.0477255371921791 0.0261580873362438 0.0150380976308036 0.0612191931860024 0.0263645112370349 0.0104145800117477 0.0643838060054646 0.0260412139825247 0.0716356409960958 0.0433894795683246 0.0702661847347414 0.0521057710976910 0.0267007734918298 0.0038814817777470 0.0116698322733678
2 0.04798992952969984 0.1570033919438924 0.0156372393548959 0.0372079651630285 0.0482263225647144 0.0168907555214409 0.0493064218450337 0.0211794354793893 0.0390564155828810 0.0420498936795824 0.0493314475118319 0.0205786228083511 0.0445470100830625 0.0365811557949888 0.0397828821357997 0.0377359080397670 0.1370375213714289 0.1176125377605736 0.0691891321651067 0.0054804920763219 0.0155654491179096
3 0.0416728936507754 0.0330178626500808 0.0086407287655981 0.0019131284494602 0.0035465619780716 0.0103378918488461 0.0031616223481173 0.0024117949709461 0.3483280105050469 0.0034806712349351 0.1216689155562578 0.0257429398374080 0.0031852118520876 0.0027567105450187 0.0037673183945486 0.0036905061025982 0.0077393109514851 0.0253371067224307 0.3873739118546511 0.0008453568246823 0.0030544386077296
4 0.04062867631561804 0.0319378280231771 0.0060336052557583 0.0071961126335982 0.0121270138609506 0.0530680401666179 0.0084516494194884 0.0091564782213085 0.1518604284664566 0.0147681057201051 0.3842820152512140 0.0899884785705174 0.0099391756493480 0.0085750070370616 0.0176436425836902 0.0154181348419628 0.0184456951986947 0.0280241399449426 0.1129566335695862 0.0044611347086384 0.0156666808768832
5 0.03952697912714927 0.1436885395656272 0.0137092588956050 0.0608915200640206 0.0560631892783467 0.0123194284003134 0.1886437088889174 0.0243285822206665 0.0158514463281176 0.0407689559643495 0.0278898608725371 0.0112826101812741 0.0571047125585122 0.0313552072578450 0.0397256028773450 0.0423767580379759 0.1232779621782188 0.0608895915604169 0.0309242370885429 0.0057632350104484 0.0131455927709198
6 0.038902364721165233 0.1348816762560248 0.0063378218544578 0.0266356463659581 0.0377089074863741 0.0100321085533897 0.0314529746422290 0.0155598233504650 0.0187093319519776 0.0308328568410641 0.0334073775471580 0.0106151579966983 0.0233192531386989 0.3682072643097093 0.0326777620389362 0.0281534659899582 0.0868732647007376 0.0542241207547900 0.0375568627045491 0.0038014301608702 0.0090128933559539
7 0.03666256643713045 0.0678260125357119 0.0078042504931850 0.0099396769435093 0.0169841353415294 0.0174991828322936 0.0122981778615927 0.0084392984831990 0.2319929526991956 0.0173314240468236 0.1237456000423250 0.0322094685511520 0.0133782535273002 0.0129857189146867 0.0159603015914134 0.0154815475293499 0.0297738511109692 0.0626814199714838 0.2909229621192883 0.0030967835433727 0.0096489818616189
8 0.03494583481822954 0.0329455364780640 0.0044864228059564 0.0114983386032092 0.0298947090767867 0.0048105659985483 0.0152033581898035 0.0269007893547191 0.0109981116507771 0.3066480597851653 0.0236136987230772 0.0099716535882558 0.0336059464626685 0.0078805013585276 0.0738273847555507 0.3177904289381332 0.0343294734158806 0.0320735489610057 0.0149763343468064 0.0020643097621780 0.0064808277448868
9 0.03437295228022578 0.0532393488477356 0.0024430131102579 0.3005958378082662 0.3116887035835835 0.0030138681489144 0.0302201162570354 0.0137758605451017 0.0057048366143330 0.0364188709229858 0.0103694860170435 0.0043402544068571 0.0597942956403719 0.0121901286348691 0.0526230565569120 0.0150509603291071 0.0420128962715738 0.0289804077675168 0.0120324948012800 0.0011954571480025 0.0043101065882527
10 0.03401657718969501 0.0974819084610206 0.0040139153414862 0.0251805373178506 0.0170351368929329 0.0038648713763774 0.6602701253351899 0.0072042366484015 0.0053189262266424 0.0154021388573911 0.0084613123462347 0.0042124807437194 0.0286554263671956 0.0083402416452713 0.0123483546511052 0.0131668002052090 0.0536962373092617 0.0186208649299729 0.0111129491796221 0.0016659350849492 0.0039476010801664
11 0.03160242335061561 0.1030750479584146 0.0049933196055885 0.0578922754519236 0.1306140140498587 0.0037564384756355 0.0296190973683149 0.0290446306167103 0.0117480169930361 0.1429102885045125 0.0247539341514343 0.0080342991375424 0.0504137141706950 0.0075148274163486 0.1205133610814399 0.1133825826408138 0.0714583152385006 0.0619414532980212 0.0223485755148389 0.0011292537850618 0.0048565545413089
12 0.03148746364399278 0.0165762354620179 0.0042895613580020 0.0054194557129574 0.0067231090451491 0.3419384084769480 0.0059932481608442 0.0352196004650996 0.0156191667770868 0.0070080456700717 0.0520848991720418 0.0125353578892739 0.0102112516396838 0.0039615628334085 0.0093970807346929 0.0084945111883241 0.0135907089699140 0.0121985575139492 0.0183189944840329 0.0435842447211677 0.3768359997253344
13 0.0314165718249087 0.0693916446405981 0.0114993890241290 0.0206238407779262 0.0308672120120449 0.0517650655380854 0.0253513535462023 0.0231395078598237 0.0959429132316991 0.0338597855748499 0.2009333483980299 0.0561786464504503 0.0263610918904670 0.0243657641871544 0.0380720652491989 0.0372521413982240 0.0505183311946558 0.0575487269870384 0.1041482304340206 0.0108459493303243 0.0313349922750780
14 0.030299546675556885 0.0661545695286899 0.0010357543359336 0.0671043553238288 0.1228721412414270 0.0059354193263309 0.0300702876510878 0.0287676456586741 0.0130412694454768 0.1765767482018566 0.0226563434363014 0.0091632160565818 0.0729383498533928 0.0127032851380785 0.1064217016160058 0.0938186227745752 0.0706538498411934 0.0648095285818983 0.0219636714627961 0.0019536639824462 0.0113595765434251
15 0.030029391364993236 0.0535237897856938 0.0068412862392584 0.1507025445349417 0.0605071224378255 0.0113753375713053 0.0513924190272957 0.0444598928978419 0.0147648869607932 0.0530939251483858 0.0209488006147881 0.0094013514116919 0.2304498195942825 0.0143660141348926 0.0391449030553944 0.0324346799626375 0.1033828012971394 0.0598376863622154 0.0206052504831649 0.0037818469187216 0.0189856415617305
16 0.029973827506792203 0.4414138108215289 0.0273189155020489 0.0085202315700499 0.0112906853225313 0.0047202365962749 0.0912011653760182 0.0062478562420857 0.0098602051297620 0.0091764431283135 0.0130009061570306 0.0070173174658582 0.0144985298652268 0.0114523814728719 0.0101318166963488 0.0097119454420537 0.2119397718397737 0.0698440167051084 0.0370317310014681 0.0014502456727761 0.0041717879928702
17 0.029176773540873925 0.0572996402082158 0.0025025279361516 0.2318539332498308 0.0871763359896282 0.0037454893300119 0.1383181588793134 0.0214947439817990 0.0054724630961167 0.0459937525522488 0.0095579430319414 0.0041714723171780 0.1792728984150369 0.0107408725138436 0.0362629955981942 0.0247546929285769 0.0852512700899702 0.0385496022323931 0.0099005120133696 0.0016693728489687 0.0060113227872112
18 0.02876483459214212 0.1191620700497136 0.0008527432598386 0.1559340141324903 0.2145813186063963 0.0016692334608089 0.0389566591277903 0.0142410737757908 0.0044367252378728 0.0899609063549523 0.0094203076941780 0.0033711726692787 0.0630308610751659 0.0130837150603515 0.0900995844215798 0.0386733210277946 0.0742305223929087 0.0527336261627524 0.0127558011337528 0.0005130920670940 0.0022932522894898
19 0.027906468782691665 0.0229170138703383 0.0046292826028709 0.0019385637825581 0.0034181181836883 0.0598373634872395 0.0034857376888413 0.0031916845615141 0.2048490207686330 0.0036451953668120 0.4100771315814042 0.0786527041922250 0.0032012580518105 0.0029976044856226 0.0056443885668540 0.0045133457679295 0.0071746867704262 0.0161269577111587 0.1464186297378165 0.0070611128683204 0.0102201999539366
20 0.026992539115040178 0.0598884594038433 0.0099813652187625 0.0399597689040291 0.0486476721881522 0.0436729396413278 0.0297463457185154 0.1551092446692590 0.0228180141822924 0.0540009014080879 0.0499347518652240 0.0171677255044456 0.0737180805354170 0.0174611730669282 0.0738457075812373 0.0638518708399261 0.0645473859410789 0.0488834015561326 0.0330484946034500 0.0089183751687402 0.0847983220031506
21 0.02691973130084572 0.1007852375019922 0.0128408246244547 0.0262620029208698 0.0220804425433066 0.0061153668540611 0.0347439533180697 0.0133720060560645 0.0114254653273197 0.0230409665314860 0.0157010147992665 0.0088061728740342 0.0629398227204641 0.0153269736314353 0.0212622635733408 0.0188100219240780 0.3189974344912823 0.2555401625194367 0.0234634547940248 0.0021693699098069 0.0063170430852063
22 0.026262544977985216 0.0322791854850432 0.0140829744342434 0.0137202480095802 0.0162140772524413 0.2628784387018852 0.0144842244626700 0.0513920700433628 0.0295917206345346 0.0177876468089183 0.0804005336892518 0.0166621659518762 0.0244224979475701 0.0113171414882415 0.0208153558365569 0.0198378552246364 0.0353963779812318 0.0266743350994556 0.0333623192737650 0.0091505132712703 0.2695303184034653
23 0.026214645100225704 0.0311314878033675 0.0007068023332448 0.0027932674260829 0.0045772690398881 0.0182478140471469 0.0040085309087715 0.0024069173194781 0.3325934949793418 0.0049240940810285 0.1716217271704281 0.0388615059073032 0.0041570072422988 0.0040111385662842 0.0052668897931059 0.0043576126827569 0.0089352390054885 0.0264599205044614 0.3291076748501772 0.0014437247636380 0.0043878815757078
24 0.026053701510953743 0.0180115080882206 0.0040880518831758 0.0018958700243856 0.0033377782381429 0.0400133754569910 0.0023987386468908 0.0027733703449578 0.2311592228314847 0.0038207104060663 0.4163023993805091 0.0886536071654658 0.0033106307086056 0.0023273380237086 0.0057864177710310 0.0040942341903284 0.0063914514281242 0.0147051939618372 0.1445970180070561 0.0006606384232221 0.0056724450197967
25 0.025478902977839602 0.0734543173873389 0.0048920787507498 0.0229211373592763 0.0694008570642220 0.0122710485774571 0.0147856338260482 0.0218055602336138 0.0791863482325692 0.1068486896733266 0.0985661113575616 0.0362895510540807 0.0305359527392177 0.0100054534365825 0.0857507808500539 0.0818207213912691 0.0497730508587409 0.0861511211293025 0.1001054185887349 0.0030683593567186 0.0123678081331357
26 0.023802407256256684 0.1607794729611203 0.0026727967655941 0.0943529386112552 0.1240213123893956 0.0041160897418572 0.0460432829201125 0.0141396706869921 0.0085293082134870 0.0610688658403197 0.0177216715581731 0.0058309461918983 0.0398902788555747 0.1376582299525429 0.0560768645885706 0.0370939173301942 0.0999729774972861 0.0607798564808296 0.0228943034353908 0.0017245365817680 0.0046326793976383
27 0.023059001153429057 0.2446204242983123 0.0313134621774892 0.0078271696011903 0.0124756475728130 0.0099922372094080 0.0244094179815238 0.0072517847493903 0.0835144370832223 0.0107788313701771 0.0577109743147711 0.0241222918035877 0.0124759160138211 0.0110405234926011 0.0123891772061870 0.0115230753397199 0.0797301600066393 0.1226745947580340 0.2276790502506038 0.0021511108963800 0.0063197138741288
28 0.021284789681216734 0.0274975401273222 0.0071194972794460 0.0055382484231111 0.0079961901712405 0.2368690700765818 0.0077789079941384 0.0148656989212492 0.0866157677586799 0.0092009882898527 0.2735748140376185 0.0629025094385066 0.0091177027462823 0.0060826594154500 0.0119516388361756 0.0105294391591397 0.0171853718836339 0.0203047725779281 0.0679320068010862 0.0186526486245236 0.0982845274380343
29 0.019853541333762516 0.2602232142795726 0.0017037507927815 0.0276297238316234 0.0318503328352542 0.0075664928083321 0.0566866651950498 0.0073137874981087 0.0219665547786839 0.0306643006387745 0.0227314747154321 0.0103550326243831 0.0370672242284524 0.0215703179176983 0.0240352070594317 0.0174438075988510 0.1966081939430091 0.1550291451731920 0.0597595130488183 0.0025322933023832 0.0072629677301680
30 0.01902583144607815 0.0567140805563306 0.0119896471148608 0.0237294718470821 0.0275683910013993 0.1204837300077226 0.0298941639798269 0.0398008664252172 0.0315864649343739 0.0298170760126673 0.0736658356998065 0.0224698431629872 0.0301544915667853 0.0197981558062909 0.0323880511665758 0.0374098331568005 0.0494804539561924 0.0427123822131518 0.0433969912384652 0.1488358003184374 0.1281042698350260
31 0.015513812408750733 0.1195826822170003 0.1749405902920177 0.0226313636039602 0.0274272041437132 0.0267466477231707 0.0429156260006963 0.0260284933973800 0.0342800554808031 0.0303154869899606 0.0528761241118713 0.0209504712369354 0.0397597403015353 0.0220800474656921 0.0310289240963868 0.0347679334507473 0.1225161975361629 0.0771433494315117 0.0600091283504678 0.0085409186776008 0.0254590154923864
