# This script is generated automatically.
# Vector of amino acid stationary distributions.
distributions <- [
                    [0.08646776227041864, 0.00946036253587941, 0.07341081067667535, 0.08143978972437958, 0.009379119976671258, 0.044765691074717874, 0.03467200888216666, 0.03806551119143961, 0.07880279839690556, 0.052404322946346844, 0.016142129096723027, 0.06341669435489039, 0.03986645736034907, 0.05795861814835852, 0.07496661664196888, 0.09816816822418996, 0.07599418553195862, 0.05281138765416327, 0.0023585599682411622, 0.009449005343556154]
                  , [0.03594255770429616, 0.007121433597280367, 0.0011223127917552322, 0.0018900149251849141, 0.04020104997640452, 0.0035192750877749176, 0.001777533063984428, 0.2780320730250098, 0.0021823842494886983, 0.2696038843037263, 0.06076956638777873, 0.002302778523929931, 0.002031818381892687, 0.002883104044729147, 0.0024630252004085727, 0.013209932628701949, 0.025953784846048163, 0.24333723770622306, 0.0012386210043932883, 0.0044176125509890725]
                  , [0.29706793820646643, 0.024017649531887408, 0.005960832869799432, 0.005509452336911658, 0.004103754062979308, 0.35023679148556, 0.0030849338741408103, 0.013515903245775061, 0.004559926160352659, 0.015865537718287016, 0.005206617542133167, 0.01790211759482893, 0.004888052306909603, 0.004885420894607101, 0.005021603486006826, 0.15401770506657156, 0.047891414707777934, 0.03260779542354048, 0.0010074720054581562, 0.0026490814800068057]
                  , [0.021821681237917175, 0.007981326604270263, 0.002779749076207061, 0.003606012237885782, 0.35630005446348006, 0.00453528248709897, 0.03435672123871863, 0.03818230890134016, 0.004319446590386769, 0.10203970405804302, 0.030397691565425645, 0.006488231356338737, 0.002725770185453605, 0.005670179738543435, 0.005717463230311597, 0.019358924841632458, 0.011328767020783436, 0.035035767187615946, 0.038848770799284345, 0.2685061471792628]
                  ]
distribution_weights <- [ 0.5946358295785091, 0.22942736553926882, 0.1018137226943478, 0.07412308218787429 ]
# The number of clusters.
n_clusters <- 4
# The base file name of this file (for reproducability).
fn_distributions = "dists_hogenom_poisson_allsites_lclr_004clusters_rb"
