# This script is generated automatically.
# Vector of amino acid stationary distributions.
distributions <- [
                    [0.07607453633266648, 0.010821362286710033, 0.04911408206219001, 0.06762640128318137, 0.017001833878344755, 0.04722259843439846, 0.07451720695082238, 0.033726983874314574, 0.07241335899163082, 0.058746286458896596, 0.018660475096792455, 0.06940730959970381, 0.011706554711506797, 0.08418786329063623, 0.07422541329296299, 0.08756753977927378, 0.06536089165690485, 0.0506184819124743, 0.00425673380903939, 0.026744086297549943]
                  , [0.14313009873582136, 0.03175035358042482, 0.023897574627035935, 0.030689299796231254, 0.00903174594333805, 0.05591573336185828, 0.011355900255046276, 0.03315218477538675, 0.033509786386493656, 0.03651206357514071, 0.013419025251085579, 0.058934813973056124, 0.011851878122570488, 0.03275722224281504, 0.02905803117409365, 0.2328751491599543, 0.14921325381010034, 0.05360173189342182, 0.0018690667076429668, 0.007475086628482774]
                  , [0.05048556724389023, 0.004861690362219469, 0.018233024224647558, 0.05663520482118304, 0.004883154046838299, 0.02386032892286698, 0.03813880281382161, 0.012813884952414064, 0.2383970917665618, 0.03550689697853339, 0.011595506561818689, 0.04782096615425047, 0.005890789778070924, 0.0846500490082645, 0.23278590744559058, 0.05420743305192302, 0.045375392393378004, 0.025616298319042826, 0.0019282228271937387, 0.006313788327490961]
                  , [0.07128950934844577, 0.003015609589510812, 0.17537164490747303, 0.25051681207648036, 0.0038327657443141057, 0.03906655464433386, 0.026385270923951567, 0.008064239467109376, 0.06880222324429576, 0.015347921743857433, 0.006504838811901534, 0.06125430870819483, 0.008054934412932988, 0.08281161669938202, 0.044185925504087724, 0.06380133355741387, 0.04295695491407356, 0.022386412437563025, 0.001022122885138999, 0.005329000379539376]
                  , [0.07205825391502543, 0.012873568191482573, 0.006165327851506486, 0.012308564563753458, 0.06636197663029306, 0.011799085055719553, 0.01146010746100773, 0.1258414462726418, 0.01798291734313471, 0.21080391510698152, 0.085988049270676, 0.013042065238503897, 0.007244069449179024, 0.03278148394930304, 0.027678477524150837, 0.0508338277099204, 0.06678759819489585, 0.13024412161244495, 0.004796932276050794, 0.03294821238332886]
                  , [0.06520931622057966, 0.017409234642202762, 0.002615684431899158, 0.00510267317156949, 0.03489011668548882, 0.006878488564869591, 0.0038177632512605784, 0.24828102848089237, 0.006026263585068909, 0.13591880752266736, 0.05242026955900937, 0.005750673265711187, 0.004334297120154916, 0.006276601397389484, 0.006056282450470926, 0.029777881563369846, 0.061249989319556185, 0.29891034203944356, 0.0018083112149019894, 0.007265975513493832]
                  , [0.027708015665631122, 0.006462063146880626, 0.0018850992766743428, 0.0034521921940818853, 0.06837217879073643, 0.004133372872110989, 0.004026184088867332, 0.12121039657427811, 0.0044654791082876085, 0.47698495326627893, 0.11852946238697311, 0.003935148580755408, 0.003164344108925314, 0.007143662637274805, 0.00541783050594392, 0.016536450784581345, 0.02336659041359019, 0.08362384565306802, 0.002824316658941557, 0.016758413286119107]
                  , [0.038146243422263526, 0.007435093794244567, 0.0008815968306883731, 0.0014788618368838042, 0.05327036940930784, 0.00489179635506723, 0.0015648354846574098, 0.2583427236651588, 0.00177585878002496, 0.31585974357152197, 0.06637280974955105, 0.00194634594606832, 0.002043471670189999, 0.002491727748447659, 0.0021325685529366735, 0.013788377865343315, 0.02453420412238855, 0.19578162546645747, 0.0017300900132318324, 0.00553165571556663]
                  , [0.4044078484257229, 0.04078451886556644, 0.005064202539882271, 0.007285392754436129, 0.005848016044488321, 0.07583661406097253, 0.004104101959964746, 0.019310136535224048, 0.005968858617397513, 0.022167425822199358, 0.007891310747765605, 0.018286048863699205, 0.008208065324384624, 0.007452410561214739, 0.00612025026127333, 0.2335370557358579, 0.07611396542011852, 0.04649520617307602, 0.0011953241241840365, 0.003923247162571777]
                  , [0.038869175311263715, 0.010903033158989463, 0.00103129886548291, 0.0017181508278061729, 0.01736531240121874, 0.002791414036921236, 0.001367262565315291, 0.33088757984820943, 0.001924225431999081, 0.09329744815216179, 0.02817767533819077, 0.0021363148685664243, 0.001822037017499461, 0.002088348080898331, 0.0020072940306710032, 0.010943829912852903, 0.027645459584631864, 0.42181387619463556, 0.0006789922717456023, 0.0025312721009401974]
                  , [0.03065457152869133, 0.012062131029680588, 0.005179358024593817, 0.006467765353480932, 0.260259051000995, 0.006969737454212318, 0.0686914305773149, 0.035530619529877884, 0.00808163075401622, 0.07359686338747858, 0.01675407309887105, 0.01568962656486942, 0.004200623648566886, 0.011073724720806468, 0.011901208786620876, 0.03230390906671756, 0.01781823703465397, 0.03700581455812912, 0.03533794082576081, 0.31042168305466233]
                  , [0.012020727672600907, 0.002498634618206602, 0.0007071592372810882, 0.001105358770073218, 0.04618049199349923, 0.0014231392246475513, 0.0012643345326114244, 0.11281730571263557, 0.0013412904314179248, 0.6482013613996157, 0.08715328892673015, 0.001296338473746838, 0.0011555347063509152, 0.002359629619064787, 0.0016225625488390603, 0.0038611212525811334, 0.009641611520738808, 0.06078664094203637, 0.0009295034984091478, 0.0036339649189136504]
                  , [0.09829986250209687, 0.007953664695456403, 0.04980540549707873, 0.03816067351688696, 0.005797435142306333, 0.4508906045508361, 0.011931258052373274, 0.007345131512188311, 0.03615661723065809, 0.012703054538403223, 0.0061568595893711575, 0.0600042496645306, 0.0074777048133025156, 0.02671864724473381, 0.033221297112295704, 0.09259713639869546, 0.03266728027338425, 0.014938259761874365, 0.001919075435445223, 0.005255782468083081]
                  , [0.11210290096161941, 0.005612206260557004, 0.036011990894449765, 0.04875641381413407, 0.008023753454557598, 0.03831369353085549, 0.0150059658139687, 0.027068275269700137, 0.04697802999383187, 0.04547992315520365, 0.009674139990559237, 0.034513084678165946, 0.2660411624579006, 0.046025090406003756, 0.04189080582452594, 0.10132490822419303, 0.06150835658677526, 0.046531506521033564, 0.0019661327192439983, 0.007171659442721078]
                  , [0.2695835065289239, 0.04162925306701554, 0.0020588063293475495, 0.0032491688112838905, 0.022732331810188546, 0.03935009655185633, 0.002301703685747786, 0.08868295983119459, 0.0030159845542588374, 0.0657642295868088, 0.030721774517913487, 0.004488854801767238, 0.004133932421806341, 0.0037880309355248437, 0.0031668180870059954, 0.07136798939129634, 0.10492267595280727, 0.23420595104824665, 0.0012953804602924605, 0.0035405516267136747]
                  , [0.02165687842291487, 0.0026404081475381296, 0.004316905605322377, 0.019572096229575564, 0.0023358263699801976, 0.0076974933358902485, 0.019925960034215984, 0.0060216933118223265, 0.34199197180892776, 0.01708403558678579, 0.005951756695317955, 0.024333256502729855, 0.0027541198022413838, 0.04275516388087131, 0.4222092383892662, 0.025378957505325577, 0.021623320245745425, 0.007723067958350188, 0.0010791163527755624, 0.0029487338144031246]
                  , [0.03800657727867485, 0.0012441663823658162, 0.2435022848820703, 0.4825641041211337, 0.0016313249332157505, 0.02112036107353042, 0.007019598200605795, 0.0033610819249837234, 0.030919902495952306, 0.005737780564945079, 0.0028732562169131314, 0.031165969757038385, 0.0037007311810336252, 0.05266308718958997, 0.015273436967035972, 0.029383585116494297, 0.01932476402697231, 0.00787002863342419, 0.00044606059526677134, 0.002191898458753855]
                  , [0.021394099896806313, 0.0030477626939495405, 0.0004664021600128923, 0.000726911349459281, 0.029362331304709437, 0.0020044835163462783, 0.0006694540153328155, 0.36160594835374715, 0.0007451281481507979, 0.2963024260042295, 0.04561452707496389, 0.0009281214362352006, 0.0009151249182152254, 0.001084981528061959, 0.0008608091512137432, 0.004052209185551624, 0.013280880558563845, 0.2142772370764224, 0.0006209906396596369, 0.002040170988368255]
                  , [0.013841289752521937, 0.002449705783427888, 0.0005385724444858797, 0.0008372254303105822, 0.008953615935173256, 0.0009125413774337596, 0.0006345981886898192, 0.44984369077241826, 0.0008991539867180615, 0.06646160032740152, 0.015127033716144428, 0.0009414077740950457, 0.0006967726567855919, 0.0009738608341354299, 0.0009517852874109556, 0.0024347502992297493, 0.010578525212668232, 0.4215259852299034, 0.0002808884836451063, 0.0011169965074012168]
                  , [0.03955591298106951, 0.005408795108082274, 0.11500180453242717, 0.03930400791939213, 0.005239772953529058, 0.052072255298713524, 0.05562375839474607, 0.007373887514534031, 0.042793482998985395, 0.010291018782797636, 0.0053066132426671615, 0.36094453170050544, 0.0051254140308000014, 0.03349234440057516, 0.03174888473875753, 0.11847766901887882, 0.05263171476914953, 0.009911026217611333, 0.001334793578828066, 0.008362311817950165]
                  , [0.00942419802932977, 0.004109988124747938, 0.001577401451419198, 0.00200008520810404, 0.38885442671545395, 0.002209865880051879, 0.025758395031851056, 0.013370087352321583, 0.002219631205508317, 0.034794503723484166, 0.008793120351407276, 0.0037839547466392226, 0.0013416053099445018, 0.0029037234860008537, 0.0028515287288483357, 0.009786974732409411, 0.004641925343213795, 0.013925550399353961, 0.019573237566511505, 0.4480797966133993]
                  , [0.06106573663419182, 0.016595718535805458, 0.011039228325319568, 0.0051725197754642314, 0.0034314174737813696, 0.02275744120555337, 0.0036870811770540243, 0.014185978197401953, 0.006459864940446208, 0.013739285873827174, 0.005741330706053625, 0.03156619111963229, 0.004601972346785392, 0.0055169782492994245, 0.005831809374448511, 0.3497261391032227, 0.41230467867035187, 0.022928227635339124, 0.0008794537822647824, 0.0027689468737570485]
                  , [0.023799178940599984, 0.007411283339752907, 0.0016309161988338151, 0.0021986232865651534, 0.4103491264872789, 0.004107770804627261, 0.004430401063623623, 0.06799850666199796, 0.002652127323667199, 0.24029558405571969, 0.04888164099322998, 0.0033742632163738153, 0.002320172497980587, 0.003506474431923376, 0.0032657796652177176, 0.014524294137009001, 0.016250242531665498, 0.0541277361273947, 0.015802029985425948, 0.07307384825111284]
                  , [0.6078162147711691, 0.01964969493543761, 0.0013101397670567437, 0.0017569041589282212, 0.0018655339611668685, 0.05675748897057627, 0.0011272505244799631, 0.007646823807903918, 0.0014871682067583067, 0.007312489317447332, 0.0031759824140431257, 0.0030728878427310103, 0.0025135073488601082, 0.001999609756295349, 0.0015899265009227809, 0.21620650911892908, 0.03841679713927118, 0.024566727883358005, 0.00045117299994928457, 0.0012771705747155646]
                  , [0.05038713742524445, 0.0031876695144178327, 0.016371437875145025, 0.010887905573816864, 0.0019457791705227722, 0.8077595781818581, 0.002947811708389435, 0.002502778394407191, 0.010091629435788792, 0.0038783536525790036, 0.0021237352370078147, 0.01876170472137113, 0.0021799258537156443, 0.004630621533787682, 0.010145633983660658, 0.03536860723972641, 0.009635558978941838, 0.004875002153700083, 0.0007102768314648217, 0.0016088525344547502]
                  , [0.02174074452983766, 0.001898349087247942, 0.611307392453533, 0.08607602039537941, 0.0021071717828225808, 0.02565135847828322, 0.01743518899625437, 0.0031933417096703066, 0.017595683241839355, 0.004449917008021985, 0.002320467284971123, 0.11241404487535835, 0.0033002785564121497, 0.018135418006594982, 0.007634658356116309, 0.03743209413449983, 0.018711700761492554, 0.005014241136207192, 0.0006067523945121699, 0.002975176810945336]
                  , [0.10900639044391537, 0.003940536353203003, 0.011692256391105733, 0.025105207085372488, 0.004416634687109852, 0.024405220313459257, 0.0075180139251972665, 0.011354700175993703, 0.02327103402479332, 0.028008818823831678, 0.005033300490820589, 0.010752233196095412, 0.5414750057020268, 0.023291344305054758, 0.0195418338439274, 0.07782905809973643, 0.038394455396353916, 0.02998994197714114, 0.0011809777002751197, 0.003793037064586753]
                  , [0.39245630509633433, 0.01609725410086167, 0.002001340655684399, 0.0026268973672739808, 0.003518405495365217, 0.3951936620089973, 0.0016824015165704453, 0.008943785775923158, 0.0020563320673789875, 0.011636678589946348, 0.004412624491195777, 0.004066754837535836, 0.0029942494915717243, 0.0026444486973896558, 0.002485518320851532, 0.10195911208059578, 0.02313892399585355, 0.01952882408236245, 0.0007278885618969826, 0.0018285927664108725]
                  , [0.01893383481108792, 0.0007973524895187081, 0.0027736099928797634, 0.0011537001679045329, 0.0006211973862282254, 0.9487623843008514, 0.0007530325927188793, 0.0007499323256496336, 0.0008952013507459382, 0.0012158085307441644, 0.000597466530418718, 0.003533886737393712, 0.0006013333733841639, 0.0008744993895746598, 0.001545217582139774, 0.011309067024917758, 0.0026896622162396714, 0.001526851806920891, 0.00021710764828559862, 0.0004488537423962419]
                  , [0.057503017485862194, 0.0018268970308240567, 0.0028709449568219297, 0.004085297089440747, 0.0021096685233082746, 0.0104720752963625, 0.002883093163228942, 0.004907901958879244, 0.004308529436778257, 0.011668773081282589, 0.002258333305746254, 0.003521582240676909, 0.815793996435606, 0.005429071788855607, 0.003919430897482472, 0.03355045342014114, 0.016897005764665272, 0.01370135170161472, 0.0005457849022259788, 0.0017467915201969865]
                  , [0.018339448921228577, 0.007428720462237519, 0.0032084318716202537, 0.004352313052686002, 0.07534265655567163, 0.007592697853197086, 0.007756972090894931, 0.015033780725900267, 0.005367037521535775, 0.03532486745735605, 0.007216082608576552, 0.00542625477824744, 0.0032881081985937028, 0.005696525083236872, 0.011275060771242658, 0.020095511441384998, 0.010367230299139505, 0.016308294326588556, 0.6787614885879499, 0.06181851739271185]
                  , [0.015385962510075653, 0.8816898019916054, 0.002421229566845859, 0.002713627033501226, 0.0039029698581509826, 0.00808762742182332, 0.002677154518747658, 0.006839452343493737, 0.0029176178232501243, 0.00877258205770096, 0.0025887416385144395, 0.003763966339257484, 0.0020497628909600858, 0.002813309330852446, 0.003950066780814468, 0.022641942932043437, 0.011398858154070745, 0.010576899388120637, 0.0011397530956346684, 0.003668674324536394]
                  ]
distribution_weights <- [ 0.13373638282096617, 0.07232647008498261, 0.06573889237437974, 0.06298979068043119, 0.06036046312667541, 0.042123424399703416, 0.04095705241544516, 0.04052643586379969, 0.0388467461358581, 0.036636628072777046, 0.03270119203787144, 0.02804711116180916, 0.02676381680260081, 0.024975759995437177, 0.02480180231563338, 0.02467347287971254, 0.02331318085895169, 0.02285404665487937, 0.02234072891119603, 0.021910112359550562, 0.020857810984999715, 0.01856784349512348, 0.01853362231221126, 0.016942337306792905, 0.015969885359037244, 0.015627673529915016, 0.015313979353219643, 0.010816745565505048, 0.008407003935436036, 0.005144584497804141, 0.004919295043632008, 0.0022757086636628074 ]
# The number of clusters.
n_clusters <- 32
# The base file name of this file (for reproducability).
fn_distributions = "dists_hogenom_poisson_allsites_lclr_032clusters_rb"
