# This script is generated automatically.
# Vector of amino acid stationary distributions.
distributions <- [
                    [0.08185593991132512, 0.010443399731677731, 0.05247102033437315, 0.06538777474803457, 0.01551048252110106, 0.0516465462941795, 0.051897488622092244, 0.03601663501557077, 0.07522532603780523, 0.05930851417448179, 0.015382024502506968, 0.0662672887395731, 0.03855053901645646, 0.06963564698390119, 0.07421153915482764, 0.08373372617589805, 0.07362197112869498, 0.054080746016071504, 0.005719836929676905, 0.019033553961751944]
                  , [0.08545409330781492, 0.0027117005181982587, 0.15360188507412192, 0.1686720901512355, 0.004316635933294292, 0.052937183186543335, 0.031153236947202942, 0.008188273617102096, 0.08176132171927081, 0.014609770586159015, 0.005891937444884937, 0.09219699586562916, 0.01654202924137904, 0.07815508531069532, 0.050219128542662694, 0.07457853408639298, 0.054688802657814575, 0.016407594509833114, 0.001624659839163702, 0.006289041460601509]
                  , [0.23422971818147703, 0.015031365201133963, 0.02954300646770231, 0.03980930198053346, 0.00781849428279079, 0.0629712788243812, 0.01062419173754253, 0.03759035397223135, 0.033366659185115485, 0.03938889035901788, 0.011372211259310993, 0.039389729000379264, 0.036033609009915965, 0.034194208525177495, 0.02936577010880996, 0.14301529212144298, 0.10503292081966362, 0.08160472389671439, 0.0025890562248288896, 0.0070292188418305274]
                  , [0.054065311804609203, 0.007202554303132751, 0.008140970809241614, 0.013444114184792277, 0.06569590219564828, 0.010032202000499946, 0.009985709229453864, 0.1515728160545726, 0.01554856649312973, 0.2757044316862989, 0.08004357084638307, 0.011107180290240125, 0.00959568312554612, 0.020110186665715627, 0.016521955191736576, 0.030942126058956645, 0.048316382044303226, 0.14129309984446514, 0.005299917582756517, 0.025377319588517893]
                  , [0.054023490943976224, 0.005350180215326461, 0.0035198267713734467, 0.006100263093407775, 0.025910872049724178, 0.005366914757473147, 0.003864459432690349, 0.2795963217508998, 0.006270275408136589, 0.14910241915387476, 0.0442027535108306, 0.005129444053142498, 0.004928401405911366, 0.006477680530086727, 0.006134362490932946, 0.018802513637095553, 0.04419139191759639, 0.3237634255572815, 0.0018405234996869864, 0.005424479820552651]
                  , [0.049317326788805134, 0.002982616824443381, 0.021671454184124212, 0.05445960998973909, 0.004064604947371041, 0.023506182103876786, 0.03389258119799004, 0.009447491206155382, 0.2691668073714941, 0.030013218041801456, 0.0075721531985502655, 0.044150741789585404, 0.007054524314925985, 0.08700146982607067, 0.24571508290522234, 0.04305983247304839, 0.0428217474860356, 0.01697865921176268, 0.0017150079531577968, 0.005408888185840313]
                  , [0.03695439902884105, 0.007676273806233589, 0.009998463453141404, 0.012123925554138798, 0.24069217824618477, 0.011395779455275833, 0.05754651952075361, 0.041825549521703656, 0.012808209466869034, 0.09401233760924492, 0.019770276618462236, 0.017364428850222838, 0.008338294110852127, 0.016116360291600823, 0.015247167128891912, 0.03376351673284294, 0.022978825567337574, 0.042965939415719294, 0.0675376146392773, 0.23088394098240644]
                  , [0.020756784569642677, 0.00270665773141904, 0.0018993262264362448, 0.003135160890969944, 0.055728859662610056, 0.0026063451707386185, 0.002684750402913837, 0.1673438343760743, 0.003470074874029739, 0.4918391881326678, 0.09579433058288979, 0.0030803799199291804, 0.0024562005169276252, 0.005548392122073473, 0.003903593084579528, 0.00590157471287689, 0.016776580127070766, 0.1050910218783195, 0.001898466165368106, 0.007378478852462651]
                  , [0.058974429640639106, 0.001364193580468801, 0.31634551221782553, 0.26822102372749673, 0.0020425721783457616, 0.03784849457214629, 0.01171695931038066, 0.00368145239915181, 0.04269251324759475, 0.006625987530454031, 0.002854183309489724, 0.07964660469187314, 0.009570656798304678, 0.05105489512432285, 0.018907662309528964, 0.04510288774956429, 0.03149160443930244, 0.008215276983033233, 0.0008176745652562991, 0.002825415624821057]
                  , [0.11462138312532144, 0.005642100151391228, 0.06217088405597003, 0.04163461957566196, 0.005752729265829705, 0.4031101100032287, 0.013225794252025708, 0.007477951285418757, 0.03773344339050745, 0.012318155542586895, 0.0058904875736865, 0.06733495217641328, 0.013213306729913185, 0.030969559954791847, 0.03285097941490819, 0.08565233426447041, 0.03658269117568989, 0.015025128967205455, 0.0025916310991793484, 0.006201757995799819]
                  , [0.02337868461931667, 0.0019956945861141634, 0.001250507314244972, 0.002096661667725889, 0.013022459378512541, 0.0017633211277936656, 0.0013869643214113837, 0.392655466701297, 0.002147224787309088, 0.11907922219589682, 0.02480276289267059, 0.001948847969876734, 0.0014979715838518105, 0.0022521403977763758, 0.0021155891007963775, 0.003946199619783415, 0.018591737598861124, 0.3835921853815529, 0.0005356147721433813, 0.0019407439830651631]
                  , [0.12484313168918255, 0.0032825035806775286, 0.03530956947667189, 0.045273415570185306, 0.0052171071188654855, 0.032250313788230796, 0.009084835599430009, 0.010334393165726347, 0.0366406947143042, 0.028857158711404596, 0.005924892147592057, 0.021785597241815745, 0.4177397360110766, 0.03372160194386173, 0.029461488925355418, 0.07409798602271195, 0.04576508378154006, 0.03355370761407505, 0.002041183713996208, 0.0048155991832965145]
                  , [0.08557316551844271, 0.0058682495090380815, 0.03358497561987269, 0.026425763866604918, 0.004273668931035711, 0.03520477937161897, 0.007556170877449171, 0.010266110883654955, 0.03287734425365668, 0.011486480316757204, 0.006313360345034994, 0.06433430416491213, 0.010563579397495882, 0.023640631102324273, 0.020152450955019767, 0.29173435321929325, 0.2931852439600505, 0.03108125142596809, 0.0015409740103806875, 0.004337142271389413]
                  , [0.4918401835214588, 0.022673053317104272, 0.006977748380072841, 0.01318894076473801, 0.0030228116277031193, 0.08209595520208567, 0.0036894267921583094, 0.007514796929832218, 0.00660933719495725, 0.012340429650595982, 0.004453732426192331, 0.014168381451515536, 0.00861390058345869, 0.0072998900432889495, 0.006220279325183441, 0.19756136573681693, 0.06462933692403187, 0.04353596073237167, 0.0009397580818976301, 0.002624711314536618]
                  , [0.015182264287903856, 0.003165286947291978, 0.0033957447011615538, 0.004151161422726594, 0.3682392369352151, 0.0037638736956991394, 0.03547250698506521, 0.017801461171999523, 0.004491815278406633, 0.05166813819055803, 0.010031211781348966, 0.006720518331100036, 0.0024632290550089093, 0.0056238361859548055, 0.004946083522432571, 0.013680825077637508, 0.008156644187834102, 0.01892543323095237, 0.03218591449829368, 0.3899348145134096]
                  , [0.07271911966042281, 0.0022338470024111474, 0.02262539856790891, 0.014469964103253397, 0.0020608974740728768, 0.7512143072765355, 0.003934272358824916, 0.0030046151711475284, 0.012927171800045625, 0.004586037078532427, 0.0024383147858024405, 0.02408018686817642, 0.004041822683950107, 0.00940770769819522, 0.01081475626587746, 0.03616277192304423, 0.013238353614923844, 0.00702353549892971, 0.0009149787090110829, 0.002101941458933943]
                  ]
distribution_weights <- [ 0.25256455945524425, 0.12035514885366012, 0.08589406079835685, 0.0837002463969712, 0.06282164767915513, 0.060629749272879854, 0.051076597652522794, 0.04690739229233487, 0.041310770574913495, 0.03720670904847851, 0.03556661723399282, 0.03000639942366867, 0.02640816060637413, 0.023777499319821736, 0.02335598039553803, 0.018418460996087536 ]
# The number of clusters.
n_clusters <- 16
# The base file name of this file (for reproducability).
fn_distributions = "dists_hssp_poisson_allsites_lclr_016clusters_rb"
