20 A C D E F G H I K L M N P Q R S T V W Y
256
0.008669366337763076 0.0310834256155118 0.0084685185771001 0.0148369296350504 0.0348612097471922 0.0073575512052724 0.0144025466564306 0.0253304440636736 0.0166080716834436 0.2946855110552792 0.0294433101520387 0.0150843858064713 0.0339711526933171 0.0079039827636193 0.0696577174052704 0.2903041504195155 0.0415860594609144 0.0334262617892563 0.0201012105503151 0.0022555276663133 0.0086320330540148
0.008538185136599555 0.0648609929822669 0.0065059036168867 0.1374170039782601 0.2856879038338981 0.0083451128853544 0.0318260758305897 0.0236379345916995 0.0160231398815331 0.0603179817392394 0.0260612692445621 0.0120540545585169 0.0451099430619328 0.0179047455898411 0.0802133722134946 0.0396111930738553 0.0607119292373426 0.0427524019476363 0.0279770001407692 0.0026567387701334 0.0103253028221879
0.008150345063594366 0.0438302357993448 0.0067971045367629 0.3619739015813339 0.1447495877122036 0.0068371133533757 0.0406754264848191 0.0223891314886388 0.0107639851987174 0.0342291686430015 0.0161933147157926 0.0075640090185872 0.1011200682923427 0.0135064014122417 0.0354441796598766 0.0242190090192080 0.0667045509684131 0.0342427809631334 0.0173848542090475 0.0021485634063951 0.0092266135367645
0.008136086237380939 0.0520401948671471 0.0102382942080944 0.0259472338319399 0.0446949309104246 0.0117284520440118 0.0299133389081641 0.0378577342597198 0.0196346180551963 0.1781049503544869 0.0349912251902293 0.0157216562476605 0.0427810169000035 0.0167647381618644 0.0672893095351270 0.2594760161576316 0.0624674500672440 0.0436377167804622 0.0262061936220935 0.0062089085556110 0.0142960213428883
0.007993497975246677 0.0254398947939108 0.0086162410163677 0.0048196020022220 0.0086286140979314 0.0492547150578222 0.0062219069286891 0.0097910363885484 0.1381698795071754 0.0131764720169790 0.4400979852340595 0.0885552528104522 0.0086873386837431 0.0078450910243124 0.0159524583241933 0.0146727745057723 0.0203342426927192 0.0253170171620271 0.0986250858021843 0.0027994821262231 0.0129949098246678
0.007557177893115839 0.0256753608654028 0.0087866369591368 0.0019346793340949 0.0043031805756213 0.0280887464626450 0.0033233833197518 0.0035332530733600 0.2949717244996722 0.0059066198337877 0.2635931946957817 0.0679917643780957 0.0044337152301943 0.0026739298205504 0.0065032295024070 0.0065413425914985 0.0116032065876852 0.0267719471765692 0.2236726744953480 0.0027127705725541 0.0069786400258434
0.0064022129698283236 0.1053361919737618 0.0122205344099306 0.0236087790842143 0.0326373335765189 0.0138904679240390 0.0281291633658203 0.0196754184948336 0.0237184215247587 0.0335332338274420 0.0441272500089612 0.0145763405639427 0.0267946388289416 0.3371662592130514 0.0337073119274346 0.0337188893781311 0.1032273754934514 0.0583694352387106 0.0384531997495798 0.0049087884773615 0.0122009669391148
0.006299549421091656 0.1004707410440047 0.0131533590381848 0.0479744379443892 0.0425337240054617 0.0101777188425490 0.3786244482437444 0.0188505315035660 0.0135741134386262 0.0333118419210667 0.0211156036666237 0.0104012231856627 0.0539731544830844 0.0149210587253679 0.0279251938825324 0.0319031792901519 0.1070584364516963 0.0387960983687020 0.0223542341226650 0.0031452186776990 0.0097356831642220
0.006276735299150174 0.0565867416975194 0.0149960193626851 0.0888099722670690 0.0512104412342644 0.0140119659228678 0.0520679367535912 0.0421778094265721 0.0196682323278198 0.0562636871153124 0.0285230040210766 0.0137988641455353 0.2303209438374597 0.0147501846486605 0.0405916525700600 0.0452303286830580 0.1220348773010769 0.0607708993905558 0.0253932177761603 0.0042407437403688 0.0185524777782873
0.006253921177208692 0.0161232587616945 0.0083165879004319 0.0013544287223799 0.0027000786970701 0.0431226120872120 0.0026678938937973 0.0028347518408479 0.1630966740418051 0.0035367266012571 0.5199426359217552 0.0872900646626539 0.0025489130985806 0.0052933120115894 0.0058076510527988 0.0046351630302927 0.0085667722316828 0.0134914384766795 0.1007062668396223 0.0007499199402227 0.0072148501876265
0.0062225517595391544 0.0318184925805564 0.0071706697720399 0.0033747007254574 0.0066717631127028 0.0196199207612280 0.0048413748659270 0.0038437543429180 0.3357380590179372 0.0065912630676892 0.1256416360840152 0.0358723696159432 0.0056930203024114 0.0055306129743838 0.0064366681111113 0.0059757665689909 0.0134865400356319 0.0315406390499343 0.3431958641549886 0.0007875027387941 0.0061693821173394
0.006199737637597673 0.1624534481501929 0.0277166454710866 0.0300761391930771 0.0312529868993915 0.0105631931143886 0.0625519799474394 0.0171566260464629 0.0165512640429775 0.0285259941148401 0.0240731904936698 0.0120854163136394 0.0541230504277751 0.0201097677239798 0.0284577677642652 0.0269882751327127 0.3012933449644210 0.1028831584353085 0.0301899337576515 0.0026257537677633 0.0103220642389570
0.00615981292420008 0.0250883002111288 0.0177096234898138 0.0075183681096105 0.0104923734467373 0.3044217473749886 0.0092102126182957 0.0356246663876883 0.0398029262921650 0.0128840907684892 0.0898691677754673 0.0225099229652044 0.0156294342766062 0.0068235575142441 0.0143889747747429 0.0157641280023220 0.0290636108339223 0.0213581265651149 0.0390871371586948 0.0171824148783234 0.2655712165564407
0.006125591741287857 0.0513341336168424 0.0017891947075644 0.2399010852171314 0.3153449499143471 0.0052442475466288 0.0241947312430456 0.0180237277529641 0.0108532214612451 0.0438094705325623 0.0153490765896778 0.0074442333129607 0.0526438616034520 0.0143001247269916 0.0655198673760769 0.0223141002854622 0.0544576547951340 0.0328168905326264 0.0178715038783780 0.0004719231129895 0.0063160017939199
0.006068556436434153 0.0595967766267056 0.0057457605793326 0.0459798123210621 0.0931207596638932 0.0062797898726950 0.0247311909533788 0.0312283585487846 0.0183075242428047 0.1863066370651040 0.0312731015906581 0.0150635444711643 0.0619534805820242 0.0137067446945149 0.0991442210255898 0.1361252045085966 0.0779572682780787 0.0571890341582736 0.0256437020182747 0.0009820463069166 0.0096650424921479
0.006017224662065819 0.0975205132775909 0.0163108624174055 0.0206377801073584 0.0255532936390544 0.0123556114864340 0.0243918115743016 0.0145233390712776 0.0367447892214495 0.0329464225724250 0.0335109056122058 0.0197620821971322 0.0427324186879894 0.0146187028185279 0.0233214724315405 0.0285155785053765 0.2000533360066394 0.2888250974057893 0.0538923235250593 0.0029489616233753 0.0108346978190675
0.005974448183425541 0.4236807243419172 0.0173093100806244 0.0157645680101276 0.0220357017147248 0.0086871389563075 0.0696273699937632 0.0084747100820419 0.0190803735947747 0.0158903280626440 0.0231084366021847 0.0111357422003043 0.0167528223423623 0.0171882218111423 0.0148180151399010 0.0166834391412550 0.1703750768881494 0.0663417836622098 0.0545061600229409 0.0021683791432300 0.0063716982093948
0.005945930530998688 0.0116451841895182 0.0059859571294271 0.0008881482033013 0.0016624972320040 0.0429286677563681 0.0013334314096208 0.0018176821700184 0.1649183842798472 0.0024511570933060 0.5509927562575376 0.0913819850574173 0.0017538252885116 0.0012876851811941 0.0032349475285707 0.0032108466922495 0.0047457788010136 0.0099530875772616 0.0904379454030849 0.0035536020391863 0.0058164307105620
0.0058774881651742425 0.1695491030659985 0.0150610903404941 0.0162451726224523 0.0154634149045721 0.0062553939583558 0.5083744525424486 0.0080182899853068 0.0091020007379378 0.0122317113992109 0.0131459702681918 0.0060989921325756 0.0224801751091531 0.0111414666863804 0.0110352498959695 0.0138454969412072 0.1069972250705236 0.0297855753083141 0.0184471809347997 0.0017946654839782 0.0049273726121297
0.005851822277990076 0.0634891887763376 0.0146314144174528 0.0068058770567429 0.0120171754977795 0.0268876846227614 0.0106387995704784 0.0081782352906637 0.2188910854589959 0.0159565847817307 0.1384524409545888 0.0510557519168872 0.0134095025170164 0.0087193083761287 0.0136222047464320 0.0152994541828973 0.0367603250316785 0.0677315088349889 0.2623790959659318 0.0034822726261318 0.0115920893743758
0.0056664575372155366 0.0540865125449883 0.0140660106261222 0.0334817084413028 0.0414262173132232 0.0446983894600441 0.0268033275418591 0.1853212916458706 0.0270848026497368 0.0484585951582684 0.0558379788223443 0.0212311315394357 0.0639115544636539 0.0171303474819558 0.0727022715257351 0.0610548056437462 0.0682567273204752 0.0454761153068355 0.0349671366878359 0.0080270245893837 0.0759780512371833
0.005660754006730166 0.0163728756375083 0.0066746708790961 0.0024875577151311 0.0053723587353534 0.0610033891353559 0.0035097182521051 0.0050019827226764 0.1101511863320649 0.0077913641068200 0.5249688544791640 0.1241227283856362 0.0046647051110349 0.0025344942342726 0.0086867479238129 0.0080548026081406 0.0103335940365600 0.0152149083500486 0.0628824794669237 0.0051242010048775 0.0150473808834178
0.005615125762847202 0.0454502946233582 0.0093736661484260 0.0009358236543008 0.0013235342065990 0.0464768038789146 0.0074852835271674 0.0017979769292686 0.2732201841014278 0.0032548561228626 0.2244946160187055 0.0517528362852486 0.0023076420882564 0.0048209218191134 0.0026208526704706 0.0033691452500093 0.0116553439599944 0.0268870744433448 0.2744255779077277 0.0030212633758309 0.0053263029889730
0.005566645753721553 0.0662395871275620 0.0104675721048022 0.0484837746502128 0.1097785684757069 0.0150375535191040 0.0274288178780745 0.0476634413030879 0.0259147046092534 0.0906520140974026 0.0509090968685201 0.0235197661485052 0.0486645281777418 0.0156280822080326 0.1543955317779108 0.0809273690138081 0.0708174800440368 0.0537966140776294 0.0370146201778183 0.0045328801820975 0.0181279975586929
0.005552386927508128 0.1168106011362803 0.0102942601864554 0.0438514724496661 0.0555500469764293 0.0148360513522369 0.0586942127670831 0.0284412099388971 0.0241860281623505 0.0629603110130155 0.0388078110246308 0.0168572207368881 0.0584874904145770 0.0385849045972450 0.0504044394020271 0.0610153698355782 0.1652139000499611 0.0961815380054803 0.0392391625208222 0.0049143492778296 0.0146696201525462
0.0054012433696458105 0.0256732971836883 0.0052175784506036 0.0112477296915904 0.0234195390822598 0.0025889700225146 0.0143029407184230 0.0201686416783090 0.0070364991946662 0.3653917265210563 0.0136978422056287 0.0071493696242153 0.0333233317102800 0.0111498346129443 0.0567047009825477 0.3180606501661726 0.0410049213116635 0.0276841479296763 0.0117281288261538 0.0005238906122663 0.0039262594753403
0.005355615125762847 0.0407039479798928 0.0030834387613686 0.0287793722046050 0.0169943593764306 0.0029551829615808 0.7473971984999271 0.0064252380588025 0.0036759005140326 0.0165654265145472 0.0059185308878019 0.0032554314882410 0.0378662580081153 0.0035769645756432 0.0107043693820432 0.0128432403682851 0.0390369944974222 0.0108160114468211 0.0060125736661528 0.0007715106887553 0.0026180501195316
0.005335652769064051 0.5330846674039189 0.0319468870541679 0.0042929265907109 0.0071310571546872 0.0040195496801604 0.0647788721434155 0.0033411564817706 0.0125915913772743 0.0056796377794876 0.0128235497604058 0.0053370418384740 0.0083086375720955 0.0048516992969293 0.0064876434395975 0.0055326684685963 0.1889040702958607 0.0545475312387238 0.0426870621011610 0.0006759977492662 0.0029777525732965
0.00532994923857868 0.0309893411021190 0.0025211853260110 0.1645446830578527 0.5192474182545357 0.0028474155067805 0.0178263786758811 0.0121912378736426 0.0059066686159066 0.0445689478743639 0.0117320274725772 0.0049828310184631 0.0225430918460447 0.0068920572082679 0.0717289672281271 0.0217737856681921 0.0247144971669520 0.0160532689638322 0.0144105738405310 0.0010351956315883 0.0034904276683313
0.005275765698967661 0.0820224568519187 0.0170488990721576 0.0029178227533135 0.0052577688488231 0.0597044226710855 0.0168983216356080 0.0050927140077902 0.1753482768033764 0.0052005127135525 0.2253002067315272 0.0662655907831179 0.0062479380043219 0.0062202729572475 0.0066967491512581 0.0066971340923781 0.0330332696739218 0.0509785970058888 0.2095738435599440 0.0065053464619829 0.0129898562207860
0.005210175098385901 0.0331848432600440 0.0184704660318748 0.0055473778713475 0.0088975633072783 0.1615488621379453 0.0086751831570996 0.0184224438441691 0.0990621942640146 0.0107802400201005 0.2925456533223550 0.0732648702025543 0.0115951699760131 0.0077848312158449 0.0165177362413536 0.0136092076197070 0.0280802681284710 0.0289236079630009 0.0834771881120719 0.0121385024416056 0.0674737908831490
0.005201619802657845 0.0124857916984196 0.0072260892042547 0.0012233757094232 0.0018627977821596 0.2042443220891146 0.0022423298639734 0.0032429344031566 0.0914848031508257 0.0020482883643655 0.4623618484296799 0.0922656541739302 0.0024752654035082 0.0020357329213092 0.0039419621235158 0.0025258837005504 0.0065435136130778 0.0104730568873881 0.0524299924801975 0.0094381377685945 0.0294482202325556
0.00519876803741516 0.0727736000916122 0.0048016624624969 0.1485880019932960 0.2307458569121177 0.0025107868770768 0.0319258768746300 0.0212567001468632 0.0098031274913919 0.0854522119092972 0.0177265608115989 0.0095143369122172 0.0707838265879603 0.0075977574302259 0.0900871414897979 0.0450512501713528 0.0783060419915409 0.0500241971818479 0.0182401008120710 0.0003373920512610 0.0044735698013447
0.005178805680716363 0.0335858711370151 0.0140628672869629 0.0009458988696191 0.0023162827624507 0.0208272258041456 0.0022181836045088 0.0022933041793531 0.3086476962683021 0.0026429924057915 0.2122717848028364 0.0563456161091665 0.0030572882639507 0.0014643842538780 0.0039815500147041 0.0025626403274570 0.0114173949437485 0.0299282419222298 0.2859633897430403 0.0003459578068596 0.0051214294939798
0.005158843324017567 0.0101544629146850 0.0097272814139953 0.0018813761333266 0.0029524990521041 0.4554494000238871 0.0028381105790114 0.0167661514476700 0.0179166979473718 0.0026763947472465 0.0613535434910417 0.0170173999660515 0.0037196586764098 0.0016225769818762 0.0038195242079448 0.0039092735828506 0.0082583209466530 0.0065375941214526 0.0174884224566193 0.0301213159026395 0.3257899954071635
0.005155991558774882 0.0852245943600154 0.0098206898513923 0.0627474119288711 0.0672454384006949 0.0075974273127787 0.0578727811108144 0.0398797810610276 0.0121059406162999 0.0789167336572364 0.0200493286995796 0.0104056660690064 0.1182670692253550 0.0127742863246005 0.0699749113622871 0.0633793625634614 0.1685282809829175 0.0824749892371044 0.0200239256557462 0.0008380830027563 0.0118732985780550
0.005136029202076085 0.3406413002374588 0.0386090748550724 0.0072838315438032 0.0119565879622442 0.0120378507360979 0.0383974901285574 0.0075827174843346 0.0423052689231091 0.0119575702464786 0.0336638127173633 0.0161018194235007 0.0152204249039811 0.0092000352814569 0.0122524208647080 0.0115678090851021 0.1629158279493162 0.1134182464361160 0.1048509422545124 0.0019667108724545 0.0080702580943328
0.005096104488678492 0.0229570999790576 0.0083233379263936 0.0009470233482945 0.0015955443502589 0.0130830043834952 0.0019343776181822 0.0015762452644564 0.3886445268981217 0.0022000765477184 0.0893326640221548 0.0198327980073456 0.0019483361615959 0.0037957223050297 0.0025049988947714 0.0021570313986228 0.0065705291768042 0.0176455687116532 0.4098056887716034 0.0002836912713864 0.0048617349630540
0.005041920949067473 0.0085099296566697 0.0143554931491307 0.0018279949186946 0.0020456446803376 0.3578916702899492 0.0025790840959128 0.0326212603558315 0.0138060485604316 0.0024289854622569 0.0360223237014462 0.0055276393309122 0.0065390258783879 0.0021096867103719 0.0040173376392141 0.0035339531615957 0.0137160560790557 0.0069142715335833 0.0153782289558336 0.0115042814793808 0.4586710843610041
0.005036217418582102 0.0380322796555540 0.0048804762162159 0.0305582966641650 0.0728542975149439 0.0037680478681932 0.0255693840024588 0.0200061825587664 0.0142522985908837 0.2912608427273222 0.0198737237340310 0.0147465584997825 0.0550856406514816 0.0089555831077586 0.0772830397759246 0.1942016383770842 0.0594487600720092 0.0452357970620395 0.0159510746889847 0.0038177485843408 0.0042183296480603
0.005019106827125991 0.0073317264149002 0.0047774684209447 0.0010892568038992 0.0014035217568932 0.0596715085432933 0.0017017988235893 0.0034323762262338 0.0858926524813822 0.0020062540698837 0.6783401964400992 0.0646902753529582 0.0017432497688723 0.0044846557001909 0.0039924334835390 0.0034781198194265 0.0066608305552921 0.0060186323075396 0.0558431236791932 0.0033866043250429 0.0040553150268266
0.004999144470427194 0.0236191977156631 0.0018132797750964 0.0063903717049050 0.0165256941457615 0.0039895655831506 0.0113290651213735 0.0198771549152000 0.0093145704594343 0.3421274264988202 0.0170659261438795 0.0084243661895591 0.0219148492994299 0.0113245090558276 0.0491207860817364 0.3836298447331257 0.0304306113967250 0.0221243035912426 0.0122867459908215 0.0025756058672816 0.0061161257309664
0.004956367991786916 0.1540871599162768 0.0181783473423354 0.0173277487148639 0.0278216560480880 0.0259813472987394 0.0352890618095186 0.0150005723540552 0.0883519998781813 0.0265309590627500 0.0926584300841232 0.0407510492653147 0.0246656262858557 0.0179643882766752 0.0266125819460110 0.0259119145536026 0.0994320880894186 0.1005378514311577 0.1424218694673140 0.0052133987851885 0.0152619493905301
0.004899332686933212 0.0561810486115364 0.0123109267855364 0.0177948813306483 0.0386405327403090 0.0201861593980089 0.0219212300324647 0.0266615488923197 0.0568758843775091 0.1465701008689848 0.0872099459889123 0.0430723462820399 0.0345619506252723 0.0145470058032382 0.0598635991583503 0.1649830186051059 0.0572470236617094 0.0589280190857250 0.0610791877264148 0.0061944782443366 0.0151711117815779
0.004893629156447841 0.0472011356339578 0.0012851060759748 0.3041650419231662 0.3217911834645846 0.0021888429530765 0.0310205582245207 0.0146812464482610 0.0043726542251303 0.0358854396196194 0.0093902510045789 0.0039959244774650 0.0501260158339535 0.0131729632991460 0.0509319196931494 0.0213257010666313 0.0457049985348558 0.0247500089786734 0.0113135793970354 0.0018994185923189 0.0047980105539013
0.004879370330234415 0.0931406693153789 0.0033634954728231 0.0108366413459262 0.0202248568640397 0.0031030889992337 0.0126641794411024 0.0061674888493053 0.0076968882247980 0.0165306678310131 0.0128113383793717 0.0040065771441781 0.0087781713297045 0.6846989511387701 0.0122646832404743 0.0114226426211869 0.0493850989307592 0.0209230538873198 0.0182856792613589 0.0008185657523756 0.0028772619708805
0.004845149147322193 0.0157383118781630 0.0055866247570768 0.0056403004785419 0.0208616601302176 0.0022169031807088 0.0152068313316918 0.0162583296927789 0.0089007899012177 0.3749476700057914 0.0147380103238493 0.0118479316976979 0.0286783718545442 0.0031963924265578 0.0524753291505219 0.3540706649036723 0.0307004598388580 0.0232229995696192 0.0084201953964485 0.0049768282910006 0.0023153951910425
0.004819483260138025 0.0139035619730333 0.0160321002906447 0.0023915462583964 0.0029406222055286 0.4768898859915070 0.0044673257351224 0.0126035361189837 0.0447669731391751 0.0040672819302849 0.1392980019367566 0.0227832391758309 0.0057130034580919 0.0041204645787375 0.0043101157793795 0.0052147763909433 0.0169666001696829 0.0116935334083888 0.0370866887573343 0.0120320831682158 0.1627186595339623
0.004813779729652655 0.0185474299202652 0.0065196514732328 0.0005843019333049 0.0009792304917327 0.0398722187924302 0.0014593267069118 0.0016034028617797 0.2965686794765642 0.0011126698990805 0.3488278022430446 0.0565934181418655 0.0012940767561331 0.0034861366432803 0.0018355618811506 0.0014385458534268 0.0041591883822783 0.0121163827218664 0.1944345597739028 0.0021025374678938 0.0064648785798559
0.004782410311983117 0.0271834830496155 0.0098087086050033 0.0011825427008860 0.0018037013434410 0.0617318643041285 0.0064097779922670 0.0017725022453664 0.1428915375324882 0.0019140446518453 0.4787856234589266 0.1192298003114864 0.0024678645793654 0.0019625494028456 0.0040975297648210 0.0021034450176994 0.0111772302909249 0.0185192048825728 0.1004443499185820 0.0019443632232886 0.0045698767244458
0.004765299720527006 0.0382149946379465 0.0145057647966049 0.0006260971963739 0.0011849336427212 0.1529019796209698 0.0096697248289376 0.0022584367513965 0.1499865362808021 0.0013629805215260 0.3654845509985032 0.0732551607214561 0.0025418554200297 0.0021841122991267 0.0027053077802240 0.0020326845119566 0.0160111453365795 0.0245324632737810 0.1166412941125097 0.0070043300906835 0.0168956471778715
0.004731078537614784 0.4812286328466587 0.0606133490692166 0.0019247926521527 0.0031406962587660 0.0046388429177622 0.0472881835977589 0.0023942395004101 0.0254277586956637 0.0027983525144339 0.0192161706287863 0.0092325951202730 0.0049440535891411 0.0018769074712251 0.0033084577907646 0.0029541341591860 0.1483470058852866 0.0859592460178497 0.0912202748550737 0.0006608038778642 0.0028255025517269
0.004716819711401358 0.0853518683062433 0.0333910508097104 0.0027634310102892 0.0051159972034832 0.0072357974465014 0.0047015304461156 0.0033077559436889 0.2099599760365680 0.0052841211506008 0.0640414502833715 0.0204851186879092 0.0058145404210983 0.0040479898118623 0.0053562445589421 0.0049563834640662 0.0242546407284401 0.0587895861226653 0.4500357440799454 0.0009091017226656 0.0041976717658330
0.00468545029373182 0.0469474876332605 0.0021368480574936 0.0013487772077128 0.0020713344287470 0.0148544519093455 0.0044065440350081 0.0014538084432691 0.3127430232785787 0.0020120643534002 0.0932280068918163 0.0353240546415152 0.0034405987098080 0.0019582166681222 0.0017928317506695 0.0026245011355901 0.0099486178531468 0.0297477238428851 0.4318983990283227 0.0004949670943942 0.0015677430369144
0.004682598528489135 0.0116790944765879 0.0051214645549312 0.0006411610023817 0.0009556202610811 0.0097563019709919 0.0009017848817437 0.0006488849386684 0.4642414073766779 0.0010995165800845 0.1164982433856492 0.0241532109252771 0.0012209935742816 0.0006231152884647 0.0011266639944395 0.0011844629885760 0.0028593610147545 0.0105282552700356 0.3459388247144831 0.0002094281341047 0.0006122046667858
0.004671191467518394 0.0413038006365177 0.0061339068651084 0.1593278435491826 0.0699528068426869 0.0050039845479672 0.3202886567089081 0.0227347364507558 0.0059437482133259 0.0365418188793147 0.0102422576674180 0.0053899732172918 0.1371193911060447 0.0072989706085793 0.0262616979517399 0.0254252315438862 0.0783467430864862 0.0244094917059902 0.0098217837177709 0.0020158026539639 0.0064373540470616
0.004639822049848857 0.0346533960831710 0.0109340194390402 0.0012322995489985 0.0022135768238077 0.0120631153115108 0.0028449855355382 0.0016166028601391 0.3210793190089932 0.0023163952534741 0.0839185074754098 0.0190752833238524 0.0020937430384047 0.0013487252455470 0.0020198536892932 0.0022506246366360 0.0069646775558365 0.0222970253622979 0.4656470971554351 0.0023676868640254 0.0030630657885895
0.004636970284606171 0.0299898082009528 0.0048570970863278 0.3788843431078611 0.3370435271237204 0.0039251359083829 0.0166692629308904 0.0140625990099364 0.0065321859916522 0.0185258024318480 0.0112401483486284 0.0059870245906470 0.0413518985880698 0.0041978983973205 0.0393147845166822 0.0112781360428634 0.0359514454787706 0.0200080706237389 0.0129683907896564 0.0008398783021390 0.0063725625299119
0.004614156162664689 0.0104489398494506 0.0114577810809001 0.0028079323502138 0.0045205966094317 0.3146360377825305 0.0034056188860950 0.0499777791903010 0.0118499274994449 0.0080478600699056 0.0451883526117109 0.0116069364573697 0.0092512481586587 0.0015688216416432 0.0096554142483228 0.0104381502047054 0.0127223688083275 0.0081084434370660 0.0136313759469317 0.0223936695768246 0.4382827455901665
0.004591342040723208 0.0155155935693935 0.0065161361585796 0.0006574036934477 0.0013355186220432 0.0217971308529732 0.0011203256902485 0.0014411920981007 0.3753040945411908 0.0011271264063862 0.2493848265970673 0.0467014444481406 0.0015086640686853 0.0005459545396908 0.0018127241086735 0.0015464218215934 0.0037653088874395 0.0123952822687606 0.2530672671462590 0.0016039798347054 0.0028536046466213
0.004579934979752467 0.0836322595261172 0.0057496744467246 0.0082676980967458 0.0107886573443876 0.0062505393218453 0.0126543831606119 0.0216723628965114 0.0101799468772959 0.0128029483482996 0.0359196727731155 0.0055906471572782 0.0132875015524667 0.5437353386031227 0.0300724041502906 0.0199595179861522 0.1102494075268394 0.0443276830278035 0.0187937013357773 0.0011760870363829 0.0048895688322318
0.004571379684024411 0.0547288193837859 0.0085440723954396 0.0102202830038738 0.0084497584149333 0.0017265998799196 0.8231061448022210 0.0026307324645697 0.0022074201736477 0.0051460018787784 0.0037316044720865 0.0021298520055966 0.0109432501001108 0.0021064271962162 0.0037186232809990 0.0074387976782022 0.0395039291689727 0.0068519151955626 0.0048537346643794 0.0004452136142373 0.0015168202264676
0.004568527918781726 0.0130175947598661 0.0039756683116780 0.0007316248776776 0.0012244999342957 0.0222714841622376 0.0011795595486237 0.0010448047855743 0.3691867779839103 0.0015527735928261 0.3008663528320609 0.0458322447328402 0.0014451265305816 0.0037197727139316 0.0018100457011373 0.0019438886278688 0.0030968515507948 0.0093054559086155 0.2143924472254587 0.0002914901535061 0.0031115360665150
0.00455997262305367 0.0182384118097477 0.0020092457852086 0.5144275346021300 0.0903690475033257 0.0029106650262703 0.0279744626851459 0.0249963094278645 0.0046083700045300 0.0225203122706149 0.0059174870310366 0.0027706191643283 0.1760111938000032 0.0019865399403485 0.0193904229024685 0.0124838341040869 0.0425934117860336 0.0165750932187722 0.0069122367843306 0.0006855541805494 0.0066192479732048
0.00455997262305367 0.1077257909656713 0.0078139953094838 0.0961266302739304 0.1347925990322124 0.0036135614909298 0.0639599216102649 0.0263776262451693 0.0088442186164204 0.0886377639297115 0.0195931897779903 0.0080601429965290 0.0616829312672184 0.0143063058352448 0.0769132109584861 0.0814490885913769 0.1130506860811532 0.0593078684748875 0.0200649403916315 0.0031881741942668 0.0044913539574213
0.004557120857810985 0.0538475566997256 0.0134218109813643 0.0108871512355363 0.0218814253524999 0.0563058786616829 0.0158567004496481 0.0241561879009715 0.1009362171455852 0.0342754857650676 0.2379165062609434 0.0760689070272574 0.0207406672312511 0.0130623409414023 0.0373549913873577 0.0440361993803833 0.0485951507717970 0.0506461234653002 0.0975410965127525 0.0154392191156249 0.0270303837138485
0.004522899674898762 0.0530685998385999 0.0022346488645829 0.2636382303983255 0.1994443587800232 0.0035698108540585 0.0491045562802844 0.0286703980997628 0.0033900858290488 0.0526760724864038 0.0073973149482721 0.0027533627070389 0.1066948542268143 0.0130886531169736 0.0567442696935931 0.0315320167803622 0.0780251913335356 0.0325952846469954 0.0077086803861386 0.0004694206067540 0.0071941901224323
0.004522899674898762 0.1729995773639528 0.0281950805393849 0.0012329167190523 0.0017856093394700 0.0785590843030213 0.0563088422236386 0.0014741035671972 0.1167969461062175 0.0017524051587111 0.1817382853882221 0.0468964013356437 0.0028586960194085 0.0024827495381710 0.0025630890672174 0.0022479408573994 0.0626298666241386 0.0658378645900717 0.1611293250752828 0.0063983019197507 0.0061129142640482
0.004520047909656077 0.0442863113197260 0.0019327428632410 0.0040379185610568 0.0036226379897729 0.0022404346335342 0.8731622919401923 0.0025607921353163 0.0028957991771037 0.0044742793815595 0.0045822014231198 0.0026129590722373 0.0071439874330603 0.0018950826368026 0.0038683080390036 0.0047854740689908 0.0224250750116465 0.0061013435604775 0.0047237743731803 0.0007792767097827 0.0018693096701959
0.0044886784919865395 0.0740621114731539 0.0134420573494537 0.0004293595713856 0.0005878119614170 0.0806366682770402 0.0164912708499574 0.0007701063303497 0.2264574819567699 0.0008371137221097 0.2558314037636011 0.0453363895426575 0.0012024675823026 0.0042835411213487 0.0012591134443054 0.0010225841221725 0.0179955351505675 0.0318449483838704 0.2198587616834816 0.0031370002273918 0.0045142734866640
0.0044886784919865395 0.0887098514442482 0.0135168376504866 0.0009331904117872 0.0013747658657376 0.0270572297858035 0.0118973153752500 0.0011590785181140 0.2503451047964972 0.0011682857597733 0.1295781307340984 0.0348724372231171 0.0024521615011283 0.0049564320194534 0.0016809543248946 0.0014066156509464 0.0214759242242964 0.0467831844845846 0.3566536932548001 0.0011504069512119 0.0028284000237710
0.004485826726743854 0.0144171661733535 0.0057396359774599 0.0005547185879242 0.0009042790386977 0.0130057303134774 0.0011720816239958 0.0006665111082620 0.4418039590969606 0.0009165299325074 0.0971530807300339 0.0175469552588474 0.0010283358031668 0.0004758998647963 0.0010402268405070 0.0008772642553700 0.0026307412368950 0.0091425539719077 0.3867256712562820 0.0002059762914662 0.0039926826380890
0.004477271431015799 0.0248241267782659 0.0031466341515883 0.0020193096641208 0.0036599179493203 0.0852667633284065 0.0054424696506484 0.0049485470206434 0.1421147353788829 0.0037837937079637 0.4505110105149844 0.0857466485842170 0.0041088354882194 0.0095299448692926 0.0069830082350029 0.0057834829667480 0.0131031347833365 0.0183276361090656 0.1089317667323662 0.0067050540950908 0.0150631799918362
0.0044459020133462614 0.2170337960463775 0.0232081727512305 0.0116600749920006 0.0122400848484035 0.0070960915450091 0.0494732787427740 0.0086344151497838 0.0207744128280257 0.0133997103450767 0.0211147248302714 0.0132683607483977 0.0414937516360111 0.0229188544095546 0.0165311220917449 0.0122364201000517 0.2938294125019174 0.1640553322841858 0.0444700049968079 0.0009547383367176 0.0056072408156587
0.0044059772999486685 0.0095195667163907 0.0013310898737194 0.0019386061616315 0.0024346955413272 0.4305402822947409 0.0030034846723882 0.0133103995162082 0.0118275489770381 0.0028278132796507 0.0352263051911734 0.0084849645680667 0.0040687676138288 0.0016522884783775 0.0036927955205442 0.0033991174084747 0.0081121216633505 0.0071227093731400 0.0135258809955559 0.0247096819603929 0.4132718801940010
0.004397422004220612 0.0709055483708739 0.0029649729301333 0.0773947134782334 0.2663914398613697 0.0048490840597944 0.0180808217133133 0.0199089852247972 0.0161481377569533 0.1015049984459817 0.0351292746107027 0.0173526849812294 0.0334144685353789 0.0054905441976517 0.1458484769534573 0.0648874404920499 0.0457630503734209 0.0404338147489603 0.0269034621212189 0.0016794961571531 0.0049485849873269
0.004394570238977927 0.1585398899361645 0.0083764976177220 0.0362488202243338 0.0466979667008413 0.0054786535693859 0.0595496294768928 0.0137933621309311 0.0182107150228111 0.0422996964601022 0.0225913385834460 0.0129076555761027 0.0706957637241157 0.0296496418183724 0.0431927196337320 0.0282097091513118 0.2317535923875606 0.1316312797827043 0.0351645680415302 0.0006553605654106 0.0043531395965291
0.004368904351793761 0.0368324391777534 0.0072080345421920 0.1398896779492832 0.1874376484227445 0.0064031926369741 0.0275087041549714 0.0579650006841361 0.0101468709460535 0.0984963856319432 0.0198934259055732 0.0091162119507679 0.0962809068547994 0.0057602531782297 0.1058834974793474 0.0663663536327698 0.0569913008080059 0.0341631671109622 0.0165174877041854 0.0015731507559777 0.0155662904733300
0.004346090229852278 0.0089285449053267 0.0041237852752172 0.0012809491866758 0.0028167185847772 0.0445253063823833 0.0016846569017753 0.0026318546409613 0.0940822624145275 0.0036456806222452 0.6351232291208687 0.1233125322306439 0.0024648930542048 0.0009300335168821 0.0055951888209054 0.0031033252993663 0.0054710211122836 0.0083092931651720 0.0428994852102065 0.0004647075692869 0.0086065319862901
0.004346090229852278 0.2852893802177633 0.0083405918239306 0.0031644466268678 0.0036898597952199 0.0029820276454340 0.5725667021528464 0.0024241969153916 0.0040746169531491 0.0029338918119336 0.0055501550736696 0.0034549081942948 0.0045736447296385 0.0016242729452072 0.0032376906160415 0.0039803702045617 0.0680352722659080 0.0119436147597692 0.0095905694056142 0.0007024254084961 0.0018413624542632
0.0043204243426681116 0.0117984256493163 0.0005090566289227 0.0008887618392186 0.0012371672227141 0.0064142337587300 0.0011990323792915 0.0008727695084182 0.4584134878607549 0.0014071576929212 0.0598479971370293 0.0124219480015698 0.0013084793373068 0.0010094263010117 0.0016196135544666 0.0020530659082525 0.0029105672539691 0.0088068457179257 0.4258315724908133 0.0003675166259227 0.0010828751314453
0.004306165516454685 0.0940684018061679 0.0101776929374090 0.0490961723847492 0.0540085855626614 0.0063063658572817 0.0440777664849279 0.0295938222568955 0.0107647394791554 0.0696191710317884 0.0231714410572642 0.0082361966188267 0.0639037505059974 0.1735413213797653 0.0552527795462197 0.0556794569414314 0.1561705618504208 0.0667148048182762 0.0202691408385275 0.0013876127480997 0.0079602158941346
0.004303313751212 0.0422046948343365 0.0076680161466304 0.0004950287799311 0.0007957338378691 0.0344213475005673 0.0060477189579471 0.0007010306924029 0.3218926588327591 0.0007436224922268 0.1948768626931508 0.0413526130720777 0.0013003837126971 0.0006124131407048 0.0012744021096774 0.0010543584981418 0.0086454735808675 0.0241196614864555 0.3078499239762985 0.0014181100686929 0.0025259455865660
0.00429761022072663 0.0548807349797417 0.0203979956000712 0.0109713219157743 0.0072934580665947 0.0041009964912592 0.0222883113630053 0.0054067020175920 0.0076058463738079 0.0101376914744080 0.0094794285088089 0.0054549268249453 0.0365171766559213 0.0045343681160724 0.0082091474275579 0.0085907360743837 0.4424285857731074 0.3245925174757047 0.0122962486543834 0.0009363686934540 0.0038774375134068
0.004249130211600981 0.0311724848093039 0.0115821035471649 0.0021569936533638 0.0033722607889208 0.0867798158909060 0.0035316606350757 0.0071433408301744 0.2717352405561760 0.0047409272476849 0.2155096679723381 0.0488973641365945 0.0040168455590055 0.0023081715583386 0.0049301207061368 0.0052187322754953 0.0103457164186420 0.0222197206200247 0.2263001843920006 0.0040307362817490 0.0340079121209048
0.004240574915872926 0.0128308063460246 0.0055559599669619 0.0011039974884061 0.0018767102842559 0.0183420682924325 0.0016185073502556 0.0017129302161861 0.2082518500891776 0.0023907227689581 0.4891659319169343 0.1205532496360770 0.0022457885875595 0.0007731439799852 0.0046972666104101 0.0029481735230739 0.0051395481756795 0.0121372400937630 0.1066945499461554 0.0004202941203496 0.0015412606073543
0.004223464324416814 0.0239530526079906 0.0022121204659761 0.5464161925932163 0.0992656735006909 0.0019786974490954 0.0247351072801442 0.0177156241815413 0.0034802354665735 0.0150401635925143 0.0050338343906552 0.0024893671113393 0.1355731458626779 0.0111987185895294 0.0175903702415893 0.0091627741166238 0.0526191047452873 0.0218722107876465 0.0063763851019138 0.0005708994139467 0.0027163225010484
0.004206353732960703 0.0128680150930285 0.0077199223338142 0.0026610259249754 0.0035770357281336 0.3109140233778411 0.0036363664340371 0.0071443512095014 0.0702313302813507 0.0041939230523855 0.3799708997451575 0.0623724096528818 0.0050116501954721 0.0030698695717987 0.0058173908355958 0.0049236369845624 0.0105575471631161 0.0108032839749805 0.0456203037482263 0.0017020693712325 0.0472049453219092
0.004174984315291165 0.0127318183127094 0.0365931428045950 0.0059522361714143 0.0053384686376371 0.2096041894496722 0.0070014215156232 0.0949516194250949 0.0102600800735944 0.0061437017976499 0.0342841605400055 0.0059170414787351 0.0216729365240025 0.0037433769570848 0.0106549837594491 0.0131937159217742 0.0272820157302630 0.0101278552971802 0.0122769309309944 0.0060353888227768 0.4662349158497439
0.004174984315291165 0.0487115342244724 0.0096889862697581 0.0189263429515268 0.0565545158580016 0.0031135516825337 0.0147080683698743 0.0297640588095740 0.0111192762001540 0.2742632741762724 0.0243266612668574 0.0124602794102890 0.0463271096782684 0.0017923809723234 0.1014389540268799 0.2284175814103839 0.0564204474984086 0.0411890894782555 0.0163118722813679 0.0005567836771243 0.0039092317576740
0.00416642901956311 0.1378567755539300 0.0595899227112400 0.0066294683121540 0.0097557104640839 0.0143329875282253 0.0195177098166847 0.0085074326050894 0.0980410161919132 0.0101251070461383 0.0790075904431445 0.0418885600809281 0.0269877946974769 0.0061468410671176 0.0157362586143400 0.0096232020592981 0.1219907759881339 0.1630648843175627 0.1604460711438480 0.0015770702017190 0.0091748211569722
0.004160725489077739 0.2279321673196765 0.0115892791144226 0.0201380869826949 0.0210963154613221 0.0063580723890238 0.0776075740325493 0.0104397518790806 0.0110738293652827 0.0169746121047727 0.0172270025052623 0.0079352960780931 0.0238025504489859 0.2352301704314622 0.0188447953413100 0.0154173861852595 0.1915721608692614 0.0551189204188227 0.0239089891130315 0.0016920697690730 0.0060409701906134
0.004160725489077739 0.0365534810256610 0.0077653697851060 0.0248224718076724 0.0312064095671049 0.0061416595644653 0.0333528089860167 0.0657439273209693 0.0083375413691488 0.2076451666490723 0.0169193538342723 0.0092228358683053 0.1068173193684384 0.0050697212585177 0.0721039482904446 0.2285530464014879 0.0793029019853926 0.0363576520865246 0.0107978378419783 0.0022789426561899 0.0110076043332318
0.004155021958592369 0.0761292218401483 0.0221017699457017 0.0151657050007585 0.0398281529474242 0.0168156834516143 0.0128916445573675 0.0241722251527062 0.1086496092711277 0.0525048344352909 0.0860901250408023 0.0389565635157310 0.0337780264055049 0.0056955731917997 0.0524008948981878 0.0460263255333231 0.0853322153614242 0.1209610799897199 0.1442100079189972 0.0018975715746742 0.0163927699676963
0.004152170193349684 0.0647253942504951 0.0152859371312762 0.0029328195777162 0.0089201238840625 0.0141451623336440 0.0070975487984638 0.0051816756002811 0.2204987823446267 0.0115760841010800 0.1790098693108594 0.0787662112878562 0.0094220761886468 0.0022500731616736 0.0175846156710860 0.0108229549042734 0.0341482759213036 0.0732187061594031 0.2380486296272405 0.0007274022811830 0.0056376574648288
0.004063765470826442 0.0109846418208889 0.0079462801193512 0.0008214651485814 0.0012440454680258 0.0558792000312129 0.0013350888544222 0.0014434629906060 0.1864742529684898 0.0014946785519325 0.5137688108428655 0.0883739976398185 0.0016686479762362 0.0007534451126057 0.0026021497443989 0.0014690385672008 0.0041085901453073 0.0097504472996389 0.1014071366284412 0.0003201888290835 0.0081544312608929
0.004043803114127645 0.0229516567735664 0.0011204744039533 0.0018825046193533 0.0033863271199250 0.0234519018823283 0.0034348832568368 0.0035198513017034 0.2590556795164535 0.0059905310128674 0.3247333461271651 0.1220389147328812 0.0039125605698166 0.0026596987355047 0.0064615405626273 0.0077051983544469 0.0103345049566966 0.0247600933092800 0.1675177969542697 0.0008454229278363 0.0042371128824882
0.004043803114127645 0.6305120336022410 0.0175410877980885 0.0013945751521766 0.0021616424517057 0.0017304846700113 0.0501820788989630 0.0011889448271903 0.0047980422276788 0.0018640382562204 0.0043062127211585 0.0026729403998886 0.0027523971657385 0.0078479981444310 0.0022551664065404 0.0019626001677076 0.2097029803082268 0.0346290610012371 0.0209335332777295 0.0004481782146091 0.0011160043084574
0.00404095134888496 0.1194983743846607 0.0748953595181527 0.0118172459304334 0.0103439455432055 0.0163759760943037 0.0388204153171071 0.0112602704594429 0.0170085555217505 0.0129260512917204 0.0241987038396592 0.0108363302158904 0.0403129306370772 0.0140422715225863 0.0119621331267173 0.0158389199990324 0.4061822022122015 0.1198601982500768 0.0269644874731681 0.0042264122029018 0.0126292164599122
