# This script is generated automatically.
# Vector of amino acid stationary distributions.
distributions <- [
                    [0.09323251170876981, 0.008991521499709386, 0.06603728226252574, 0.1022113828647884, 0.014759665689635612, 0.045387910177560234, 0.03514734096109872, 0.026679051295408915, 0.08176355995465381, 0.04571811168179536, 0.017935856363815797, 0.05800767642203023, 0.027083984071093754, 0.08322826354074701, 0.07156842526528262, 0.08669630788861633, 0.07015416046320665, 0.042539833681707356, 0.005486565572756771, 0.017370588634797252]
                  , [0.020107897592052792, 0.004970540356458166, 0.0023050196010212707, 0.003945588109769856, 0.06996088883104074, 0.003633113615880463, 0.00438110195313499, 0.16288589115627075, 0.004779546573984672, 0.4605384740091374, 0.09337357762344027, 0.004069394430502635, 0.0034594410053902336, 0.007141202007777764, 0.005725806797726475, 0.00944247299984321, 0.016334295402911453, 0.10657247894933101, 0.0034935729492855416, 0.01287969603504038]
                  , [0.16008384665807646, 0.014865564635484297, 0.02648725657772586, 0.028054688282221015, 0.009921383720615021, 0.048889396185566536, 0.014873521299314301, 0.02111599909761126, 0.02818441949498601, 0.02639453209131136, 0.013568018521629123, 0.052527768943043236, 0.019968680194563812, 0.026454499549694376, 0.02432281881130415, 0.2549743611005179, 0.17501859092147978, 0.04201615537082129, 0.002898196348688754, 0.009380302195345414]
                  , [0.02696813573214101, 0.004607115449245077, 0.0016453066308140345, 0.0029749316146445684, 0.013209728491193017, 0.0026638687142038777, 0.0020386005045310665, 0.3653802650945376, 0.00317391106913314, 0.14210704771589971, 0.031701932771773, 0.0029140268991911947, 0.0023861924589677784, 0.003471873707990566, 0.0032701263892945635, 0.00715724097722547, 0.021645569540918164, 0.3588592302527964, 0.0007273112823220707, 0.0030975847031777448]
                  , [0.06317898846985606, 0.008155964459272214, 0.013083554734887672, 0.024569310867106488, 0.032851833571642716, 0.01506762869925294, 0.01477249316888611, 0.1555975716400898, 0.02989476916346079, 0.20312981761314394, 0.06163633124737957, 0.019421423398221182, 0.013271791360703264, 0.030851366788513628, 0.02895548683904724, 0.03959297830529016, 0.06145144613643737, 0.16176969166855934, 0.0049813387887034065, 0.01776621307954611]
                  , [0.037920232763367555, 0.006323743201350047, 0.013916730684755808, 0.03516195951651388, 0.006571360484264234, 0.01739582625164619, 0.0304112995467449, 0.015578634666860146, 0.26485571886988857, 0.03047480887545326, 0.013766368985886663, 0.03606693631133246, 0.008168217898850772, 0.07832133445628472, 0.29186546691288506, 0.04355576394784497, 0.0379386732793524, 0.020395355219632667, 0.0027619614281049394, 0.008549606698980736]
                  , [0.07356462452680643, 0.0020531922385813688, 0.23923871472171243, 0.29192938001735935, 0.0029940319496466637, 0.035972667357672995, 0.01438331835697712, 0.006061459131789216, 0.047908646440860826, 0.011455417763616485, 0.004678870598785858, 0.055081186957376425, 0.016764903692869967, 0.06384684794540332, 0.022491116740127923, 0.05645923104748263, 0.03603343131160577, 0.014102076796195295, 0.0010148280544484576, 0.003966054350680997]
                  , [0.021994116771871474, 0.008473116696827293, 0.006062927535691674, 0.007737540688399464, 0.3417467412445736, 0.007989782531663395, 0.032176670109877716, 0.02624560958024968, 0.008728001097837022, 0.07885913748544386, 0.018309137709243205, 0.012035703898038659, 0.005243048070775058, 0.011048385876908193, 0.010934194822121905, 0.019993007251093188, 0.0164490319283752, 0.028416284659490452, 0.03235935759097859, 0.3051982044505403]
                  , [0.0512513192406543, 0.005416574575230302, 0.22501148529443785, 0.08537993588910198, 0.006837094931175789, 0.07279550844106844, 0.03258832460027382, 0.009267468799669292, 0.04591155406041953, 0.014518631626347823, 0.006649498827061639, 0.19598498986148716, 0.011178947270580669, 0.03788062244645261, 0.02863668040769552, 0.09726292883401559, 0.045620294748373626, 0.01456095357796286, 0.002335987549882669, 0.010911199018108478]
                  , [0.09043468744325028, 0.0021000973611748908, 0.06810239918229263, 0.1407312316241091, 0.003557419998726347, 0.029615055347482936, 0.02495651293282397, 0.010597119272143374, 0.15606608524174298, 0.02067392858019884, 0.00817615779709362, 0.061388067906509, 0.007298292512174012, 0.11279564871810772, 0.09747989757519994, 0.07714051004736222, 0.06230968153767111, 0.020228886360528466, 0.0009927486532498638, 0.005355571908158848]
                  , [0.13955492386672969, 0.006005981279913655, 0.02597402807914921, 0.03678325580785259, 0.008858838114410145, 0.03142027370379418, 0.015099397089887868, 0.017815271494559057, 0.03151888099507161, 0.03163640796067605, 0.009995781235017, 0.023721074509723345, 0.3591587690310101, 0.03266064255975224, 0.027933023374322765, 0.09814802654896408, 0.056957307732460584, 0.03597766413883293, 0.002831080576095953, 0.00794937190177673]
                  , [0.06384277784916942, 0.020431055455567105, 0.029852885701817676, 0.03603775827134143, 0.0748104335939, 0.03115750390954233, 0.09939887745931404, 0.031005508108570088, 0.04233731645746317, 0.07041639273852214, 0.022901891783513772, 0.057269019052873564, 0.01795902276156145, 0.05548848107193062, 0.05577082875532943, 0.07410355837450652, 0.051242685093420164, 0.04182108696991277, 0.017060982506491972, 0.1070919340852523]
                  , [0.10311343841552828, 0.005847177915233209, 0.02587837526774138, 0.01949494209903827, 0.00485736308886787, 0.6168968111454951, 0.008601001469724319, 0.006398829922818623, 0.016577265165354262, 0.010455217065356438, 0.005072213729481431, 0.02943765582605289, 0.008748055172592346, 0.013813717350407602, 0.016179860719808405, 0.06754622911121126, 0.021609596339463633, 0.012894275609723633, 0.001974907586895465, 0.004603066999205647]
                  , [0.20429740258344298, 0.03731608586603042, 0.00658936080240201, 0.010419699684345722, 0.014191993811995004, 0.023298293724195476, 0.006980262620594846, 0.10155595513068238, 0.010011860382104224, 0.06885336216345142, 0.028747571925974366, 0.013373727475108356, 0.009976223271851862, 0.011684092918056967, 0.010355757999397022, 0.08511187136740203, 0.1230459180374317, 0.22406424324349125, 0.0023394781389003863, 0.007786838853141516]
                  , [0.457036247467854, 0.02997825496233747, 0.004414587385489481, 0.005816053676278564, 0.005278451710801354, 0.09956715086141182, 0.003776239653762528, 0.010594088729004813, 0.004912476659169169, 0.01255790955111852, 0.007189599060229253, 0.009907691834752212, 0.006807010797420582, 0.006096887001828217, 0.005508236843208282, 0.2279488234239453, 0.06331174034882715, 0.03442116473064943, 0.0012187520342009533, 0.003658633267710889]
                  , [0.066852262620616, 0.011052544997192926, 0.0007124359168305577, 0.0010653413515327754, 0.06319652544700101, 0.011875641062295217, 0.0010771547894636087, 0.23141505715634847, 0.0011302307216572124, 0.2621121764534408, 0.054570091655512756, 0.0018804072494222092, 0.0022184621984621803, 0.0018643369230268308, 0.0013042915026316845, 0.01630439958023401, 0.03298836639265838, 0.22963602083848295, 0.0030503350961893472, 0.005693918047001153]
                  ]
distribution_weights <- [ 0.08827823631475323, 0.08108005895147963, 0.08062279533614033, 0.08035806376936494, 0.07771762424620265, 0.07138469507736808, 0.07017334760515344, 0.06651409265834042, 0.06226119722845532, 0.05900878083664343, 0.051674226605637065, 0.05086857166432496, 0.050437666603253335, 0.04240174562390698, 0.04093025068131133, 0.02628864679766486 ]
# The number of clusters.
n_clusters <- 16
# The base file name of this file (for reproducability).
fn_distributions = "dists_all_poisson_allsites_clr_016clusters_rb"
