# This script is generated automatically.
# Vector of amino acid stationary distributions.
distributions <- [
                    [0.07480689113462162, 0.015462550497384124, 0.02562065545437566, 0.05482406595830326, 0.048627937978531086, 0.02795817264795573, 0.051769552022913584, 0.05375355948460324, 0.05863748323820094, 0.08118058704150176, 0.03731628943513714, 0.05669001589708285, 0.015372649186498511, 0.06746625078697835, 0.06466654984019926, 0.08042247209681533, 0.06756381058520534, 0.06409606818468316, 0.007087405144334483, 0.046677033384674486]
                  , [0.09856622491121302, 0.010153012386515989, 0.0535630427266739, 0.058513784908410145, 0.00993451460804865, 0.06040935662746804, 0.03600880423754897, 0.01783240155277193, 0.0647521255702632, 0.03946775560192373, 0.013676270986394144, 0.08582074322229623, 0.01625636947504256, 0.060212442771703546, 0.05756899735639911, 0.16715135222188138, 0.09522143992369352, 0.041603690430717814, 0.0021992932368494994, 0.011088377244184836]
                  , [0.0612360866876093, 0.00779703046462718, 0.02085354481436649, 0.05902930038133585, 0.00965156380179207, 0.030907736916592828, 0.04808577370835031, 0.02274391968840592, 0.15699686222469728, 0.053505917426343044, 0.017731996450924707, 0.0547491194587921, 0.009864560106808485, 0.08301615115614228, 0.1797624753100254, 0.06950338178773546, 0.057517619201127274, 0.04155514199144829, 0.003537077433090418, 0.011954740989785433]
                  , [0.08095375458090384, 0.00521245274415824, 0.09957570544034167, 0.18745758707697896, 0.007093868422666722, 0.040628979669362575, 0.03361408353642531, 0.016629955175675188, 0.07660417132162506, 0.041783782011126445, 0.012406864404023476, 0.055899384292256576, 0.011273236748828698, 0.08873276733770791, 0.05776166049980985, 0.07474727826956593, 0.05654135102251184, 0.042189079976218166, 0.0019333650276002433, 0.008960672442213255]
                  , [0.046381628603090155, 0.005141720819273786, 0.013812585642350522, 0.046970907510592595, 0.005064560822438025, 0.019319129078144207, 0.0331361790244062, 0.015825274709835302, 0.2823715268395816, 0.036926445862953725, 0.013741737268874905, 0.04981153799180349, 0.006803840191624844, 0.07559504940400995, 0.20850649859445616, 0.055605591999615914, 0.04781838430037477, 0.02885116168007816, 0.0019214629741364422, 0.006394776682359083]
                  , [0.12343754716432628, 0.015174220952570781, 0.03580531690705886, 0.034101958851989314, 0.008270677123126664, 0.06386435772754279, 0.013964915336938973, 0.013371832032865086, 0.03593277431690955, 0.028760140535672166, 0.010076953892697145, 0.07370568300144055, 0.015624185498336336, 0.03661735142108739, 0.033537353292764714, 0.2978153575995964, 0.11694409024590086, 0.033590995968057626, 0.001763398437283915, 0.007640889693834623]
                  , [0.08988914148880056, 0.011919392999385518, 0.009848336032615668, 0.034912774133400146, 0.029402028620163775, 0.013542727421982927, 0.011467787774430546, 0.13603882534120543, 0.040842867621888164, 0.09969287996553841, 0.05615804620950888, 0.02239622288311114, 0.009142062140245207, 0.03658250825235957, 0.03597511485645944, 0.06759034075164883, 0.09989056703105567, 0.17916998549633675, 0.0027243958832980216, 0.012813995096565391]
                  , [0.06207319786569382, 0.010962762582337618, 0.008001785279227345, 0.017912416624886043, 0.0571553232774182, 0.012156518138591572, 0.018986210891072615, 0.08822946674702944, 0.041701662260563405, 0.2413913630367057, 0.09034105196380769, 0.017953502459603185, 0.0076713302814885136, 0.0514344098634178, 0.04864881334997465, 0.0525486956610894, 0.053764852262921346, 0.0813664480975525, 0.005394869956968175, 0.03230531939965111]
                  , [0.27392968423740094, 0.01663888010303402, 0.016310433925607444, 0.04174021238148573, 0.01143278204031564, 0.06573628080900368, 0.012497821125004683, 0.03375913876216599, 0.037729336167834034, 0.04959751372227197, 0.019451232975405967, 0.03689698008761291, 0.014502237184261052, 0.038913384553819985, 0.0358158824444308, 0.13889596010418784, 0.07899545807087462, 0.06517995893445677, 0.002517846360429589, 0.009458976010396261]
                  , [0.10449831395639218, 0.006056921314179201, 0.02982083278286359, 0.044144498283107146, 0.009668574167652214, 0.038182856736366295, 0.017450602712509394, 0.031076267136350286, 0.04834267108112882, 0.05065423630623805, 0.011387923681225163, 0.03588874195450382, 0.24962301152368588, 0.04976261192803687, 0.04698958746980893, 0.10350147489787381, 0.0637915624741835, 0.04844383802987104, 0.0022481871772353865, 0.008467286386788305]
                  , [0.032003745689970615, 0.0037766769298870468, 0.007829392475444261, 0.030537644376802786, 0.0033169854792248835, 0.012961192017409574, 0.026269609689247044, 0.009163763497876405, 0.34441402678226857, 0.024670372977178227, 0.008787614553155168, 0.036578047697709455, 0.004327551779855819, 0.06141135989298508, 0.3036544198351397, 0.03957708942153765, 0.03232694305873172, 0.01278755385388625, 0.0014550027478755295, 0.004151007243813931]
                  , [0.06201137350597304, 0.003300187464111214, 0.21362305766012346, 0.25907877210834074, 0.004419830465609035, 0.0401410007314063, 0.02631167710902617, 0.00856931639854989, 0.054999410250723614, 0.014749847664584578, 0.006755042070140202, 0.06058154516317814, 0.00996465869442547, 0.06763533079295289, 0.03669999014568574, 0.06427930819021042, 0.041374046846146324, 0.018416609767491845, 0.001030580575049256, 0.0060584143962715414]
                  , [0.056663559951026114, 0.009730468675118458, 0.0036556059310495926, 0.0075588185865456585, 0.05772083851084605, 0.008013304537470024, 0.007275136381291838, 0.18984302746437345, 0.009945530681953082, 0.2493955437329705, 0.07825485833417303, 0.008157865670930582, 0.0058837258303812145, 0.012332545831996805, 0.011488160197681724, 0.03400671207140765, 0.05255637688762155, 0.17540204921384744, 0.0036805234613930832, 0.018435348047922153]
                  , [0.0909565686957017, 0.0120686933340682, 0.011180857978166302, 0.0278537266138776, 0.01052481769491891, 0.019282229294439127, 0.011170602540036025, 0.05393992160856597, 0.04049470268332021, 0.04896493483148767, 0.0366591340824067, 0.049343683325067354, 0.009047809312517661, 0.03372015806791641, 0.034317504715263014, 0.14316905615045677, 0.28393725263505304, 0.07320762557585168, 0.002102346084000077, 0.008058374776885473]
                  , [0.048525627572401524, 0.0018128100552134148, 0.26020610437171526, 0.35331080358035377, 0.002417749925751659, 0.03051857677711651, 0.01659399907108587, 0.0049357333216813026, 0.04223656544642516, 0.0090111210340422, 0.0041198840132466745, 0.047395727181882154, 0.006468135814358518, 0.05910336867050617, 0.023871318591946713, 0.04510051288062371, 0.029288883144595462, 0.010887503838465352, 0.0006274193416025495, 0.00356815536698593]
                  , [0.08406483472956076, 0.009147059620446414, 0.06358426874325672, 0.05578273946656131, 0.00826028733234109, 0.301410909465945, 0.026327156550692538, 0.010370157218468049, 0.05367788063942905, 0.019499885048285707, 0.008915997350857557, 0.07713353789742237, 0.01118508432320173, 0.04134463444181441, 0.0520855626401001, 0.10388557941983617, 0.043761039655360066, 0.018401523052900645, 0.002872456939443281, 0.008289405464076619]
                  , [0.03349066692129095, 0.007142531749093218, 0.0016031810715905889, 0.0032387836148913517, 0.05448027830142418, 0.004179044854276384, 0.0034111857743700557, 0.19913711820288654, 0.003993053062532728, 0.37811935891931636, 0.08583039329133368, 0.0036030387424325354, 0.0032282871669022115, 0.005504110839674714, 0.004952110320466052, 0.015679493533839593, 0.027477884656330775, 0.15296719902287778, 0.0026349055963637725, 0.009327374358106613]
                  , [0.07931688714397891, 0.00266349213464435, 0.06677396380842074, 0.13621129584968736, 0.002991703335101378, 0.035188755872135796, 0.03002932048333776, 0.008077916416220726, 0.16959137561339668, 0.022335832635371863, 0.0077287983163949435, 0.06814096960900924, 0.004348449423878469, 0.10211398259469279, 0.10850190550175616, 0.07821297242470372, 0.056770655715512854, 0.015787655649038945, 0.0008205649270183655, 0.004393502545699021]
                  , [0.08016628709105011, 0.015300262696083186, 0.004847794345920159, 0.01055462865303728, 0.028847341235189197, 0.00903693078539799, 0.006232560617725451, 0.21258846591307667, 0.012524782936847995, 0.09697517602361433, 0.04561215432980544, 0.009979645424998247, 0.007043886610278769, 0.01082555699419556, 0.011886226459640072, 0.041855630612341856, 0.07590573766833912, 0.30878568866623407, 0.0020232240266325886, 0.00900801890959194]
                  , [0.04862242849286353, 0.016375738954708865, 0.009356902630381353, 0.011940193191463987, 0.17171260408486166, 0.011614244232448813, 0.0832981245083442, 0.03684026235168226, 0.015323595556480224, 0.0698964897214057, 0.017078724593301606, 0.03683724031005113, 0.006226342329931737, 0.02112769765300734, 0.03177758675074159, 0.053559784016298365, 0.03729062291359118, 0.04470563137048544, 0.019889275134487048, 0.25652651120346387]
                  , [0.04595232821542418, 0.008490043382210651, 0.001976304098596276, 0.003949503654540238, 0.04025580787996724, 0.005012913776838502, 0.003597736690499547, 0.2785299261438616, 0.005050001005694389, 0.20045453306342528, 0.06740734450812706, 0.004657006176926061, 0.0035005542082426366, 0.005804408564376332, 0.005397590890023525, 0.020952114917574004, 0.042142158690547576, 0.24630810663901348, 0.002158379397038812, 0.008403238097072828]
                  , [0.05793084829738615, 0.005023029636091646, 0.2473767510422186, 0.1087829568075148, 0.006129743086315859, 0.06364594912361382, 0.0388541237722645, 0.008623781718753366, 0.05103836442425691, 0.013545490005832425, 0.006526185854856005, 0.12717921617562997, 0.010429496204398798, 0.04588062321766287, 0.037338572332995, 0.09644382755951056, 0.05083197737926209, 0.014030148732578808, 0.001669111097147357, 0.008719803531710677]
                  , [0.3000115315733343, 0.03684708091815, 0.008651678708991714, 0.01157505744389942, 0.007259366278988262, 0.061184729093563144, 0.006160193885765646, 0.02009897802614933, 0.010227661033823032, 0.026418639695338142, 0.009890147740603638, 0.03174601074183912, 0.010646283405170497, 0.015283234693974248, 0.009970565197418116, 0.28662642102491803, 0.09654772317051696, 0.04437137257613951, 0.0013573371133132198, 0.005125987678103571]
                  , [0.023568689017502045, 0.00525460878705617, 0.0009173743919855663, 0.0016543928523335219, 0.03857415956021555, 0.0022978634782921566, 0.0017001375074641673, 0.2856562791640005, 0.0019725143088367915, 0.34869378877938856, 0.05998053158486961, 0.0019426656200285677, 0.0018743177477073198, 0.002782431504844568, 0.002413776805262799, 0.005802314566708954, 0.018751147676462618, 0.19019838359494773, 0.0012984501609666365, 0.004666172891126202]
                  , [0.08825548989026824, 0.004793750262364539, 0.01337018688509468, 0.02804509004830632, 0.00596669020374228, 0.025473605537896776, 0.011131657545319381, 0.018698250861390077, 0.030578364591078582, 0.03853864950658975, 0.006674240911677571, 0.0168669761014743, 0.48080432924220917, 0.032583290615198233, 0.02844764933226486, 0.08237059100950916, 0.04570525907960204, 0.035050743204967635, 0.0016114151961205295, 0.005033769974925708]
                  , [0.03856732116576435, 0.006939648223455578, 0.008632416148315405, 0.02852140068668275, 0.0061562991479261675, 0.020513622406394438, 0.045835205892918444, 0.012174759104449165, 0.14745538257510368, 0.03593976099538975, 0.01027075571526565, 0.03378001557845856, 0.005990997681479569, 0.06389139321941409, 0.4231701701147186, 0.04344498377392277, 0.03456215040499639, 0.022354354910426852, 0.0032664902829643272, 0.008532871971953553]
                  , [0.020752363418650006, 0.005640985076289299, 0.0018174114913752548, 0.0033419678764115023, 0.05884731871643958, 0.0034633874162419203, 0.004084863002426504, 0.09213754764106802, 0.0044284979782585705, 0.5712397825375631, 0.10511342724829315, 0.0036896823432212116, 0.003134029662143751, 0.007379621059260671, 0.005307907418590372, 0.013372763082390313, 0.018070871806264596, 0.06157889939065378, 0.0024929550064982362, 0.014105717827960221]
                  , [0.0480708309625827, 0.008024383739986748, 0.0661137036596089, 0.03849342441939885, 0.008267712684073766, 0.049520861719777806, 0.06547672006383075, 0.011736322151695587, 0.061591926910581525, 0.02111357791047484, 0.009036887106256535, 0.31294877528739556, 0.007000100958405796, 0.04747810020223706, 0.048790525437833326, 0.10748234797250789, 0.056624382449214944, 0.016090889901829268, 0.002054234968445572, 0.014084291493862686]
                  , [0.2743201948966786, 0.04890933033700589, 0.0039797856923603925, 0.006697387159485993, 0.020802285322986128, 0.044684497284549374, 0.004403484354195955, 0.07252770692905418, 0.006248165262914681, 0.06141788403318261, 0.03443251745628682, 0.009006636995785744, 0.008103888933364162, 0.007494222702811936, 0.0063403665068796165, 0.10502917884172634, 0.10924765107384327, 0.16835833687280885, 0.0018591338959301007, 0.006137345448149317]
                  , [0.03675463311451324, 0.008256492657938933, 0.003995210184079154, 0.007642307964480376, 0.05842023185549881, 0.0062664556792794085, 0.009010357470313767, 0.10028542536336432, 0.01221406411108628, 0.440501812798229, 0.09160375137097061, 0.00768562997629472, 0.00562694486628388, 0.02610226961038116, 0.021788745316064312, 0.027255747261289154, 0.03248745357354713, 0.07674494961359404, 0.00395962283639861, 0.0233978943763933]
                  , [0.01891649256997389, 0.0044035459390447725, 0.0010489041045879022, 0.0018757439361236552, 0.04630577807948306, 0.002273737075070297, 0.002207445038708595, 0.16717631915257686, 0.002326554765481596, 0.5206871481057478, 0.08821128681781423, 0.00218139062881109, 0.0021100767399501925, 0.0038577116760283893, 0.003082688712447936, 0.006287691209077459, 0.015999706190959976, 0.10389616597856093, 0.0015169204146500065, 0.005634692864901507]
                  , [0.028677200069379013, 0.0062146441587394435, 0.001425437431456227, 0.002469055126428478, 0.027104904500994693, 0.002957566629411539, 0.002252151866379719, 0.38301183630786256, 0.0030805321696354706, 0.1507786641621838, 0.04469856276921406, 0.00302287393237178, 0.0023860858098071623, 0.0033127439340251462, 0.0031109270925268823, 0.010650190745849688, 0.027280052249324546, 0.29159205029326823, 0.0010784848171707599, 0.004896035933970735]
                  , [0.035887011390508226, 0.0028995531900311866, 0.45746185109259124, 0.13183642653897396, 0.0031955640190980306, 0.03800485589910961, 0.02554333374301524, 0.00482141516810965, 0.0310514992464783, 0.00730489163085587, 0.003720131729441084, 0.10513027212833428, 0.0058527266591237815, 0.0311554742500402, 0.01974193184864822, 0.053914855244865535, 0.028827751758947338, 0.00803460839937655, 0.0008469448239706845, 0.0047689012384809935]
                  , [0.0243361446108677, 0.010673932777031457, 0.0038407680978613623, 0.004912493269570165, 0.3274989982747976, 0.005597892021534387, 0.03852025394078121, 0.03302251823061679, 0.006138727873350926, 0.06940105138923414, 0.021351062293111425, 0.008931781996891867, 0.003488447023694239, 0.007872838921149735, 0.008294641575701374, 0.025329011080070296, 0.013644992259915882, 0.03296532928165744, 0.03279005397697965, 0.3213890611051824]
                  , [0.04418517438678386, 0.017194854532469776, 0.0042916518602114945, 0.005756932861435577, 0.26572963143764755, 0.009015341689650642, 0.014024384269223564, 0.07985248324832876, 0.00719960307738489, 0.18129661811256445, 0.05358019762366649, 0.008691224254750702, 0.005324077379350902, 0.009100209047515049, 0.009239399732322587, 0.036330330360138864, 0.03349941540183904, 0.07661105242365673, 0.028026741578561186, 0.11105067672249763]
                  , [0.04853558694317993, 0.010890764706618549, 0.0332678681530451, 0.03836913842607005, 0.04094784474332114, 0.018385315169915036, 0.2237996579908258, 0.014808840432766085, 0.05135410893261628, 0.04815840573159142, 0.012089133657498094, 0.0839418482375845, 0.0084258528155955, 0.08456799680323554, 0.07565446631619305, 0.06260769446739749, 0.04181090868930783, 0.020602063099096624, 0.00500757922573395, 0.07677492545840782]
                  , [0.061390897775334234, 0.017858257622171317, 0.00231400310382265, 0.0048026396537073175, 0.021042593120998966, 0.00507272044963138, 0.002945614156751965, 0.26255911745715144, 0.00501817633672578, 0.08229204364356607, 0.03266423915465702, 0.004864990334470807, 0.00390626334368228, 0.004814219208046547, 0.004767650086544938, 0.02442171975538118, 0.054695424095360184, 0.3984331336436987, 0.0011410141213664567, 0.004995282936930802]
                  , [0.07880325129256567, 0.011109639929295211, 0.024690188394023756, 0.013344713249122061, 0.005586842426282273, 0.03558798497956352, 0.007878435674549742, 0.013005385003142656, 0.023802011193446153, 0.020508199921664097, 0.0085591522348845, 0.05484673417777806, 0.010401067634183171, 0.018824269659671513, 0.01863165122782602, 0.3330213470074226, 0.28598202931256905, 0.0293049205774216, 0.001307782043600788, 0.004804394060987609]
                  , [0.05473566416011897, 0.002485849280699487, 0.09359289722503664, 0.3791046936732347, 0.003451802873661131, 0.02366961018359119, 0.020854980546956822, 0.009306396568358143, 0.07097181062944152, 0.0239152202495937, 0.0074605047139571015, 0.03495071404267884, 0.00478975298898677, 0.11461966150379756, 0.04206064314470858, 0.041587935812666864, 0.03753870134473679, 0.029026298001728314, 0.0010352377868613602, 0.004841625269185464]
                  , [0.02909075984243327, 0.004412631175136718, 0.0006104009416998656, 0.0010546681373414853, 0.02609984030678224, 0.002207767292264857, 0.0009801405726414004, 0.344796280655476, 0.001162456039494895, 0.19233997960546567, 0.04382926161290649, 0.0013766854674721947, 0.0013330703792398505, 0.0015957327410327134, 0.0013828204032725214, 0.006999378261673566, 0.020969597188941664, 0.3163440131532417, 0.0008058447662721501, 0.0026086714572105215]
                  , [0.5200586093858833, 0.035251270561208, 0.00542962005224062, 0.009213052558644713, 0.005990753882269487, 0.057175600544924335, 0.0045319950660388545, 0.02299162520830361, 0.0073169110511994, 0.025005524257280528, 0.008591350396801482, 0.009471280031824268, 0.008123485012235965, 0.007875065726376793, 0.00720310492654553, 0.14129772684336278, 0.060887148646712616, 0.05795752232525403, 0.0012705863378344397, 0.004357767185058895]
                  , [0.08257542492042376, 0.007849753148397537, 0.034185211390771506, 0.027904889555756384, 0.005273912606092998, 0.5776045354391588, 0.008666068565565305, 0.006767139419132386, 0.024159905604019486, 0.010966875715442564, 0.005418363949855832, 0.03845607431820962, 0.0070876321431836385, 0.015965287197034186, 0.027674772866056255, 0.07320913488701171, 0.026359092506756242, 0.013259692699571508, 0.001948828022037395, 0.004667405045522786]
                  , [0.02058430440643083, 0.0023496301594392918, 0.004234870827177705, 0.020092294365715295, 0.0020818378748442175, 0.0077210229527494185, 0.01826286415626632, 0.006090111058003188, 0.43186986976916336, 0.0170787318085047, 0.006593486663600483, 0.02714141443562809, 0.0029050122927729554, 0.04361046390887025, 0.32913398907620206, 0.026109853391240567, 0.022842404953131702, 0.007648195591601043, 0.0009022527984107957, 0.002747389510247674]
                  , [0.014328378012044818, 0.0024446799633482284, 0.0006243126083002139, 0.0010016224899022472, 0.04277893891733918, 0.001515744038287153, 0.0010358713654393579, 0.18255440038606152, 0.0011251351209527812, 0.5558194496513744, 0.07120814614870016, 0.0012293396133983342, 0.0011457329258153205, 0.0020526796704619507, 0.0013899168533704845, 0.003488148257208577, 0.011184553235874698, 0.10070011568462563, 0.000914181404858447, 0.0034586536526365506]
                  , [0.030199471086211457, 0.009519810254604744, 0.0017792592070926317, 0.0027318578923989836, 0.22622647324144954, 0.004898263467025311, 0.004853558340466936, 0.09974499819282719, 0.003446389525066084, 0.35296091314565653, 0.07352183673830678, 0.003912159056638046, 0.0030512008004254768, 0.005092605307990849, 0.004521279096955165, 0.01876761210115013, 0.022168196526254385, 0.07557113413327579, 0.009063597887206927, 0.04796938399899692]
                  , [0.01978893128890782, 0.004188415009057407, 0.0009609111810935906, 0.0016649684999453108, 0.01466996106797282, 0.0018580115755209843, 0.0013386107832593281, 0.4484309496209745, 0.001967797408307876, 0.08099400265478097, 0.0242027824690307, 0.002050403269021402, 0.001627884704420675, 0.0019900587235183154, 0.0020173335950290057, 0.005484039352546994, 0.019268738932068322, 0.36460818691004593, 0.0005437396253265324, 0.0023442733291716175]
                  , [0.3914117560418363, 0.037903378353114955, 0.0029735954917325526, 0.004078569031354078, 0.004073814656506249, 0.0641357051449276, 0.0028289529394598476, 0.007456371637612404, 0.0035399551159143497, 0.012460148035440424, 0.00509660782541241, 0.01486387578439105, 0.005481226560613091, 0.0049176472275710625, 0.003824720146795372, 0.33623310605212353, 0.06669931686376614, 0.02848646036198854, 0.0008276755876016387, 0.002707117141838372]
                  , [0.03928682871130723, 0.01148350166224273, 0.001266810181128318, 0.0020757717171414124, 0.015982864130202362, 0.002946018008275858, 0.0015826308849212695, 0.289354394681351, 0.002341340242137953, 0.0812687137219824, 0.024843449331451634, 0.002380788639624117, 0.0021708201424046536, 0.002408230779646571, 0.0024219296906220814, 0.010917774504597128, 0.028318036045873445, 0.47551781265082277, 0.0007438187720184191, 0.002688465502248676]
                  , [0.012225579680355179, 0.0055698565765356185, 0.001916526325352148, 0.002444642216341012, 0.4524735190999809, 0.0028253985978512804, 0.024102682825173756, 0.020495700311563867, 0.002771881180758963, 0.05388896395422531, 0.015137329902217413, 0.004419735718472893, 0.0018546916738020921, 0.0037104155194298146, 0.0036528953973903053, 0.01320295120786583, 0.005954572948906049, 0.020645768572348778, 0.023012295508880357, 0.3296945927825484]
                  , [0.244591402186627, 0.02659132616788587, 0.013480680531356648, 0.02155838432692908, 0.00794802249891453, 0.28427927316423196, 0.006636297331072481, 0.011407909095757424, 0.011849996311525841, 0.02580289428104061, 0.008175842971633492, 0.03459503659858737, 0.009808021121604624, 0.013502943552191844, 0.012854319954487282, 0.17197317964334496, 0.05291711937926855, 0.034756723154094706, 0.001950986199321006, 0.005319641530124758]
                  , [0.0532936140613486, 0.0039668543641293, 0.02060171224164519, 0.014832913492671036, 0.002582866384008301, 0.7661276050782864, 0.004124564969709379, 0.003269371439490557, 0.01369913130327505, 0.0052086487973008345, 0.002717581523062351, 0.022685353000956004, 0.0031325662241326276, 0.006820228879620937, 0.014346486756041919, 0.04087723253431485, 0.012314654439325693, 0.006335012116546959, 0.0009636433063203958, 0.002099959087813766]
                  , [0.0779848789510052, 0.0026937989712055225, 0.0061500680321121765, 0.015452344530887159, 0.0032590293501830285, 0.016220929056025686, 0.00523473925422976, 0.00838663053283569, 0.015176327010582677, 0.020098822908689265, 0.003609977709092534, 0.0062999879052402135, 0.6894883694753509, 0.015271703428781034, 0.012268164934974004, 0.051848279171263986, 0.02588522386466933, 0.021089051939669774, 0.0008510032112648124, 0.0027306697619372006]
                  , [0.035656713094571885, 0.0011838128412252965, 0.3632074438264372, 0.3691105689278587, 0.0015734688084655575, 0.023443868821238036, 0.007608087344270125, 0.0031071495743380186, 0.026119572072032495, 0.005227111994256853, 0.0026935804107132825, 0.04047894646032752, 0.004383716992370416, 0.041459410801184586, 0.011686541598768826, 0.03356105267747025, 0.0201129372428572, 0.006679131251347041, 0.0003982034313217612, 0.002308681828944968]
                  , [0.01115899895147663, 0.003218434203874376, 0.0008884316930213605, 0.0014663815018377854, 0.03856460353782639, 0.001592393561919398, 0.0019191619006365351, 0.07520880673235152, 0.0020470787656974515, 0.7021284573627183, 0.09084069590311161, 0.0016439813604410785, 0.0015092804925563622, 0.0033056328459106954, 0.002304956900333726, 0.004917760285778411, 0.009613394262211113, 0.0426916047483249, 0.0010884690967565447, 0.0038914758932159493]
                  , [0.05036842397698783, 0.005858807700950349, 0.019792667276645685, 0.0843713251327384, 0.007435933729969578, 0.015833937423050875, 0.07627438093464346, 0.014591226238454677, 0.06678950105604516, 0.05765596341814151, 0.033881137058886845, 0.04313868716145367, 0.007177986986143175, 0.31181288791399275, 0.07057537930517595, 0.04955034716684818, 0.041877536962547396, 0.03076411301283446, 0.0024338930348170758, 0.009815864509672957]
                  , [0.016353273943437475, 0.0027663084633973534, 0.0005754585943465445, 0.0009430615798047599, 0.02856970744764469, 0.0011989358315609355, 0.0009781747460431982, 0.33698746769681365, 0.0009744470711711217, 0.34010913174617324, 0.05457258716520351, 0.0011404993065157003, 0.000966576572578297, 0.0014823253491510848, 0.0011637117773497406, 0.0031360525366586293, 0.012526378763348453, 0.1922697254978956, 0.0006782605550942235, 0.0026079153558120054]
                  , [0.08547725778878794, 0.017731983810028037, 0.0007089646689874225, 0.0009896647798904275, 0.05252299014904333, 0.016931213889591498, 0.0010765087141765472, 0.2147192240917251, 0.0011670205462219279, 0.21218526654758435, 0.04522216535668574, 0.001663627254243972, 0.0024996875461268204, 0.0015460800527314798, 0.0014489161741501177, 0.021687713267482166, 0.03824415989056131, 0.2788282792654177, 0.0017663063704668868, 0.003582969836097296]
                  , [0.02153001326188196, 0.007171658195834824, 0.0021149943897308264, 0.002744705750787202, 0.4663923290313384, 0.004316676495172271, 0.007978551897207118, 0.0517142245741917, 0.0034684784787325637, 0.1481323011843023, 0.035149525055460804, 0.00446325217425721, 0.0024396920031228243, 0.004131151986198417, 0.004254440031725897, 0.017025812269702064, 0.014348693389726752, 0.04467611300442059, 0.023009163036823942, 0.13493822378938233]
                  , [0.03145159777983663, 0.007814467067554351, 0.000787558730032634, 0.0012774748190806276, 0.00861774479241531, 0.0015310518777015304, 0.0009156795174816238, 0.2775343011565314, 0.0013292175924371854, 0.050862168383913255, 0.01503282760987355, 0.0014590915040061706, 0.0011796319263541251, 0.0013651433871365896, 0.0013203344640987642, 0.006071171510322187, 0.01886135107543087, 0.5708276922301582, 0.0004092084275481594, 0.001352286148087006]
                  , [0.6638665108372286, 0.021774303553558028, 0.001901865933326584, 0.002854710371669682, 0.0022918942108278977, 0.04747934947054749, 0.001600141672485015, 0.010834066791155825, 0.0022954322669828052, 0.010389368445213543, 0.003772610096875048, 0.003364710217549749, 0.003912578563551965, 0.0028053527001164493, 0.0024939132138737524, 0.1388458479725339, 0.04081223849278038, 0.036504610379661295, 0.0005726929544112826, 0.0016278018556505668]
                  , [0.017366764149840223, 0.0027137924777016153, 0.0004888386358558982, 0.0007896080747400818, 0.013541608440391708, 0.0011474203403194433, 0.0005965707692109517, 0.39199204737318133, 0.0008362959977787424, 0.11517875594555001, 0.02174525049058646, 0.000963158743398218, 0.0008159606060409786, 0.001000218149487419, 0.0009762452012427699, 0.002593344456478278, 0.012136139667726097, 0.4133964736756561, 0.00034069722980916567, 0.0013808095750042861]
                  , [0.009388814875110715, 0.004716757023872616, 0.0016634231823397982, 0.0021024563404485877, 0.2780866680825665, 0.002244864344205226, 0.03265214392772055, 0.01079231349778816, 0.0023405603506434242, 0.026221096836824987, 0.004631928576109803, 0.004814513084935505, 0.0013476492977546445, 0.003169626573405732, 0.0031958697963288736, 0.010618786630987857, 0.005018091522857126, 0.012514426499102874, 0.020332751444395007, 0.564147258112602]
                  , [0.23726490882080875, 0.04120973821561355, 0.0020994633821254547, 0.0032032647243188427, 0.014904336147370167, 0.022323883663152577, 0.0024095472293858985, 0.11158334520482256, 0.0031459624710251117, 0.0591331600506582, 0.026539600997511414, 0.004145758971525648, 0.00387357763078567, 0.0036474164585226176, 0.003417159820529284, 0.04660991553851883, 0.07340571806225464, 0.3367429719829831, 0.000980598852355044, 0.0033596717757322773]
                  , [0.0403178944654168, 0.011336106428151537, 0.0007529226112139915, 0.0010199348078764085, 0.17189891953511094, 0.006956198005646656, 0.0013992081589481362, 0.19256636824702153, 0.001214397464328174, 0.2981919079800965, 0.05365912722954416, 0.0016144800536603329, 0.0019396551957391258, 0.0017871879027675627, 0.0015027727714111768, 0.015047745129276494, 0.02242139773714369, 0.14801809534303031, 0.005232118516441983, 0.02312356241717476]
                  , [0.017737216405572895, 0.009940487426530928, 0.004058922003627506, 0.0049035621779945126, 0.18720356193065402, 0.004459890444128239, 0.09203728135857155, 0.009619989142394274, 0.005690113157844346, 0.03522581945329753, 0.006050828475057232, 0.02203853135788767, 0.0029332691495767295, 0.008614378824764062, 0.010424254491226487, 0.022156152656317422, 0.009122418365258865, 0.017526646070683983, 0.02218331518274736, 0.5080733619258644]
                  , [0.02794715237926643, 0.0019896399798981614, 0.010381587827162055, 0.006689236149613202, 0.001266314323626329, 0.8820924472119458, 0.001986383860253568, 0.0016364819607506016, 0.006345911253979514, 0.0025858905513722547, 0.001455520739979556, 0.012278101428776769, 0.0013683893180905353, 0.002880356283254323, 0.0070784327596551825, 0.021586921175377284, 0.005859181595584886, 0.002930002909971736, 0.0005114094024388088, 0.0011306388890026517]
                  , [0.1805470670369618, 0.03186486161638883, 0.001286148956679958, 0.002032326426348868, 0.06250684371291312, 0.05327565226453084, 0.0016279502192517881, 0.11531036988829377, 0.0019424191809499297, 0.1794802087263156, 0.053819583170535604, 0.003116157227069698, 0.003337233949593704, 0.0027946579808375265, 0.0023223575924818376, 0.060896476451646225, 0.0674472801452924, 0.16777323879667225, 0.0033010817429975203, 0.0053180849142387045]
                  , [0.03816076516743574, 0.0012315051034150863, 0.1244743050705707, 0.6051536744265874, 0.0016993424569676778, 0.015910592478681245, 0.0059142268085609455, 0.0038063574012982206, 0.03331423343407404, 0.005982281894938553, 0.003230989444659949, 0.019225646415594752, 0.002663441987944195, 0.0691891848608778, 0.016072287182057696, 0.02189011769281481, 0.017778861712081137, 0.011795573314411879, 0.0005463385032988263, 0.0019602746437294275]
                  , [0.45372684123789053, 0.02859752828560069, 0.0029608125923294053, 0.004055047522859799, 0.007471673922705028, 0.22106873820130266, 0.002461501114047294, 0.020647955257613444, 0.003146891456856197, 0.0246426273552913, 0.012512164873230062, 0.005305806565828986, 0.0050877945076679585, 0.004152186998035958, 0.0035074605225105886, 0.11217650798606998, 0.041160086128411794, 0.04318667821354226, 0.0011801200352522137, 0.0029515772229538333]
                  , [0.11269549228918732, 0.03537052671811151, 0.017151306175815943, 0.007474329709026587, 0.0052710868604100795, 0.05605207149607283, 0.0057997791142507344, 0.007038996555713568, 0.008676592345859338, 0.012139860981510948, 0.0052364508389483744, 0.038534986795340134, 0.008988345749292742, 0.008373747638369887, 0.008618542711386883, 0.5391510247885991, 0.09918310263027035, 0.01871133962150991, 0.0012825620150701811, 0.004249854965253593]
                  , [0.032177821924661336, 0.003597179143421571, 0.24595254112539064, 0.05060813161151107, 0.0038178839074333774, 0.051857159531798966, 0.035311473319512995, 0.005404225260560261, 0.03879562715641618, 0.007298703050071481, 0.0037153791300158965, 0.32300146299472016, 0.004010796127754795, 0.027122460083111238, 0.024850770168912503, 0.09152210577155848, 0.03756810827258851, 0.006874215791426126, 0.0010000005047987284, 0.005513955124335861]
                  , [0.04848135167492353, 0.00790566527329869, 0.009389255785802767, 0.006431727117178662, 0.00410205383892109, 0.017377411793516487, 0.0044077178739806355, 0.019948643594390813, 0.013490526788725634, 0.01806935295538431, 0.008483215209065696, 0.0349762412621751, 0.00464749934208687, 0.0069373603017194125, 0.008036270380204071, 0.22185870377187228, 0.5336193069782464, 0.02768490179513876, 0.0010199367903214814, 0.003132857473047354]
                  , [0.1909659059532068, 0.0011981678450401275, 0.1019169728430066, 0.24055150748535384, 0.0014823862226388972, 0.03159002576383967, 0.008827836527959576, 0.003973744247747474, 0.10293306866386515, 0.008673669459842248, 0.0030510701432452467, 0.04187446790224259, 0.0030218189804018716, 0.08282766707791402, 0.054329071594079625, 0.06882495591527457, 0.03993311199502716, 0.011818796472080064, 0.0004336953762939909, 0.0017720595309404315]
                  , [0.27718479263073337, 0.04322579652679155, 0.002191376314340868, 0.002882654440162968, 0.005703235046043494, 0.033575015880278815, 0.0021481409409818695, 0.030647744479081966, 0.002736944311296837, 0.025845584126231072, 0.017832674988697134, 0.007070510959187559, 0.0042130305082557695, 0.003659431021127076, 0.002885985396262193, 0.18607883349715085, 0.26745349080583086, 0.08099448210485968, 0.000944501813309586, 0.002725774209376592]
                  , [0.048186726256137666, 0.007334461514728914, 0.05859083738942527, 0.022379580244416705, 0.004127001462762131, 0.05128486436574412, 0.02900646616204424, 0.007047462042534288, 0.030329208237549327, 0.008507707689644447, 0.004715592165966732, 0.2813801179249257, 0.005254152361543207, 0.025356156846468754, 0.02256527341845888, 0.2715867383534416, 0.1065337061306508, 0.010087525906402025, 0.0010399934144109948, 0.0046864281127443124]
                  , [0.06386154812501936, 0.0014571442139772756, 0.03674453019507353, 0.12075033258511346, 0.0017245445462125918, 0.011061943224513272, 0.022078802609163353, 0.005544856711151344, 0.30052942277512507, 0.018383313474818568, 0.005028825542063881, 0.040783928397702174, 0.0023299300217868245, 0.1254463545074274, 0.14714963700330455, 0.04363343627162625, 0.039353885708507765, 0.01141964960537994, 0.0006079761000326359, 0.0021099383820006264]
                  , [0.051258926787618175, 0.008160927366637476, 0.003800700999609425, 0.006615603194720964, 0.04042879072279967, 0.00806581729768264, 0.005970495610023214, 0.10395036533854105, 0.01080555401151431, 0.2328826209651963, 0.297120922704114, 0.008389497182887702, 0.003651913127716895, 0.029062218684195677, 0.010864020186483293, 0.03592652963943046, 0.05304176075991681, 0.07840068442576657, 0.0026017688249807052, 0.009000882170164464]
                  , [0.24384757515269145, 0.01654353072767012, 0.004408920711417312, 0.004913241673842824, 0.003896056553299501, 0.5189684888888433, 0.0027538529123137512, 0.0055339102706937525, 0.0037799197399748475, 0.011902238325297416, 0.004425503877293682, 0.011874053740369697, 0.004080182895211857, 0.00438049983776871, 0.004532059652636506, 0.1089070275374944, 0.024050808110847723, 0.01756360664190023, 0.0009950454455948314, 0.002643477304837997]
                  , [0.015437115563129888, 0.003782741517926374, 0.0008213620919558353, 0.0011279532119259465, 0.14435900637072993, 0.0020560948208254207, 0.0016881435969201893, 0.09254373277606044, 0.0012654075753893315, 0.5630171167517095, 0.08166914238314629, 0.0015168052568964756, 0.0014572748677995249, 0.0022834730129525443, 0.0015668536883589454, 0.005091123746032873, 0.011206435084656985, 0.05083397003329273, 0.002438794443476004, 0.015837453206814758]
                  , [0.08734426596259531, 0.027431018345807166, 0.0029898357522919706, 0.005102875772330022, 0.008363730116377577, 0.008627452933055179, 0.003318706645309633, 0.13287288842852132, 0.005396380947214738, 0.056789147736118595, 0.036231385859858745, 0.010397870787489435, 0.0037064930724435793, 0.006209264206611351, 0.004991351069619752, 0.06879769602834852, 0.2902262045132919, 0.2361336339216167, 0.0012644031510164156, 0.0038053947500821814]
                  , [0.011026298560386345, 0.0023030596375888833, 0.0006522138529279373, 0.0009925871389239802, 0.008300745690872675, 0.0009519376947990862, 0.0007437699773366943, 0.5435040042011537, 0.0010583549872682852, 0.04705906446650961, 0.013790218568424866, 0.0011150023122988273, 0.0008590593942323343, 0.0011799613434715533, 0.001177741397048722, 0.0034070402814232203, 0.010883176961217851, 0.34940024615038784, 0.0003050543193908097, 0.0012904630643367785]
                  , [0.11585936370101749, 0.022359892226450927, 0.001119648394448791, 0.0016783417998372037, 0.010414848737410097, 0.004549386064421182, 0.0012086740271196011, 0.16757016048546988, 0.0016163914859947367, 0.056199461001451956, 0.020794729063775132, 0.0021709615817880057, 0.0019443332200729162, 0.001929087528067216, 0.0016889728742256697, 0.021094041945090847, 0.05475116960617637, 0.5106505171364948, 0.0005378445797839232, 0.0018621745409032073]
                  , [0.007033088945999827, 0.0014693943779157232, 0.0004887118743330189, 0.0007615696235924505, 0.031408791052987065, 0.0008095208297568527, 0.0007956275322440511, 0.0653655529348851, 0.0009491083640851587, 0.7654047051739243, 0.07609301859225169, 0.0008253859537076039, 0.0006690970715857907, 0.0016537049529171959, 0.0011096035970933735, 0.0025836838936773997, 0.005601033133562012, 0.03466367071225441, 0.0005027913186586512, 0.001811940064568248]
                  , [0.016139815116513342, 0.0015083759162552487, 0.7045924967369355, 0.08062180498015102, 0.001646169501666731, 0.018962202133408927, 0.013087681324571538, 0.002437983486961023, 0.010874512968625603, 0.003424884864249191, 0.0017607240203824227, 0.07772684021822092, 0.0026913031090720053, 0.013142473973384994, 0.004850630101729899, 0.026276424509397923, 0.013332876993472118, 0.004044920631100248, 0.00045839673504070345, 0.0024194826788603773]
                  , [0.47492693464363916, 0.04164881328076897, 0.0014922028592650413, 0.002246342777426802, 0.004349838988777678, 0.03634573569108448, 0.00170926834407257, 0.0427697778083785, 0.0020597679319258534, 0.028867485650343427, 0.01701310714010496, 0.002953685360288928, 0.0025501166043596975, 0.0025262834698736047, 0.002163972552743334, 0.08077807272844284, 0.08733167351496968, 0.16550663771823496, 0.0006894638859749192, 0.002070819049324731]
                  , [0.02725586587781084, 0.0021080880207894116, 0.10797979352445584, 0.04885113780439605, 0.0021283237481256084, 0.4657813864346316, 0.023492584399276015, 0.002585010261415614, 0.05302234308286129, 0.004381210582090271, 0.0025985991587723356, 0.13593508939793328, 0.0024823592455255573, 0.029703381310247273, 0.029752808627413807, 0.04573003908813269, 0.00907617968363278, 0.0038597985073316977, 0.0006818352235263694, 0.002594166021631842]
                  , [0.10540982950553837, 0.4388457252687734, 0.006631714892194482, 0.006862992416245328, 0.02193679836400043, 0.03284957954860564, 0.007107850335751667, 0.027307240160568142, 0.007313191874562113, 0.034602730214640075, 0.01115285089991973, 0.023298505632488413, 0.005307671276906632, 0.0076975391627950055, 0.009597063311475485, 0.12809613160754615, 0.06015836459698259, 0.05354150781808384, 0.0027001650278966264, 0.009582548085026205]
