# This script is generated automatically.
# Vector of amino acid stationary distributions.
distributions <- [
                    [0.05593649471270055, 0.012961232541537792, 0.09087054788157262, 0.10154438022903911, 0.055885694406966155, 0.03554949323656015, 0.04107366969127742, 0.020259454034652735, 0.09397059267359634, 0.03918535507167833, 0.015667272210348488, 0.06483263877342697, 0.01903339278271293, 0.0641360054115736, 0.08532158745541707, 0.056609744073852414, 0.043462998350953574, 0.02755892430557351, 0.015745901195054694, 0.060394621114346625]
                  , [0.0407516764708079, 0.010452353294318411, 0.004722921616364235, 0.008298561373152637, 0.050327695974190456, 0.00799390145594498, 0.006781950009485907, 0.2186128022445229, 0.009772960102880097, 0.25969872562873364, 0.06355527851175394, 0.007472564376563781, 0.0075072962269351375, 0.01104229827584011, 0.010237372802781947, 0.017421958682920916, 0.03301718175234577, 0.2118066628466463, 0.005119935344647153, 0.015405901983585692]
                  , [0.20665132061390193, 0.023884992320468538, 0.025760682364176425, 0.029870477163435, 0.012025213024705796, 0.0619048296625632, 0.014433332266035092, 0.02662985465793137, 0.026641758517398917, 0.03194987819233451, 0.015488943886386221, 0.03715443347221523, 0.0845926707531045, 0.02620317793730116, 0.02383907739950524, 0.16840488837614576, 0.1147777082292129, 0.05589070700447901, 0.003814113003943939, 0.010081941030644113]
                  , [0.09456116389968425, 0.00787525959031506, 0.032502963259327056, 0.02112816387689037, 0.004956597668641878, 0.6193745592319785, 0.009486237643812012, 0.006059138294402314, 0.018756292808018826, 0.009527806100494446, 0.004903350322611605, 0.03588658342426278, 0.00935403411007285, 0.014026153664116938, 0.017134409463716558, 0.05698723891002917, 0.018543401513900333, 0.011800776916368994, 0.002406603050265901, 0.0047292635384348115]
                  ]
distribution_weights <- [ 0.44806677194808053, 0.26531489304157085, 0.2419761122736889, 0.04464222273665971 ]
# The number of clusters.
n_clusters <- 4
# The base file name of this file (for reproducability).
fn_distributions = "dists_all_poisson_allsites_kmean_004clusters_rb"
