20 A C D E F G H I K L M N P Q R S T V W Y
32
0.13373638282096617 0.0760745363326665 0.0108213622867100 0.0491140820621900 0.0676264012831814 0.0170018338783448 0.0472225984343985 0.0745172069508224 0.0337269838743146 0.0724133589916308 0.0587462864588966 0.0186604750967925 0.0694073095997038 0.0117065547115068 0.0841878632906362 0.0742254132929630 0.0875675397792738 0.0653608916569049 0.0506184819124743 0.0042567338090394 0.0267440862975499
0.07232647008498261 0.1431300987358214 0.0317503535804248 0.0238975746270359 0.0306892997962313 0.0090317459433381 0.0559157333618583 0.0113559002550463 0.0331521847753867 0.0335097863864937 0.0365120635751407 0.0134190252510856 0.0589348139730561 0.0118518781225705 0.0327572222428150 0.0290580311740937 0.2328751491599543 0.1492132538101003 0.0536017318934218 0.0018690667076430 0.0074750866284828
0.06573889237437974 0.0504855672438902 0.0048616903622195 0.0182330242246476 0.0566352048211830 0.0048831540468383 0.0238603289228670 0.0381388028138216 0.0128138849524141 0.2383970917665618 0.0355068969785334 0.0115955065618187 0.0478209661542505 0.0058907897780709 0.0846500490082645 0.2327859074455906 0.0542074330519230 0.0453753923933780 0.0256162983190428 0.0019282228271937 0.0063137883274910
0.06298979068043119 0.0712895093484458 0.0030156095895108 0.1753716449074730 0.2505168120764804 0.0038327657443141 0.0390665546443339 0.0263852709239516 0.0080642394671094 0.0688022232442958 0.0153479217438574 0.0065048388119015 0.0612543087081948 0.0080549344129330 0.0828116166993820 0.0441859255040877 0.0638013335574139 0.0429569549140736 0.0223864124375630 0.0010221228851390 0.0053290003795394
0.06036046312667541 0.0720582539150254 0.0128735681914826 0.0061653278515065 0.0123085645637535 0.0663619766302931 0.0117990850557196 0.0114601074610077 0.1258414462726418 0.0179829173431347 0.2108039151069815 0.0859880492706760 0.0130420652385039 0.0072440694491790 0.0327814839493030 0.0276784775241508 0.0508338277099204 0.0667875981948959 0.1302441216124449 0.0047969322760508 0.0329482123833289
0.042123424399703416 0.0652093162205797 0.0174092346422028 0.0026156844318992 0.0051026731715695 0.0348901166854888 0.0068784885648696 0.0038177632512606 0.2482810284808924 0.0060262635850689 0.1359188075226674 0.0524202695590094 0.0057506732657112 0.0043342971201549 0.0062766013973895 0.0060562824504709 0.0297778815633698 0.0612499893195562 0.2989103420394436 0.0018083112149020 0.0072659755134938
0.04095705241544516 0.0277080156656311 0.0064620631468806 0.0018850992766743 0.0034521921940819 0.0683721787907364 0.0041333728721110 0.0040261840888673 0.1212103965742781 0.0044654791082876 0.4769849532662789 0.1185294623869731 0.0039351485807554 0.0031643441089253 0.0071436626372748 0.0054178305059439 0.0165364507845813 0.0233665904135902 0.0836238456530680 0.0028243166589416 0.0167584132861191
0.04052643586379969 0.0381462434222635 0.0074350937942446 0.0008815968306884 0.0014788618368838 0.0532703694093078 0.0048917963550672 0.0015648354846574 0.2583427236651588 0.0017758587800250 0.3158597435715220 0.0663728097495511 0.0019463459460683 0.0020434716701900 0.0024917277484477 0.0021325685529367 0.0137883778653433 0.0245342041223886 0.1957816254664575 0.0017300900132318 0.0055316557155666
0.0388467461358581 0.4044078484257229 0.0407845188655664 0.0050642025398823 0.0072853927544361 0.0058480160444883 0.0758366140609725 0.0041041019599647 0.0193101365352240 0.0059688586173975 0.0221674258221994 0.0078913107477656 0.0182860488636992 0.0082080653243846 0.0074524105612147 0.0061202502612733 0.2335370557358579 0.0761139654201185 0.0464952061730760 0.0011953241241840 0.0039232471625718
0.036636628072777046 0.0388691753112637 0.0109030331589895 0.0010312988654829 0.0017181508278062 0.0173653124012187 0.0027914140369212 0.0013672625653153 0.3308875798482094 0.0019242254319991 0.0932974481521618 0.0281776753381908 0.0021363148685664 0.0018220370174995 0.0020883480808983 0.0020072940306710 0.0109438299128529 0.0276454595846319 0.4218138761946356 0.0006789922717456 0.0025312721009402
0.03270119203787144 0.0306545715286913 0.0120621310296806 0.0051793580245938 0.0064677653534809 0.2602590510009950 0.0069697374542123 0.0686914305773149 0.0355306195298779 0.0080816307540162 0.0735968633874786 0.0167540730988711 0.0156896265648694 0.0042006236485669 0.0110737247208065 0.0119012087866209 0.0323039090667176 0.0178182370346540 0.0370058145581291 0.0353379408257608 0.3104216830546623
0.02804711116180916 0.0120207276726009 0.0024986346182066 0.0007071592372811 0.0011053587700732 0.0461804919934992 0.0014231392246476 0.0012643345326114 0.1128173057126356 0.0013412904314179 0.6482013613996157 0.0871532889267301 0.0012963384737468 0.0011555347063509 0.0023596296190648 0.0016225625488391 0.0038611212525811 0.0096416115207388 0.0607866409420364 0.0009295034984091 0.0036339649189137
0.02676381680260081 0.0982998625020969 0.0079536646954564 0.0498054054970787 0.0381606735168870 0.0057974351423063 0.4508906045508361 0.0119312580523733 0.0073451315121883 0.0361566172306581 0.0127030545384032 0.0061568595893712 0.0600042496645306 0.0074777048133025 0.0267186472447338 0.0332212971122957 0.0925971363986955 0.0326672802733843 0.0149382597618744 0.0019190754354452 0.0052557824680831
0.024975759995437177 0.1121029009616194 0.0056122062605570 0.0360119908944498 0.0487564138141341 0.0080237534545576 0.0383136935308555 0.0150059658139687 0.0270682752697001 0.0469780299938319 0.0454799231552036 0.0096741399905592 0.0345130846781659 0.2660411624579006 0.0460250904060038 0.0418908058245259 0.1013249082241930 0.0615083565867753 0.0465315065210336 0.0019661327192440 0.0071716594427211
0.02480180231563338 0.2695835065289239 0.0416292530670155 0.0020588063293475 0.0032491688112839 0.0227323318101885 0.0393500965518563 0.0023017036857478 0.0886829598311946 0.0030159845542588 0.0657642295868088 0.0307217745179135 0.0044888548017672 0.0041339324218063 0.0037880309355248 0.0031668180870060 0.0713679893912963 0.1049226759528073 0.2342059510482467 0.0012953804602925 0.0035405516267137
0.02467347287971254 0.0216568784229149 0.0026404081475381 0.0043169056053224 0.0195720962295756 0.0023358263699802 0.0076974933358902 0.0199259600342160 0.0060216933118223 0.3419919718089278 0.0170840355867858 0.0059517566953180 0.0243332565027299 0.0027541198022414 0.0427551638808713 0.4222092383892662 0.0253789575053256 0.0216233202457454 0.0077230679583502 0.0010791163527756 0.0029487338144031
0.02331318085895169 0.0380065772786748 0.0012441663823658 0.2435022848820703 0.4825641041211337 0.0016313249332158 0.0211203610735304 0.0070195982006058 0.0033610819249837 0.0309199024959523 0.0057377805649451 0.0028732562169131 0.0311659697570384 0.0037007311810336 0.0526630871895900 0.0152734369670360 0.0293835851164943 0.0193247640269723 0.0078700286334242 0.0004460605952668 0.0021918984587539
0.02285404665487937 0.0213940998968063 0.0030477626939495 0.0004664021600129 0.0007269113494593 0.0293623313047094 0.0020044835163463 0.0006694540153328 0.3616059483537472 0.0007451281481508 0.2963024260042295 0.0456145270749639 0.0009281214362352 0.0009151249182152 0.0010849815280620 0.0008608091512137 0.0040522091855516 0.0132808805585638 0.2142772370764224 0.0006209906396596 0.0020401709883683
0.02234072891119603 0.0138412897525219 0.0024497057834279 0.0005385724444859 0.0008372254303106 0.0089536159351733 0.0009125413774338 0.0006345981886898 0.4498436907724183 0.0008991539867181 0.0664616003274015 0.0151270337161444 0.0009414077740950 0.0006967726567856 0.0009738608341354 0.0009517852874110 0.0024347502992297 0.0105785252126682 0.4215259852299034 0.0002808884836451 0.0011169965074012
0.021910112359550562 0.0395559129810695 0.0054087951080823 0.1150018045324272 0.0393040079193921 0.0052397729535291 0.0520722552987135 0.0556237583947461 0.0073738875145340 0.0427934829989854 0.0102910187827976 0.0053066132426672 0.3609445317005054 0.0051254140308000 0.0334923444005752 0.0317488847387575 0.1184776690188788 0.0526317147691495 0.0099110262176113 0.0013347935788281 0.0083623118179502
0.020857810984999715 0.0094241980293298 0.0041099881247479 0.0015774014514192 0.0020000852081040 0.3888544267154539 0.0022098658800519 0.0257583950318511 0.0133700873523216 0.0022196312055083 0.0347945037234842 0.0087931203514073 0.0037839547466392 0.0013416053099445 0.0029037234860009 0.0028515287288483 0.0097869747324094 0.0046419253432138 0.0139255503993540 0.0195732375665115 0.4480797966133993
0.01856784349512348 0.0610657366341918 0.0165957185358055 0.0110392283253196 0.0051725197754642 0.0034314174737814 0.0227574412055534 0.0036870811770540 0.0141859781974020 0.0064598649404462 0.0137392858738272 0.0057413307060536 0.0315661911196323 0.0046019723467854 0.0055169782492994 0.0058318093744485 0.3497261391032227 0.4123046786703519 0.0229282276353391 0.0008794537822648 0.0027689468737570
0.01853362231221126 0.0237991789406000 0.0074112833397529 0.0016309161988338 0.0021986232865652 0.4103491264872789 0.0041077708046273 0.0044304010636236 0.0679985066619980 0.0026521273236672 0.2402955840557197 0.0488816409932300 0.0033742632163738 0.0023201724979806 0.0035064744319234 0.0032657796652177 0.0145242941370090 0.0162502425316655 0.0541277361273947 0.0158020299854259 0.0730738482511128
0.016942337306792905 0.6078162147711691 0.0196496949354376 0.0013101397670567 0.0017569041589282 0.0018655339611669 0.0567574889705763 0.0011272505244800 0.0076468238079039 0.0014871682067583 0.0073124893174473 0.0031759824140431 0.0030728878427310 0.0025135073488601 0.0019996097562953 0.0015899265009228 0.2162065091189291 0.0384167971392712 0.0245667278833580 0.0004511729999493 0.0012771705747156
0.015969885359037244 0.0503871374252444 0.0031876695144178 0.0163714378751450 0.0108879055738169 0.0019457791705228 0.8077595781818581 0.0029478117083894 0.0025027783944072 0.0100916294357888 0.0038783536525790 0.0021237352370078 0.0187617047213711 0.0021799258537156 0.0046306215337877 0.0101456339836607 0.0353686072397264 0.0096355589789418 0.0048750021537001 0.0007102768314648 0.0016088525344548
0.015627673529915016 0.0217407445298377 0.0018983490872479 0.6113073924535330 0.0860760203953794 0.0021071717828226 0.0256513584782832 0.0174351889962544 0.0031933417096703 0.0175956832418394 0.0044499170080220 0.0023204672849711 0.1124140448753583 0.0033002785564121 0.0181354180065950 0.0076346583561163 0.0374320941344998 0.0187117007614926 0.0050142411362072 0.0006067523945122 0.0029751768109453
0.015313979353219643 0.1090063904439154 0.0039405363532030 0.0116922563911057 0.0251052070853725 0.0044166346871099 0.0244052203134593 0.0075180139251973 0.0113547001759937 0.0232710340247933 0.0280088188238317 0.0050333004908206 0.0107522331960954 0.5414750057020268 0.0232913443050548 0.0195418338439274 0.0778290580997364 0.0383944553963539 0.0299899419771411 0.0011809777002751 0.0037930370645868
0.010816745565505048 0.3924563050963343 0.0160972541008617 0.0020013406556844 0.0026268973672740 0.0035184054953652 0.3951936620089973 0.0016824015165704 0.0089437857759232 0.0020563320673790 0.0116366785899463 0.0044126244911958 0.0040667548375358 0.0029942494915717 0.0026444486973897 0.0024855183208515 0.1019591120805958 0.0231389239958536 0.0195288240823625 0.0007278885618970 0.0018285927664109
0.008407003935436036 0.0189338348110879 0.0007973524895187 0.0027736099928798 0.0011537001679045 0.0006211973862282 0.9487623843008514 0.0007530325927189 0.0007499323256496 0.0008952013507459 0.0012158085307442 0.0005974665304187 0.0035338867373937 0.0006013333733842 0.0008744993895747 0.0015452175821398 0.0113090670249178 0.0026896622162397 0.0015268518069209 0.0002171076482856 0.0004488537423962
0.005144584497804141 0.0575030174858622 0.0018268970308241 0.0028709449568219 0.0040852970894407 0.0021096685233083 0.0104720752963625 0.0028830931632289 0.0049079019588792 0.0043085294367783 0.0116687730812826 0.0022583333057463 0.0035215822406769 0.8157939964356060 0.0054290717888556 0.0039194308974825 0.0335504534201411 0.0168970057646653 0.0137013517016147 0.0005457849022260 0.0017467915201970
0.004919295043632008 0.0183394489212286 0.0074287204622375 0.0032084318716203 0.0043523130526860 0.0753426565556716 0.0075926978531971 0.0077569720908949 0.0150337807259003 0.0053670375215358 0.0353248674573561 0.0072160826085766 0.0054262547782474 0.0032881081985937 0.0056965250832369 0.0112750607712427 0.0200955114413850 0.0103672302991395 0.0163082943265886 0.6787614885879499 0.0618185173927119
0.0022757086636628074 0.0153859625100757 0.8816898019916054 0.0024212295668459 0.0027136270335012 0.0039029698581510 0.0080876274218233 0.0026771545187477 0.0068394523434937 0.0029176178232501 0.0087725820577010 0.0025887416385144 0.0037639663392575 0.0020497628909601 0.0028133093308524 0.0039500667808145 0.0226419429320434 0.0113988581540707 0.0105768993881206 0.0011397530956347 0.0036686743245364
