16 20
0 0.08758341413334854 0.0165344004248187 0.0050640262447926 0.0013989363702477 0.0025045724467519 0.0476046891187444 0.0026383859910503 0.0028432416481535 0.1752169333755636 0.0032188260580924 0.4957287159889506 0.0954986543128119 0.0027979558659377 0.0024287584195519 0.0050181475274182 0.0039589630607261 0.0078461344681089 0.0140334527936611 0.1066837234152856 0.0017907397425984 0.0071907427267347
1 0.08390463697028461 0.0245340297516402 0.0053394059779603 0.0010942778721259 0.0019410477008695 0.0126444349725347 0.0021559948030282 0.0014781475549599 0.3809255458006775 0.0021608553928271 0.1172090603238729 0.0278106476251045 0.0022383004688379 0.0017515407711239 0.0023685769150660 0.0022832342863950 0.0063819463221941 0.0191492902208784 0.3853080644422401 0.0005628625434454 0.0026627362542186
2 0.07899104545713796 0.0315394982467526 0.0065022590759633 0.0110900602199897 0.0282264527246697 0.0057748392464675 0.0160763820174804 0.0275883913775931 0.0139922157321732 0.2819658626251533 0.0258018571875826 0.0133553022542302 0.0332620223948599 0.0064437851804701 0.0673932377205398 0.3275781786367639 0.0428985296171736 0.0330461672405091 0.0175091029368248 0.0025531534565835 0.0074027021082198
3 0.07621627787600525 0.1424064849276492 0.0203908868883162 0.0186481969918128 0.0197879996526415 0.0098551214545777 0.0424330570567321 0.0130925919858159 0.0207866927978631 0.0216220592066458 0.0249899573434717 0.0142128559594496 0.0500480983037713 0.0130253656666820 0.0212203324338159 0.0202988674863336 0.3092279478923123 0.1898302077596044 0.0373400678368574 0.0021934560501538 0.0085897523054935
4 0.07615353904066617 0.0864072993267437 0.0041419838552204 0.0614860673131782 0.1411117512048929 0.0054654662811612 0.0289714179351521 0.0275926911281361 0.0160104723007820 0.1314259577743628 0.0296758786075429 0.0141285893537179 0.0565708280217689 0.0076839200458451 0.1132501926262629 0.0938720366513510 0.0842932016779901 0.0622041734987933 0.0272876652353873 0.0014004689945729 0.0070199381671385
5 0.07241202304226316 0.0473883032920566 0.0023419191250203 0.2997113186694060 0.3206035995954886 0.0031013995818578 0.0261314011630608 0.0147313006841858 0.0061167731154779 0.0368946787781441 0.0105432149285170 0.0048613211590438 0.0540239139435607 0.0081684029240392 0.0541797872748882 0.0189059144915160 0.0479398855093211 0.0264159167170443 0.0127684320148758 0.0007922701058404 0.0043802469266554
6 0.06529116523127816 0.0680979537630197 0.0099675050573213 0.0117487478774547 0.0280807973986431 0.0264409847624309 0.0134747082025754 0.0169287972417041 0.1351991968550277 0.0393011194106102 0.1769408243843904 0.0721836275791890 0.0223604984427576 0.0085655285099559 0.0413788589608341 0.0385768172992269 0.0516224259899413 0.0754239319792768 0.1441890672576135 0.0035127450944993 0.0160058639335283
7 0.060568641989391436 0.0550930389960619 0.0077511242403115 0.1551316205221242 0.0633595882537370 0.0072810591544133 0.0935570955347940 0.0354555820897481 0.0097800408533252 0.0484828777542406 0.0154251716681390 0.0076057951414425 0.2075624676484794 0.0099309511438027 0.0379912948719765 0.0358474734136328 0.1336232356715370 0.0490031577041081 0.0148216846318925 0.0019540644365755 0.0103426762696581
8 0.05535276336052016 0.4892663666347327 0.0270496597637451 0.0029522195610345 0.0039870605044204 0.0051063079233570 0.1015872597991330 0.0026522414376984 0.0104855312667814 0.0033556503478166 0.0116575101750790 0.0067936084846918 0.0073330894301503 0.0052999691374016 0.0044828658476233 0.0037941724650260 0.2223813164658064 0.0554605258845616 0.0322365487022749 0.0010312480861371 0.0030868480825288
9 0.054819483260138024 0.1274828860101292 0.0065733787422559 0.0193401197759289 0.0280967549309855 0.0087908656383279 0.0267876159659748 0.0152362127114663 0.0186569996994369 0.0277323997847873 0.0327787749151338 0.0103838979264833 0.0221513828742423 0.3936945953708251 0.0305450400636591 0.0259319744468286 0.1063924127900393 0.0554013560139975 0.0343127672027596 0.0020892522433840 0.0076213128933547
10 0.05454571379684024 0.2097792614969025 0.0401641618921055 0.0043486012392573 0.0066771900349845 0.0170987311402542 0.0246160280057934 0.0051472149538634 0.1042315248655863 0.0066741335542028 0.0730268530522834 0.0315734831387615 0.0109491092244464 0.0076715068855738 0.0083257785570530 0.0069922616097814 0.0917909315197412 0.1229553173677897 0.2184554761585616 0.0021352426003529 0.0073871927027052
11 0.05205327097473336 0.0166089293858883 0.0103582565039402 0.0042217063177644 0.0054278317230492 0.3396230463013138 0.0060432146281647 0.0357213838919510 0.0183309987529288 0.0064654425201356 0.0530255589090498 0.0125860395719723 0.0103329998681373 0.0035133977092692 0.0084207155541539 0.0092212621503237 0.0184807285251320 0.0123510007949530 0.0203573167944113 0.0302295335593754 0.3786806365380860
12 0.05114640962755946 0.0602528150550199 0.0204489851452519 0.0282750826291789 0.0367715547094239 0.0532217503425894 0.0278261514259134 0.1301059907417023 0.0284974365384981 0.0459885171436412 0.0625848477227341 0.0235446177028511 0.0701373192207810 0.0125904592232945 0.0713016052857552 0.0628987546760573 0.0839657030750186 0.0496998291490102 0.0376913600878161 0.0111696775337885 0.0830275425916746
13 0.044393429532880856 0.0299251906718661 0.0117121842206597 0.0030411806967644 0.0046210853425818 0.2544666190795559 0.0071932992267078 0.0096767730107789 0.0966839164129541 0.0058241591624790 0.2752221158791171 0.0613099287325880 0.0066540526992460 0.0043951166577407 0.0078171994927239 0.0074760876664217 0.0190926628843340 0.0216575000808310 0.0807268030064858 0.0151077951334160 0.0773963299427479
14 0.04360634232589973 0.0767808562107870 0.0054784921675641 0.0114121945408091 0.0096291595003993 0.0034450367796097 0.7537143093168345 0.0047515897982715 0.0044011427498281 0.0079534579500559 0.0069786418457289 0.0035831335596783 0.0148481340893017 0.0040565512210914 0.0067396002635916 0.0095815651599406 0.0519074374776146 0.0124495804880583 0.0083151414045174 0.0012021810832095 0.0027717943931088
15 0.04296184338105287 0.0736749633657159 0.0113423531155301 0.0005823765739163 0.0008532414980174 0.0671912037387901 0.0148111379120212 0.0008563419152634 0.2263558856196088 0.0008886933943500 0.2606442187225024 0.0522541253392236 0.0015374759515441 0.0021486203636463 0.0014941023785875 0.0010418045187951 0.0176933746558061 0.0341822162236327 0.2248644641787321 0.0028360655272619 0.0047473350070550
