20 A C D E F G H I K L M N P Q R S T V W Y
32
0.05807619916728455 0.0138095394670172 0.0047179560184632 0.0014089291809675 0.0025531686705529 0.0466717983364887 0.0023788543846207 0.0029518917363588 0.1483752583645591 0.0034223871676130 0.5440136904167666 0.1004779275994210 0.0027664700812013 0.0024003198588858 0.0052892111016373 0.0041331656607676 0.0074771253501112 0.0122293618021892 0.0867057191377222 0.0015205145811318 0.0066967110835248
0.047818399589345806 0.0155701792758660 0.0029335543242796 0.0008271971729471 0.0014263444890536 0.0162710115187863 0.0015382181711546 0.0011594146658020 0.4213476883029187 0.0015927235060234 0.1689201180108766 0.0352219069333864 0.0016511486325179 0.0012675085400755 0.0018818598338139 0.0018167781389473 0.0041105174877237 0.0127384295218168 0.3067307608245924 0.0005269958762103 0.0024676447732080
0.04349797524667769 0.0289695976540828 0.0041704693306918 0.0117515616027467 0.0321107384867388 0.0033924498684638 0.0141751267019822 0.0217262713268512 0.0102978835280946 0.3473959750755058 0.0182199681935453 0.0107983878619393 0.0364564746618825 0.0048489580220358 0.0690209260239728 0.2946369678054551 0.0414355689191662 0.0318039466916431 0.0130866439503222 0.0012366025539656 0.0044654817409145
0.04180402669252267 0.0474492443601368 0.0017832218624988 0.2569084200383369 0.3955402104109183 0.0024325912787365 0.0240931602060679 0.0119643475109599 0.0052295400862794 0.0363602800830103 0.0093070716361557 0.0042194410277656 0.0403069020626929 0.0075647712746301 0.0588975362380530 0.0168357231211492 0.0415654794325324 0.0236040409320208 0.0119791965756962 0.0005892177919015 0.0033696040704576
0.039679461586722184 0.0678843754111142 0.0068435763064323 0.0965490679261607 0.2123892869945231 0.0101127403647331 0.0290676816648776 0.0326301863591097 0.0197886168108213 0.0753971789940186 0.0356390233132071 0.0166244936116035 0.0494664890454484 0.0125723546912525 0.1140315456584830 0.0551007606106678 0.0675543026512544 0.0498063551131763 0.0326213874822652 0.0030710716337655 0.0128495053570856
0.03821650601722466 0.1526787939199753 0.0106537007859354 0.0384194554709301 0.0439377380112493 0.0079521043148548 0.0858688069042781 0.0178733593123866 0.0152579890702103 0.0426608547115776 0.0231612271780615 0.0121746698405320 0.0679225145998251 0.0166424863398586 0.0398981697600839 0.0364145171067979 0.2435790802485933 0.1068582066485714 0.0288701830645220 0.0017855817437341 0.0073905609680228
0.03786288712713169 0.0349273982316339 0.0105692920212631 0.0116965468057346 0.0256588096935586 0.0100144505582875 0.0199397355503860 0.0365566159296038 0.0169335343853645 0.2085569693496739 0.0340211159878876 0.0152540110695477 0.0312888515617688 0.0091733343103873 0.0642700992505308 0.3518915446366201 0.0461614749296724 0.0331339443684439 0.0212770516905446 0.0058807035511070 0.0127945161179840
0.03488564421376832 0.4190606829841640 0.0263568581225938 0.0066969023630500 0.0086226599048740 0.0053429168536578 0.0732464925774686 0.0051246578592638 0.0099875624861086 0.0073327426235105 0.0125525317257441 0.0068152904787195 0.0141228929916724 0.0085024360082516 0.0087107577512679 0.0076523352726908 0.2796382511055276 0.0653940710966009 0.0294341311836442 0.0011759391162301 0.0042298874949597
0.03450635943649119 0.0366800907052283 0.0110536067581829 0.0011792454428787 0.0020048757123618 0.0084050510238741 0.0025381185287679 0.0015126332766391 0.3223395860391995 0.0021997322678465 0.0783434211615533 0.0194742881408115 0.0024300704874233 0.0019735100138617 0.0023579889258480 0.0021757125222450 0.0085861897581354 0.0246282543718120 0.4692881508125683 0.0004616937284839 0.0023677803222787
0.03420692408600924 0.0893419615378367 0.0022790880194040 0.0805857250241134 0.1578313101396249 0.0028112582279073 0.0287430982331104 0.0235913432147287 0.0086064385337828 0.1482217705181466 0.0180202726175463 0.0081928941442149 0.0674537080570284 0.0035648736994784 0.1053577836254963 0.0966602789290614 0.0838528247274890 0.0538961930210508 0.0161144372625115 0.0006853797710662 0.0041893606964021
0.0340215593452347 0.0666880348312311 0.0046353887871905 0.0082353927994840 0.0068142648640505 0.0028108257037227 0.8036554309649231 0.0035750560535048 0.0035114986498624 0.0054848588971222 0.0056029188923793 0.0028724632763785 0.0105851725394684 0.0032038673794252 0.0047978162548284 0.0070908989704142 0.0410425483124469 0.0095056521770228 0.0067048815438319 0.0009790497058364 0.0022039793968767
0.03378486283009183 0.1504516513430990 0.0144951104795752 0.0186371523554698 0.0280580823949432 0.0197062779881433 0.0342737880952750 0.0166209084915818 0.0661865148333428 0.0281300984488242 0.0668291965197457 0.0341187543588758 0.0379488990951807 0.0167411091782258 0.0306844586998603 0.0258458734524069 0.1426270497500338 0.1452891199974684 0.1055473673652667 0.0034209614464876 0.0143876257061937
0.032578566132435975 0.0602497860883807 0.0082523997219487 0.0051824476778701 0.0113744024944403 0.0171320198594634 0.0077195965956097 0.0063360416971138 0.2442379541143300 0.0130973902598994 0.1352006999056666 0.0511198089510018 0.0104718170282835 0.0063943910228860 0.0133013543852524 0.0124631905493096 0.0302637771790800 0.0706359492849406 0.2878037662636495 0.0014964983140032 0.0072667086068707
0.03221354018137227 0.1278878635884581 0.0080818658293866 0.0102137760895849 0.0146798675477395 0.0091970634333971 0.0218980101797253 0.0119232975048840 0.0194538839246700 0.0148686829162425 0.0330871435345522 0.0099821210821448 0.0148078412319056 0.4804010685055944 0.0192631328309722 0.0161346952825364 0.0929631754947292 0.0493705262201247 0.0362719507883228 0.0021465641811162 0.0073674698339137
0.032127987224091714 0.0442511216105967 0.0109232455354570 0.0077367582338407 0.0159513312948271 0.0598827306603834 0.0105367929125635 0.0190371182458651 0.1111014830664560 0.0230972423532379 0.3083288832913074 0.1018224028196916 0.0158959095548168 0.0080917962536266 0.0314216298013079 0.0267116733845270 0.0350932778973444 0.0413215677225431 0.0942696404825375 0.0063352978151402 0.0281900970639299
0.030981577596532254 0.0231097145499108 0.0102061422512132 0.0025417801087824 0.0036554048352160 0.3121387988767693 0.0054391592405072 0.0087564291570045 0.0866387786650292 0.0045934059117167 0.2634281340239872 0.0548710619760396 0.0054565363284738 0.0034591795900569 0.0062156174916183 0.0058937009264380 0.0149614704548822 0.0166005278638136 0.0691423285934112 0.0134489350325502 0.0894428941225798
0.03091028346546512 0.0274692429473005 0.0062964022804017 0.0006396000349832 0.0010192993860535 0.0745696727399616 0.0038572879913517 0.0012379051868595 0.2335062911889376 0.0011508348735196 0.3734313539846545 0.0675372536963813 0.0015177837672274 0.0016784672814141 0.0020676793388944 0.0014835522490401 0.0069875351105173 0.0166137860291753 0.1661818079703420 0.0040784142262106 0.0086758297167744
0.03043403866993669 0.3020178826937018 0.0470464764036590 0.0032667215918058 0.0049493988189327 0.0102278381865958 0.0296028197749175 0.0036561229246732 0.0654104552459506 0.0046520744167460 0.0438930259876113 0.0204849575396355 0.0088008943668064 0.0055150685771868 0.0060297723438817 0.0049238619019733 0.1225706961559882 0.1358770235464343 0.1748751344030526 0.0014089220603570 0.0047908530600905
0.02967832088062511 0.0675519349618281 0.0068396509935264 0.0166286138044933 0.0558275818518301 0.0133725803741794 0.0129373347992444 0.0219179067165775 0.0816920527383246 0.1112246003845462 0.1056910513141060 0.0469275604895761 0.0290248473954572 0.0056111120155640 0.0819951510374777 0.0985737306049370 0.0554486942305668 0.0778574322600688 0.0963380052595039 0.0023863648315323 0.0121537939366598
0.02901385957907945 0.0274949421002954 0.0038609728713733 0.4933854652168830 0.1098116578624586 0.0040418708418848 0.0286698512618144 0.0191275552275018 0.0059287566122372 0.0211956263356391 0.0086339279960929 0.0042409287566997 0.1340691278476080 0.0060704752814598 0.0223535296226724 0.0136327090324961 0.0562206054998814 0.0243785620448337 0.0095523267002327 0.0010870312038023 0.0062440776841332
0.02882279130781954 0.0101328384612222 0.0060391482396618 0.0022302179993281 0.0029714521747104 0.3978164791433235 0.0032495580233879 0.0242054508672794 0.0137209842096686 0.0034734637412675 0.0423313537767519 0.0095895731632112 0.0056275975655046 0.0020038776765794 0.0046533524070486 0.0048281305128655 0.0103228898505773 0.0074256497423277 0.0145659305938194 0.0223416295168755 0.4124704223345893
0.027428278104146466 0.1098912962169330 0.0039386668352572 0.0491921041537974 0.0722923145716089 0.0063949240894803 0.0310773705752532 0.0191893762089759 0.0139991558786326 0.0690573479649264 0.0262248949630825 0.0090128605589220 0.0371498857912997 0.2462243971637955 0.0553531792159532 0.0490819024004353 0.1103358226555470 0.0571526419966666 0.0261792741044307 0.0016176715861973 0.0066349130688055
0.026875035647065535 0.0484683373484409 0.0127681631416657 0.0281080690770649 0.0362633015337393 0.0395921481288559 0.0228252149167663 0.2135838060538730 0.0213069945252176 0.0448871506841128 0.0486090647256432 0.0184915735378657 0.0809990060224611 0.0104273515152602 0.0894620845096610 0.0620808930654839 0.0686257720799035 0.0409042061200103 0.0283826607671838 0.0068015324128866 0.0774126698339043
0.024773284663206524 0.1079611460520920 0.0195800498225265 0.0024751432242073 0.0039112519620897 0.0538838433319877 0.0203919014453133 0.0040503655891732 0.1682116934025018 0.0044880378214564 0.1884873607207463 0.0630170943875240 0.0065347990675743 0.0061470286066499 0.0060110796113658 0.0052223343002641 0.0421443304680947 0.0631200520102406 0.2187567075009913 0.0045225289519168 0.0110832517232843
0.024773284663206524 0.5236180985902853 0.0192546452070169 0.0015995566544687 0.0022117770514553 0.0045625848732493 0.1640168708722399 0.0014910020878257 0.0090490021962204 0.0017759601163556 0.0095925645668738 0.0062205501590128 0.0044179625883365 0.0036368278940713 0.0026608831469458 0.0021408962638434 0.1738368850253780 0.0394501353065802 0.0274257959057633 0.0008747621137149 0.0021632393803626
0.024368333998745224 0.0474678098293606 0.0119747965531989 0.0790667728966317 0.0320141268927222 0.0101577323051114 0.0438735630777891 0.0490822152634625 0.0138458845174737 0.0410435002016859 0.0193785480061673 0.0096340611063119 0.2999022513199135 0.0092180534686400 0.0335701863371849 0.0336887575200745 0.1623335377470400 0.0670938538358808 0.0183562182735080 0.0025259265823384 0.0157722042655047
0.02407745394399133 0.0678577911322957 0.0121145529046372 0.0096807868760070 0.0080646647615608 0.0056439826506637 0.0195675245456902 0.0067894652832791 0.0123155254810046 0.0104305329168941 0.0132983847943440 0.0085726237881226 0.0371718820448095 0.0073195837408484 0.0093238798262247 0.0097199566422553 0.3707942404783555 0.3653589449965099 0.0198291210893349 0.0013394298912153 0.0048071261559479
0.023053670221867335 0.0276652175905501 0.0179360213129150 0.0090818696446659 0.0107654169485550 0.2375250819299230 0.0105197875180243 0.0760922165849656 0.0223786866204832 0.0130822905012667 0.0582483216045278 0.0148423264920649 0.0246201715459405 0.0059005390148054 0.0180005492998767 0.0187865676856468 0.0363484034740110 0.0214620295497659 0.0268448793083378 0.0104746771837038 0.3394249461899704
0.021299834597615926 0.1088879107203865 0.0143609777602714 0.0004692605114655 0.0006712479336677 0.0597967001023111 0.0251623678567999 0.0006005993211345 0.2104664614105386 0.0006442760503547 0.2221501162444417 0.0428634508699897 0.0012721828086582 0.0019887916902053 0.0010812994978281 0.0007454385119934 0.0252830336472681 0.0430725634993100 0.2354694346281148 0.0019963922704501 0.0030174946648107
0.020307420293161467 0.0489619722515701 0.0043553235232628 0.0900607694890974 0.0533716386371722 0.0043629245023118 0.4108389805164089 0.0210943339132386 0.0053252888185988 0.0514849754791574 0.0095453505676931 0.0050037221318187 0.1096187641212896 0.0059324163443590 0.0320756535000005 0.0368200115182537 0.0749439448714330 0.0210110239742980 0.0084912279061043 0.0014859521061365 0.0052157258277955
0.01569326413049678 0.1138727377487661 0.2576903306973737 0.0140643674085374 0.0160510797539912 0.0290078715099599 0.0391556363271335 0.0192959145075166 0.0308477076642614 0.0181405964696216 0.0461036339285082 0.0193497367070658 0.0329960417700521 0.0115747045708925 0.0194131189745660 0.0230180589265567 0.1565730801386465 0.0690523960015401 0.0523002554622301 0.0064572880966308 0.0250354433361499
0.012228369360634232 0.0420338375410503 0.0168185012120852 0.0096219394020941 0.0133391850417776 0.1024172847648185 0.0223621246670446 0.0206803765440390 0.0294459309384451 0.0175336328594837 0.0727194731423842 0.0226894209513738 0.0167149030428223 0.0100097616274742 0.0181138198819340 0.0267340763356770 0.0436298767334558 0.0301311388876476 0.0354939810866372 0.3671867173879146 0.0823240179518413
