128 20
0 0.0486222079161254 0.0833637455397619 0.0145978551245020 0.0530134379188797 0.0633425630047980 0.0232384140931865 0.0554873965839076 0.0518238065388153 0.0317710655389027 0.0644368680005645 0.0656308646473362 0.0189852120298185 0.0629719328484427 0.0361444239017129 0.0612589627883165 0.0664968827542573 0.0844681267654201 0.0714241786228276 0.0568683036139183 0.0089111416655569 0.0257648180190749
1 0.025373523246768673 0.0837948884850028 0.0063240819366037 0.1274011975245898 0.1365185192860300 0.0095866494837720 0.0604373431309312 0.0343394907994035 0.0149444087620669 0.0686701215122400 0.0275414382302928 0.0102970922830737 0.0756738493191980 0.0372361371940763 0.0660770262990650 0.0545457689419621 0.0814915693951081 0.0608969417876167 0.0276854113614910 0.0039228139306899 0.0126152503367867
2 0.023785163300263257 0.2139358022077722 0.0126798383538715 0.0426041630377268 0.0551732059276254 0.0124684808686576 0.0683338238734064 0.0181780016127156 0.0237810481230030 0.0439013342191252 0.0500463513112537 0.0147390164375283 0.0403155251791918 0.0423139339858521 0.0488355400180156 0.0478609015248024 0.1074892706438735 0.0766365614180785 0.0643490064214840 0.0045699618746968 0.0117882329613197
3 0.0227601059162097 0.0671284734258580 0.0059643280888119 0.0431667732981103 0.0749952802960049 0.0103365449985825 0.0341703848286085 0.0377994478255599 0.0237883461989912 0.1741410419432994 0.0500120197228513 0.0146803424898868 0.0589983828455701 0.0169390851285529 0.0788561125077290 0.1159063293155419 0.0686863412900032 0.0643517291701632 0.0433813172021359 0.0036434820797391 0.0130542373440002
4 0.0215434490211181 0.1095548343348995 0.0129932602618638 0.0486348153808172 0.0475527985796643 0.0110111136728289 0.0609570316115603 0.0210294295757746 0.0170832011024963 0.0496179017329520 0.0374071584578462 0.0118338352538964 0.0756270060425002 0.0406996299932670 0.0456567689129736 0.0426159733826470 0.2067584387356124 0.1066976283806623 0.0381676972457324 0.0039269532947314 0.0121745240472745
5 0.019211682971785056 0.0660199475113661 0.0089172530083777 0.0148388378266304 0.0291233998360798 0.0561799810944445 0.0172595067271784 0.0193875710477043 0.0819724863568172 0.0449035300737512 0.2299118757585863 0.0796580766982135 0.0199747201952662 0.0153850902274940 0.0534667835895003 0.0505617353044855 0.0491109073646442 0.0537944124813034 0.0781539567194223 0.0079427686332183 0.0234371595455167
6 0.01831308126501661 0.0831259153555984 0.0057708326582413 0.0559622009691120 0.0996054379359853 0.0100678451092257 0.0340964763108988 0.0499651615330618 0.0196660016266863 0.0859381014261630 0.0560408579917578 0.0149237121959530 0.0569505729827526 0.0152750850438425 0.1435792388470763 0.0804139952067245 0.0674156103466056 0.0625545596456805 0.0425628772598136 0.0035162027766262 0.0125693147781947
7 0.018088909837102096 0.0791911615395643 0.0037292430861527 0.1403407697932712 0.2451735308591280 0.0057207944399170 0.0422687968238577 0.0209423885309858 0.0113124650306370 0.0711634442825333 0.0215546931017455 0.0079135275498439 0.0545884730212420 0.0190477954927033 0.0830418780987651 0.0461893189126945 0.0579453491682633 0.0492965778286041 0.0308877507383179 0.0021369345979539 0.0075551071038190
8 0.018052505930004868 0.0678113662026691 0.0039868313205063 0.2404429087711161 0.1516384153799051 0.0059945747879741 0.0649695851847732 0.0326243258279578 0.0090230209498433 0.0530237014255728 0.0151988268145531 0.0065317831525186 0.0973600210867258 0.0195370477682252 0.0520720468702718 0.0366292261504540 0.0704690823594984 0.0464618390097686 0.0154102434065998 0.0024780442465451 0.0083371092845217
9 0.017410647568027408 0.0519725040840983 0.0051027305762063 0.0189571244049367 0.0565043976613370 0.0072824509714029 0.0229017709342525 0.0362376382603921 0.0161798735784744 0.2385558897253753 0.0430738396520212 0.0128952676316423 0.0481110754997747 0.0120628209817154 0.0752813508467222 0.2074389569555562 0.0524962097048219 0.0506703031202652 0.0321125410150223 0.0029350230536197 0.0092282313423634
10 0.01706193645793816 0.0801263193558901 0.0099256988989073 0.0163345036327529 0.0464295977430278 0.0249348436447974 0.0167504930328766 0.0161513677097123 0.1275515848660383 0.0488265064796018 0.1143655051372591 0.0481303460414589 0.0229296649928472 0.0162556891856236 0.0452294291999328 0.0456796897832091 0.0552684957080221 0.0790172159396812 0.1633477002863025 0.0054908015161676 0.0172545468458913
11 0.017010204589957886 0.0757682792672869 0.0020936949839637 0.0756580633515864 0.1603429443394488 0.0041806724223127 0.0360177565792191 0.0294498930577650 0.0103383403496187 0.1599991192588687 0.0208093676941953 0.0073979530461021 0.0610414881724371 0.0115107836955999 0.1034691235809627 0.0865634793883174 0.0649814661107540 0.0605957234396713 0.0218171878691749 0.0013372810740674 0.0066273823186479
12 0.016772621196270706 0.0610027196367455 0.0123543763974573 0.0197900933131411 0.0241452277347979 0.1319534697662769 0.0217629577075043 0.0592409033466775 0.0464045387065001 0.0263068195080462 0.0887140730081253 0.0209922018960885 0.0314473551508451 0.0157617251936105 0.0312013947136124 0.0424841370338790 0.0581691182276621 0.0492984331548708 0.0556031398392216 0.0641235891440108 0.1392437265209271
13 0.016531205812362768 0.1020337976294178 0.0068347123105774 0.0469574966405883 0.0609396482647431 0.0117103321695431 0.0434747471249532 0.0200132758383925 0.0204473572345654 0.0528773821073422 0.0519868100756637 0.0119218482150831 0.0383411542568924 0.2233263461641606 0.0516300400530674 0.0478731426522830 0.0832069180834372 0.0619254095004794 0.0487437332799351 0.0045605387140305 0.0111953096848447
14 0.016494801905265536 0.0758558508711248 0.0084777456096636 0.0249903203513784 0.0537259518506943 0.0110564599060177 0.0394173546773027 0.0553544683099840 0.0169771817409931 0.1016425176464890 0.0563994838932766 0.0125571890817297 0.0428116935087763 0.0165189905440979 0.0820367237011075 0.2278921817345885 0.0586937405981569 0.0555639565605315 0.0401273493384358 0.0060529471421992 0.0138478929334525
15 0.016385590183973852 0.0416641389802399 0.0092453642709279 0.0126062634143187 0.0149546400469682 0.2277781281059096 0.0137385965042129 0.0576282166800176 0.0388861740133768 0.0158256824897740 0.0804029484618178 0.0167498140589388 0.0200555394836014 0.0103502188017295 0.0187824856833612 0.0183644174340240 0.0380268223136170 0.0296665399348986 0.0438012561509535 0.0454280939095353 0.2460446592617773
16 0.016366430232870047 0.0925465936277032 0.0078417922684893 0.0359517882539491 0.0474825146468866 0.0113792944402330 0.0351426642590985 0.0173364056541664 0.0466674657004338 0.0536825711355319 0.0486511786613694 0.0186726140438626 0.0588768700863423 0.0190660024396872 0.0471674266331183 0.0471216082425919 0.1249700800771689 0.2059614684315085 0.0660502355180736 0.0039603209199858 0.0114711049597997
17 0.016331942320883197 0.1116286770993647 0.0096841781162324 0.0696353465374967 0.0602703624848854 0.0112041317283135 0.2150786148637483 0.0219242703473384 0.0144195251467936 0.0521848290065393 0.0264485720485621 0.0104392459887859 0.0689169148385175 0.0256139619335704 0.0455654279977500 0.0495773528815073 0.0986289185919713 0.0581087754965961 0.0335382442796527 0.0049814172829120 0.0121512333294627
18 0.015046309601817897 0.0609784225338477 0.0058307995501068 0.1023551507018944 0.0573208848547673 0.0104420282145429 0.0608424488341067 0.0559984685015568 0.0138631093015682 0.0630222986988962 0.0209750963287150 0.0092524641345320 0.2102887446508056 0.0140716327223934 0.0526242321092691 0.0461432567998197 0.1052779054546334 0.0701490942238422 0.0201268863363184 0.0035933752871805 0.0168437007612038
19 0.014406367234950817 0.0544808502451241 0.0072057299837484 0.0091812155007640 0.0152477928110594 0.0584687090507051 0.0107951702283338 0.0108099048975936 0.1704281848285931 0.0184045176160549 0.2590436791177640 0.0718415865172178 0.0122128236002969 0.0108677787506715 0.0200155650766028 0.0183695981698226 0.0310123126408051 0.0486352277666180 0.1469152402070908 0.0054640581658695 0.0206000548252644
20 0.014239675660347714 0.0718265744359488 0.0085693185250321 0.0101453307059644 0.0200292986273134 0.0268636789005283 0.0119345125428767 0.0093509682633889 0.2084528027869233 0.0264191836243522 0.1163831249891455 0.0435845277350505 0.0139997923730259 0.0126696541302690 0.0179019505816294 0.0173885066630106 0.0387981157489626 0.0674535401114640 0.2630069957208439 0.0036118988295160 0.0116102247047549
21 0.013678289093006234 0.0610005105618332 0.0028927972843687 0.2272957453668855 0.2986168447371986 0.0034431009406085 0.0407710043759846 0.0194411587357396 0.0060349876403425 0.0509771143587679 0.0116314388757945 0.0047818633497163 0.0565477163985208 0.0184885009489776 0.0650661260801426 0.0291175503916944 0.0482531292752955 0.0369626957731851 0.0122808701119748 0.0013629311453918 0.0050339136475777
22 0.013645717176129767 0.0412362743614525 0.0063520473327615 0.0077588759223684 0.0117985277259902 0.0616148580006956 0.0092811295391285 0.0102384171148534 0.1010398301615090 0.0141864800021800 0.4079047118888339 0.1007413757514156 0.0101273594587299 0.0092576768934840 0.0287285862433681 0.0170565881815855 0.0274723140972017 0.0345123532066948 0.0794094149901794 0.0055830867676984 0.0157000923598697
23 0.01350010154774085 0.2013906565542360 0.0107109614910767 0.0324989008815697 0.0342868207886749 0.0071735095895523 0.0628805332718942 0.0113972674949588 0.0124915295464526 0.0333685031965967 0.0262448261894726 0.0090369389114294 0.0508069333652502 0.0325083351741948 0.0338366037490443 0.0269079870747995 0.2357043323085247 0.1255627456703387 0.0436806551680555 0.0024221023027156 0.0070898572711626
24 0.013362149899793455 0.0458465847613744 0.0057210998319151 0.0056206363197420 0.0095711276871442 0.0421504043234479 0.0070018212326491 0.0062899661648887 0.2450616611712461 0.0102337842025530 0.2200026281099256 0.0588052104981501 0.0073848873893782 0.0071110487668213 0.0107008707986086 0.0100295115877316 0.0167695109197519 0.0433287119516139 0.2338906585583639 0.0034553078108511 0.0110245679138432
25 0.012082265166059297 0.0433669770861016 0.0044610284792392 0.0029458718957946 0.0050022867211091 0.0280489807825344 0.0047689598981593 0.0036617361096400 0.2908801782305236 0.0051329261951743 0.1932392415058914 0.0442344196898805 0.0042458083792730 0.0045015757244327 0.0059656210551807 0.0056381529109287 0.0108880847191896 0.0362544764434017 0.2997456075635726 0.0019914559382209 0.0050266106717521
26 0.011814025850606029 0.0405546851200562 0.0036073790556954 0.0114045075992364 0.0404530336543435 0.0042519467391480 0.0212823600259890 0.0330324653961162 0.0099201530822789 0.2892115147424474 0.0309496931055368 0.0084515487301318 0.0406140990977346 0.0076443097307314 0.0742080242416914 0.2815294382224591 0.0404376353114272 0.0392730264132569 0.0152847981368886 0.0020477435501604 0.0058416380446706
27 0.011643502285782167 0.3656166886956647 0.0141741822493041 0.0245297605505984 0.0370325246387041 0.0074812977582477 0.0727875096217620 0.0102610043126070 0.0160108325435715 0.0289567567327758 0.0316276975871734 0.0100522870755896 0.0280084347565376 0.0291524300327172 0.0285629053843528 0.0249974711351396 0.1341048182258963 0.0700568184665796 0.0572488646851219 0.0024508240770913 0.0068868914705654
28 0.01145190277474412 0.0269306073663508 0.0065680209875735 0.0067121486156111 0.0083032564554966 0.3540740050802079 0.0076382924910236 0.0367795438249549 0.0353815417961563 0.0083990222293117 0.0905443891284745 0.0237832267557917 0.0117738353572039 0.0060096882426399 0.0108549463763308 0.0098252693701887 0.0245260804563467 0.0151119932141407 0.0362575143308294 0.0362676251702921 0.2442589927510755
29 0.01125647127348531 0.0354312517069269 0.0052872296891026 0.0041762462342356 0.0073363733987972 0.0586442902237051 0.0056414300429198 0.0059508065841132 0.1718170832102447 0.0078542403765327 0.3893255254789208 0.0908516639240860 0.0061779108131054 0.0055008735092568 0.0103882512866140 0.0089955636383966 0.0120887582602671 0.0300520276422477 0.1293809696443451 0.0037705928200930 0.0113289115160899
30 0.010666344779488123 0.0574279196648937 0.0063722928569550 0.0057627774419265 0.0098428458729502 0.0214983872142249 0.0073649987387155 0.0052142859200122 0.2809162746118186 0.0103139655255801 0.1020046029575089 0.0361805959321713 0.0078794780787127 0.0073074468279545 0.0090694336010946 0.0088781748504513 0.0237822441143366 0.0509006069064049 0.3401129874439697 0.0022561574527542 0.0069145239875647
31 0.01061269691639747 0.1019330244019127 0.0039883458660905 0.0342790903913549 0.0442792004866307 0.0067513855064061 0.0331376709849042 0.0114200579612748 0.0132682732694872 0.0438936195679327 0.0353845716127219 0.0072179943493735 0.0259340287672131 0.3986531654609369 0.0398514069095608 0.0373527662726343 0.0697499582351824 0.0469141091378127 0.0366442491872291 0.0027196340078119 0.0066274476235297
32 0.010401937454255617 0.2315043702886471 0.0167111462852823 0.0115598669333868 0.0258089563553190 0.0120098833669543 0.0385751126734906 0.0093633008162582 0.0778268072619883 0.0167723330771331 0.0702888285020619 0.0357991099449785 0.0150630708887502 0.0186612329045389 0.0192908714658690 0.0161216396096421 0.0798275804686283 0.1032884899966736 0.1899517671585211 0.0031428344661603 0.0084327975357166
33 0.010285061752522407 0.1980758457192367 0.0028492790676500 0.0875758999894131 0.1478781594113603 0.0030737366103050 0.0517571444042301 0.0172928512674678 0.0071434139771587 0.0644273939368635 0.0211008746882233 0.0054374176210239 0.0374110179104149 0.0242377049658089 0.0849439270142091 0.0763105528766638 0.0742001681933673 0.0586304818598225 0.0329642178475649 0.0014134635615256 0.0032764490776903
34 0.010106874207257022 0.0973944535081569 0.0071605005391445 0.0567555705604724 0.0456129376949291 0.0076683940831534 0.3922976139157046 0.0163866191021043 0.0094911453145338 0.0431103772051791 0.0164502863171485 0.0073828817072446 0.0587406109946292 0.0181453232970522 0.0352022339617294 0.0426648661973397 0.0774146727590085 0.0377474769951682 0.0186105551560946 0.0037378125986245 0.0080256680925825
35 0.009875038798900984 0.0839890543506179 0.0075733447445479 0.0355190375196860 0.0333593060581631 0.0064210003552491 0.0369335810965915 0.0110881975340781 0.0145372664375313 0.0377130638240106 0.0176454869376909 0.0091466657366141 0.0578108942508882 0.0154571392054554 0.0288577707229386 0.0303886322032022 0.2435462577560887 0.2843880345964441 0.0364546586346390 0.0025226022060516 0.0066480058295116
36 0.009750499116726255 0.0323121246915071 0.0032085353645107 0.0028946374948305 0.0053298405629361 0.0466348786948424 0.0040895950568334 0.0037282839701299 0.2564436550084124 0.0059342123716347 0.2908688770529561 0.0817309891054394 0.0044472728688881 0.0041924385359325 0.0069780171457546 0.0061920772462597 0.0091222746009940 0.0291231830180841 0.1952006617020984 0.0023272740563643 0.0092411714515917
37 0.009604883488337337 0.0251859074962248 0.0037687132712014 0.0020197736760158 0.0035096782142057 0.0590775074336637 0.0030272852242087 0.0030944938417170 0.1923707789723056 0.0039861333138407 0.4426876844748160 0.0808619235278274 0.0032172623999796 0.0031020104573678 0.0055624006365217 0.0045583398987404 0.0064885200333059 0.0190745742846652 0.1278312727146769 0.0024779978357242 0.0080977422929912
38 0.009599135503006196 0.1083194642623430 0.0021687007886845 0.1162897205942385 0.1072914531700405 0.0033512244689683 0.0668443803828253 0.0144651459167723 0.0068998046760866 0.0686460484868787 0.0116390215650929 0.0048982149883941 0.0932446125957909 0.0321911698861883 0.0681618044632778 0.0425515437314892 0.1448021664870881 0.0876295957708666 0.0142608510030731 0.0011934307351628 0.0051516460267383
39 0.009524411693701358 0.0418360789208354 0.0048872973465149 0.0028986846642579 0.0048983374284533 0.0156434478344133 0.0039244926506899 0.0029267972599908 0.3318016825672759 0.0048626986439047 0.0937247434159941 0.0286212084946280 0.0043076318688592 0.0037225333163369 0.0047643428431674 0.0044580406114081 0.0145881271661707 0.0365609739100911 0.3899517772762514 0.0014543655924436 0.0041667381883138
40 0.009468847835500324 0.0978084299158450 0.0045672596807440 0.0438729734663836 0.0320517637618371 0.0050287312528564 0.5356722802119406 0.0098169188272950 0.0064643008777464 0.0290929145750822 0.0100195362872186 0.0050166330948480 0.0475088765853091 0.0104200562115067 0.0224168382924690 0.0265859107329284 0.0670012487491478 0.0270771102574893 0.0121714359848888 0.0021300493143551 0.0052767319201089
41 0.009258088373358472 0.0535455914249362 0.0076480725298822 0.0386694673983971 0.0414000200172595 0.0482529260874085 0.0194656678674472 0.2040900464398679 0.0151650965371820 0.0493008910108616 0.0507323229219480 0.0115605392623521 0.0802082829357541 0.0112640472274648 0.0719004145537759 0.0657209102969221 0.0567534724751980 0.0456413726602701 0.0250459909660980 0.0069223437263609 0.0967125236606138
42 0.00921210449070934 0.0759123858269546 0.0027282187730215 0.0358160889983055 0.0812056782402305 0.0033771844955482 0.0193273395927608 0.0444597599299508 0.0089000219279562 0.1592974553265095 0.0357872871606037 0.0070071571417273 0.0431749163939560 0.0061114885645974 0.1502892438229342 0.2013584031585779 0.0507879560749523 0.0497649111068115 0.0180903384043423 0.0014583361768658 0.0051458288833941
43 0.009026252965002434 0.0241491804761371 0.0028599787610260 0.0019393015300574 0.0031155599700844 0.0183031627587573 0.0026027125882590 0.0021802724167098 0.3985492494908149 0.0038081466053756 0.1502642643280092 0.0369283448693595 0.0031419773889536 0.0025463105282872 0.0035622327348083 0.0033526857874279 0.0058911211310876 0.0247585056262174 0.3077298463309575 0.0009581490973023 0.0033589975803681
44 0.008715861757120795 0.0844421362629001 0.0010519400706145 0.1317957549494926 0.2250955109230255 0.0018909038188129 0.0341498642105901 0.0191830317198536 0.0048056448506539 0.1369128466014805 0.0093194707680044 0.0037141795171564 0.0693372098269438 0.0079805327042273 0.0942792063194024 0.0544242917822448 0.0603773287608292 0.0472802336652378 0.0098193726974436 0.0005573660453295 0.0035831745057570
45 0.008713945762010416 0.0508666226332572 0.0025523289975406 0.2456017277325028 0.0797389375304203 0.0046516750357466 0.0601629971506653 0.0358520051174282 0.0068919223479128 0.0552264192926261 0.0101409129772797 0.0044107484381161 0.2133955466652625 0.0094697910260387 0.0399533932693562 0.0279507805433937 0.0836390137308278 0.0486827674767692 0.0103980862374568 0.0019330664782135 0.0084812573191861
46 0.00841313452968068 0.0522909010029476 0.0019439291523037 0.3546470245502879 0.1565593479311851 0.0030946019290594 0.0541053950292860 0.0212007831432162 0.0047118589267245 0.0417359069842547 0.0078198592804659 0.0036398820091353 0.1153205849004888 0.0118794470355856 0.0391192365571039 0.0206355475241771 0.0594723632056499 0.0374143372108178 0.0088357793197602 0.0012397290078319 0.0043334852997188
47 0.00837289863236269 0.0248519388524999 0.0040346823600987 0.0034147222719759 0.0053368258362908 0.0565768878857120 0.0044660552146639 0.0050362588696912 0.0927510011757634 0.0064848706172815 0.5492826411350421 0.1124696556114717 0.0049256247405754 0.0043968942114040 0.0157427512641673 0.0075082875468974 0.0098557684626221 0.0192788196487951 0.0612986313990155 0.0032874534894667 0.0090002294065652
48 0.008083583370695238 0.0474608770313048 0.0016064685275476 0.3251768685070837 0.3318974348086181 0.0020984021714172 0.0317832446265417 0.0091045444626100 0.0038587512893880 0.0351238933513105 0.0068661199331283 0.0029864736911709 0.0532431728300007 0.0122068650677349 0.0480717016679536 0.0099255885444968 0.0388397287889584 0.0279715505972419 0.0080662891511687 0.0008078803138856 0.0029041446384385
49 0.008037599488046106 0.3450724156118498 0.0203453646836884 0.0192720630967091 0.0238927492533858 0.0045017969367580 0.0649619020350059 0.0062333171871764 0.0080669899480910 0.0158126532995370 0.0117936911944572 0.0059943697084982 0.0300883105542748 0.0218921450160303 0.0195470466381736 0.0098560275783787 0.2753865361207611 0.0768122149395659 0.0347630327205795 0.0014485695504966 0.0042588039265828
50 0.007974371649403551 0.0424997484957913 0.0080824684924043 0.0075429258670263 0.0103359126941492 0.2279548170624614 0.0098374451875708 0.0225083643064435 0.0806423284804977 0.0109539008785415 0.2114562220286434 0.0586464096983208 0.0118220122976756 0.0076039959693442 0.0142457331017050 0.0125205501264423 0.0287705201385465 0.0294071067669695 0.0706463535248587 0.0154237924097677 0.1190993924728404
51 0.007725292285054089 0.0291739732738972 0.0028761407776036 0.0017488404631584 0.0032611680655110 0.0308161506048217 0.0028947898834486 0.0023953071036165 0.2901925762419650 0.0031928871763913 0.2732709885526494 0.0643850701292108 0.0029719024093160 0.0025945383999688 0.0040992674547169 0.0036088761018694 0.0059845865141554 0.0231823353136743 0.2480810786173434 0.0013459156364273 0.0039236072802551
52 0.007522196803353758 0.2144120541973184 0.0081132296995640 0.0398133797802791 0.0368300043335507 0.0063168615945311 0.2441702991406257 0.0103095400745266 0.0085425302844102 0.0316432682788080 0.0152158386551748 0.0068694318602623 0.0463010742044567 0.0273859116956055 0.0300147207884126 0.0299207233744263 0.1486208566060776 0.0569232672850743 0.0301119987214211 0.0025072276266897 0.0059777817987854
53 0.007495372871808431 0.0655926647172710 0.0025868994012477 0.0305148434140791 0.0203532418952322 0.0031510917345087 0.6968117006857197 0.0059798921437113 0.0042096451454802 0.0179729233371502 0.0065149742141369 0.0032987495182768 0.0329372079954655 0.0063322017345844 0.0139289198229723 0.0159224445306578 0.0429276564167576 0.0177410839659799 0.0085008398332897 0.0014503322405083 0.0032726872529709
54 0.007365085204302559 0.0198027519340072 0.0036012363697753 0.0051986877721731 0.0058346225790868 0.2810435146026260 0.0053289264342896 0.0515401003732164 0.0124909442390711 0.0062299391116389 0.0420817632922093 0.0084785492486307 0.0105096068276395 0.0035437841043684 0.0075784656011881 0.0075807184239573 0.0175751684877868 0.0103554515221990 0.0204950527848522 0.0539764802177966 0.4267542360734876
55 0.006819026597844122 0.0293322582734835 0.0024675689481682 0.0066191363620968 0.0264596659930934 0.0026710633598236 0.0149354493227120 0.0249039887729376 0.0061319090511029 0.3700689498707817 0.0201977863043025 0.0056494161898601 0.0311569729311035 0.0046929090226921 0.0619140707149570 0.3212298039590264 0.0297347337839003 0.0282283774380053 0.0091240914370349 0.0011407144845670 0.0033411337803512
56 0.006707898881442054 0.0297347880081400 0.0057465470557225 0.0095571414977429 0.0106635187163493 0.1712819798455222 0.0097751262252319 0.0948530641603781 0.0145545131024342 0.0117777341438488 0.0459153361373648 0.0080562578994346 0.0282850393525321 0.0065465593792319 0.0150508886401539 0.0141230387882720 0.0292493869702545 0.0177575266730065 0.0257173127217611 0.0328103041410349 0.4185439365415837
57 0.006548871287280475 0.0301471960640126 0.0027805250975891 0.0017151633811277 0.0031921184772142 0.0104736720370791 0.0024834564253995 0.0017552674615076 0.3589723610139421 0.0032305843169785 0.0619921794574602 0.0187059763431023 0.0028198765755178 0.0020109616294954 0.0029917488411668 0.0027293529748565 0.0080598251668631 0.0259875217172620 0.4568893331813695 0.0007195217540382 0.0023433580840177
58 0.0064319955855472654 0.0158483861478399 0.0034936872538286 0.0034973417330109 0.0041736080464584 0.4139413741325693 0.0038537915176164 0.0282087027204273 0.0202403150437967 0.0046233788528247 0.0609795776043880 0.0158107443976427 0.0063116440673594 0.0026046928366791 0.0054752692189827 0.0049355230966621 0.0138237790665297 0.0085427607782754 0.0212640228496814 0.0329194616856289 0.3294519389497985
59 0.0062748839864960665 0.1874800552274401 0.0049492975818397 0.0366232778724380 0.0438534416632450 0.0059498017047454 0.0518251671060880 0.0101451472832684 0.0111559154982085 0.0366087478244865 0.0291736023418127 0.0070609796556187 0.0345591742391913 0.2037778778539669 0.0374786108245585 0.0316653041769295 0.1373551391730804 0.0808660984336558 0.0416942898831619 0.0023506507081462 0.0054274209481187
60 0.006196328186970467 0.0170864327641624 0.0023013748999247 0.0015400767994054 0.0025996875354821 0.0491434974962814 0.0020599704879904 0.0024238257384927 0.1321076978889897 0.0029317092865955 0.5680518371033000 0.1040786898029962 0.0026555506382885 0.0019372189344547 0.0050745417124422 0.0033127881565899 0.0047707416107790 0.0143877423523676 0.0767261596215169 0.0015927862545768 0.0052176709153640
61 0.006085200470568399 0.0190478169839349 0.0021594438829732 0.0014149958865245 0.0023278319984201 0.0418288561125642 0.0018845004223143 0.0016898391060240 0.2408580090698924 0.0022921167489434 0.4283194520142364 0.0795928325683055 0.0023246213530676 0.0017259122312371 0.0034939135347083 0.0025795135112084 0.0039722122596249 0.0142399659683997 0.1447836019753910 0.0011635169037430 0.0043010474684870
62 0.00580929717467361 0.1880525771761899 0.0253046198481531 0.0054721238105676 0.0093626609301349 0.0103832207158822 0.0254756443161815 0.0049061928226751 0.1287225563067255 0.0080248743125135 0.0800514149044488 0.0316459903207617 0.0072258754999814 0.0094338608719824 0.0094913131772543 0.0085566174971929 0.0437283984695222 0.0764944153080554 0.3208477460880417 0.0018886865161255 0.0049312111076103
63 0.005778641252907522 0.0278954470149382 0.0043690795553219 0.0035472617876559 0.0051661622963003 0.1933096171208402 0.0052623971532852 0.0071570794927183 0.1040593462741535 0.0060223245923919 0.3630321308392198 0.0801890362471918 0.0056874541255126 0.0041439045141369 0.0080657218786091 0.0064460343500421 0.0104888909870412 0.0190769698487064 0.0743014405123953 0.0105850670978436 0.0611946343116956
64 0.005481662010798549 0.0853037998157316 0.0066129615418923 0.0108521012300028 0.0338301760760282 0.0080646466247991 0.0111300062708908 0.0081560685423272 0.1099006520093306 0.0338084402397001 0.0560002110846451 0.0341345632046244 0.0322466408494418 0.0085363547628525 0.0305749966653313 0.0291212538037798 0.0701085493663150 0.2365957326848353 0.1858908478937360 0.0021054174683900 0.0070265798653458
65 0.005360954318844579 0.1633443370401794 0.0009828443369506 0.1914071164934948 0.2640186404812062 0.0015051169330666 0.0437211243489908 0.0092076157540305 0.0037967193930732 0.0433740267349026 0.0069921852968444 0.0027499465870181 0.0368649586706850 0.0220798267069228 0.0647201510607504 0.0298902280443661 0.0587303796739295 0.0424285780555919 0.0119347997943630 0.0006788268580116 0.0015725777356227
66 0.0053149704361954465 0.0635463767291740 0.0010692614317748 0.0329293436644763 0.0904649908742638 0.0023029945917109 0.0220048354845553 0.0245415186867953 0.0065828324041382 0.3222585659621153 0.0173583490463930 0.0047304771060814 0.0456502606593921 0.0046859657091270 0.1375123401284976 0.1154731323681287 0.0431491064501585 0.0438601433171878 0.0179294820466757 0.0008351111617173 0.0031149121776369
67 0.005125286920267779 0.0582977388523320 0.0026031214138528 0.1532574005749746 0.0680333054794115 0.0034635060776102 0.2633696876893156 0.0250888204608403 0.0046889990395935 0.0506327629383050 0.0081169930404860 0.0039168716919541 0.1497886387603292 0.0080218581160355 0.0429842821174239 0.0329198276350981 0.0760716378041045 0.0342429759614360 0.0081142784780898 0.0015814049463916 0.0048058889224158
68 0.005075471047397887 0.5513960687667229 0.0278900956399483 0.0050674927659600 0.0074164960626449 0.0028763852885985 0.0554827442118115 0.0034627888659233 0.0084520192228106 0.0053336516399942 0.0128683303702660 0.0047129985103271 0.0071363727881822 0.0080180800332534 0.0059510285975404 0.0056484145886694 0.1678237662377824 0.0684638488897585 0.0485337134736293 0.0008817353112356 0.0025839687349418
69 0.005033319154969517 0.0532503431043722 0.0023253510609315 0.0170148152128377 0.0118362520743147 0.0017574221760962 0.8046881531853476 0.0033079533755823 0.0026608553350784 0.0102494452369743 0.0040776390501871 0.0022493487465541 0.0176511004638158 0.0035294029699111 0.0057892071267193 0.0095925539641936 0.0285916101507516 0.0110874108753329 0.0076029517839323 0.0008719657760766 0.0018662183309903
70 0.004924107433677829 0.0868491706810933 0.0025651165009537 0.0215755090710280 0.0285659096530715 0.0043801409903804 0.0209678302026390 0.0066236749222749 0.0080464051884526 0.0246843032576811 0.0247707323227649 0.0046845325135131 0.0096378243117137 0.5922399515325589 0.0230880944537467 0.0210798943434600 0.0591505341420723 0.0315299944154065 0.0243553278567928 0.0015085374613228 0.0036965161790736
71 0.004891535516801361 0.0734355000141171 0.0030780625321829 0.0732520697188087 0.0349001385826675 0.0036064845369977 0.0536902222142740 0.0125730425868712 0.0059597796156593 0.0416240939103279 0.0083764463612825 0.0044992039601577 0.2198545416949206 0.0069706725609436 0.0371603097226618 0.0246896278650512 0.2554467704559509 0.1244761997867925 0.0107981591930354 0.0012650149465697 0.0043436597407276
72 0.0048877035265806005 0.0322210378882170 0.0016867712219407 0.0012699557162179 0.0022196218960392 0.0136442615514354 0.0022302753719094 0.0014057869511771 0.3232341843944553 0.0019738662601095 0.1533180173513648 0.0288435319591726 0.0018882405049809 0.0020792304694544 0.0021740329973092 0.0021203392865882 0.0049421694506874 0.0211623937804424 0.4009530527336850 0.0005889405502415 0.0020442896645723
73 0.004878123551028698 0.0188343814412724 0.0018304624082891 0.0011120339230314 0.0018414834153040 0.0259182370224263 0.0017574743175903 0.0014568971821881 0.3526823847824269 0.0021267170463709 0.2786831781321402 0.0424804548865679 0.0017695320894337 0.0013160038128008 0.0025903766194247 0.0023528700501859 0.0032910645926106 0.0137537842298360 0.2423834262431502 0.0007875698293967 0.0030316679755539
74 0.00484746762926261 0.2603246612761548 0.0131196065107189 0.0096432860419836 0.0211324936488111 0.0041075893683093 0.0383963484126651 0.0049261257436906 0.0235749317404299 0.0120559401873852 0.0242769966439372 0.0090021302096055 0.0289967670859069 0.0194456520030241 0.0116699437608242 0.0088714247001179 0.1825598962227492 0.2525506645341150 0.0701802528096961 0.0014332383391093 0.0037320507607662
75 0.004791903771061576 0.4232052943370631 0.0322408413856873 0.0071102042094232 0.0120019446650443 0.0060442589314500 0.0420256487595371 0.0048998979920664 0.0424523932356290 0.0093567072399875 0.0359449315009479 0.0103869397593463 0.0083197228022492 0.0105208556985440 0.0083836453046072 0.0086416762000165 0.0817522814563174 0.0883419204515516 0.1627181501959302 0.0015107345709573 0.0041419513036446
76 0.004763163844405869 0.0493216972803614 0.0021541919866760 0.0617706635909653 0.0645079596491061 0.0043983358953024 0.0476635248092961 0.0491829135563432 0.0072529540027879 0.2178422777660108 0.0134022751164633 0.0054739271078413 0.1580228670834009 0.0067102378816491 0.0767859336650863 0.0925582700046077 0.0715127437572001 0.0525417693737618 0.0099731402821330 0.0013915995623134 0.0075327176286939
77 0.004648204137783041 0.4144485946445756 0.0191253908782545 0.0178871834417063 0.0212917910177032 0.0039985268540101 0.1996973248434384 0.0056175768878230 0.0068857785897598 0.0099548137601690 0.0109237309220839 0.0050751760479008 0.0213481692050023 0.0168224810314920 0.0104646175243459 0.0106017943352558 0.1394019585600552 0.0471286012278286 0.0343670602875518 0.0014230719618144 0.0035363579792295
78 0.004558152367595158 0.0692820154200030 0.0008692882463830 0.1769095948044842 0.4437046171936119 0.0015548182220447 0.0248292804933136 0.0071049606545399 0.0031300740058483 0.0537135720284403 0.0061379023884477 0.0025248994623309 0.0318728485278835 0.0063319123433480 0.0768134737917772 0.0197159393396472 0.0303067529120630 0.0271602488222093 0.0157013804607488 0.0005286681931678 0.0018077526897077
79 0.004397208778323198 0.0343511901797029 0.0013693520740324 0.3212196245634622 0.0523442174039786 0.0025416536385114 0.0599172626674364 0.0256403549513095 0.0035747365986930 0.0397756177999344 0.0054772850759598 0.0025537083349226 0.2906675657219637 0.0046792188991238 0.0260585963656041 0.0153222301714212 0.0672811285465444 0.0351835007269911 0.0059905937821020 0.0010654954073089 0.0049866670909977
80 0.004289913052141891 0.0555874309794992 0.0044558280934297 0.0245918404972891 0.0165487484575608 0.0031118955757359 0.0217669960619203 0.0051144591420728 0.0067354463778367 0.0190867634302333 0.0082767981945699 0.0046481668984996 0.0414452671233900 0.0068972002196108 0.0107432141323049 0.0113472252687198 0.3059392647392198 0.4270219888303964 0.0223672334247769 0.0011233212050404 0.0031909113478938
81 0.004153877399304877 0.0112189419423331 0.0026780281965425 0.0024195162537220 0.0032351622073011 0.2856304506465624 0.0027352413179855 0.0400519265884557 0.0071048651762388 0.0034575434850761 0.0257953287906353 0.0040808920443174 0.0057156193940342 0.0016700585888557 0.0047290191884209 0.0037359932999958 0.0113781684680675 0.0064034641507937 0.0117459596961696 0.0199143637810545 0.5462994567834382
82 0.004058077643785853 0.0975716484427104 0.0170530118474890 0.0277122962904451 0.0166644835922573 0.0044743393936439 0.0476355084474332 0.0067119402319134 0.0062580996573676 0.0188241573643094 0.0093472031628933 0.0049070997416027 0.0444006038343846 0.0200119171101825 0.0113574398647832 0.0109646261588150 0.4342394800679715 0.1962121281678340 0.0201799439308311 0.0014304350595229 0.0040436376336100
83 0.003954613907825307 0.1407888265729827 0.0015140914323311 0.1086590608416050 0.1595521087612805 0.0024105410102958 0.0385968319101937 0.0088744051885783 0.0048718551334130 0.0658797032980774 0.0108089408434535 0.0035404468091598 0.0350815084347335 0.1992528013329209 0.0502617375467186 0.0328745574678215 0.0691096299195502 0.0420059849488835 0.0222103009437477 0.0009521392492139 0.0027545283550394
84 0.0037591824065664986 0.0566077240939322 0.0040708096845594 0.0319096819460397 0.0809615049502851 0.0072820052309880 0.0173671856486141 0.0738958119618700 0.0117568632867499 0.0718875179739719 0.0581134139687799 0.0286147564451018 0.0461715353295135 0.0131266463099408 0.3053145091779617 0.0716068889091808 0.0470708038793860 0.0418212332151914 0.0202486451918928 0.0025285761693947 0.0096438866266462
85 0.0037266104896900303 0.2199747470098602 0.0005901813976213 0.0727138843465996 0.1568375894106719 0.0010735584453590 0.0379254704187258 0.0065570942626919 0.0036233120544359 0.1298569668569485 0.0080594614729137 0.0027471165183768 0.0421167910431016 0.0057986367044002 0.0994055444310158 0.0601285951115741 0.0756585829562186 0.0547432755660899 0.0204052739965605 0.0003820527906236 0.0014018652062113
86 0.0037189465092485083 0.0150609179578797 0.0022633784213327 0.0011252847099179 0.0020124391752367 0.0110916723944408 0.0013430316454111 0.0013930325214638 0.4806353795499027 0.0020516016290330 0.0816279315031769 0.0177925728448854 0.0017938568313628 0.0012105280114496 0.0018998327997850 0.0017843048751844 0.0033574593573060 0.0165885654748476 0.3544596263695192 0.0003882676710145 0.0021203162568502
87 0.0036882905874824207 0.2504684969737319 0.0053953678126908 0.0194343468996995 0.0144189444724212 0.0037070065548029 0.4879744437739115 0.0052874826316193 0.0054278373450418 0.0112972247601172 0.0083331985013589 0.0045096318651589 0.0229477277645500 0.0097928106139973 0.0089482305076420 0.0089096125319662 0.0808177017362412 0.0270587809360669 0.0203308298065854 0.0015406146314829 0.0033997098809146
88 0.0036365587195021478 0.2217542797611178 0.0026994704737220 0.0295903461886975 0.0362319916557549 0.0034090314897951 0.0347300238412935 0.0061232455302724 0.0076887410035617 0.0268684208323634 0.0201712448112785 0.0043127276395930 0.0164694612034376 0.3742114008201620 0.0265847599000718 0.0211672435118323 0.0829994936196745 0.0463386029164879 0.0344700432315379 0.0012855631758185 0.0028939083935279
89 0.003617398768398343 0.0275305094987552 0.0016977423688944 0.0009712766342320 0.0015698960350126 0.0031081509602742 0.0013854816454455 0.0008980869441900 0.3291174779686469 0.0016055054385834 0.0552158521505319 0.0115560618701248 0.0014392270974131 0.0010734308881097 0.0015087661298113 0.0016248265456031 0.0033112414658431 0.0176773230233222 0.5374130832018953 0.0002453787640805 0.0010506813692307
90 0.003548422944424646 0.0393334368914449 0.0007327836684156 0.3597423481621643 0.4051410718014226 0.0010773936301476 0.0217738527740682 0.0053386905334462 0.0021152020135961 0.0234947035576765 0.0039428818050267 0.0016752736959628 0.0351164607115227 0.0085419690088410 0.0359860386758779 0.0047633794187190 0.0257532738491810 0.0183710839705291 0.0052570948588519 0.0004804985489084 0.0013625624241975
91 0.0035005230666651337 0.0140983907831168 0.0009902292074673 0.0008121926325052 0.0013261801020679 0.0110008938874669 0.0010367627833599 0.0010102974016976 0.4522901765270256 0.0012077820796642 0.1591273673119996 0.0265573591137402 0.0011598971836028 0.0008155580754168 0.0017134564628365 0.0013052054653191 0.0023253993340857 0.0108618596011236 0.3106871850148941 0.0003808339732038 0.0012929730594062
92 0.003416219281808393 0.0370687011458722 0.0038290849912743 0.0087109569863312 0.0246494953991567 0.0044111393247833 0.0217382484147479 0.0374109986767177 0.0082877518853648 0.1271811796585638 0.0320955343600058 0.0064087999544738 0.0251391265982913 0.0061391362768092 0.0552164512779101 0.5252233948172853 0.0311574315486623 0.0263505443928656 0.0120250936094282 0.0017521314845729 0.0052047991968838
93 0.003264855668088335 0.1080171032749843 0.0168333568507356 0.0021196315331956 0.0037476258663400 0.0071564063837084 0.0048101212823808 0.0022884427140494 0.1793827373646206 0.0031741888811826 0.0681099868502541 0.0218969070156708 0.0030007440162436 0.0033891467079397 0.0035924500780023 0.0039405369718187 0.0163407408796209 0.0426653065774464 0.5063473105169043 0.0007920152488596 0.0023952409860423
94 0.0032150397952184426 0.0713647780420754 0.0017842828403120 0.0652197184447275 0.3246202020815771 0.0030085683475863 0.0233701938667598 0.0127479758215080 0.0082953146095991 0.0756029629382832 0.0206115000846017 0.0052842153047973 0.0296928929082221 0.0055877240136859 0.2019366771271337 0.0426273540357403 0.0355882978770889 0.0388285847428377 0.0287020405277830 0.0011689481367373 0.0039577682489436
95 0.0031345680005824624 0.0341327710381093 0.0044911741256831 0.0099410088693707 0.0115810748356698 0.1142715608755922 0.0173990491373471 0.0166852929641339 0.0157726273602776 0.0123762899654139 0.0553374657781030 0.0130695743006607 0.0127130940237143 0.0095811270148504 0.0134637481058608 0.0184724257072507 0.0286762588134975 0.0258869590318696 0.0300556061856568 0.4502080548981322 0.1058848369688064
96 0.003008112323297351 0.0181292615447416 0.0044721790641888 0.0033849278747160 0.0045544761098721 0.4920176589820656 0.0046286840940748 0.0078335363886842 0.0457379314162299 0.0054110989233344 0.1603986618960190 0.0339566276527122 0.0056229518433558 0.0034524269183164 0.0059084449110533 0.0049903772630959 0.0199056110441280 0.0115202986003520 0.0348903721324606 0.0180383899083606 0.1151460834322388
97 0.002956380455317078 0.0121134230698842 0.0012813821579345 0.0008795601439072 0.0015323972418584 0.0348913821810343 0.0011676387082213 0.0010332783465522 0.1615482606512935 0.0016291298566766 0.5853995609794334 0.0896408499285411 0.0015834395281655 0.0009370337809790 0.0029307801254633 0.0015744995205090 0.0029212942982208 0.0091140803716838 0.0870175953602200 0.0006712917594427 0.0021331219899792
98 0.002904648587336805 0.0187726253015492 0.0015656529875568 0.0031049382936652 0.0149226564374588 0.0018175583784695 0.0110950640589712 0.0151405548318908 0.0035666103922611 0.4143572928696724 0.0113541925246987 0.0028869454287172 0.0193623420682784 0.0025006334162424 0.0372190407605280 0.3996312740472345 0.0184270066674145 0.0165288926432327 0.0050844267945924 0.0008209023364199 0.0018413897611462
