# This script is generated automatically.
# Vector of amino acid stationary distributions.
distributions <- [
                    [0.09196433204547785, 0.006061263599341658, 0.08214788556727863, 0.09113857861691967, 0.008961268808527496, 0.048669213097129536, 0.03289327608021643, 0.032221371598257706, 0.08108227688371422, 0.05094935158277196, 0.011304477687430411, 0.06572397769370714, 0.04560681895335838, 0.06434257629718645, 0.06915110966228157, 0.08280983010646695, 0.0710505369423284, 0.05062734869113103, 0.0031834996051706746, 0.010111006481304075]
                  , [0.037139647755085686, 0.003915423753217632, 0.002735748884723969, 0.004609387202047775, 0.03622671603767671, 0.003881630327763593, 0.003304890664312688, 0.2731906299657811, 0.004883677678794237, 0.2522467185753394, 0.060529497863552, 0.004131272376653369, 0.0035843628814968297, 0.005856269907955686, 0.0050483327389017835, 0.009531941708643219, 0.030506039338969452, 0.25129395802260307, 0.0017498459896582693, 0.005634008326823433]
                  , [0.23711704610832476, 0.0083697330609008, 0.03368609737526839, 0.026724025712692917, 0.0042100013500605635, 0.2969010266669283, 0.006739989289937755, 0.007476741131419551, 0.021980608018973283, 0.01118823094133186, 0.0052798387653471245, 0.03851178356469163, 0.01888202560648249, 0.018828682856196467, 0.016991972542737467, 0.14104403025472736, 0.06450782318824583, 0.03597476112516766, 0.0015889650733385905, 0.003996617367227533]
                  , [0.027064451962709637, 0.005553765267767463, 0.0064328495391190975, 0.007899324218896293, 0.29678506223766665, 0.007365656499101091, 0.045940308040737794, 0.03653023059689537, 0.008480473085699722, 0.09359796221452225, 0.02847427745420883, 0.01128801569833241, 0.005286169078494852, 0.010611189034895347, 0.009718679868585886, 0.023511717920420977, 0.015173779074014872, 0.03556782401816231, 0.048464735868916475, 0.2762535283208527]
                  ]
distribution_weights <- [ 0.6591368058828714, 0.17388038825724916, 0.09235096432033905, 0.07463184153954039 ]
# The number of clusters.
n_clusters <- 4
# The base file name of this file (for reproducability).
fn_distributions = "dists_hssp_poisson_allsites_lclr_004clusters_rb"
