256 20
0 0.023461360126608957 0.0877923680849230 0.0134617544788306 0.0603788722729968 0.0714911591361400 0.0191292944227850 0.0604094583906250 0.0357310022797400 0.0277162180047342 0.0674426165729704 0.0581922308280911 0.0175471892360590 0.0614406592334831 0.0484933361616385 0.0676344950857944 0.0647521057245669 0.0874977074651155 0.0700358790920948 0.0534578495378148 0.0069597809109514 0.0204360230806455
1 0.014394871264288534 0.1179024745893535 0.0147944520437128 0.0478269555791033 0.0508714894015186 0.0140109480037915 0.0633192343589542 0.0228050555539243 0.0201331567519987 0.0490963826839821 0.0428163782752448 0.0135196652980764 0.0643038360456339 0.0437023556058732 0.0479861019445273 0.0448674000641382 0.1801224354189231 0.0975775435603144 0.0446125459742694 0.0047295057434565 0.0150020831032036
2 0.013651465161460909 0.2107916978718318 0.0126734563521246 0.0429968009801603 0.0547745687027935 0.0147069880832945 0.0669838482783798 0.0193887489722029 0.0268227845173446 0.0443085912079575 0.0536977652235613 0.0157763742113191 0.0402415655124618 0.0437708219102266 0.0480653084325543 0.0480893800288299 0.0975101360798065 0.0740673861625937 0.0661256597091763 0.0054686092836104 0.0137395084797705
3 0.013559497396162645 0.0805181984871350 0.0065010378812709 0.0965661983750402 0.1535943934850277 0.0104093933980441 0.0489213954127997 0.0301822986983541 0.0185513308262090 0.0774265307498469 0.0434323591065700 0.0125155488301565 0.0611914477612377 0.0266903110123854 0.0799731978592291 0.0597025338740123 0.0734230115211927 0.0613471650110251 0.0412706101088901 0.0041778309352242 0.0136052066663496
4 0.013521177493955035 0.0666179580304621 0.0061735633221383 0.0470703178103981 0.0799007194515546 0.0118279325783845 0.0306236360161686 0.0399732028380608 0.0241862902716817 0.1688534217560696 0.0512895977252144 0.0157379693872749 0.0604101970225971 0.0185364911888449 0.0806340125520573 0.1059588430377056 0.0668477654997529 0.0631464371586410 0.0432328689272973 0.0040131363921750 0.0149656390335214
5 0.013272098129605574 0.0774443143774975 0.0101665909486423 0.0317965474042166 0.0607437133121834 0.0142526993903839 0.0420986272684019 0.0520219076400516 0.0209013648394133 0.1013798106454450 0.0588992247911249 0.0145925068316040 0.0464079885607903 0.0198962142737631 0.0783469093591357 0.1776060551767700 0.0647982407640593 0.0583660814243317 0.0452037280187764 0.0074417011271020 0.0176357738463071
6 0.013070918643015622 0.0698800047295062 0.0177300694272209 0.0270962047315799 0.0462046493917465 0.0764575102055182 0.0297208744321705 0.0600568544129568 0.0488871565668589 0.0508121090250115 0.0832145213867548 0.0238040826139713 0.0438729717103676 0.0217870158944338 0.0521973844007272 0.0586415001856386 0.0658245925850415 0.0589293696829543 0.0608997193738038 0.0264367391351737 0.0775466701085639
7 0.012375412417947509 0.0551511424709687 0.0064477089469926 0.0224925840220188 0.0559684022214721 0.0093900941065089 0.0328409651316422 0.0415094949109625 0.0164899593813233 0.2083165849398448 0.0432334487939098 0.0132919010746740 0.0498533049575186 0.0147453330720733 0.0718982206063355 0.2109967491959630 0.0552192976799638 0.0503053944534488 0.0262498860576411 0.0038986046298774 0.0117009233468608
8 0.012270032686876584 0.0774674642705200 0.0045437950721810 0.1397098622143061 0.2394850373395230 0.0069874866490947 0.0433158410853864 0.0224846680013614 0.0127843506667439 0.0725262842971470 0.0237262032420863 0.0089712121694896 0.0554435719067404 0.0209060517414626 0.0778461947197013 0.0471100803730650 0.0591085176875563 0.0495907450078835 0.0260841718896458 0.0026383847909923 0.0092700768751132
9 0.012022869317637502 0.0690357252706909 0.0100851404678758 0.0175956031439369 0.0381048587166460 0.0573488177041390 0.0203658877436667 0.0234659957646461 0.0757294336997557 0.0473601508325907 0.2002472363728351 0.0582276195399539 0.0232130845930625 0.0202901348902748 0.0530765458431776 0.0548370160721587 0.0567331117055295 0.0570148738502579 0.0768048941282459 0.0091821025022043 0.0312817671583521
10 0.01181210985549565 0.1062534747014691 0.0083204963215363 0.0451479116135794 0.0578299031042996 0.0135369020825339 0.0461818758429079 0.0217390583592701 0.0227309664603085 0.0518101141946869 0.0560609271056180 0.0133228266815094 0.0414656831777710 0.1872908479350189 0.0521862464793567 0.0490653918989440 0.0907668130459342 0.0672810373030497 0.0511245263466011 0.0051012029789374 0.0127837943666679
11 0.011444238794302597 0.0936245482459567 0.0096074449248205 0.0356761959257358 0.0517224679996876 0.0149566047693382 0.0295911458872255 0.0198233915480087 0.0543090999196949 0.0563791691433234 0.0587070004759715 0.0220709843600603 0.0537324156168962 0.0227165963891593 0.0507983827332980 0.0507026832154738 0.1063183939700051 0.1761794782153131 0.0737323231336779 0.0050750349239559 0.0142766386023972
12 0.011047627806453839 0.0675075785836056 0.0079099145285637 0.0968444596619116 0.0666100912806661 0.0141539915620222 0.0638374120112673 0.0528747592202555 0.0173435919993253 0.0683892598749262 0.0337428956971809 0.0116658813432715 0.1633276321031902 0.0180556938080182 0.0568102971634474 0.0546495423052470 0.0920142988147685 0.0638579607491420 0.0254015767702680 0.0050693910728508 0.0199337714500719
13 0.010762144535007147 0.0593981185675027 0.0113444945087215 0.0197427124081467 0.0239739453733250 0.1517661738957910 0.0205894323039377 0.0644372751946585 0.0443771527512532 0.0253141244907157 0.0840005044892288 0.0189856834327968 0.0408438376267949 0.0149454967465026 0.0299363755345026 0.0327574466664506 0.0574245451981705 0.0473605844642799 0.0541569155149841 0.0230794682538951 0.1755657125783422
14 0.010195009982334526 0.1038734866884600 0.0120138345398107 0.0628419494102100 0.0589845470760683 0.0146923449765523 0.2011211228473901 0.0221807973413106 0.0176977196954123 0.0509098768277579 0.0401910481797970 0.0124542766857059 0.0624200650539018 0.0283321997816307 0.0459772035642460 0.0504312719015592 0.0952385825291807 0.0587555603800910 0.0404027209963059 0.0062295997136795 0.0152517918109300
15 0.009850130862466038 0.0760521678050399 0.0063574128280477 0.0483215191667944 0.0854725398227053 0.0111118103619720 0.0272019254087771 0.0545015784989926 0.0198568230549895 0.0869338542840398 0.0574402692105071 0.0166381928761419 0.0562794783412298 0.0166038746282329 0.1747575545858435 0.0810993469013205 0.0646382227921998 0.0595093228922692 0.0397652897509695 0.0038255825516714 0.0136332342382559
16 0.009708347224297883 0.0845645435348533 0.0110348173356362 0.0187015115531785 0.0483754754907628 0.0236042544646354 0.0187971380660008 0.0187039530809686 0.1156516381817343 0.0495029837294352 0.1018722059614467 0.0451604557593328 0.0275507820126645 0.0187859296845473 0.0482197960129526 0.0477836343201868 0.0604345858492577 0.0773994259589936 0.1591738706757876 0.0058928032725068 0.0187901950551185
17 0.009543571644805163 0.1043146120908583 0.0053125791835247 0.0386899390830618 0.0495604580567671 0.0092418610597487 0.0397307939888020 0.0151728807413959 0.0185869665619397 0.0474869820235732 0.0443120423209197 0.0099616848029304 0.0298317476869592 0.3158894452463538 0.0446110063613251 0.0428144352250069 0.0723251547195714 0.0537824165992847 0.0454457825228677 0.0038927143798151 0.0090364973452946
18 0.009484175796383368 0.0752989896626373 0.0064171797733889 0.1934660342625324 0.1177547721070803 0.0104211378805568 0.0679176935528701 0.0418391216846695 0.0133189951454784 0.0537149349731042 0.0232433788710518 0.0092867517344967 0.0915608390171693 0.0257160140205269 0.0542470378898268 0.0448585018626914 0.0755430648956959 0.0543699705687581 0.0228972028678123 0.0045075899666780 0.0136207892629749
19 0.009382628055533202 0.0590041924978892 0.0087631810598466 0.0129333324802970 0.0206035280603690 0.0575989995809464 0.0143777808763541 0.0138297815732390 0.1665258782216686 0.0220508755718576 0.2078020293361335 0.0597076135723094 0.0158100272139614 0.0149071321336104 0.0226701263072841 0.0216931075590324 0.0387682535381250 0.0552328346693024 0.1563822087361949 0.0068975444830160 0.0244415725285631
20 0.008758013649549166 0.0625802021008896 0.0045132822073592 0.2533417420773761 0.1669610827418465 0.0066264380518195 0.0543977723531440 0.0315759929303557 0.0099348717765278 0.0512183128722003 0.0160040960516683 0.0070899723213243 0.0920440024875791 0.0196352983977683 0.0504909412664521 0.0337618672533176 0.0663751042605245 0.0450249452046671 0.0166623389939010 0.0026053895600366 0.0091563470912423
21 0.00873693770333498 0.0798839351738551 0.0030796586037162 0.0653636525542818 0.1577399185033231 0.0048873441133845 0.0323411491606877 0.0321004584117250 0.0119372049145443 0.1488349669453965 0.0319428780161147 0.0084901688816767 0.0493890101378072 0.0102779532346601 0.1040830552954682 0.1063227443833469 0.0592497542730565 0.0583965262867772 0.0268164341556989 0.0017359026980679 0.0071272842564113
22 0.008616230011381011 0.0714427516586078 0.0097667634613240 0.0124799628963415 0.0231907188239143 0.0260818936341277 0.0140811243057156 0.0112163752891166 0.2005168151844423 0.0304458431987184 0.1092647429303822 0.0418650063336354 0.0169250079744716 0.0148240252421908 0.0195806666591586 0.0197441934832681 0.0426510571128971 0.0670321686817336 0.2510454954613094 0.0043674731297588 0.0134779145388859
23 0.008556834162959217 0.2414586609008958 0.0125698501621497 0.0362592851647848 0.0426517705265658 0.0094877826654119 0.0692502704918413 0.0142917504580417 0.0155078780333247 0.0373754323081323 0.0345985295504358 0.0107596077695570 0.0440135973915306 0.0406148152859895 0.0380055000240628 0.0325691955639555 0.1817131728092087 0.0782028217772464 0.0480821050530343 0.0031409682732671 0.0094470057905643
24 0.008503186299868563 0.0418062382566967 0.0053652707426603 0.0048353996598332 0.0078779795909861 0.0316838625653351 0.0062612472721309 0.0052818621316581 0.2828614253458407 0.0084963645415974 0.1922116991259359 0.0511759313081580 0.0062105327412658 0.0061649963817914 0.0085807007657012 0.0081465975370834 0.0141834851860797 0.0401919470391556 0.2680733622557965 0.0027606861815707 0.0078304113707233
25 0.00845528642210905 0.0582564207992028 0.0038838138115299 0.2207833902407764 0.2785692746267346 0.0044136516885639 0.0457580587959951 0.0221942692606076 0.0071600192113878 0.0532236040241869 0.0140795119078925 0.0059085615336171 0.0600920077303594 0.0171265417468220 0.0647436146290599 0.0329358150944776 0.0496679949527133 0.0391932990500773 0.0140629904713669 0.0017968757075032 0.0061502847171259
26 0.008347990695927744 0.0534389919066114 0.0081414806947115 0.0117352691915480 0.0177017150960815 0.0650271080269402 0.0134266705073041 0.0147709232609814 0.1042132740330005 0.0200434063283777 0.3157806665797197 0.0778755165792772 0.0150073666303054 0.0136564751206321 0.0336663955343309 0.0334872919259065 0.0379610784465186 0.0457411386750400 0.0891947345413489 0.0072515423084645 0.0218789546128997
27 0.008302006813278612 0.0422000210055432 0.0106223614018405 0.0121333868821892 0.0142774804397276 0.2652882310266074 0.0136532311806221 0.0466494991668137 0.0464785852131436 0.0150901022451555 0.0968590170347093 0.0214749099351572 0.0174384770211810 0.0103624609257149 0.0173657757349940 0.0168549651410834 0.0378618744343518 0.0286326785206323 0.0494965105551281 0.0384521178334718 0.1988083143019331
28 0.008279014871954047 0.0591149724951760 0.0086830462049388 0.0470018589700658 0.0496223724702167 0.0416324949312185 0.0240995645478236 0.1741002456184580 0.0185367584669795 0.0556534457032827 0.0536422410377543 0.0133777524118816 0.0759232726430441 0.0154858966585552 0.0694812269579914 0.0656430725962384 0.0611643796127099 0.0509861661289647 0.0348069489728643 0.0078181523091341 0.0732261312627022
29 0.008154475189779315 0.0491734072092973 0.0066301922985953 0.0074132772496847 0.0128124092468446 0.0385196262941721 0.0087197538518234 0.0081270789694406 0.2392460324672575 0.0139972638949973 0.1934469118531428 0.0587316685934467 0.0100622944314957 0.0087275268420210 0.0134912224324028 0.0128891686594125 0.0268641389410184 0.0519838606968314 0.2233258520319276 0.0038406656945526 0.0119976483416356
30 0.0077981000992485465 0.0447055284688920 0.0062203162963175 0.0071538368674955 0.0120670172053841 0.0599370649814513 0.0085846288735216 0.0090843045863412 0.1775139473022901 0.0141988003526550 0.3107052832109811 0.0814688391003065 0.0096539876773931 0.0089551745737374 0.0161142616608701 0.0148133112160914 0.0188608854582567 0.0402133803013729 0.1376388056814114 0.0049123708850851 0.0171982553001457
31 0.0077981000992485465 0.1777371166114255 0.0046625437999414 0.0781291160924074 0.1148746577004072 0.0051460482448142 0.0551156769430109 0.0299371253996095 0.0098516042837588 0.0591486788406242 0.0356984712660550 0.0076889596338525 0.0412905464707426 0.0318400145093925 0.0834664699627191 0.0764654091928230 0.0774207904924222 0.0646523246840478 0.0387168273526506 0.0024142167082621 0.0057434018110334
32 0.007780856143255122 0.0297862127974576 0.0067687040170558 0.0075095315560047 0.0092691764857651 0.3208021369667657 0.0083553697191701 0.0419767865096693 0.0366202332744961 0.0094384680061906 0.0895370514427776 0.0186801571385577 0.0133513192738883 0.0067638222702471 0.0120078840033893 0.0112408733451987 0.0258199192605035 0.0166570999145224 0.0393020971256306 0.0385200123737245 0.2575931445189856
33 0.00776936017259284 0.1671066286292363 0.0094384878276266 0.0379592279057559 0.0389137490669807 0.0081316979112904 0.0554699587242700 0.0127737040082651 0.0152946228333970 0.0361127155302599 0.0326271640359980 0.0110043732855726 0.0549435099110604 0.0417359165980162 0.0364797685701147 0.0221901626490393 0.2027302213360076 0.1589273177862756 0.0472000873436892 0.0030395926469329 0.0079210934002116
34 0.007675476412184196 0.0927002121978388 0.0078425635496224 0.0571752001461864 0.0471900074255433 0.0084630210723786 0.3777823349808160 0.0173383264511475 0.0104815883374599 0.0450797650503792 0.0179292351057828 0.0079719675071096 0.0574561974086411 0.0201306090164949 0.0367222062860367 0.0461428961693738 0.0774016976715997 0.0393461113759753 0.0199325270903204 0.0040439141053170 0.0088696190519763
35 0.007386161150516744 0.0402317432771054 0.0078979104682142 0.0133996419398843 0.0153202170251699 0.1872506155029850 0.0138627321558382 0.0677195512369204 0.0217564641849248 0.0164731030923659 0.0615431675989944 0.0128306139538898 0.0293947271272719 0.0101672641978716 0.0195339643385094 0.0183968772834635 0.0378822104163227 0.0252140420561599 0.0352604889807674 0.0503432503631513 0.3155214148001902
36 0.007294193385218481 0.0973288724883152 0.0036154952405573 0.0295548709570913 0.0378866804755465 0.0062167656493722 0.0294670375115330 0.0100041105800013 0.0115906650403637 0.0366660691306222 0.0332972846663488 0.0065103133146855 0.0214543719468808 0.4593891687011564 0.0349810417350403 0.0316781644798521 0.0667467259353322 0.0420180213024130 0.0333674125223616 0.0023475833959418 0.0058793449265849
37 0.007192645644368316 0.0622583130772092 0.0017215994816927 0.1057851536264173 0.1292790681097713 0.0052168741471442 0.0507153533565304 0.0363329163093984 0.0095745282119363 0.1357417244319195 0.0173620148057026 0.0070038193307788 0.1018804072754910 0.0140861721398711 0.0865193567299575 0.0713056390482647 0.0802441216746229 0.0597126429318714 0.0148691552060643 0.0016258426161862 0.0087652974891707
38 0.0071677377079333695 0.0402623951607336 0.0047063516858156 0.0039281125476836 0.0075447747737288 0.0500284098977699 0.0056454485368601 0.0054534599878254 0.2064593690340802 0.0078452093049432 0.3262402802467979 0.0640471188445074 0.0055618286600298 0.0057861761880765 0.0098206775443228 0.0091761598274754 0.0116908879136661 0.0337012535785595 0.1882907056084828 0.0035503223137981 0.0102610583448434
39 0.007098761883959672 0.0574184370317846 0.0030267170612937 0.0344146804429520 0.0760739870209182 0.0044063645219605 0.0164346684553138 0.0488233453936468 0.0109359376905183 0.1798508014721220 0.0390815112362584 0.0085726135015805 0.0505858872331837 0.0067183510539011 0.1553526864743864 0.1828607533303163 0.0505292667022463 0.0480374963541342 0.0179664778717614 0.0017705239505796 0.0071394932011421
40 0.007071937952414346 0.0695950826616158 0.0076177274241882 0.0075933622002471 0.0143437131312662 0.0213636175950170 0.0099445553596686 0.0065970013536417 0.2389331770250862 0.0138877768366698 0.1018507997536316 0.0352139610994688 0.0101119527023672 0.0105059887361532 0.0128196539205590 0.0122090621421755 0.0295950336627929 0.0560652273776606 0.3306101135156004 0.0026846595423445 0.0084575339598458
41 0.007024038074654833 0.0426355432183710 0.0041041392624561 0.0147245925608686 0.0521220306365870 0.0051850902992010 0.0161002610263338 0.0301896420201265 0.0125487011931681 0.3234447920128301 0.0354228357052756 0.0106332530265326 0.0466766367950032 0.0097800116826668 0.0739189155935857 0.2108281188197170 0.0433122813432212 0.0425228309916099 0.0169235654041116 0.0020563495740533 0.0068704088342810
42 0.006736638808097762 0.0304417119639470 0.0028710091909559 0.0027264943043684 0.0047936640348774 0.0440828569800943 0.0039045590100631 0.0032486422283541 0.2694849332712912 0.0053584218539454 0.2907732126320492 0.0625077740405602 0.0038265050827287 0.0040730979724153 0.0058997818105402 0.0051996710027922 0.0082456496763121 0.0271843812925953 0.2152241572929750 0.0021011656295143 0.0080523107296208
43 0.00672705883254586 0.0806753719482975 0.0066477484100001 0.0373485883598228 0.0437715542700101 0.0089700303681365 0.0343215443437917 0.0154687906708595 0.0341754317842888 0.0526222145975299 0.0372385168302742 0.0138285411774519 0.0578900716251515 0.0161905127124784 0.0419244036438744 0.0442523884426540 0.1629275316365375 0.2459891717406134 0.0528991339109107 0.0033297253236007 0.0095287282037166
44 0.006707898881442054 0.0713667556566784 0.0016307030915566 0.1437657059105866 0.2006198576970333 0.0027846400653972 0.0399968501902172 0.0267260251488725 0.0060285614180157 0.1182838316440759 0.0120430620834834 0.0049334222773784 0.0818593354345135 0.0114046542309542 0.0873505265167684 0.0538542309480591 0.0681414436154402 0.0518143042950997 0.0114444289790354 0.0007289539687611 0.0052227068280729
45 0.006640839052578738 0.1079693190334770 0.0041500641036657 0.1075085619480914 0.1100012455113991 0.0051244166680507 0.0636521127571445 0.0193923461192524 0.0104903757367586 0.0644588349835312 0.0173815661969543 0.0066943224538373 0.0826362654254215 0.0385572427026835 0.0654593506071838 0.0426595838513322 0.1399411417047420 0.0850526659928059 0.0194595470930551 0.0019542197102793 0.0074568174003348
46 0.006504803399741724 0.0464153870027322 0.0043609403577178 0.0127314745819547 0.0387484097406864 0.0055151753618448 0.0243464910951116 0.0387842621149338 0.0108901272322608 0.2105339262091787 0.0355406327023084 0.0091826980165568 0.0398443275814169 0.0084090242220175 0.0692334609447437 0.3243826904230978 0.0445770481398238 0.0438219292911161 0.0223070083587372 0.0029093705461151 0.0074656160776459
47 0.006433911580657647 0.0319211715273766 0.0052956017393510 0.0046094250273948 0.0076209975214738 0.0645316923298534 0.0056460508883623 0.0063855206995045 0.1497141723953746 0.0083760900705200 0.4260958812556851 0.1002233691178830 0.0068573205831703 0.0056920722875651 0.0112512001497482 0.0093894055865094 0.0117858419278977 0.0268387891654715 0.1007104401200066 0.0039449690982299 0.0131099885086221
48 0.006430079590436885 0.0261952400757850 0.0040681168066941 0.0022938912944047 0.0043455942419001 0.0604554696345193 0.0034803900600713 0.0039041270993201 0.1778501057081715 0.0050549089315523 0.4411134313598059 0.0911914287004150 0.0037694416055431 0.0035780776847457 0.0066383813555091 0.0056072210804857 0.0073864011423340 0.0208450123145241 0.1201971188976127 0.0030047714490665 0.0090208705575395
49 0.006407087649112319 0.0370458491614719 0.0060782664334679 0.0076460599700866 0.0110598171035960 0.0672013408976337 0.0092102250933495 0.0104876485928548 0.0978951991957551 0.0121937317074418 0.4495157247111276 0.0696075560086459 0.0092842807886170 0.0107776173049282 0.0188299680504577 0.0158308927448820 0.0295791543383245 0.0293345542782894 0.0834463659651415 0.0066871904905355 0.0182885571633934
50 0.00624806005495074 0.2210653241906190 0.0164390359058917 0.0141480104859232 0.0348049472431501 0.0142831433356104 0.0440794328525651 0.0122952676633475 0.0737235500031840 0.0209248275392084 0.0715307367005761 0.0351517600631121 0.0174171714813971 0.0287793194731321 0.0230475483436220 0.0216289671938126 0.0772688936267328 0.0857949225621240 0.1729988240476773 0.0040639976916633 0.0105543195966512
51 0.006056460543912692 0.0502296639145224 0.0021549864504823 0.2688684255529686 0.3209026696250129 0.0026331269686411 0.0332973530455397 0.0125889494211704 0.0047546805985940 0.0437214833365729 0.0091987792724472 0.0040252337943043 0.0578913948418089 0.0182862572540396 0.0566706997262136 0.0202570398667199 0.0460696332036521 0.0333428288771375 0.0097543379486951 0.0010478078939270 0.0043046484075504
52 0.006044964573250409 0.0713180764785271 0.0074938792622058 0.0209012223195350 0.0462691521176073 0.0094283342575264 0.0367843677547899 0.0585359121406444 0.0136043767525258 0.0878981107485145 0.0562134021696551 0.0113904875854559 0.0379600541957636 0.0168814639688029 0.0938643030834633 0.2779620093919363 0.0531887727770101 0.0507032748332102 0.0331818671551363 0.0049138826048330 0.0115070504028570
53 0.006016224646594702 0.0763695733805710 0.0057854445213622 0.0626802679107586 0.0462437135184901 0.0073766973188280 0.0558508183946600 0.0406231601095648 0.0150694812677261 0.0562261492588045 0.0211575561843372 0.0096739565272423 0.1642530373915836 0.0168284072706316 0.0535850811531905 0.0418315838267294 0.1645914042970981 0.1227668549009887 0.0253695540266593 0.0026903002067263 0.0110269585340475
54 0.0060123926563739405 0.0455361707731612 0.0088235307678336 0.0088391253887726 0.0121326606276805 0.1928128815289344 0.0113046335791152 0.0250072512675790 0.0828150681152976 0.0130914507120167 0.2147339768156681 0.0594645736954907 0.0137395706144263 0.0089605873094075 0.0163984329096738 0.0156758463469298 0.0331885347007128 0.0336824890549454 0.0740822614788478 0.0169903027293314 0.1127206515841757
55 0.005926172876406819 0.3703475498516859 0.0125630153390498 0.0271986370977464 0.0426831470136692 0.0088396624928114 0.0745085191749547 0.0122592468296788 0.0197140589468856 0.0334741795909516 0.0380982677685778 0.0118417457723179 0.0207552588493663 0.0270094545441624 0.0335921455299341 0.0325076563192470 0.0999047777587813 0.0621163922292113 0.0617809781536459 0.0027935845797233 0.0080117221575994
56 0.00580738117956323 0.0518407634531023 0.0059337463439567 0.0047897780854443 0.0081704388806220 0.0187090482429325 0.0060516430193918 0.0044574849038152 0.3019955780915349 0.0086940795000315 0.0938063725171112 0.0345135099011994 0.0068531960020961 0.0062049784498244 0.0073049620637904 0.0072447374152238 0.0217305317527694 0.0488904945720094 0.3545520541045097 0.0020071410909439 0.0062494616096911
57 0.005788221228459425 0.0601406806009277 0.0030049093579196 0.1822214115342946 0.0913117405464959 0.0053292769457656 0.0676143399212838 0.0327361193224094 0.0084278920592529 0.0629273779487766 0.0122539089205405 0.0058253143582137 0.1681744056259535 0.0145973498020774 0.0476282155471240 0.0362997814670346 0.1125056707760324 0.0645288748729890 0.0131485783674538 0.0021318493962957 0.0091923026291593
58 0.005755649311582957 0.3554544583247236 0.0235070840282474 0.0141036764403850 0.0264664703492952 0.0062288197325755 0.0701839680879249 0.0086206478750324 0.0121124630237451 0.0167155107759634 0.0226061485880329 0.0085928731250637 0.0294382347309413 0.0288275704315882 0.0181692939246363 0.0144072524867723 0.2104110414840899 0.0775931666773310 0.0485951581640599 0.0020905529564064 0.0058756087931855
59 0.005665597541395074 0.0489841621344502 0.0048330648038418 0.0026107188380585 0.0050270296753923 0.0255849986440436 0.0046587324973628 0.0033985644668586 0.2578892591175104 0.0045795319021466 0.1914145895478013 0.0402786865528716 0.0037918667623237 0.0044995784800253 0.0060231959936465 0.0057139466205150 0.0105297639578508 0.0355186654358429 0.3389396362058361 0.0018173124932168 0.0039066958704052
60 0.005571713780986431 0.1517400531261809 0.0059660366767511 0.0389644551196409 0.0329822486283594 0.0059063222741734 0.4491562150564023 0.0096435276076058 0.0076790643603907 0.0283998184946909 0.0124275992753196 0.0059871266819523 0.0381272447168093 0.0155438098968877 0.0226688527066012 0.0265988085562395 0.0848718033887938 0.0330267638371989 0.0218084992764932 0.0026133025884120 0.0058884477310976
61 0.005472082035246646 0.0488614726954050 0.0026716121272014 0.3436897932683410 0.1738652207132463 0.0038075963506852 0.0484569091448716 0.0233073087109169 0.0058554414349777 0.0416348188524510 0.0098384121284592 0.0045384355468176 0.1068858600045508 0.0127912362454488 0.0414958323616667 0.0227399731882225 0.0545693563371403 0.0374768645116312 0.0104064165774126 0.0015832608650431 0.0055241789355111
62 0.0054203501672663735 0.0403130979529022 0.0052201596634349 0.0030119777363075 0.0050410085954390 0.0149777523613911 0.0039561301517326 0.0030416872792938 0.3351143571357255 0.0050332454240061 0.0825860719932007 0.0271100156396280 0.0045624851102418 0.0037972797369762 0.0048507874924791 0.0044841163141319 0.0157871606271745 0.0360306631913954 0.3994261282913862 0.0015077690456150 0.0041481062575386
63 0.005401190216162568 0.0790990631670173 0.0086711401170922 0.0369598772935612 0.0323027712279305 0.0060086960538058 0.0393622865608849 0.0115010040949488 0.0111520100455316 0.0353389324724619 0.0144575455594710 0.0079786272217711 0.0603327493012163 0.0132977535273906 0.0267649500722077 0.0286893665364869 0.2843615596593257 0.2646783210205291 0.0301494363921439 0.0024426143346183 0.0064512953416052
64 0.005399274221052188 0.1018069970277049 0.0037523186441203 0.0297152311373639 0.0198269991435198 0.0042220419694707 0.6207710895906379 0.0074693548369881 0.0051379567037641 0.0209854774313361 0.0082420597173210 0.0041775469213605 0.0355041509815701 0.0090315335654436 0.0160413176139725 0.0186337372003639 0.0556823583690339 0.0224122941544353 0.0104762141101459 0.0018140672038964 0.0042972536775512
65 0.005393526235721046 0.0640074154894332 0.0031922900159861 0.0377137461299341 0.0800622418117205 0.0061454345023341 0.0225691347416764 0.0179944196196959 0.0223864359993146 0.2742435141140961 0.0401897529843316 0.0135808128143866 0.0588495105675941 0.0130702789172602 0.0819923745599432 0.0961474886058864 0.0562291119666359 0.0632201888737510 0.0378025413296134 0.0021129675910244 0.0084903393653822
66 0.005355206333513437 0.2062003929296884 0.0101478621635245 0.0488349037148560 0.0483960784384628 0.0091230959785856 0.2156499600249310 0.0149633496804667 0.0124231845507018 0.0383191233524955 0.0321880220422808 0.0091541529767827 0.0431325287240991 0.0357604435954332 0.0366168200087425 0.0405307669273218 0.0928420526324660 0.0526898158475394 0.0405526734950372 0.0039333619642971 0.0085414109522880
67 0.005347542353071915 0.0329575744179097 0.0037603869189487 0.0083514864349173 0.0300421644981766 0.0037801436700784 0.0175010380320273 0.0259528888028278 0.0084433902726854 0.3536472456889383 0.0250338466661775 0.0075248628569972 0.0353716294663685 0.0067654575369539 0.0496014997519291 0.3058471705881066 0.0331872944938869 0.0324577908187482 0.0136524419952921 0.0016821546065661 0.0044395324824648
68 0.005324550411747349 0.0268709305743999 0.0055078392725171 0.0082569141139989 0.0096750599635478 0.2314589636952690 0.0084014388767092 0.0680155346476185 0.0149078968536097 0.0097867403817986 0.0481765290099455 0.0086517986681600 0.0154706356060437 0.0062883062864120 0.0128984018215449 0.0123371995138806 0.0246470039711563 0.0157414248654693 0.0251677182779781 0.0406298078843268 0.4071098557156142
69 0.0052172546855660425 0.0217941864132019 0.0035294767681173 0.0019009897241870 0.0032621798538855 0.0428030676838566 0.0024315864910360 0.0027475156218803 0.2341615504584764 0.0033067920294174 0.4186373496479792 0.0751611324802863 0.0029340847664631 0.0025622199354787 0.0050336548175725 0.0043253672430491 0.0051345957295415 0.0167093959485566 0.1466250899684663 0.0015673682234787 0.0053723961950695
70 0.005025655174527995 0.0507817176966386 0.0032711438901071 0.3001118517786746 0.0893790523309686 0.0053337012051762 0.0540255837989035 0.0376802752427172 0.0077286343602943 0.0444452507356364 0.0113009976438526 0.0050440635917998 0.1816851915340230 0.0108548746054360 0.0379412393757891 0.0255917722899593 0.0674464443609955 0.0447414803665155 0.0120862794752366 0.0022591810939922 0.0082912646232838
71 0.004994999252761907 0.0295550905805137 0.0041475532341783 0.0029260822953561 0.0045771254161061 0.0241632940566119 0.0036688969369232 0.0032905759167026 0.3847955472756544 0.0054413610431244 0.1603950298954840 0.0409156052932379 0.0043706289093008 0.0034973456750487 0.0051318830270093 0.0048346230347163 0.0087411130723452 0.0324715312549794 0.2701604458480010 0.0016371744380431 0.0052790927966637
72 0.004820643697717284 0.0488110419376767 0.0021717028411149 0.0302976095044143 0.0187543737583647 0.0027064524743879 0.7337231175782255 0.0055176234720079 0.0039870436731832 0.0169463275895551 0.0058239205969716 0.0029785894579418 0.0323933965475386 0.0055817449496391 0.0126148142861283 0.0144464413485162 0.0364000113780496 0.0150715139688365 0.0075660068773125 0.0013265330957864 0.0028817346643494
73 0.004803399741723859 0.0625962799398155 0.0044273991675211 0.0559764929426015 0.0356339061686639 0.0051318505167339 0.5317103636321522 0.0130237399890438 0.0064530247174664 0.0354737863499642 0.0102424755597815 0.0049774576144477 0.0665548808764588 0.0095171454674356 0.0267302085714615 0.0308907547690598 0.0562118567254356 0.0254324628067139 0.0109597260299945 0.0023246714540610 0.0057315167011878
74 0.004619464211127333 0.0735485010290873 0.0021854391802673 0.1276415099204197 0.3409806252168248 0.0032007748305392 0.0309562447968091 0.0146754291281584 0.0077315419408513 0.0704835523248607 0.0139852567030657 0.0057015730460222 0.0398481735143708 0.0098509643523193 0.1107529887518252 0.0368111489151300 0.0427899691109248 0.0384654173464693 0.0248514406866751 0.0012542986904463 0.0042851505149336
75 0.0046098842355754305 0.1779772675617821 0.0023539208525555 0.1171809928826822 0.2035080875690686 0.0029449777167569 0.0421517381560649 0.0163662293128006 0.0072084953782883 0.0536843367862212 0.0155027231313566 0.0047825382191213 0.0383835166363792 0.0270921050502729 0.0843454622587678 0.0574626559026715 0.0639547319616956 0.0519563896665519 0.0289660832152802 0.0011076280787151 0.0030701196629674
76 0.0046022202551339085 0.0783571289127999 0.0045066018465360 0.1114030244075841 0.0767704883279568 0.0058615650621564 0.2077876521061124 0.0334422815888983 0.0088035244020748 0.0648470116582721 0.0145824927226490 0.0067205817856688 0.1022322797221727 0.0187793457519374 0.0506156561488262 0.0493490752710891 0.0898577008460595 0.0508035399353198 0.0144571207176665 0.0027764430621694 0.0080464857240507
77 0.004598388264913148 0.0951021165335643 0.0149448161241009 0.0398314400637369 0.0351548148073436 0.0111352598179493 0.0558180489191353 0.0158746912684630 0.0148199383794101 0.0414500175793083 0.0369999149528166 0.0108837647085146 0.0687627025441676 0.0347478980183335 0.0314168410144596 0.0354753943274978 0.2976697784931343 0.1144749039010476 0.0303465292155290 0.0038481349111836 0.0112429944203039
78 0.004594556274692387 0.0390703399031396 0.0030607850609690 0.0018154577223583 0.0030259612941503 0.0160164915435878 0.0030488706914719 0.0020990482958270 0.3117405439433056 0.0030533926736686 0.1456502214971299 0.0307735887450908 0.0028474014095302 0.0030991410159960 0.0032598105059888 0.0029310290756558 0.0073368066988003 0.0282840876519959 0.3887172275904128 0.0009836408119138 0.0031861538690072
79 0.004540908411601733 0.1177558965107224 0.0024427741509932 0.1993081125561204 0.1472672478149768 0.0030738542261768 0.0884155831384964 0.0158756351734308 0.0055688461273984 0.0445004352508006 0.0109986233452128 0.0041450933749020 0.0725408396921400 0.0310082662147095 0.0586470096867264 0.0387235640573170 0.0918679915026508 0.0510496048722845 0.0113877395483794 0.0014475649396460 0.0039753178169156
80 0.004525580450718689 0.0665843438798273 0.0014715427762125 0.0701634731002146 0.2066705991105859 0.0026195538618180 0.0283227213298262 0.0224702801770975 0.0072412124140176 0.2029062972462075 0.0152627681933557 0.0057096791091779 0.0522074812189650 0.0063001250424837 0.1057955483951701 0.0889658848165464 0.0487125260599853 0.0470141695456737 0.0156292680061208 0.0008571665521125 0.0050953591646022
81 0.0045198324653875485 0.2492090675233830 0.0115672554074733 0.0132463294375847 0.0271687135028200 0.0085181755908792 0.0426902871574901 0.0079338151317300 0.0503170155282383 0.0161992829758828 0.0444020458028162 0.0174789470999861 0.0256200806821263 0.0187602704602390 0.0180331377191777 0.0150450250662045 0.1224701738524577 0.1795774422213557 0.1224279565420547 0.0025313559329726 0.0068036223651278
82 0.004502588509394124 0.0211079162836264 0.0056678203939103 0.0049775157098749 0.0060424764330808 0.3641178326216085 0.0055236931870910 0.0372114885535151 0.0230560281832883 0.0065898238972673 0.0569511311553465 0.0108334831071984 0.0094038052912840 0.0041023664446833 0.0073140212594548 0.0082266592274745 0.0211983508134702 0.0114792941565012 0.0262673364336068 0.0307209629881125 0.3392079938596055
83 0.004448940646303471 0.0885474325892060 0.0047993466188620 0.0386351688577653 0.0576125049956840 0.0054038744689704 0.0429152995583657 0.0363099190462797 0.0122821086289520 0.1387706761646871 0.0233004027547258 0.0084184757112468 0.0693285687679598 0.0127402996802101 0.0741644512968562 0.1186268206745159 0.1348672575993635 0.0959687821753752 0.0285544533003723 0.0018282981769509 0.0069258589336512
84 0.004412536739206241 0.0198763123676165 0.0025311369231554 0.0017038134491558 0.0026620120777714 0.0171884833562228 0.0022213921596405 0.0019143659130660 0.4232092081535748 0.0034247119681382 0.1598087904997712 0.0324059707904393 0.0027507425897178 0.0022468725057294 0.0031523905847974 0.0030651449786136 0.0049358898937009 0.0193071369838650 0.2938084075062164 0.0007872725741877 0.0029999447246197
85 0.004337812929901403 0.0719563868213656 0.0061871682355273 0.0121502329685719 0.0340798604294863 0.0108772172488007 0.0119442327148210 0.0107507873558524 0.1271617524772772 0.0421818226431466 0.0689208366317412 0.0380689892404684 0.0367293614106358 0.0102830716806699 0.0349215008992844 0.0373850716895372 0.0679227645977962 0.1985758666535678 0.1675302771261453 0.0027238889138366 0.0096489102614679
86 0.004299493027693793 0.0384599499915008 0.0015790954845334 0.3380473974654622 0.3670081091705998 0.0021102214623750 0.0262514971564156 0.0077284114823491 0.0040899695809120 0.0298696633811474 0.0064014350850743 0.0027180649177145 0.0437655134770679 0.0093006185962518 0.0465968392025279 0.0080530810305165 0.0322060808458787 0.0244121828913723 0.0078346474265920 0.0007838846243081 0.0027833367274006
87 0.00424776115971352 0.2197290995986826 0.0063704028679811 0.0158169034014265 0.0259053625593216 0.0047037461623648 0.0497874901137720 0.0062886096728320 0.0129297238948713 0.0210710929190512 0.0223486946210352 0.0080598308724061 0.0395057076572403 0.0319217414467924 0.0195372174396086 0.0113259961308841 0.2235952245690681 0.2258605105410439 0.0490145396318942 0.0017736098890852 0.0044544960106387
88 0.004215189242837052 0.1816716610557948 0.0171025116552240 0.0091866591868927 0.0164526753486727 0.0105645474575052 0.0186516545376443 0.0076133402982744 0.1183623949565280 0.0133935400499170 0.0668118824849341 0.0314040178242593 0.0122533858850055 0.0191803417019512 0.0136480908387494 0.0126718652760496 0.0631116807996212 0.1007394573872058 0.2775430902426583 0.0025218085900306 0.0071153944230819
89 0.0040695736144481355 0.0178457716046682 0.0035894874640748 0.0042330099530088 0.0052243169743922 0.2596801383634347 0.0043352597094993 0.0586162877075104 0.0097669904485732 0.0056807221217453 0.0377309772737192 0.0073498203506090 0.0094857068435480 0.0029729643674046 0.0072552494498720 0.0066709337126336 0.0169291571650448 0.0082086094552637 0.0160398518495717 0.0325143046918560 0.4858704404935705
90 0.004000597790474438 0.0288873789267607 0.0034293159519902 0.0016777158727740 0.0031762505531110 0.0257210964023885 0.0027004668787104 0.0021458378849060 0.2822447530375028 0.0031140506583963 0.2911250263127154 0.0435359372347109 0.0024884657141271 0.0022911328720403 0.0035858523262044 0.0035232958888471 0.0055866653202426 0.0210278088630505 0.2689399687246919 0.0014297636359565 0.0033692169408734
91 0.003973773858929112 0.1324630546691657 0.0013024350587735 0.2255440659501182 0.2557318237467743 0.0019461940333402 0.0465585668667243 0.0146960254224772 0.0041935650942281 0.0380935721892526 0.0082378731681162 0.0030233654690203 0.0420820892001767 0.0236931501538778 0.0607614093405238 0.0311132094308500 0.0552881360850471 0.0414218934850178 0.0109009367465240 0.0009373786861222 0.0020112552038696
92 0.003968025873597971 0.0183428405417629 0.0023752558773440 0.0016160140398023 0.0026872723898670 0.0511315776849337 0.0021762178225857 0.0026931850670895 0.1424949094617294 0.0029960618241767 0.5759348510774852 0.0764133615326456 0.0028297513996312 0.0022791561347744 0.0052648742005048 0.0037154278717303 0.0052781139433673 0.0146180984541929 0.0788279646265348 0.0019023581858062 0.0064227078640361
93 0.0038990500496242733 0.1601360719795831 0.0080843229038200 0.0446331855366516 0.0381904315542478 0.0063207215201419 0.2119734304955382 0.0121204693894426 0.0087451685842091 0.0338169411263465 0.0145192339789886 0.0075916054794545 0.0603278736618755 0.0267352924249530 0.0324733701795081 0.0322491041062046 0.2002687842754017 0.0730116210315730 0.0197820368563854 0.0026142684240532 0.0064060664916216
94 0.0038703101229685664 0.0308672594643812 0.0053319670563805 0.0044074483850630 0.0060576611336305 0.2205189355902333 0.0062166140475705 0.0112062101212982 0.0781766777719457 0.0069397433201705 0.3448109324663933 0.0804553131039638 0.0067394440577894 0.0048144180322884 0.0089205243648446 0.0081675869756633 0.0118749269960436 0.0149712921471727 0.0617591735236413 0.0152996589389659 0.0724642125025603
95 0.0037917543234429665 0.0141820774385190 0.0027527204052888 0.0032533069616094 0.0037575770756810 0.4298045156778518 0.0033711550655053 0.0251108702884046 0.0202510982707520 0.0043193502348262 0.0592620172750351 0.0140280130199459 0.0060831824150475 0.0024194585857697 0.0051645492246697 0.0042435556354913 0.0106424530762812 0.0082604000687613 0.0208569768127986 0.0290423014012061 0.3331944210665555
96 0.003768762382118401 0.3546136606320550 0.0374843470977854 0.0068436544680662 0.0107473742565488 0.0072255439703040 0.0385319474233909 0.0055589090221764 0.0583129376297808 0.0094087827450154 0.0479689772674437 0.0164729063983235 0.0087613300739229 0.0103267988621993 0.0102347629036328 0.0095534539916846 0.0745680434817670 0.0843489081480560 0.2023547468133955 0.0017754787348062 0.0049074360796455
97 0.0037591824065664986 0.1169638341164726 0.0023634460217307 0.0827136006197490 0.1231086368064107 0.0044244743993339 0.0412019607987925 0.0137454617227991 0.0087709218422778 0.0779475968229428 0.0182771925112027 0.0054584114793361 0.0418922927318170 0.1870637867275901 0.0579189375946708 0.0474039662841679 0.0789760693764534 0.0534453227536307 0.0314039880739867 0.0016692816793939 0.0052508176372416
98 0.003697870563034323 0.0447211352497225 0.0021001018435178 0.0155441333780842 0.0110639944286058 0.0016171423619773 0.8264933340458877 0.0034108070066065 0.0025520957284737 0.0096807081280394 0.0038154316616952 0.0022031524041389 0.0156748688852052 0.0035020895639663 0.0052666114728819 0.0093282109469497 0.0250306415747081 0.0101737353390331 0.0053172035272468 0.0008261911775267 0.0016784112757334
