16 20
0 0.25256455945524425 0.0818559399113251 0.0104433997316777 0.0524710203343731 0.0653877747480346 0.0155104825211011 0.0516465462941795 0.0518974886220922 0.0360166350155708 0.0752253260378052 0.0593085141744818 0.0153820245025070 0.0662672887395731 0.0385505390164565 0.0696356469839012 0.0742115391548276 0.0837337261758981 0.0736219711286950 0.0540807460160715 0.0057198369296769 0.0190335539617519
1 0.12035514885366012 0.0854540933078149 0.0027117005181983 0.1536018850741219 0.1686720901512355 0.0043166359332943 0.0529371831865433 0.0311532369472029 0.0081882736171021 0.0817613217192708 0.0146097705861590 0.0058919374448849 0.0921969958656292 0.0165420292413790 0.0781550853106953 0.0502191285426627 0.0745785340863930 0.0546888026578146 0.0164075945098331 0.0016246598391637 0.0062890414606015
2 0.08589406079835685 0.2342297181814770 0.0150313652011340 0.0295430064677023 0.0398093019805335 0.0078184942827908 0.0629712788243812 0.0106241917375425 0.0375903539722314 0.0333666591851155 0.0393888903590179 0.0113722112593110 0.0393897290003793 0.0360336090099160 0.0341942085251775 0.0293657701088100 0.1430152921214430 0.1050329208196636 0.0816047238967144 0.0025890562248289 0.0070292188418305
3 0.0837002463969712 0.0540653118046092 0.0072025543031328 0.0081409708092416 0.0134441141847923 0.0656959021956483 0.0100322020004999 0.0099857092294539 0.1515728160545726 0.0155485664931297 0.2757044316862989 0.0800435708463831 0.0111071802902401 0.0095956831255461 0.0201101866657156 0.0165219551917366 0.0309421260589566 0.0483163820443032 0.1412930998444651 0.0052999175827565 0.0253773195885179
4 0.06282164767915513 0.0540234909439762 0.0053501802153265 0.0035198267713734 0.0061002630934078 0.0259108720497242 0.0053669147574731 0.0038644594326903 0.2795963217508998 0.0062702754081366 0.1491024191538748 0.0442027535108306 0.0051294440531425 0.0049284014059114 0.0064776805300867 0.0061343624909329 0.0188025136370956 0.0441913919175964 0.3237634255572815 0.0018405234996870 0.0054244798205527
5 0.060629749272879854 0.0493173267888051 0.0029826168244434 0.0216714541841242 0.0544596099897391 0.0040646049473710 0.0235061821038768 0.0338925811979900 0.0094474912061554 0.2691668073714941 0.0300132180418015 0.0075721531985503 0.0441507417895854 0.0070545243149260 0.0870014698260707 0.2457150829052223 0.0430598324730484 0.0428217474860356 0.0169786592117627 0.0017150079531578 0.0054088881858403
6 0.051076597652522794 0.0369543990288411 0.0076762738062336 0.0099984634531414 0.0121239255541388 0.2406921782461848 0.0113957794552758 0.0575465195207536 0.0418255495217037 0.0128082094668690 0.0940123376092449 0.0197702766184622 0.0173644288502228 0.0083382941108521 0.0161163602916008 0.0152471671288919 0.0337635167328429 0.0229788255673376 0.0429659394157193 0.0675376146392773 0.2308839409824064
7 0.04690739229233487 0.0207567845696427 0.0027066577314190 0.0018993262264362 0.0031351608909699 0.0557288596626101 0.0026063451707386 0.0026847504029138 0.1673438343760743 0.0034700748740297 0.4918391881326678 0.0957943305828898 0.0030803799199292 0.0024562005169276 0.0055483921220735 0.0039035930845795 0.0059015747128769 0.0167765801270708 0.1050910218783195 0.0018984661653681 0.0073784788524627
8 0.041310770574913495 0.0589744296406391 0.0013641935804688 0.3163455122178255 0.2682210237274967 0.0020425721783458 0.0378484945721463 0.0117169593103807 0.0036814523991518 0.0426925132475948 0.0066259875304540 0.0028541833094897 0.0796466046918731 0.0095706567983047 0.0510548951243228 0.0189076623095290 0.0451028877495643 0.0314916044393024 0.0082152769830332 0.0008176745652563 0.0028254156248211
9 0.03720670904847851 0.1146213831253214 0.0056421001513912 0.0621708840559700 0.0416346195756620 0.0057527292658297 0.4031101100032287 0.0132257942520257 0.0074779512854188 0.0377334433905075 0.0123181555425869 0.0058904875736865 0.0673349521764133 0.0132133067299132 0.0309695599547918 0.0328509794149082 0.0856523342644704 0.0365826911756899 0.0150251289672055 0.0025916310991793 0.0062017579957998
10 0.03556661723399282 0.0233786846193167 0.0019956945861142 0.0012505073142450 0.0020966616677259 0.0130224593785125 0.0017633211277937 0.0013869643214114 0.3926554667012970 0.0021472247873091 0.1190792221958968 0.0248027628926706 0.0019488479698767 0.0014979715838518 0.0022521403977764 0.0021155891007964 0.0039461996197834 0.0185917375988611 0.3835921853815529 0.0005356147721434 0.0019407439830652
11 0.03000639942366867 0.1248431316891826 0.0032825035806775 0.0353095694766719 0.0452734155701853 0.0052171071188655 0.0322503137882308 0.0090848355994300 0.0103343931657263 0.0366406947143042 0.0288571587114046 0.0059248921475921 0.0217855972418157 0.4177397360110766 0.0337216019438617 0.0294614889253554 0.0740979860227119 0.0457650837815401 0.0335537076140750 0.0020411837139962 0.0048155991832965
12 0.02640816060637413 0.0855731655184427 0.0058682495090381 0.0335849756198727 0.0264257638666049 0.0042736689310357 0.0352047793716190 0.0075561708774492 0.0102661108836550 0.0328773442536567 0.0114864803167572 0.0063133603450350 0.0643343041649121 0.0105635793974959 0.0236406311023243 0.0201524509550198 0.2917343532192933 0.2931852439600505 0.0310812514259681 0.0015409740103807 0.0043371422713894
13 0.023777499319821736 0.4918401835214588 0.0226730533171043 0.0069777483800728 0.0131889407647380 0.0030228116277031 0.0820959552020857 0.0036894267921583 0.0075147969298322 0.0066093371949572 0.0123404296505960 0.0044537324261923 0.0141683814515155 0.0086139005834587 0.0072998900432889 0.0062202793251834 0.1975613657368169 0.0646293369240319 0.0435359607323717 0.0009397580818976 0.0026247113145366
14 0.02335598039553803 0.0151822642879039 0.0031652869472920 0.0033957447011616 0.0041511614227266 0.3682392369352151 0.0037638736956991 0.0354725069850652 0.0178014611719995 0.0044918152784066 0.0516681381905580 0.0100312117813490 0.0067205183311000 0.0024632290550089 0.0056238361859548 0.0049460835224326 0.0136808250776375 0.0081566441878341 0.0189254332309524 0.0321859144982937 0.3899348145134096
15 0.018418460996087536 0.0727191196604228 0.0022338470024111 0.0226253985679089 0.0144699641032534 0.0020608974740729 0.7512143072765355 0.0039342723588249 0.0030046151711475 0.0129271718000456 0.0045860370785324 0.0024383147858024 0.0240801868681764 0.0040418226839501 0.0094077076981952 0.0108147562658775 0.0361627719230442 0.0132383536149238 0.0070235354989297 0.0009149787090111 0.0021019414589339
