# This script is generated automatically.
# Vector of amino acid stationary distributions.
distributions <- [
                    [0.013809539467017228, 0.004717956018463206, 0.001408929180967504, 0.002553168670552901, 0.046671798336488726, 0.0023788543846207, 0.002951891736358825, 0.1483752583645591, 0.003422387167612974, 0.5440136904167666, 0.10047792759942102, 0.0027664700812013296, 0.0024003198588857873, 0.005289211101637304, 0.004133165660767572, 0.0074771253501111894, 0.012229361802189193, 0.08670571913772217, 0.0015205145811318318, 0.0066967110835248105]
                  , [0.015570179275866009, 0.002933554324279626, 0.0008271971729470756, 0.0014263444890536253, 0.016271011518786276, 0.0015382181711545726, 0.001159414665802016, 0.42134768830291874, 0.001592723506023351, 0.16892011801087659, 0.035221906933386414, 0.0016511486325179185, 0.0012675085400754638, 0.00188185983381387, 0.0018167781389473074, 0.004110517487723676, 0.012738429521816828, 0.3067307608245924, 0.0005269958762103086, 0.0024676447732080065]
                  , [0.028969597654082833, 0.004170469330691768, 0.011751561602746659, 0.0321107384867388, 0.0033924498684638356, 0.014175126701982217, 0.021726271326851194, 0.010297883528094576, 0.3473959750755058, 0.018219968193545266, 0.010798387861939308, 0.03645647466188251, 0.00484895802203584, 0.0690209260239728, 0.29463696780545506, 0.04143556891916621, 0.0318039466916431, 0.013086643950322158, 0.0012366025539656317, 0.004465481740914543]
                  , [0.04744924436013676, 0.0017832218624988245, 0.25690842003833686, 0.3955402104109183, 0.002432591278736462, 0.024093160206067877, 0.01196434751095988, 0.005229540086279372, 0.0363602800830103, 0.009307071636155706, 0.004219441027765564, 0.04030690206269287, 0.007564771274630148, 0.05889753623805304, 0.016835723121149178, 0.04156547943253244, 0.023604040932020842, 0.011979196575696174, 0.0005892177919015419, 0.003369604070457614]
                  , [0.0678843754111142, 0.0068435763064323245, 0.09654906792616066, 0.21238928699452314, 0.010112740364733143, 0.029067681664877575, 0.032630186359109706, 0.01978861681082126, 0.07539717899401857, 0.03563902331320715, 0.0166244936116035, 0.04946648904544836, 0.012572354691252471, 0.11403154565848304, 0.055100760610667814, 0.06755430265125435, 0.04980635511317628, 0.03262138748226523, 0.00307107163376551, 0.012849505357085633]
                  , [0.1526787939199753, 0.010653700785935383, 0.03841945547093012, 0.04393773801124928, 0.0079521043148548, 0.08586880690427806, 0.01787335931238657, 0.015257989070210282, 0.04266085471157758, 0.023161227178061464, 0.012174669840531978, 0.06792251459982514, 0.0166424863398586, 0.03989816976008393, 0.03641451710679793, 0.2435790802485933, 0.10685820664857142, 0.028870183064521965, 0.0017855817437341095, 0.007390560968022808]
                  , [0.03492739823163386, 0.010569292021263135, 0.011696546805734618, 0.025658809693558587, 0.010014450558287466, 0.019939735550385973, 0.03655661592960377, 0.01693353438536446, 0.20855696934967388, 0.03402111598788761, 0.015254011069547688, 0.0312888515617688, 0.009173334310387285, 0.06427009925053082, 0.3518915446366201, 0.046161474929672444, 0.0331339443684439, 0.021277051690544623, 0.005880703551106963, 0.012794516117984002]
                  , [0.41906068298416405, 0.026356858122593835, 0.006696902363050025, 0.008622659904873998, 0.0053429168536577665, 0.07324649257746864, 0.005124657859263766, 0.009987562486108647, 0.007332742623510515, 0.012552531725744135, 0.006815290478719493, 0.014122892991672357, 0.008502436008251596, 0.008710757751267912, 0.007652335272690831, 0.27963825110552765, 0.06539407109660092, 0.029434131183644244, 0.0011759391162301058, 0.0042298874949596894]
                  , [0.036680090705228346, 0.011053606758182904, 0.0011792454428787213, 0.0020048757123617847, 0.00840505102387408, 0.0025381185287678986, 0.0015126332766390942, 0.32233958603919954, 0.0021997322678465187, 0.07834342116155332, 0.019474288140811476, 0.0024300704874233065, 0.001973510013861655, 0.002357988925847982, 0.0021757125222450044, 0.00858618975813537, 0.02462825437181197, 0.4692881508125683, 0.00046169372848385196, 0.0023677803222786897]
                  , [0.08934196153783669, 0.0022790880194039666, 0.08058572502411343, 0.15783131013962493, 0.0028112582279073077, 0.028743098233110352, 0.0235913432147287, 0.008606438533782776, 0.14822177051814658, 0.018020272617546296, 0.008192894144214946, 0.06745370805702844, 0.0035648736994784444, 0.10535778362549628, 0.09666027892906136, 0.08385282472748895, 0.05389619302105081, 0.016114437262511543, 0.0006853797710661884, 0.004189360696402136]
                  , [0.0666880348312311, 0.004635388787190526, 0.008235392799484036, 0.006814264864050522, 0.0028108257037226547, 0.8036554309649231, 0.0035750560535048456, 0.0035114986498623927, 0.005484858897122197, 0.00560291889237926, 0.0028724632763785026, 0.010585172539468352, 0.003203867379425169, 0.004797816254828443, 0.007090898970414247, 0.041042548312446886, 0.009505652177022846, 0.006704881543831867, 0.000979049705836444, 0.002203979396876678]
                  , [0.150451651343099, 0.014495110479575236, 0.018637152355469824, 0.028058082394943187, 0.019706277988143266, 0.03427378809527497, 0.016620908491581834, 0.06618651483334276, 0.028130098448824217, 0.06682919651974567, 0.03411875435887576, 0.03794889909518073, 0.016741109178225837, 0.030684458699860258, 0.025845873452406944, 0.14262704975003385, 0.14528911999746835, 0.1055473673652667, 0.0034209614464876387, 0.014387625706193672]
                  , [0.06024978608838073, 0.00825239972194872, 0.0051824476778700975, 0.011374402494440257, 0.017132019859463384, 0.007719596595609666, 0.006336041697113844, 0.24423795411432997, 0.01309739025989937, 0.13520069990566663, 0.05111980895100184, 0.01047181702828348, 0.006394391022885974, 0.01330135438525244, 0.012463190549309592, 0.03026377717907998, 0.07063594928494059, 0.2878037662636495, 0.0014964983140031579, 0.007266708606870698]
                  , [0.12788786358845805, 0.008081865829386584, 0.010213776089584858, 0.014679867547739521, 0.009197063433397054, 0.02189801017972533, 0.011923297504883999, 0.01945388392467004, 0.01486868291624251, 0.03308714353455219, 0.009982121082144794, 0.014807841231905606, 0.4804010685055944, 0.019263132830972206, 0.016134695282536405, 0.09296317549472918, 0.049370526220124736, 0.036271950788322835, 0.0021465641811161717, 0.007367469833913688]
                  , [0.044251121610596716, 0.010923245535456951, 0.007736758233840737, 0.015951331294827127, 0.05988273066038339, 0.010536792912563481, 0.019037118245865126, 0.11110148306645597, 0.02309724235323788, 0.3083288832913074, 0.1018224028196916, 0.01589590955481681, 0.00809179625362664, 0.031421629801307874, 0.02671167338452698, 0.03509327789734437, 0.0413215677225431, 0.09426964048253753, 0.006335297815140225, 0.02819009706392995]
                  , [0.02310971454991082, 0.010206142251213152, 0.00254178010878236, 0.0036554048352159876, 0.3121387988767693, 0.005439159240507228, 0.008756429157004508, 0.08663877866502917, 0.0045934059117166935, 0.26342813402398724, 0.05487106197603958, 0.005456536328473784, 0.0034591795900568603, 0.006215617491618264, 0.0058937009264380495, 0.01496147045488221, 0.016600527863813618, 0.06914232859341124, 0.013448935032550204, 0.0894428941225798]
                  , [0.027469242947300503, 0.006296402280401677, 0.0006396000349831992, 0.001019299386053513, 0.0745696727399616, 0.003857287991351704, 0.0012379051868594757, 0.23350629118893762, 0.0011508348735196372, 0.3734313539846545, 0.06753725369638132, 0.001517783767227358, 0.0016784672814140961, 0.0020676793388944162, 0.0014835522490401123, 0.006987535110517307, 0.016613786029175258, 0.16618180797034196, 0.004078414226210553, 0.008675829716774396]
                  , [0.30201788269370183, 0.04704647640365897, 0.0032667215918057513, 0.004949398818932712, 0.010227838186595804, 0.02960281977491746, 0.003656122924673155, 0.0654104552459506, 0.004652074416746016, 0.04389302598761125, 0.02048495753963546, 0.008800894366806446, 0.005515068577186845, 0.006029772343881738, 0.004923861901973256, 0.12257069615598823, 0.1358770235464343, 0.17487513440305258, 0.001408922060357047, 0.004790853060090481]
                  , [0.06755193496182813, 0.006839650993526436, 0.016628613804493254, 0.055827581851830115, 0.013372580374179448, 0.01293733479924444, 0.021917906716577475, 0.08169205273832457, 0.11122460038454617, 0.10569105131410603, 0.04692756048957608, 0.029024847395457243, 0.0056111120155640385, 0.08199515103747775, 0.09857373060493697, 0.05544869423056678, 0.07785743226006882, 0.09633800525950388, 0.002386364831532335, 0.012153793936659815]
                  , [0.027494942100295405, 0.0038609728713733444, 0.49338546521688303, 0.10981165786245861, 0.0040418708418847905, 0.02866985126181439, 0.019127555227501796, 0.005928756612237211, 0.021195626335639067, 0.008633927996092909, 0.004240928756699724, 0.13406912784760805, 0.00607047528145984, 0.02235352962267243, 0.013632709032496141, 0.05622060549988145, 0.024378562044833716, 0.00955232670023269, 0.0010870312038022852, 0.006244077684133164]
                  , [0.010132838461222229, 0.006039148239661814, 0.0022302179993280687, 0.0029714521747103836, 0.3978164791433235, 0.003249558023387906, 0.024205450867279425, 0.01372098420966858, 0.0034734637412674628, 0.042331353776751915, 0.009589573163211235, 0.005627597565504594, 0.002003877676579431, 0.00465335240704863, 0.004828130512865548, 0.010322889850577338, 0.007425649742327651, 0.014565930593819406, 0.022341629516875523, 0.4124704223345893]
                  , [0.10989129621693297, 0.003938666835257239, 0.04919210415379739, 0.07229231457160887, 0.00639492408948035, 0.031077370575253224, 0.01918937620897588, 0.013999155878632572, 0.0690573479649264, 0.026224894963082487, 0.009012860558922, 0.0371498857912997, 0.24622439716379552, 0.0553531792159532, 0.04908190240043532, 0.11033582265554698, 0.057152641996666635, 0.026179274104430744, 0.0016176715861972667, 0.006634913068805482]
                  , [0.0484683373484409, 0.01276816314166572, 0.028108069077064875, 0.036263301533739294, 0.039592148128855885, 0.02282521491676627, 0.21358380605387303, 0.021306994525217598, 0.0448871506841128, 0.04860906472564325, 0.01849157353786566, 0.08099900602246109, 0.010427351515260249, 0.08946208450966096, 0.06208089306548391, 0.06862577207990346, 0.040904206120010264, 0.028382660767183775, 0.006801532412886634, 0.07741266983390431]
                  , [0.10796114605209203, 0.019580049822526455, 0.0024751432242072925, 0.0039112519620897145, 0.05388384333198768, 0.02039190144531331, 0.0040503655891732104, 0.16821169340250183, 0.004488037821456374, 0.18848736072074632, 0.06301709438752402, 0.00653479906757428, 0.006147028606649919, 0.006011079611365758, 0.005222334300264091, 0.042144330468094744, 0.06312005201024057, 0.21875670750099133, 0.004522528951916827, 0.011083251723284306]
                  , [0.5236180985902853, 0.019254645207016894, 0.0015995566544686724, 0.0022117770514553194, 0.0045625848732492825, 0.16401687087223993, 0.0014910020878256996, 0.009049002196220434, 0.001775960116355642, 0.009592564566873798, 0.0062205501590128455, 0.004417962588336532, 0.003636827894071296, 0.0026608831469457916, 0.002140896263843364, 0.173836885025378, 0.03945013530658024, 0.027425795905763287, 0.0008747621137148924, 0.0021632393803625535]
                  , [0.04746780982936061, 0.01197479655319894, 0.07906677289663169, 0.03201412689272215, 0.010157732305111352, 0.04387356307778908, 0.04908221526346253, 0.013845884517473655, 0.04104350020168592, 0.01937854800616728, 0.009634061106311865, 0.29990225131991355, 0.009218053468640016, 0.0335701863371849, 0.03368875752007446, 0.16233353774704, 0.0670938538358808, 0.018356218273508047, 0.0025259265823383927, 0.01577220426550469]
                  , [0.06785779113229572, 0.012114552904637158, 0.009680786876006977, 0.008064664761560786, 0.005643982650663663, 0.019567524545690163, 0.006789465283279114, 0.01231552548100464, 0.010430532916894065, 0.013298384794343976, 0.008572623788122603, 0.03717188204480946, 0.00731958374084837, 0.009323879826224657, 0.009719956642255303, 0.37079424047835546, 0.36535894499650995, 0.01982912108933494, 0.0013394298912152605, 0.0048071261559478684]
                  , [0.027665217590550142, 0.01793602131291497, 0.009081869644665872, 0.010765416948555005, 0.237525081929923, 0.01051978751802433, 0.0760922165849656, 0.022378686620483163, 0.013082290501266742, 0.05824832160452781, 0.014842326492064932, 0.02462017154594055, 0.0059005390148053555, 0.018000549299876746, 0.018786567685646818, 0.03634840347401101, 0.021462029549765935, 0.02684487930833783, 0.010474677183703754, 0.3394249461899704]
                  , [0.10888791072038655, 0.014360977760271414, 0.0004692605114654547, 0.0006712479336676719, 0.05979670010231115, 0.0251623678567999, 0.0006005993211345239, 0.2104664614105386, 0.0006442760503546795, 0.22215011624444173, 0.04286345086998966, 0.0012721828086582373, 0.0019887916902052755, 0.0010812994978280704, 0.0007454385119934066, 0.02528303364726813, 0.04307256349930999, 0.23546943462811476, 0.001996392270450069, 0.0030174946648106916]
                  , [0.04896197225157006, 0.004355323523262779, 0.09006076948909739, 0.053371638637172224, 0.004362924502311845, 0.41083898051640894, 0.021094333913238634, 0.005325288818598844, 0.05148497547915741, 0.009545350567693133, 0.005003722131818714, 0.10961876412128956, 0.005932416344359028, 0.03207565350000052, 0.03682001151825367, 0.074943944871433, 0.021011023974298004, 0.008491227906104296, 0.0014859521061365304, 0.0052157258277955015]
                  , [0.11387273774876606, 0.25769033069737374, 0.014064367408537353, 0.01605107975399118, 0.02900787150995986, 0.03915563632713348, 0.019295914507516564, 0.030847707664261394, 0.018140596469621614, 0.04610363392850825, 0.019349736707065825, 0.03299604177005213, 0.01157470457089254, 0.01941311897456599, 0.02301805892655674, 0.1565730801386465, 0.0690523960015401, 0.052300255462230064, 0.006457288096630781, 0.025035443336149932]
                  , [0.04203383754105025, 0.016818501212085238, 0.0096219394020941, 0.013339185041777574, 0.10241728476481846, 0.022362124667044587, 0.020680376544038977, 0.02944593093844507, 0.017533632859483658, 0.07271947314238424, 0.022689420951373752, 0.01671490304282233, 0.010009761627474197, 0.018113819881933967, 0.026734076335677023, 0.043629876733455766, 0.030131138887647606, 0.03549398108663718, 0.3671867173879146, 0.0823240179518413]
                  ]
distribution_weights <- [ 0.05807619916728455, 0.047818399589345806, 0.04349797524667769, 0.04180402669252267, 0.039679461586722184, 0.03821650601722466, 0.03786288712713169, 0.03488564421376832, 0.03450635943649119, 0.03420692408600924, 0.0340215593452347, 0.03378486283009183, 0.032578566132435975, 0.03221354018137227, 0.032127987224091714, 0.030981577596532254, 0.03091028346546512, 0.03043403866993669, 0.02967832088062511, 0.02901385957907945, 0.02882279130781954, 0.027428278104146466, 0.026875035647065535, 0.024773284663206524, 0.024773284663206524, 0.024368333998745224, 0.02407745394399133, 0.023053670221867335, 0.021299834597615926, 0.020307420293161467, 0.01569326413049678, 0.012228369360634232 ]
# The number of clusters.
n_clusters <- 32
# The base file name of this file (for reproducability).
fn_distributions = "dists_hogenom_poisson_allsites_clr_032clusters_rb"
