# This script is generated automatically.
# Vector of amino acid stationary distributions.
distributions <- [
                    [0.09040024797186509, 0.007021343750344516, 0.07826452743251798, 0.08658993847379533, 0.009202912067203988, 0.04832826036445588, 0.033532245722117236, 0.03576997030652025, 0.0795005169310821, 0.05235739434282758, 0.012647740537260822, 0.06461663887212203, 0.04322688413060607, 0.06142375075493599, 0.0708874266002085, 0.08861828841985088, 0.0727917785495439, 0.05203534221853573, 0.0028628576821457244, 0.009921934872060015]
                  , [0.03654207934006684, 0.00486074294507764, 0.0017193868132265061, 0.002887482284638168, 0.03844259493786518, 0.003629366224149794, 0.0023865714934865005, 0.2764090680833708, 0.003198901900649809, 0.2604336623231573, 0.06071202142209397, 0.0030427378307887293, 0.0026489637625143696, 0.004025716762343254, 0.0034591949005567716, 0.013200501206264153, 0.028084776930834058, 0.24795882224371554, 0.0014481224831081412, 0.004909286112092568]
                  , [0.27075690278347747, 0.021389886223704746, 0.018963738636941466, 0.013729726416938997, 0.004135386721864454, 0.33434375116845716, 0.004456958440042731, 0.008580264981362242, 0.00809478242912655, 0.01591984266558255, 0.005211692805710817, 0.0262383110113301, 0.007647941722320645, 0.00770113424029117, 0.00772588038085894, 0.15047133123051723, 0.05569126110148771, 0.034480370694093786, 0.001235916835478054, 0.003224919510413024]
                  , [0.02448439033805759, 0.006311570189349183, 0.004424821418546647, 0.0055572926944219055, 0.32391550361661825, 0.0058910703145399375, 0.04073240156900163, 0.03734506044182777, 0.006270750730958944, 0.09667212973893549, 0.029598826486464773, 0.00882875548262703, 0.0038985861497141472, 0.008017630135286625, 0.007666135745154748, 0.021680901646082433, 0.013175733891994829, 0.03538377312775877, 0.04426424231667046, 0.27588042396598855]
                  ]
distribution_weights <- [ 0.6462647636554502, 0.19252173434702985, 0.08866559246007825, 0.07254790953744175 ]
# The number of clusters.
n_clusters <- 4
# The base file name of this file (for reproducability).
fn_distributions = "dists_all_poisson_allsites_lclr_004clusters_rb"
