16 20
0 0.3005986829891059 0.0847619508084838 0.0080368294938137 0.0647452058373165 0.0799241937401043 0.0116484879395399 0.0549985342893122 0.0501134845393878 0.0233384973423034 0.0789016796996516 0.0522285617291889 0.0137393147958795 0.0711954064985748 0.0304755743662122 0.0737645224428351 0.0720771768980610 0.0895335901468875 0.0729544897872099 0.0491703819661668 0.0039784276892993 0.0144136899897717
1 0.09028377848729403 0.0548957909902557 0.0079646003997890 0.0059421800459055 0.0103605342268620 0.0669674782833631 0.0091126762101468 0.0085339594647080 0.1564444844096805 0.0126103536177776 0.2771175135537313 0.0848116628598012 0.0095685267940696 0.0076031750711524 0.0165585387853504 0.0138423806282828 0.0328652492936032 0.0496662230721204 0.1464174584501532 0.0045272164304382 0.0241899974128089
2 0.08236475196600435 0.2628874838793802 0.0452232377358719 0.0137851847936857 0.0296012344912779 0.0080377808495527 0.0660293741959530 0.0082410154964707 0.0391772711371442 0.0191892730648263 0.0393614607680661 0.0121777102780289 0.0346944411656257 0.0246857084721735 0.0252498655224020 0.0152878428473029 0.1614736128266034 0.1035854975610516 0.0830107762758858 0.0020653246702490 0.0062359039684487
3 0.06704928591238417 0.0566919195156954 0.0072050344273821 0.0022555905649003 0.0038538392791370 0.0281274842709054 0.0054786383088052 0.0027796380100534 0.2832574466118022 0.0041393588142100 0.1449852412498411 0.0433409783262520 0.0039294561470655 0.0035867033104345 0.0044737995744116 0.0041894138626932 0.0198258928869696 0.0428568795639165 0.3328922080580150 0.0014747766129824 0.0046557006045276
4 0.06522023145102696 0.0704735582940493 0.0017913595122709 0.2111755265259412 0.3277254035867887 0.0025064934533336 0.0344014058022378 0.0124438294432752 0.0052016784940176 0.0580572953239052 0.0095353923017769 0.0041035024943624 0.0491341260210031 0.0094857647127793 0.0726120167500867 0.0314040290831264 0.0480893593096047 0.0353217227749004 0.0122774836239621 0.0008244965472977 0.0034355559452811
5 0.06081606084012735 0.0419460344420562 0.0033378864402175 0.0122552110609554 0.0453394482796555 0.0037281346448517 0.0199395295216088 0.0315194070491073 0.0091574221911097 0.2882330769196407 0.0277331910523886 0.0079820633216102 0.0401810867698179 0.0054070753600274 0.0755139387381530 0.2876539229411837 0.0412614987638032 0.0376763708005252 0.0146898088329891 0.0015945856080493 0.0048503072622495
6 0.05645429312087574 0.0201979823537238 0.0033273805661543 0.0011772900183994 0.0019351761409772 0.0588687262399184 0.0024253637550886 0.0019727752230947 0.1607539356324749 0.0022494584264080 0.5167472937528415 0.0921847792263235 0.0021793545351958 0.0018696871089227 0.0036302003750108 0.0026520487003436 0.0060014072540198 0.0154408879583383 0.0977310242145335 0.0015929163505077 0.0070623121677233
7 0.05048236154309853 0.0363937054765911 0.0090552368531840 0.0079776888703304 0.0098383533811751 0.2380063874123933 0.0102433754628609 0.0577042630385091 0.0431179969653693 0.0111222911816160 0.0964296007859220 0.0292927409574112 0.0159120306697124 0.0068034325032198 0.0142235690197248 0.0143731670600821 0.0346060992610549 0.0262584557865973 0.0439705955334230 0.0750676355107603 0.2196033742700626
8 0.03946563188330724 0.0212539966633930 0.0026345965187951 0.0007675815467475 0.0012444023265074 0.0145972278693496 0.0015493757928011 0.0009381976716788 0.4093094789416639 0.0013050918645514 0.1154954820572421 0.0245558365743330 0.0013631635941340 0.0011003136801776 0.0014774714342946 0.0013806778871277 0.0037395450617411 0.0156210164189524 0.3795388496289879 0.0004505052107905 0.0016771892567312
9 0.03519554609194322 0.1049103357985595 0.0051611541304378 0.0438476582266265 0.0304871262010041 0.0045203737467906 0.5317717901005291 0.0089001834397207 0.0059026541521835 0.0278723745224764 0.0095400635343729 0.0047599478609847 0.0490192796674953 0.0080251223553151 0.0217350036049908 0.0245439900615679 0.0728709409071013 0.0271043430451240 0.0128422243363551 0.0017951059097596 0.0043903283986049
10 0.03224109596576597 0.0396939550927075 0.0024543882176313 0.3403347230568962 0.0851446880978062 0.0034302165672313 0.0535756419338291 0.0305476978255859 0.0049869047507754 0.0386421263681817 0.0074461117627677 0.0035942775465723 0.2090315094321595 0.0063061915819666 0.0314506507315285 0.0212412998720033 0.0708203999587068 0.0369800435729936 0.0078859862040706 0.0011827525418173 0.0052504348847692
11 0.028560066561079647 0.1132896236337378 0.0034541706309084 0.0260457265672501 0.0345904667201315 0.0048243590625186 0.0275948086403399 0.0083219459881031 0.0105675316017032 0.0298143934096598 0.0283687117150227 0.0055125351566102 0.0170657885460753 0.4841115973869752 0.0285181269194309 0.0246697171408305 0.0739002153148753 0.0418988408058236 0.0315882331077739 0.0015672499600998 0.0042959576921304
12 0.027088571618483992 0.0805466941032854 0.0113987404344324 0.0225202015036840 0.0129641624679598 0.0043589425879750 0.0321069167163723 0.0061256007390655 0.0160470772334146 0.0214829005468388 0.0169974750521595 0.0066898881376085 0.0504591503617697 0.0076491667576848 0.0118018909535269 0.0110941438146866 0.3295499974924426 0.3224691777518197 0.0305915429585990 0.0012561127595136 0.0038902176271611
13 0.02576147571231128 0.0131722985734465 0.0039004758567545 0.0023949051312618 0.0029966067969279 0.3917885205971836 0.0030503495008888 0.0308793277241912 0.0185852863518006 0.0033278722033250 0.0505270677678883 0.0135207206365281 0.0051982434566898 0.0019336307117495 0.0042491808477514 0.0039974970414459 0.0125855118051587 0.0066615875448268 0.0187130097697362 0.0258436516836703 0.3866742559987748
14 0.025723656917057653 0.5366178646426077 0.0245146167960592 0.0026960204908502 0.0035956643665791 0.0029356882169458 0.0872554879211519 0.0020935619139919 0.0120032967124908 0.0029192291462198 0.0127431811383890 0.0044468077201230 0.0056783292075503 0.0044125678108616 0.0036681450589594 0.0030605089738872 0.2022133157420623 0.0510162406270176 0.0354373895449880 0.0007014340950340 0.0019906498742312
15 0.012694508940133993 0.0458384466592991 0.0018476070299703 0.0080007439669139 0.0052540271205841 0.0011888942774873 0.8722805604917404 0.0016403538338940 0.0016321796584990 0.0035629840154107 0.0025142208689458 0.0013521015524308 0.0094920407555932 0.0014646270137088 0.0023788581229997 0.0049233733467690 0.0240111069612713 0.0065718105507113 0.0045947579911322 0.0004476320973438 0.0010036736852953
