32 20
0 0.1674960061060164 0.0879138059439695 0.0104385174869492 0.0589691984654687 0.0718492981666869 0.0183922888799380 0.0565511259312960 0.0491014449643210 0.0278866206607602 0.0707293033934142 0.0623223026182261 0.0169226020572018 0.0658921155225191 0.0241579047068954 0.0714317756426698 0.0703401730213271 0.0856156065840952 0.0702107792543779 0.0531730515039545 0.0060726328393586 0.0220294523565708
1 0.07947104111705261 0.0868650112619266 0.0027114044915242 0.1606940288594303 0.2191714479730195 0.0038973239963926 0.0462441611163102 0.0244871587604652 0.0079131747176902 0.0773126700902447 0.0148537742251141 0.0059939129436525 0.0651230337733286 0.0140496178133591 0.0831160410344681 0.0477751495985348 0.0661237943970336 0.0492672816250750 0.0176207389700101 0.0013379514620585 0.0054423228903618
2 0.07277482230896351 0.1619567030581756 0.0128917440421568 0.0361632370993377 0.0408968958534875 0.0082752511243338 0.0605698090062991 0.0127978499523972 0.0182796621126642 0.0403881666187736 0.0345944066417710 0.0114702097115378 0.0588272251777726 0.0250507960292781 0.0389121879850886 0.0341933595507938 0.2046419381843376 0.1389889631897332 0.0508549407585271 0.0024141534487982 0.0078325004547366
3 0.06917745266347461 0.0598374605655361 0.0040318193297992 0.0322394452425940 0.0692047241773580 0.0053119899803414 0.0279514822519891 0.0383385602637154 0.0128678729261355 0.2114185989777401 0.0375730721855536 0.0103166123455710 0.0515552521662955 0.0080975016795724 0.0954437691745472 0.1904843115527096 0.0558907913965546 0.0519838839823506 0.0282592611547684 0.0020877409442649 0.0071058497026036
4 0.04594983623315631 0.0523704471351300 0.0083173263120684 0.0075556595248342 0.0129250796152388 0.0742529258313907 0.0106195962893916 0.0121140984017374 0.1200258815904336 0.0170342899962216 0.2900612072748188 0.0888678657632955 0.0118142061595958 0.0088831753109355 0.0322790259779233 0.0254275546327271 0.0363009958263478 0.0449036701278197 0.1031799049732320 0.0063306303950443 0.0367364588618140
5 0.04105402128395956 0.0526056896019057 0.0065932224417354 0.0034964021095099 0.0062387028352941 0.0335312159437939 0.0060981118782100 0.0042979654307113 0.2707252532190808 0.0069004050143472 0.1636165816242331 0.0510949090550358 0.0057308478731089 0.0051428448452409 0.0071801230215034 0.0068842924951800 0.0221964648680870 0.0467814877384253 0.2913909959674504 0.0022177343986776 0.0072767496384692
6 0.038898349954502844 0.0346896825092291 0.0086440315422962 0.0081121838479394 0.0097602495319750 0.2598293289853761 0.0096762946266150 0.0565041309860361 0.0387316804501769 0.0108843009798776 0.0824144033743443 0.0171895314033318 0.0157180540453238 0.0066873608191291 0.0136034666145870 0.0135252171280292 0.0335308399799150 0.0219184028387116 0.0406714744396824 0.0439921444591611 0.2739172214382631
7 0.03860611380936119 0.1084179356181707 0.0121949073615525 0.0096708064348130 0.0278748955302846 0.0184133004362637 0.0149358538562073 0.0096330414592550 0.1479781042289714 0.0305818495865681 0.0988403073391081 0.0468792461234893 0.0165171216917821 0.0114338012657985 0.0261239928335937 0.0206097650100931 0.0594568619095475 0.1048245281883271 0.2218719935034547 0.0031169412037401 0.0106247464189793
8 0.033366491630586005 0.4089335043503816 0.0337465187108521 0.0078970700995589 0.0127251647690217 0.0052377600733179 0.0856700811881402 0.0049479620132981 0.0157815650882942 0.0086710026472062 0.0221477619785536 0.0072009933708515 0.0212442133099319 0.0118090494732581 0.0099195884018528 0.0081418721782949 0.2050509490231772 0.0765612911342364 0.0489653192354194 0.0013443251054357 0.0040040078489176
9 0.032325901749061976 0.0275801802723532 0.0049857960957394 0.0024935897147939 0.0043104094424286 0.0677118005502593 0.0042527397485873 0.0043890348071670 0.1264908898033550 0.0052229304616655 0.4788986985986989 0.1110156905914555 0.0043881857203236 0.0036317903486385 0.0083460036868913 0.0060493193853048 0.0112587342134943 0.0228835397357168 0.0863636583908550 0.0031586568810348 0.0165683515512371
10 0.03171965500090536 0.0368735964068951 0.0048959394381793 0.0014492023829360 0.0024522962772738 0.0164841593096658 0.0028525431922203 0.0017387909049568 0.3423002134770055 0.0026371203842996 0.1016305011675460 0.0282455752344206 0.0025741030374946 0.0022084232409081 0.0027005613488091 0.0025890779488363 0.0106937964915573 0.0285185804648683 0.4056080062798135 0.0007869299925736 0.0027605830197403
11 0.030310045359633823 0.1113721929120938 0.0065940008492484 0.0571553132654178 0.0421860650473105 0.0060923366629977 0.4089484059731690 0.0131473245299796 0.0078619405202608 0.0383889260346488 0.0132296354755781 0.0062793580710223 0.0622891790495482 0.0115570673845695 0.0306689843967316 0.0347155752705241 0.0884103979866313 0.0362927913933199 0.0161411621097374 0.0024791241257229 0.0061902189414883
12 0.029584612105223347 0.1227873346862881 0.0045574779459645 0.0390710455834743 0.0507975658600844 0.0067650776279875 0.0376798888926319 0.0123025178772474 0.0140329337072116 0.0436513923669270 0.0377754983465278 0.0076689439346585 0.0293354251943057 0.3228594720897210 0.0413320958798245 0.0366354501165654 0.0887499248178234 0.0549385806499645 0.0405395136302010 0.0022820491548884 0.0062378116377030
13 0.028640288247981278 0.0319379747054042 0.0042809405067812 0.0012728228628315 0.0021852955861410 0.0471189412137514 0.0035164230063151 0.0019736986396283 0.2605539621253861 0.0024766733414520 0.3297258904318164 0.0712743269502196 0.0024477979536188 0.0022991834668023 0.0033929005634439 0.0028777108933728 0.0106729479810907 0.0228074443957689 0.1921036862328023 0.0016313020905820 0.0054500770527914
14 0.025635413061465856 0.0496104142598660 0.0037141404481453 0.1494531555423349 0.0550119110432061 0.0050198317424084 0.0646980549162174 0.0415005794986577 0.0071840610441759 0.0531947802329952 0.0103664986208140 0.0051375134335142 0.2822388095071444 0.0073627221679632 0.0391620504630940 0.0323803769509935 0.1149343329442526 0.0588377964968754 0.0106441467792585 0.0016311210962322 0.0079177028118513
15 0.024711717637998492 0.0509609037246377 0.0012468666732052 0.2597247830081488 0.4156546831746695 0.0017382551852008 0.0259778276972213 0.0079026799834337 0.0034710549115162 0.0372364500428518 0.0062120722925773 0.0028367962479099 0.0381232970652424 0.0061272521654084 0.0557161276850121 0.0167182287947499 0.0342837345470901 0.0247078815573675 0.0084884061332552 0.0005614097393218 0.0023112893711807
16 0.02303737642995157 0.0268915072229942 0.0027227314693190 0.0057912422935963 0.0253019657541158 0.0026551130804749 0.0108169040257818 0.0230654734396091 0.0064155036618399 0.3399176081595093 0.0194510678923083 0.0060068382036822 0.0283814335485847 0.0036411779401462 0.0527554135373453 0.3780371759343869 0.0288750019159002 0.0257825045528793 0.0090018278306607 0.0011947226144963 0.0032947869223697
17 0.02011043088214059 0.0118162110646579 0.0036003905560454 0.0022599129992591 0.0028523424323189 0.3707548077125473 0.0027953825897539 0.0314771570369033 0.0146097516884881 0.0031284222997443 0.0396129912478665 0.0073007203210891 0.0050530206428458 0.0017414632319253 0.0040409260019947 0.0037502572164841 0.0116352975858095 0.0060276202798307 0.0157721770427209 0.0251764689519250 0.4365946790977902
18 0.018998787506503686 0.0845074471888925 0.0032699829781586 0.0223482370432595 0.0146321676543471 0.0024450524773186 0.7238326973786759 0.0039741633561589 0.0033447788409459 0.0129967483658766 0.0052475042117701 0.0027710323503843 0.0246049741594896 0.0037675761809769 0.0071040118944029 0.0117769915242822 0.0455408447359453 0.0147104093748098 0.0099346384632487 0.0009576962635507 0.0022330455575058
19 0.018522041481488272 0.0128348433274934 0.0022047258207577 0.0008607209422718 0.0013576269734131 0.0474082229628623 0.0015118177626584 0.0013932199973349 0.1177153954622636 0.0015982713295893 0.6289006362904078 0.0932807058311899 0.0015478202156569 0.0012842110112018 0.0028119095318175 0.0018595138320871 0.0040622561049488 0.0105059193854052 0.0640552883981187 0.0010056564550771 0.0038012383654450
20 0.016866036659018865 0.0698781468516644 0.0129794590477572 0.0184440838449581 0.0088110795300946 0.0036405822425736 0.0264671170026698 0.0047312830581689 0.0101919565714147 0.0159302545434685 0.0133633873685528 0.0056196368406872 0.0393265437573162 0.0062498705469143 0.0080500108928207 0.0079020602104488 0.3481453821835244 0.3711283817274830 0.0249236751876017 0.0010474818501309 0.0031696067417502
21 0.01553664870464896 0.0157232218232383 0.0021025688537185 0.0006543802342056 0.0010320460941844 0.0082984102032078 0.0010184267181527 0.0007381550224553 0.4314832262885983 0.0010628107270878 0.0675423544352773 0.0149180433443061 0.0010881187077079 0.0007869854214719 0.0011549919986079 0.0011127622921867 0.0025614054418052 0.0120768353267726 0.4352236359327243 0.0002809957288497 0.0011406254054416
22 0.014936132076985315 0.0207758221850540 0.0023996756241776 0.0005828765581052 0.0009306779875793 0.0274358665228853 0.0018507021863350 0.0008149268596154 0.3627134683966557 0.0009617803272994 0.2891475070339865 0.0447318273937794 0.0011058788687576 0.0010038799084682 0.0013544010622213 0.0010982147876343 0.0036211891044156 0.0134544658258860 0.2232691311040446 0.0006305775704278 0.0021171306926716
23 0.014898313281731688 0.2632338213086525 0.0365127354207192 0.0024802530608470 0.0038774966063622 0.0178129241649090 0.0329888592967798 0.0025370840709149 0.0914106507392361 0.0035071992236951 0.0628050455217887 0.0284980330507068 0.0046262514744639 0.0045170134311312 0.0042072588005737 0.0036877433231445 0.0616389143956350 0.1025808072194222 0.2686033938163019 0.0011906960070713 0.0032838190676446
24 0.013066966772177285 0.5898936773004825 0.0193944701653658 0.0017269427130007 0.0022910287992237 0.0020731757752305 0.0850880773369961 0.0014298833924470 0.0069387262502975 0.0019136579280276 0.0077031239265057 0.0032238607655355 0.0037161837025732 0.0030775144672854 0.0024915528448086 0.0020673354232059 0.2020130272518790 0.0386194498566148 0.0244060432549892 0.0005046677858171 0.0014276010597144
25 0.012906523398374021 0.0279590040384227 0.0017444787132457 0.5260230039388828 0.0915370538466698 0.0022714175959298 0.0355143139061427 0.0191905464430186 0.0034175748903490 0.0244890119345577 0.0051482537448654 0.0024941086387293 0.1457415893166445 0.0043206907934293 0.0221982403675424 0.0108555317797818 0.0438156926346396 0.0235847062189676 0.0056447560036631 0.0007702471262594 0.0032797780682592
26 0.011009853515199718 0.0230843480780757 0.0057680744988549 0.0020330504881400 0.0026970943783950 0.4064014108599675 0.0042075624596980 0.0051902982637077 0.0650830057854132 0.0032692104370667 0.2408285651341013 0.0493248577609154 0.0038701305403528 0.0025663324182074 0.0041752260483292 0.0037852409780036 0.0151299557185013 0.0157526132929235 0.0511425788412980 0.0162549334919484 0.0794355105261007
27 0.010150335441253659 0.0381779540648873 0.0062669862055203 0.0267750960867699 0.0320254201768205 0.0341259778412790 0.0127621269992958 0.3190633363924720 0.0103725970438718 0.0385786816211386 0.0380363755578217 0.0091970763895910 0.0849437593116587 0.0066472154704931 0.1081788230266881 0.0570829968711334 0.0457121980753449 0.0325598522840245 0.0143596174038046 0.0036869841578579 0.0814469250195270
28 0.009313737849279495 0.0920064813981089 0.0023169049678733 0.0114320651344148 0.0175511517112569 0.0030055575646196 0.0171254279045437 0.0046898554693549 0.0067609109082970 0.0151763904818688 0.0180807578090828 0.0034600226561537 0.0066282648762762 0.6702087094143293 0.0153073265192942 0.0123253484652602 0.0528409650714621 0.0268884696563553 0.0207464090091417 0.0009191353113768 0.0025298456709297
29 0.005643022661480526 0.0263855882307944 0.0010901353577117 0.0039597058097596 0.0018207810278382 0.0007664925055776 0.9285636383472089 0.0009713483679413 0.0010162429653974 0.0014574444538569 0.0015324550934426 0.0008111509779861 0.0051568136665499 0.0008121867145499 0.0012693869978441 0.0026397055317288 0.0149519672315059 0.0037358917890319 0.0021862694712602 0.0002748945222491 0.0005979009377654
30 0.0035148559103900835 0.0195396654744871 0.0048930829081679 0.0042390935062507 0.0055641684060029 0.0768338648798240 0.0087597667726575 0.0083997949685810 0.0107858991451979 0.0062889052078024 0.0360596462780854 0.0077278527551048 0.0064891863605821 0.0040584263996467 0.0067501727391047 0.0113112727630193 0.0198221370333636 0.0140674568401760 0.0173783900767739 0.6653820226695449 0.0656491948156273
31 0.001767169160033097 0.0158374401017845 0.8687844550902970 0.0030026781157546 0.0034973125812867 0.0042831103188025 0.0089760662486193 0.0032510066392574 0.0067980050602792 0.0037347440494132 0.0097883297354950 0.0030107494890369 0.0047772389888101 0.0026582657403659 0.0035267241498976 0.0051278780161887 0.0243917189913598 0.0120981651257490 0.0109594942338248 0.0014775075843712 0.0040191097394062
