# This script is generated automatically.
# Vector of amino acid stationary distributions.
distributions <- [
                    [0.05246272246230137, 0.009437847021229146, 0.02479038785479815, 0.0467161796729296, 0.009707600032560297, 0.028456676033319132, 0.03288398271769333, 0.01984077567206038, 0.2060876797637317, 0.03396035780509059, 0.016334677069928735, 0.04534580114402682, 0.01836816248015936, 0.0714976483030846, 0.22482752746971263, 0.06819245630105994, 0.048849119601304974, 0.02664628374842718, 0.00395729532719069, 0.011636819519391335]
                  , [0.06536818909450738, 0.007121252046118986, 0.18822749241957754, 0.1785727371115787, 0.009278601429889661, 0.046381738553241104, 0.030287203841433925, 0.01406649159770553, 0.055386313377372376, 0.02394308615717109, 0.010465293228325994, 0.07839378974676349, 0.01812817694656011, 0.06132815159243535, 0.04030714653201079, 0.08470975744970281, 0.04778641725285424, 0.024253372803018904, 0.002825894315830838, 0.013168894503901346]
                  , [0.011717118991254667, 0.004255463991093746, 0.0010735751403258896, 0.001909823048744971, 0.036750933652701274, 0.0018367244513024501, 0.0019632088456338, 0.16180043877671238, 0.0023572582412416604, 0.5569373061719068, 0.10369097945317066, 0.002142714347815578, 0.0014497459518436901, 0.004169879407375639, 0.0027337807044002507, 0.005569967641659551, 0.010177189292540962, 0.08457693603917919, 0.00045019564663370884, 0.004436760204463028]
                  , [0.047032550814285104, 0.01214264154584595, 0.001883565796771493, 0.0034806490941320994, 0.041202172022256095, 0.006721957135281631, 0.0037705392231772994, 0.24915387711865397, 0.004554184188312722, 0.23208990714358776, 0.06420467976701248, 0.004645478588031911, 0.004289613383709634, 0.005522438790540667, 0.005342720124608589, 0.017334539336553708, 0.036152421642732115, 0.24841003030704556, 0.003184219715408059, 0.008881814262053398]
                  , [0.02358537852150323, 0.003165692131709977, 0.008056706066628016, 0.02409188782465875, 0.002666441725453786, 0.01053470452417528, 0.015732518002315333, 0.008966626688735982, 0.3985194170674323, 0.015456339211049476, 0.00973133873742745, 0.02942597254485832, 0.0045589318135651384, 0.057186172887664734, 0.310972591012814, 0.03408136836222617, 0.027679625857690616, 0.011560914884799349, 0.0007805956879649507, 0.0032467764473272345]
                  , [0.017697826466166605, 0.007566427844537128, 0.0007313734255324698, 0.0013434695677098348, 0.014851493857298587, 0.0013596651640085443, 0.0011140713363990303, 0.4083698588562668, 0.0015792218818860672, 0.15007620393302548, 0.03181342636039769, 0.001593117538055951, 0.0009077862007632942, 0.0017554245510677127, 0.0015968580302716325, 0.004406896763036379, 0.014179610072660066, 0.3359931362520844, 0.0002733580708447725, 0.0027907738279874315]
                  , [0.024614241621942732, 0.007360715909764823, 0.003551286157234555, 0.007044256488290228, 0.04183369391312384, 0.005404955586702013, 0.007048441324734896, 0.12894536433819753, 0.010512705407749092, 0.4572393150470783, 0.12584351832189608, 0.007082208922593426, 0.005062816024770454, 0.014401935906370065, 0.011470746313315029, 0.01740403534235073, 0.024134767585345385, 0.08751977042032888, 0.002663020617615282, 0.010862204750596625]
                  , [0.011234679016745911, 0.0034438262782707915, 0.0011093042259731963, 0.0018487239963887092, 0.05720904639028913, 0.0020580092492163034, 0.0025050601514864817, 0.12555211819738843, 0.002475640470082768, 0.5921554018790041, 0.08805710500966671, 0.002082813530272938, 0.002816958003940136, 0.003990408806174005, 0.003488602322918248, 0.006270793807226618, 0.009530167039931169, 0.07378082767607483, 0.003942500305159387, 0.0064480136437902935]
                  , [0.1201307018293814, 0.01809308953688664, 0.022339236588759335, 0.031025295611804837, 0.013581052322837425, 0.03496938895680366, 0.021976186164056544, 0.03372110823023531, 0.04339457057028221, 0.03982457973687058, 0.022972887616446346, 0.06291660839923201, 0.012811878660344927, 0.03828986208944159, 0.03950532827606803, 0.20710608476072184, 0.16985756987321488, 0.05158620426637821, 0.0029725402223171847, 0.012925826287916952]
                  , [0.12918293829121796, 0.00545542140091438, 0.050898165954508676, 0.07049643290147523, 0.005485465488461813, 0.0638545231122734, 0.02162761686016648, 0.013552578715249983, 0.07607779225129965, 0.02237231461968599, 0.012199916100302133, 0.07996886687193573, 0.013523247672819906, 0.06505771059433564, 0.05584536307064553, 0.1850510145294699, 0.09685586553333202, 0.025720117939628025, 0.000997142528742244, 0.005777505563535305]
                  , [0.05001474890181698, 0.0066317882219908576, 0.0050362112817559255, 0.01214036444382634, 0.01744110362308283, 0.006693625516859685, 0.0062026992617565755, 0.26421076779010616, 0.01407418122249726, 0.1379984534357096, 0.05040359211308598, 0.00946410604314342, 0.005080320678731474, 0.013156208340297942, 0.013113193818169331, 0.02525489107089434, 0.06167317606639574, 0.2927680482266163, 0.001283051098035877, 0.007359468845227405]
                  , [0.019246118650367464, 0.007934435907045458, 0.005364307530062234, 0.013899622146653806, 0.004717053383517523, 0.012529572950233568, 0.02553840010533652, 0.009890963888541559, 0.24733765033203164, 0.01952819936299877, 0.00969035714127364, 0.02079746536951408, 0.00417635377742639, 0.04901937164670169, 0.4800364880193147, 0.028302418720216424, 0.0202409488758826, 0.011655424999846611, 0.00374329819433243, 0.006351548998702826]
                  , [0.03265553091268816, 0.0019873430540334447, 0.3325223643601975, 0.3963021849386854, 0.0023138599402987557, 0.022084617008120856, 0.010113583189972417, 0.004545907945503186, 0.02446433123801225, 0.007349842999064251, 0.0037344278250484556, 0.04011281918637243, 0.004314003060181642, 0.04331640951473502, 0.009964698097317589, 0.03280404213557756, 0.017388483971121346, 0.01017358302363958, 0.0004618379978907443, 0.0033901296015392056]
                  , [0.02096519752421463, 0.005843981918173019, 0.0010929417990853852, 0.0018243672662194123, 0.005875322121833356, 0.0016391570219848953, 0.0012847667592875865, 0.36936085712901684, 0.001926228760478926, 0.0606038088924257, 0.012589931073336806, 0.0019325185767136723, 0.001996545583013981, 0.001977881461831347, 0.0019408149550525766, 0.004973784497161889, 0.01525395154831983, 0.4867733533796708, 0.0004627148025240033, 0.0016818749296553057]
                  , [0.02120758285903811, 0.0032379875567289692, 0.5606001525565298, 0.08139169694363947, 0.0033598187655338803, 0.022936662045594577, 0.016814883458672568, 0.0049734964269478495, 0.01597467533248411, 0.006950296534820112, 0.003349031478372596, 0.1472391682491972, 0.004634868705294533, 0.016173352070954872, 0.010616131758126568, 0.04737092460201759, 0.01945343016214231, 0.007686825110915238, 0.0008903048072416484, 0.005138710575748308]
                  , [0.5570539864212997, 0.025275558564269652, 0.0022509065046589795, 0.003202298481852949, 0.0026275746126661797, 0.061715186725789996, 0.00202947251383811, 0.0057791125139054576, 0.0027351923286828483, 0.006376093066883438, 0.0037600214324924144, 0.005320142628164088, 0.0043231410514223065, 0.0035833029788438758, 0.0030166264443861977, 0.2428237666287334, 0.04369863047576351, 0.021900113260223834, 0.0005926430789914804, 0.0019362302871315322]
                  , [0.008692790640000224, 0.005304354380444931, 0.0022419739534414204, 0.0028805071805116664, 0.33643005601342596, 0.002900766677809189, 0.03205543875543718, 0.009034438289883963, 0.0033811814745362797, 0.027113235424151026, 0.006214350547599303, 0.005772377178762657, 0.001756788921829937, 0.004705983002441564, 0.004771816256551497, 0.009218308581385904, 0.006415912105440109, 0.010489232407266394, 0.022403796648375086, 0.4982166915607058]
                  , [0.10759521866797943, 0.005188583520795618, 0.006876478424841727, 0.009897933255088464, 0.004914929528820794, 0.015505556592354185, 0.008032604915222416, 0.010005228664897994, 0.009682624234889676, 0.018166002316054655, 0.0053591368668646, 0.009231620863744506, 0.6389799007265281, 0.012632790306875433, 0.010460837719039546, 0.06972314858094694, 0.03151841053765989, 0.020870521357419174, 0.0012149475856442667, 0.004143525334332514]
                  , [0.04750163253463704, 0.0031805860026702395, 0.14052941118973092, 0.45522881855805974, 0.004757263099018326, 0.016893688805880533, 0.014698020090936645, 0.010150058282860206, 0.04242180836715915, 0.0181070011107089, 0.008972113272312638, 0.02645985830383852, 0.006424939397198866, 0.09037909090135396, 0.025060009069903876, 0.03577761424465997, 0.026430064516028442, 0.019483759653645318, 0.001711943672061167, 0.005832318927335766]
                  , [0.016823732536271268, 0.005843650854351119, 0.0007501883120927102, 0.001326468134818748, 0.03786453840756932, 0.0014676546609299385, 0.0015000600717584177, 0.3258735488912582, 0.0013825403265640998, 0.31238134268758655, 0.05549171744191377, 0.001489286328777135, 0.0011266203436197976, 0.002122787973878426, 0.0017545842184416736, 0.00405858860921766, 0.01195750414433688, 0.20766948964930562, 0.0023985834772829585, 0.006717112930025543]
                  , [0.07514137175487491, 0.002972676937714356, 0.043703738902294495, 0.1307439381561704, 0.004777644127693455, 0.01695222407268732, 0.02270803138103224, 0.021713723362798622, 0.17725402946098637, 0.03664659845957769, 0.017715272761698934, 0.04483641751114436, 0.0038053650316121953, 0.11497767483203362, 0.12186802594908731, 0.06388178387048657, 0.061190139297909646, 0.03211425831970792, 0.000931049163083848, 0.006066036647405769]
                  , [0.07426938822512827, 0.0013571226593809672, 0.2229597712536493, 0.2702800198576494, 0.0020520646885247187, 0.03385357001616138, 0.01590032260429641, 0.004962060529837851, 0.061425105375402515, 0.009527906390627615, 0.003903855955071666, 0.06057988581841362, 0.021049675099978123, 0.06629138107877718, 0.0301021229632938, 0.0686652182869176, 0.03737669804298291, 0.011920002257277027, 0.0005257651071049454, 0.0029980637895246913]
                  , [0.04589557497572191, 0.004834930935715387, 0.041780256663744644, 0.07198559628119426, 0.004682683579373707, 0.031170883870202223, 0.04756518545998598, 0.007626608870879924, 0.21102468217420864, 0.017468929921562123, 0.009008913358231735, 0.08297575411417082, 0.004044683466506953, 0.09723357302044104, 0.19083853420693084, 0.07057000585251219, 0.0387348542681144, 0.01178997339615226, 0.002124957477261523, 0.008643418107089625]
                  , [0.015278414624116643, 0.0008535359821108863, 0.0010426071499273842, 0.00165207391976178, 0.013617885406064342, 0.0017283557145570357, 0.0012265652322994028, 0.4350161805202351, 0.0018874289942185515, 0.1410290394568056, 0.0321260247642969, 0.001804414809842582, 0.0015442807055008057, 0.0020245162410284217, 0.002278912813423195, 0.0043412831780429645, 0.012729307600610033, 0.32734814085570685, 0.0005322430700997831, 0.0019387889613518578]
                  , [0.04198080751325206, 0.01220628775563086, 0.08206327075907936, 0.030631031727991264, 0.01053872735320056, 0.040764622391106856, 0.054173397998962994, 0.013840004223680874, 0.03839515629313273, 0.019225406685342082, 0.009640750684443682, 0.34742625303450425, 0.008626363299853501, 0.03225013431101407, 0.03163674387920247, 0.13717109222544038, 0.0520337890868384, 0.017571811696452288, 0.0025705004888183706, 0.017253848592053186]
                  , [0.1346354236521909, 0.01858585329543649, 0.008069892323368527, 0.013337854074860407, 0.012864441600942094, 0.017530977404385806, 0.008745237410700449, 0.11331497471273658, 0.015480187899177097, 0.0650992275519919, 0.037052371509198864, 0.02489928085181352, 0.007388078982353368, 0.01712394654901827, 0.01417346358749084, 0.10680363541728492, 0.1922859622359822, 0.18243674204339716, 0.001985821885428327, 0.00818662701224248]
                  , [0.03190341597878803, 0.002033158325356878, 0.003975788091471964, 0.0031791528173963123, 0.0012779932101815465, 0.9079163462041661, 0.0017207059469413989, 0.0015750871006569018, 0.002559194196574472, 0.0026838730631637956, 0.0013099931958020547, 0.004953823069742443, 0.0014422604642934929, 0.0022273048356967217, 0.0035819076003782593, 0.019091905385919865, 0.004154562814604236, 0.0029591463480074767, 0.0004530405920865937, 0.0010013407587715715]
                  , [0.11683556414786148, 0.030930136854627446, 0.0020639109563861113, 0.0034323671215534183, 0.010208666405075673, 0.007378665242412839, 0.002565747976403264, 0.19420196329329123, 0.0036680254202630306, 0.08255603051375583, 0.028681339845518627, 0.005043264115436206, 0.0032235824248570736, 0.00425171638004692, 0.003663161157693187, 0.029239876128822624, 0.066935837105259, 0.40037009349093117, 0.0007736786589394687, 0.003976372760865306]
                  , [0.35990467071250737, 0.07022990372119815, 0.002971298242590788, 0.004736212265844081, 0.007548056617394332, 0.031938261202276615, 0.0035673275323344477, 0.04578850552616062, 0.004372093730312847, 0.03231272145760674, 0.014608675727416002, 0.0076406456196239534, 0.004117159953888589, 0.005482984368765669, 0.004635304341312785, 0.1308309643583031, 0.11697133991386799, 0.1468618895408175, 0.0011940238487620934, 0.004287961319016294]
                  , [0.061933644868574195, 0.01329771940487143, 0.013254192226049014, 0.026987213147398884, 0.03273962050010717, 0.016027192334233643, 0.026442617687525483, 0.08961108067161729, 0.034127479888088154, 0.21939130255188533, 0.10521255772726813, 0.02967220406854286, 0.008563088167869479, 0.061562764835906565, 0.03608822080554141, 0.0556050178998456, 0.05960479068738065, 0.08535777650602361, 0.004159031352579582, 0.020362484668691467]
                  , [0.11418070373752849, 0.003148291880550976, 0.0533897767562029, 0.0806618867294291, 0.0045797219939036505, 0.02995792502125181, 0.01601165864619409, 0.010639316869906287, 0.06952482666095472, 0.020401556084821568, 0.006821296328049384, 0.03403782647056768, 0.2817932053230776, 0.05074011099840169, 0.04214192862321902, 0.10394707706190623, 0.05048490457105621, 0.021434357326670872, 0.0012019243165193125, 0.004901704599788376]
                  , [0.09328159826485276, 0.006905786278790044, 0.02589898390341921, 0.04197029072119271, 0.017873683260869095, 0.022335870285827432, 0.024988168530631922, 0.03292165173589387, 0.04641247207420743, 0.06312602195032659, 0.018805482517213312, 0.02922700469941792, 0.2554812449217785, 0.05305032361956045, 0.05019707595271823, 0.09288446017533404, 0.05899539701023112, 0.04673810719594807, 0.0038258799889103207, 0.015080496912877418]
                  , [0.038804281028193624, 0.005443593959833749, 0.0005503033357848356, 0.0007846024896919411, 0.03027021335241555, 0.005075686230387616, 0.0006845884302352168, 0.3317276037382147, 0.0007886416935631146, 0.19162259080045715, 0.04358603716656802, 0.0013525046081965218, 0.0019008070365543754, 0.0012560195621344856, 0.0009372763337279147, 0.007797490622484461, 0.023201745980053135, 0.31114653794534824, 0.001036107952616263, 0.0020333677335390675]
                  , [0.09468492007263826, 0.0016689470311880986, 0.1232600800400513, 0.22858774779649427, 0.001883547093571591, 0.026956784586148655, 0.01811547846403241, 0.005603206717482629, 0.11860050757035534, 0.012736554264727574, 0.005129852236732137, 0.062473885648034994, 0.0018805909569466733, 0.1005995240461716, 0.06846778655542526, 0.07189771693492909, 0.042530916028393075, 0.011636179991655286, 0.00045846679692228265, 0.0028273071680995666]
                  , [0.4162701885758953, 0.013534727570290625, 0.008799556685355361, 0.01244607116909728, 0.009199689990384913, 0.05578797900689307, 0.005849784071425046, 0.028190387253791183, 0.009783068062752783, 0.026920434558856062, 0.014018137962725484, 0.013083618504324242, 0.016098368233300447, 0.01053422625528372, 0.010489135774776281, 0.16447632693491873, 0.09393032953737562, 0.08315481615152046, 0.0017223417825549653, 0.0057108119184783234]
                  , [0.060478177539875944, 0.005815685741559727, 0.040435184262911796, 0.02689582097522862, 0.004083023809237334, 0.635507513865596, 0.00915929611287884, 0.005527903151291509, 0.02023600327915742, 0.008581919820618369, 0.004538093008282495, 0.04280211838220391, 0.0059209333429147935, 0.014076817220961659, 0.019332734438378515, 0.06406236916289992, 0.017396909916853387, 0.009832986087287464, 0.0015074841872028736, 0.0038090256946593038]
                  , [0.013444192532215567, 0.00661477780534233, 0.001982837762443925, 0.0028263089791242665, 0.4730767562148985, 0.0037309879071082716, 0.01232715622455041, 0.03182883395058772, 0.0032970692147542375, 0.10132244081726154, 0.02365585459780654, 0.004814932691039794, 0.0022538483479120548, 0.004263240501987546, 0.004309056862626608, 0.010645024110248518, 0.00944169954988574, 0.02764838143759144, 0.025756822173502315, 0.23675977831911293]
                  , [0.02295932506367417, 0.015985732125161387, 0.0058738808191504555, 0.007204781688648531, 0.3533758335336421, 0.00825958707140792, 0.02959837517568685, 0.036538016765935336, 0.00913230053031169, 0.09583624185598792, 0.02066205460773209, 0.012735816911805654, 0.005782202723520035, 0.01090904509391182, 0.01174549932210305, 0.027836776603963786, 0.01864728335712129, 0.03799929946035146, 0.009516983465582121, 0.2594009638243023]
                  , [0.32041774803773665, 0.017092507880068136, 0.013039731162015294, 0.016407647461437774, 0.005141528749772623, 0.10255386712647556, 0.007361993164267145, 0.00855364677969111, 0.012192414113056979, 0.011791646403436261, 0.006802518063092129, 0.027109797573555784, 0.006334336243459748, 0.015112195539360211, 0.011654999180638887, 0.3268078459876105, 0.0654631532536719, 0.02055914516304302, 0.0011484263533219296, 0.004454851764288198]
                  , [0.01758187830818989, 0.009682949374974095, 0.0027776795788797743, 0.004013045671163943, 0.244886708992098, 0.004045470258052484, 0.008733594624744523, 0.09252427646126937, 0.004899115500140132, 0.37092532598188993, 0.06917950542717798, 0.005419869479734591, 0.003471558736259147, 0.0071746118870579636, 0.00578964971620941, 0.012785788006573187, 0.014250604483190606, 0.0647287424569839, 0.004099367499605086, 0.05303025755580601]
                  , [0.035463238142144214, 0.012141910808076879, 0.026219356969407616, 0.02722706420425332, 0.03071770626291475, 0.019711457908928365, 0.3247207559636437, 0.015418684929842564, 0.03713472402028156, 0.03423661514358346, 0.012696923399009774, 0.09741409589291099, 0.009298595049490432, 0.0760370944965605, 0.05491001784587958, 0.05672650435881187, 0.031199489743309456, 0.020193525214927673, 0.005006883719433362, 0.07352535592658974]
                  , [0.14104434887878484, 0.017427282700092108, 0.026791252831942274, 0.02855078742051323, 0.013967000455227117, 0.3382264915639011, 0.017814803195971108, 0.01734386882407246, 0.027994785236447647, 0.028227492720249846, 0.013860409058752491, 0.0387423824672699, 0.014170489678745764, 0.024837472799054603, 0.03349364348961247, 0.12548536947447844, 0.044207859790338325, 0.030064536181992167, 0.005575951888432737, 0.012173771344121426]
                  , [0.09319903825940219, 0.006073101609050664, 0.04782903925510722, 0.10848771768950656, 0.014428219023734421, 0.019850884888739057, 0.017776868121895367, 0.08214895689777803, 0.052094542462154635, 0.0763661575552555, 0.03186911187799695, 0.03533553661510426, 0.009466111996485465, 0.06068209744169849, 0.03770278510755934, 0.07516167521360168, 0.09481419967658594, 0.12223186147094926, 0.0023759758388945183, 0.012106118998500141]
                  , [0.055250024224201166, 0.009041553490286057, 0.006078817761624924, 0.005742645072561769, 0.004494816297522045, 0.013643056891423769, 0.004673822250037184, 0.010478829244253945, 0.007191682561483883, 0.010920537616995424, 0.007381674451781451, 0.023114208497383805, 0.005503765963508257, 0.0066539662897650365, 0.006822800994321816, 0.34678592521608914, 0.454306630690209, 0.01715574726536144, 0.0010654190280293841, 0.0036940761931602895]
                  , [0.17562898563012186, 0.013199262433801623, 0.022618324636575177, 0.023539869657958443, 0.009108872313833283, 0.060074454213338874, 0.015234508691511349, 0.01631392661978541, 0.02382087302321892, 0.02503246525511155, 0.011257641293601678, 0.04254790361410291, 0.10412361078300864, 0.025820813964694177, 0.022651560939649002, 0.25765188960679586, 0.10903823374002722, 0.03221828881747204, 0.002088155778541806, 0.00803035898685012]
                  , [0.3026800147446586, 0.011035809028544938, 0.0030063814114101167, 0.0036945209253177393, 0.004545456723378421, 0.5057215595024972, 0.002469597621378677, 0.006042679304461657, 0.0029970869585053145, 0.008141153948147422, 0.00478256413788616, 0.006107591712265811, 0.0036588507581660126, 0.0036689326373291727, 0.003846752248542629, 0.09227134789295029, 0.017348051658480416, 0.014305735223532694, 0.0010703419537805763, 0.002605571608766244]
                  , [0.04383777766141794, 0.007910121922759276, 0.0004733430737003267, 0.0007321413330397544, 0.10374396596361833, 0.008943413373479231, 0.0008919264459380087, 0.19404425668720754, 0.0008410932835858562, 0.36699493324463744, 0.06638660868511745, 0.0013314419079173355, 0.0018170427842194787, 0.0016556509264802589, 0.0009748907320933313, 0.011192591822780942, 0.022008128057085314, 0.15151524765917979, 0.005350698053742237, 0.009354726382000324]
                  , [0.05506413872333616, 0.006970452543336941, 0.00839970828780621, 0.03402925355727557, 0.01023937726333659, 0.009428753230293092, 0.01612924455583913, 0.09328680346997677, 0.15418693056404043, 0.11077986842452767, 0.04715120935723246, 0.019807838216526104, 0.004070024962358963, 0.06754359424705558, 0.1412312328304829, 0.040541797853678674, 0.06731293625880322, 0.10293147239997631, 0.00204639946455865, 0.008848963789558198]
                  , [0.1885849227139365, 0.09462730462492648, 0.008778832178360526, 0.008840237945873122, 0.012244864053122804, 0.03957981931214344, 0.00999390850806537, 0.016843260504099188, 0.010222426547678822, 0.022285173661671865, 0.011469767744575358, 0.0314893338654854, 0.00855449129120076, 0.011469435880786062, 0.011397689828510412, 0.3466005644151691, 0.11851964277922307, 0.03559934286510498, 0.002659884243778039, 0.010239097036288662]
                  , [0.04885976972148758, 0.009176739486432873, 0.015010764753925293, 0.036093541931428, 0.035107185884756774, 0.016151028854482007, 0.05573727011661681, 0.03449182728634413, 0.13278631856996456, 0.0820748183271419, 0.031026159881043586, 0.03404282480890233, 0.006297212216369519, 0.07192022020031938, 0.19424937292368022, 0.05152407261934457, 0.04518586669052367, 0.04110499415037183, 0.01422186308422059, 0.04493814849264418]
                  , [0.08903546869295335, 0.02010284527574745, 0.025552777804490324, 0.02967875661059234, 0.08935081972730749, 0.03056822083602276, 0.06253910878761294, 0.03651386627700079, 0.027717205541414325, 0.06529126042043726, 0.025916024432626545, 0.058856193699998886, 0.01323130886914756, 0.038475805721829175, 0.03253965738608397, 0.11988081415015969, 0.06854905832454902, 0.05166050102351885, 0.008579458165584405, 0.10596084825292279]
                  , [0.1991857342905919, 0.023263414482414292, 0.0014689503013801996, 0.0021569177652902716, 0.04221687418766655, 0.045374971133283225, 0.0017373860686638201, 0.12986211290104202, 0.0020285733931506567, 0.12791697344452116, 0.04380665651820805, 0.004131080822125167, 0.004370419987751346, 0.003060106305108921, 0.0023192756205736875, 0.07069822156605383, 0.08604837047624075, 0.20256941471386336, 0.002785198523418004, 0.004999347498652552]
                  , [0.031546990738329665, 0.009598652959517957, 0.0014144969940515998, 0.0021834435253069097, 0.24766802368736937, 0.006813407463519211, 0.003849180913728659, 0.11805558088979941, 0.0027287601523851325, 0.2898872776685021, 0.06169223486085328, 0.003499712214145023, 0.0026734801991789123, 0.003886210970390802, 0.00375795096476381, 0.01359607819016775, 0.01932505985984762, 0.09701837757297624, 0.022118432018250398, 0.058686648156916175]
                  , [0.059762470780181855, 0.008201230884136832, 0.05312176739858752, 0.020748025912739575, 0.004902145981920732, 0.04839967219981761, 0.012680301180812474, 0.00873474782535864, 0.02041827096442964, 0.011542180615479975, 0.006041405967111548, 0.13354830914239466, 0.00914002148865575, 0.01731308803500823, 0.016098741227770646, 0.3591088040929542, 0.19053499437286625, 0.013539698617287309, 0.001259081649162357, 0.004905041663324289]
                  , [0.022090500025883687, 0.017032432929860574, 0.009178599468670244, 0.010089209339419416, 0.18834084353334102, 0.00912965033223549, 0.1285822748120823, 0.013006911319822668, 0.012066827751688148, 0.03842262229485357, 0.009720095948450065, 0.029895058488043497, 0.004590884528673349, 0.019291361654450934, 0.020103699823727304, 0.03235621453517725, 0.01627537312210573, 0.016654768160488134, 0.010421487693844657, 0.3927511842371819]
                  , [0.04439125154533277, 0.009001538139899248, 0.0062937272346542264, 0.015049814468064148, 0.09312008000140515, 0.009090011266051598, 0.02369833277488085, 0.12085172185296503, 0.02378309752784296, 0.2457607073263027, 0.07135123525879315, 0.013613614554159244, 0.005845218551671835, 0.025302168957529986, 0.03133766641717687, 0.030023718513473192, 0.03934983422489403, 0.10934112083412574, 0.01985511352230255, 0.06294002702847486]
                  , [0.04603212758322339, 0.008896809982433126, 0.028642586987449366, 0.09763582321354984, 0.011978280992882968, 0.02074922629407801, 0.08408344148902001, 0.018463018869942335, 0.06180468413475312, 0.050493171732285305, 0.022569749989453082, 0.039485950943965606, 0.01183109638364522, 0.3000916873079539, 0.061367769509647355, 0.051726017283143404, 0.03769604547307662, 0.026310632300506002, 0.0035820345103537, 0.016559845018637474]
                  , [0.03727664200490298, 0.0032093918107738537, 0.1284163842018444, 0.06278141084090856, 0.003527568701995156, 0.31237830024971497, 0.027513219456746358, 0.0038922520637787662, 0.06414384290307507, 0.007446894319380434, 0.003995471873031957, 0.1654764727968176, 0.004297804262628746, 0.03809874632945107, 0.0379480621359266, 0.06995604768444723, 0.017817141859849398, 0.006015285878574281, 0.0010207536555941526, 0.004788306970558428]
                  , [0.14937629415654158, 0.037105919175871624, 0.006241980637882853, 0.009228873758655541, 0.07993603406355404, 0.03979975867582555, 0.010479406593779913, 0.07987836295071583, 0.009813032734760488, 0.1435751594065667, 0.05407142792355419, 0.015303699539383315, 0.009063739830090093, 0.012530021654863742, 0.011761409393671766, 0.0947963108900035, 0.08154192057470418, 0.1187022605958032, 0.009418702883865687, 0.027375684559906]
                  , [0.1247115034557254, 0.011529828475276626, 0.007324991949308391, 0.011752318004541148, 0.022645962224238425, 0.019142984872034006, 0.009558428457350958, 0.10576606055267178, 0.012429046444720322, 0.10633870525009397, 0.03126515187903372, 0.013490832472681584, 0.18059941719656417, 0.015977563464118653, 0.01297149821012999, 0.06341875734942246, 0.07606307477856475, 0.1603294733726013, 0.003566043013279279, 0.011118358577643182]
                  , [0.4569524210897292, 0.02059026682498707, 0.0011222936181579486, 0.001429167924447525, 0.007379555273208753, 0.1305059179853164, 0.0010217501076979897, 0.01643640076562501, 0.0011331355411847896, 0.015485718597350985, 0.011108977198463602, 0.00451123310402625, 0.003977386435573799, 0.002149985385882585, 0.001292529551395391, 0.20775598574899476, 0.07115372569030735, 0.04266012535185609, 0.00102965515178733, 0.002303768654006897]
                  , [0.03291510898413821, 0.01573471591169383, 0.008502896110698674, 0.011402132802733798, 0.09331985979500067, 0.018901490695325606, 0.017846162778196156, 0.02339197112582387, 0.014532473965534701, 0.05924418907939707, 0.018141368455034498, 0.014141704785051954, 0.008575487257111712, 0.01525820389471326, 0.022425764528234506, 0.036189255740942845, 0.024258238700326597, 0.028018126302237996, 0.4626568923649012, 0.0745439567229029]
                  , [0.12238245137999454, 0.015151268639986705, 0.00031206968117908655, 0.00044170183751696097, 0.0658417270187535, 0.03293070656039177, 0.0003954209240013056, 0.1944091981093302, 0.00043099150298803526, 0.24047472596684424, 0.03673545954270824, 0.0008127259198278195, 0.0014554023153706885, 0.0007184244371807372, 0.00047754724179166475, 0.026213162557835686, 0.040821910470421184, 0.21601640727327312, 0.0017056432484197303, 0.00227305537218479]
                  , [0.04609022865600754, 0.6085732610779434, 0.009982277086890288, 0.0113119469892447, 0.016776928942072424, 0.01972766602764666, 0.012533022756288823, 0.020373594361943474, 0.012611373104035666, 0.029804406655405125, 0.011479857800416443, 0.01665579634423004, 0.008086011648911094, 0.012560860661460123, 0.017420177307325355, 0.0627476212476728, 0.030227993589134892, 0.03256380575385067, 0.004949329513198783, 0.015523840476321663]
                  ]
distribution_weights <- [ 0.025945360177950152, 0.02384360919409114, 0.0236012091484629, 0.022745679575657332, 0.022315063024011865, 0.021470940512177038, 0.021251354588490274, 0.020983288655677865, 0.020404380311412763, 0.019677180174528033, 0.01960018251297553, 0.01954314720812183, 0.019488963668510807, 0.01894427650715793, 0.018559288199395427, 0.01816859636114755, 0.01772086921804597, 0.017495579763873836, 0.01737580562368106, 0.01709918439514059, 0.016965151428734386, 0.016956596133006333, 0.016745565505047626, 0.016719899617863458, 0.016260765413791137, 0.01616950892602521, 0.016138139508355673, 0.016069697142531227, 0.015955626532823817, 0.01585296298408715, 0.01533964524040381, 0.015308275822734273, 0.014871955740603434, 0.014860548679632693, 0.014723663947983802, 0.014660925112644727, 0.014615296868761764, 0.014472708606627502, 0.014124793247019905, 0.014104830890321109, 0.014101979125078424, 0.014030684994011293, 0.013879541436148977, 0.01368562139964638, 0.013677066103918325, 0.013468887241202303, 0.0133348542747961, 0.013041122454799521, 0.012847202418296925, 0.012664689442765071, 0.012228369360634232, 0.012208407003935436, 0.01200878343694747, 0.01187189870529858, 0.01162094336394228, 0.01130439742200422, 0.011133291507443107, 0.01110192208977357, 0.010577197285119489, 0.009901328922603092, 0.009861404209205497, 0.00963326298979068, 0.009091427593680488, 0.0055752010494496095 ]
# The number of clusters.
n_clusters <- 64
# The base file name of this file (for reproducability).
fn_distributions = "dists_hogenom_poisson_allsites_clr_064clusters_rb"
