128 20
0 0.015720739880671825 0.0847824264311205 0.0048794384735299 0.1372207311964581 0.2291331814105143 0.0084694064407417 0.0354526679699014 0.0218925394242489 0.0159066498579893 0.0702147418504026 0.0257569638906852 0.0106996828089401 0.0505315319578319 0.0290324008731028 0.0792526503219686 0.0421300550830170 0.0624242836948272 0.0504918159543125 0.0281008372457783 0.0033844916611224 0.0102435034535071
1 0.01409980801728994 0.1139521414288866 0.0085488274847536 0.0446576913551033 0.0578961030426412 0.0145880097897542 0.0396787841399854 0.0216020852036450 0.0224764381559657 0.0428217171355689 0.0384482458643568 0.0135274359226687 0.0344538762556052 0.2690732327116471 0.0413373801582497 0.0357129696471048 0.0840995054728571 0.0567135636847395 0.0400056702654755 0.0057214632050240 0.0146848590759676
2 0.013973352340004828 0.1347038646486630 0.0214181915452356 0.0399733840200100 0.0397046511615308 0.0127253878542888 0.0557173843952708 0.0226822140280060 0.0185447662550227 0.0389306495431326 0.0286031167536296 0.0126477680485067 0.0632190814721520 0.0378954872674281 0.0340710573961160 0.0331598654664578 0.2240014404011329 0.1288597205724525 0.0338817106517594 0.0047945115990471 0.0144657469201575
3 0.0137012810343308 0.0678025252700742 0.0115449978849348 0.1251064720774106 0.0837945530101610 0.0150401546932275 0.0614443699985169 0.0444322939259338 0.0186415727589694 0.0591230700457594 0.0301266713336998 0.0125279064905520 0.1428218464874147 0.0228250664016993 0.0521562561070014 0.0486981933839924 0.0908728106820200 0.0599398762866905 0.0276030187778731 0.0059305791723039 0.0195677652117654
4 0.013534589459727698 0.1124246226132096 0.0144708682459824 0.0412819622183740 0.0535107193097579 0.0244954201262387 0.0437541577522124 0.0234350339453047 0.0550667128904429 0.0511897502582926 0.0698901140338842 0.0244770667248381 0.0471278250341555 0.0358859611305409 0.0423883628718644 0.0447064604923731 0.1016384155980237 0.1069293595157809 0.0780140295085462 0.0076013569757825 0.0217118007543950
5 0.01338130985089726 0.0792220719737689 0.0100554050847616 0.0610186374980424 0.1151689933825866 0.0150265872033267 0.0336950495517079 0.0403861276124095 0.0253837315139756 0.0905357394641644 0.0530946028485634 0.0203024766463629 0.0503814906156505 0.0222788472132099 0.1292435234268497 0.0708219980485064 0.0670809168504295 0.0564156641078451 0.0376570948285064 0.0051424050846118 0.0170886370447210
6 0.013319998007365086 0.0543410675485624 0.0104706818485324 0.0355823964683856 0.0698238261695987 0.0102468410296264 0.0255545834160301 0.0362134691483080 0.0204160935007729 0.2016905646559126 0.0367817122570006 0.0130195177951453 0.0527208365926451 0.0158959093899429 0.0880269899535672 0.1797439813270455 0.0587510399275039 0.0495497530940971 0.0253294136098562 0.0024972344959499 0.0133440877715172
7 0.013172466383865789 0.0300054948375232 0.0086490312727354 0.0081947205027077 0.0139382976441100 0.0646536898635263 0.0086370784361396 0.0117148470339773 0.1357380894099769 0.0182491356563132 0.3961098705531508 0.0858940633621145 0.0115903496989420 0.0087471480216210 0.0187852749244141 0.0168122152321918 0.0195023621385272 0.0247344284856895 0.0913792541024161 0.0045722026935320 0.0220924461303914
8 0.012400320354382455 0.2973597364463660 0.0195146657536548 0.0326753511470443 0.0472084924021623 0.0102831864842287 0.0739418737242583 0.0152353685487568 0.0261648859413554 0.0314586101620173 0.0339993728132608 0.0142700041638113 0.0261668672726971 0.0296590849340429 0.0322372579720247 0.0312172623506153 0.1261083437967032 0.0747291809565254 0.0656076071279647 0.0032658058286706 0.0088970421738404
9 0.012390740378830553 0.1138133608498552 0.0147957353064518 0.0686059408437439 0.0685404901535638 0.0181086593703590 0.1628323465538956 0.0251509786598184 0.0237393202568995 0.0512269513434141 0.0379892831891448 0.0151120661526459 0.0600197023153880 0.0327649375262671 0.0419976428390256 0.0433405175028446 0.1005014874749486 0.0571227723392880 0.0373253382296679 0.0076231209317924 0.0193893481609856
10 0.012034365288299785 0.0683965883760887 0.0121007530819424 0.0523072807278289 0.0551543668622927 0.0449872198196704 0.0380708817617234 0.1322373924243446 0.0244075332736329 0.0522379346460137 0.0486515034873216 0.0173033785777209 0.0682621963850875 0.0234229210656568 0.0598112227317938 0.0576444565414500 0.0693874632193636 0.0525439978229195 0.0362598468872969 0.0118669990359639 0.0749460632718879
11 0.011921321576787335 0.0386288858301871 0.0099075562740390 0.0074367417250056 0.0125442827088029 0.0319774417613427 0.0084622875152705 0.0084717954286453 0.2699048040707634 0.0141697777940691 0.1833654410296352 0.0394186521403298 0.0096228888617341 0.0089215247170792 0.0118326805172285 0.0126826079867343 0.0180814256862262 0.0370325671866227 0.2587234214192997 0.0033099682032482 0.0155052491437366
12 0.01173547005108043 0.0550969831289324 0.0127505929642759 0.0167379046859374 0.0238383997038958 0.0680922052795244 0.0217862834776923 0.0198519858720325 0.1057373293950151 0.0236291434409161 0.2511679648145301 0.0558802067296688 0.0192566041962900 0.0250822046199727 0.0296954431577004 0.0302874496148525 0.0401963008725062 0.0443477532051457 0.1087322044308194 0.0163008509100400 0.0315321895002522
13 0.01165691425155483 0.0355640902358335 0.0095724160927459 0.0116188110641284 0.0153378669937691 0.2446640596454917 0.0138794687366257 0.0315011275659373 0.0546623469964443 0.0161941228470807 0.1346279982903220 0.0355518337976271 0.0172885908076560 0.0113385379802942 0.0185738896807206 0.0188097480707441 0.0269720948613550 0.0277521618985461 0.0530682905353234 0.0410304601101481 0.1819920837892068
14 0.011622426339567981 0.0691340189783066 0.0153517467262724 0.0186240171922359 0.0285302513962467 0.0280733338553154 0.0208689193304044 0.0169768940717649 0.1702333666929374 0.0311732089313115 0.1370969411878853 0.0367894019453866 0.0240482981048046 0.0192928553616658 0.0269925083967818 0.0272417373507954 0.0451753515724542 0.0653943243945352 0.1948565669951815 0.0055691648842463 0.0185770926314682
15 0.011586022432470752 0.0623650724005441 0.0183097157963228 0.0296325153703844 0.0508320734641416 0.0147017538903570 0.0368455660676472 0.0370784863614558 0.0210472678339767 0.1318089782740328 0.0463959768034468 0.0154763607441300 0.0385399075436052 0.0274133317730216 0.0817487138309552 0.2136218248608881 0.0617690163692546 0.0512098615763775 0.0313977968506823 0.0121947844528082 0.0176109957359680
16 0.011442322799192217 0.0716859620863666 0.0041439342891769 0.0453288183718902 0.0755457516711486 0.0150332540931415 0.0366119454788351 0.0334282331827526 0.0227439847188172 0.1525965508189742 0.0404674269203524 0.0162692810332237 0.0475639690944517 0.0272380099699301 0.0752950552790497 0.1531504964390060 0.0627643268305820 0.0588449445396683 0.0341949104235323 0.0072489927336680 0.0198441520254330
17 0.011266051249037212 0.0604090639057982 0.0021884959963222 0.2445128320063059 0.1422997617543972 0.0067252093744316 0.0650733463604264 0.0242857521400048 0.0099227772154676 0.0539293444530460 0.0154591298813495 0.0066083627143389 0.1207822243510349 0.0240008282843960 0.0431280569542037 0.0295239298799450 0.0760840312942181 0.0446035980069610 0.0172992545156560 0.0031830149817627 0.0099809859299344
18 0.011179831469070091 0.1030650599905851 0.0096984895930689 0.1268327604463684 0.1131984054073290 0.0049077955245242 0.0736201497851021 0.0256234954647326 0.0105420437616495 0.0566836742433121 0.0176067533983773 0.0075540964564482 0.0956932640484882 0.0289937612391062 0.0586512306885464 0.0343697442486399 0.1295020528667954 0.0748676491941458 0.0195170663963542 0.0019674826469209 0.0071050245995053
19 0.010840700334532747 0.0390234654293709 0.0167894904261912 0.0173222998831040 0.0210382802735657 0.2042996390030809 0.0181320914625712 0.0651535009203950 0.0232197719818229 0.0228166599313465 0.0653471100533224 0.0161881946873437 0.0244206580926759 0.0137583385111256 0.0271363384840524 0.0299514806752333 0.0354801152452495 0.0279789614069535 0.0306124603287042 0.0529597273195878 0.2483714158843038
20 0.010719992642578776 0.0786146704829511 0.0045213770780049 0.0925961316989374 0.1456056842614296 0.0055097373739719 0.0329802378681807 0.0334580268295269 0.0138855795151757 0.1185914693634752 0.0237621359726493 0.0089481438661302 0.0780509855960179 0.0173445958513834 0.1026962645752000 0.0713719335301390 0.0815147936241178 0.0600041805710059 0.0207142899854216 0.0007664592825150 0.0090633026737665
21 0.01021225393832795 0.0477510306346752 0.0079649588333693 0.2855774487198152 0.2192282791468223 0.0103136276327772 0.0488093186017817 0.0170659115077400 0.0131604863753887 0.0396301849647775 0.0204014639554130 0.0090965095022256 0.0813904107568993 0.0166032764422156 0.0391129202190218 0.0191871654738461 0.0528541069862269 0.0347497239453597 0.0207798011130967 0.0035373097179240 0.0127860654706243
22 0.010068554305049413 0.1280228016888297 0.0167900458961939 0.0465012072168317 0.0370068182521315 0.0085037313160122 0.3680490684786044 0.0173245259185895 0.0111455719264433 0.0341735885437733 0.0180331312400829 0.0082566273493297 0.0589686466586672 0.0165461933134763 0.0278050101013156 0.0268362071353957 0.1045737181228886 0.0399211343826854 0.0204567262719894 0.0024894292076782 0.0085958169790815
23 0.009882702779342507 0.1017527517206972 0.0110164327601342 0.0319843892494049 0.0448152121928441 0.0099212582564760 0.0299538595978033 0.0220305982508473 0.0282107013407549 0.0585115150863833 0.0338065658735614 0.0179507793159298 0.0576625781055627 0.0169577865412595 0.0469426583266236 0.0426882928448715 0.1758350566121910 0.2083804551943870 0.0482719879179474 0.0028857014542842 0.0104214193580365
24 0.009589555527454293 0.0268242411792842 0.0080249205981102 0.0029299564447917 0.0065887084828753 0.0365197778793411 0.0037944533904435 0.0050968797523384 0.2451668184973365 0.0082367190564445 0.3310546516999025 0.0740101519965655 0.0047332562564776 0.0038287053306203 0.0091099215167173 0.0094840810285162 0.0095575682052809 0.0227211801458420 0.1800783835355708 0.0037559337251235 0.0084836912784181
25 0.009549319630136303 0.0639990171648947 0.0035350997011744 0.0133762559127909 0.0087497203140397 0.0021435213118202 0.8027420322232685 0.0037503613788753 0.0031347965404997 0.0081378121872311 0.0047733312912540 0.0026144649880902 0.0164774857941983 0.0039846174669379 0.0065314179901249 0.0062820615340849 0.0297568195014751 0.0102587317701827 0.0067216277988440 0.0008418407597160 0.0021889843704976
26 0.009340476163104832 0.1334545189037213 0.0028698374899891 0.0151051825268965 0.0218401247090130 0.0047894227268712 0.0185960482853208 0.0074767849769452 0.0095183285853938 0.0159923894799562 0.0180459754818744 0.0054612147128835 0.0110464383657176 0.5849790383861724 0.0170120917798443 0.0136397946874025 0.0611847470114564 0.0307819136747910 0.0228115920811854 0.0017056160387916 0.0036889400957742
27 0.00932706419733217 0.0455076616646358 0.0017982982567826 0.3132130808254874 0.3752717348824606 0.0025238518160920 0.0212155812330471 0.0082224136904758 0.0054807909729614 0.0268932320952973 0.0091144684001058 0.0034650868283697 0.0420526430391463 0.0148701849456658 0.0458097193349509 0.0076995715391368 0.0343007073970910 0.0268397441049894 0.0115626703213369 0.0010583178072382 0.0031002408447293
28 0.009279164319572656 0.0486990164138956 0.0055023283000308 0.2077938119673645 0.2635948626820672 0.0047950291372480 0.0424294251729029 0.0301284716520374 0.0064053074007347 0.0708551323919076 0.0152529763240771 0.0063603341859195 0.0684977793832821 0.0136127231011757 0.0761478722090800 0.0423858975384143 0.0448676015499605 0.0291632597687500 0.0121178215161445 0.0023304829685320 0.0090598663364752
29 0.009261920363579233 0.1171694660556706 0.0033812376519234 0.0419578724263562 0.0728189763313519 0.0067739200488868 0.0272965145782912 0.0188236211205849 0.0155724269149186 0.0817915778183762 0.0268148744167767 0.0082696761558946 0.0302196256419611 0.2655444781436746 0.0561608962409089 0.0530159969337164 0.0808780256316938 0.0537295427268515 0.0294276795201739 0.0024510834182386 0.0079025082237500
30 0.009183364564053633 0.3251358817160073 0.0483474525571189 0.0128470994209928 0.0154825815904008 0.0086539874266942 0.0781672619441328 0.0108857048324088 0.0131937845466581 0.0141509422986957 0.0189188410034148 0.0089164465995676 0.0259260858059186 0.0178323850609234 0.0147299608881966 0.0147748271462552 0.2427708762699636 0.0813247616269323 0.0368334385317106 0.0027481476763969 0.0083595330576111
31 0.00901092500411939 0.1014117032760260 0.0074042790219441 0.0398220020905133 0.0304601836318820 0.0079917450722249 0.5229373198046350 0.0147969588536296 0.0086959137769435 0.0207826965488782 0.0153401497672037 0.0066887412396555 0.0319111342063134 0.0178652099059515 0.0188952737307797 0.0294016836625236 0.0647844123236170 0.0282465893005407 0.0188270228120277 0.0057784755479039 0.0079585054268067
32 0.008899797287717321 0.0942933339545933 0.0008023067952515 0.1209173676692123 0.1631047462595179 0.0030324205910023 0.0385404232906861 0.0207231362041528 0.0064695587031148 0.1143232281725030 0.0141159156130188 0.0055241284399110 0.0744002723008782 0.0324135465461861 0.0926933473312287 0.0536361775366371 0.0815400181399736 0.0622125219417857 0.0152391714315743 0.0008010292792190 0.0052173497995537
33 0.008673709864692425 0.0914165119779947 0.0030712625584593 0.0811433230350891 0.0601141763797118 0.0139067019416234 0.0577372596760150 0.0195308752231523 0.0229695433000823 0.0603756950792062 0.0293462504879921 0.0118064671776209 0.1171261993372215 0.0294177849073555 0.0427330085452450 0.0353542795170418 0.1551200247809044 0.1078164011124368 0.0344357920410219 0.0057725262332337 0.0208059166885922
34 0.008602818045608347 0.0594160956313378 0.0030349995381049 0.0786847597741770 0.0405689954204348 0.0035864686086973 0.5588392339195699 0.0111776032339117 0.0051322506300852 0.0292809014755105 0.0085750924348528 0.0040809539948651 0.0709439711178211 0.0080164914234036 0.0200092963336421 0.0174262677012220 0.0481959271317871 0.0184503003559761 0.0092329261044398 0.0014383251848380 0.0039091399853234
35 0.008482110353654378 0.1799027074366123 0.0102173016963905 0.0831705166154401 0.0955461458806993 0.0090292234987840 0.0782878033322359 0.0345915080821360 0.0122947469168824 0.0295295518711893 0.0316333961393120 0.0089309290972772 0.0310925449945458 0.0430020240671693 0.0646865235579196 0.0782065886127199 0.0916586647725167 0.0661488436595212 0.0366369697486941 0.0062608717299513 0.0091731382900033
36 0.008447622441667529 0.1406157401962430 0.0031240650285078 0.2146599457167630 0.2174868120130998 0.0034123879218006 0.0704823285976779 0.0197164393105323 0.0052804981393400 0.0248199136307886 0.0135081336525289 0.0046698947470253 0.0361715952319484 0.0273698939120955 0.0584717363417824 0.0414218000944246 0.0575606362438558 0.0399771300162254 0.0165372460731865 0.0016898722955958 0.0030239308365784
37 0.008418882515011822 0.2470107817302820 0.0027432277826438 0.0354605641348904 0.0381412218534994 0.0108880559527275 0.0656376709682118 0.0094550188701015 0.0264790302597594 0.0369832646122014 0.0290325381017887 0.0113892592712482 0.0382808699580281 0.0400462261249024 0.0263123192362143 0.0220706954774794 0.1576072541281750 0.1229460665250548 0.0655879495916530 0.0042025048564465 0.0097254805646923
38 0.008384394603024974 0.1266142862300704 0.1247419971427373 0.0262296389077764 0.0318989764649746 0.0248037631584970 0.0460630447266169 0.0267759911081269 0.0387362090962815 0.0343716157886702 0.0554433606843187 0.0218029819544275 0.0439859254559882 0.0240635165459283 0.0350159644099171 0.0382252133432123 0.1191494877331404 0.0825582585087090 0.0670412235744580 0.0083375509195625 0.0241409942465870
39 0.00832883074482394 0.0215271449766480 0.0019269613809778 0.0099060840656697 0.0107412072943437 0.2767849908979058 0.0095553744232402 0.0471293887738281 0.0135474258324315 0.0116842005920151 0.0391869082978286 0.0099245086064242 0.0187727232446533 0.0066276914724492 0.0144792992620364 0.0128677715272530 0.0184757774359010 0.0165941693939479 0.0177564930364340 0.0411672522900885 0.4013446271959239
40 0.008215787033311491 0.0547869176460260 0.0007915358222183 0.0917642257655791 0.1162220061127245 0.0079781102816588 0.0404110576436328 0.0360733361686578 0.0140900035242790 0.1379443047454271 0.0236867708607212 0.0103421288936726 0.1047128318855687 0.0135761610278354 0.0903852847338480 0.0767765431242194 0.0768365137118914 0.0618584995532970 0.0206456170682609 0.0030651082709203 0.0180530431595618
41 0.008154475189779315 0.0950546711332575 0.0160172087573274 0.0076211617696049 0.0165384459836963 0.0114373431046173 0.0103091394689401 0.0075072794651916 0.2047922136846837 0.0154929351661692 0.0976347877696824 0.0284728003599174 0.0109829802753700 0.0091169448677484 0.0156975238997081 0.0147695857280562 0.0344078791550216 0.0791780166360857 0.3170336697756350 0.0017352334162768 0.0062001795830104
42 0.008112323297350945 0.0161459173288935 0.0133111560176659 0.0040058445749281 0.0052089091660635 0.3974146147742174 0.0052575116311984 0.0201013498223195 0.0220932787868652 0.0056011495100250 0.0832357917886012 0.0211335696767920 0.0074108948192160 0.0030320786675575 0.0072675269021324 0.0065908965700401 0.0124708667737077 0.0111585328502894 0.0231406420939903 0.0366479979902233 0.2987714702552735
43 0.008096995336467901 0.0363603519840629 0.0140761388026973 0.0034105550343528 0.0064826635227758 0.0076353096947213 0.0049604613835043 0.0040112878183062 0.3190408345994442 0.0064609598690875 0.1316520790280819 0.0343107053877059 0.0047603534422669 0.0040738311993219 0.0072090089300671 0.0067353463052484 0.0109715254734380 0.0293234781466345 0.3618217127477907 0.0027999292756218 0.0039034673548709
44 0.008020355532052683 0.0431595950886708 0.0016979689909506 0.0269107892069333 0.0759909312702271 0.0048106434887504 0.0183770554388821 0.0342828769174240 0.0093965062005003 0.2591544274140248 0.0228052350434174 0.0078606587138707 0.0381685705199315 0.0165966889177281 0.1340124073460729 0.2077372049273454 0.0386352976122850 0.0370067629813849 0.0144025787452855 0.0022478405850083 0.0067459605913070
45 0.008010775556500779 0.2737436855061126 0.0171414211124388 0.0122482708139182 0.0184902691452186 0.0110671793271193 0.0330307752155883 0.0091308807211736 0.0781639994844736 0.0134580049102941 0.0505578312084541 0.0185947384869718 0.0130797113127866 0.0215492563355160 0.0146121636212623 0.0151994893645926 0.0703208202650044 0.0924073683016302 0.2263790021981801 0.0031637900956918 0.0076613425735731
46 0.007891983859657191 0.0467166468545109 0.0018675722918972 0.0141129012979602 0.0201196745062549 0.0538778118310369 0.0159991289232995 0.0117575039165332 0.1485461076436141 0.0245036932105070 0.2738421735170889 0.0619576830733132 0.0192275680299948 0.0140273004226857 0.0242252487487361 0.0228417057462124 0.0312608324505612 0.0483630947026110 0.1302895764222174 0.0074128971673771 0.0290508792435883
47 0.007855579952559961 0.0557229574756066 0.0152971947585043 0.0024350203554572 0.0049602566019831 0.0259246012955938 0.0056164324434222 0.0032703625184068 0.2848432595095832 0.0058316584903417 0.1519046005916737 0.0365133382872390 0.0044081873236678 0.0048072129125941 0.0056411993405034 0.0045705059388685 0.0154802532704074 0.0389360672357073 0.3264829321415191 0.0007986131207023 0.0065553463882189
48 0.007838335996566536 0.2819361542736414 0.0130621969716100 0.0244188715372757 0.0280735377055691 0.0040599098111720 0.1004940021708614 0.0111837360719409 0.0084714610473651 0.0209470522164580 0.0138482027998727 0.0077623386204789 0.0410594400731168 0.0143400704336120 0.0262975574072211 0.0164328124505866 0.2605750891190430 0.0963300484295148 0.0251967993210534 0.0014395759478199 0.0040711435917874
49 0.007761696192151318 0.0740077689643747 0.0036598386864812 0.0084667101733797 0.0117673410251214 0.0192543295041999 0.0126699158594360 0.0056497446708332 0.2291212611857781 0.0114792188308970 0.1236922801431442 0.0390129836593549 0.0112541055263029 0.0195852893141437 0.0120992927498920 0.0106661082697844 0.0278867060312445 0.0580991896078330 0.3088775930546775 0.0040489404498425 0.0087013822932794
50 0.007732956265495611 0.0338326079969343 0.0057833700086183 0.0024730289792407 0.0034730204867851 0.0200931001193818 0.0046332966161809 0.0034856122523464 0.2884934773981884 0.0024173413076806 0.2264025657709519 0.0502478789777917 0.0034137861715438 0.0087353252380475 0.0045230454551437 0.0059556170578911 0.0087061392897905 0.0231452040502473 0.3002603514862153 0.0015873801762816 0.0023378511607391
51 0.007725292285054089 0.1491916742854108 0.0051207580155150 0.0434043368418580 0.1150283333700105 0.0031747175968552 0.0376782080411753 0.0233404995760185 0.0097654803866070 0.1186662457544796 0.0271629614859429 0.0081944583219516 0.0254866843673502 0.0141511121472313 0.1034964387778043 0.1486305109820252 0.0704187668145057 0.0632001319543773 0.0281066513323165 0.0021911302562528 0.0035908996923122
52 0.007711880319281425 0.0831913172272074 0.0155510401087461 0.0116766299733440 0.0115468074380753 0.0049747047141267 0.0211140432086860 0.0075783485812068 0.0087873563464412 0.0111101832657420 0.0111152587128494 0.0070164634824056 0.0278575590565152 0.0099842151518082 0.0105974681658844 0.0112424014638901 0.3699443628976592 0.3520549797092657 0.0186431679398642 0.0016865207142370 0.0043271718420456
53 0.007698468353508762 0.0399670382855153 0.0041325324368002 0.3964151592732997 0.1257878996126863 0.0028511141000170 0.0548050843721431 0.0220484546627037 0.0042824236145642 0.0235724982986088 0.0076887852953372 0.0034756810875087 0.1638773191982339 0.0080238940389761 0.0284253422872017 0.0145816059826062 0.0590881947344527 0.0279691881651753 0.0081708418348310 0.0013166158340901 0.0035203268852491
54 0.007662064446411532 0.1435855765670006 0.0154739718514161 0.0151807234382691 0.0210906885325493 0.0104568612502308 0.0256691252586096 0.0131802395589835 0.0589940887126612 0.0233357439033719 0.0447805883331705 0.0300066776467987 0.0374901304328330 0.0151984446244825 0.0234898660359087 0.0193735608046623 0.1534172299022997 0.2324430253052095 0.1053538524234213 0.0027487376276090 0.0087308677905127
55 0.0076563164610803916 0.0548444502458776 0.0017052573440848 0.2501512992578321 0.3081466390310051 0.0019852248328674 0.0266999958702117 0.0178254151884241 0.0045929143676201 0.0576939964186807 0.0089200998777905 0.0036806576665313 0.0722922890348105 0.0044139587581299 0.0721795337161424 0.0228543297630858 0.0474961858055574 0.0294348085545953 0.0095198823974931 0.0004567111729775 0.0051063506962828
56 0.007581592651775553 0.0282832223818483 0.0156612804558290 0.0037476136749642 0.0059874396184757 0.1895044753576116 0.0065629657234564 0.0122052649204544 0.1090193714615422 0.0064375613692000 0.3111266487146393 0.0771605607224076 0.0071843571974308 0.0048411757234220 0.0094204554737276 0.0076990290970815 0.0140249130906260 0.0188703426183297 0.0844501633726255 0.0195789641885016 0.0682341948378266
57 0.007435977023386636 0.0331484894066384 0.0006204956776134 0.0039119678868948 0.0067538022446282 0.0240270057245402 0.0050134433337030 0.0027036896899740 0.3174052433859261 0.0083482190210477 0.1742503364441789 0.0414405873315461 0.0064921726100224 0.0032764720159733 0.0066447338076961 0.0060636294958095 0.0126068997366724 0.0398955667308164 0.2953481343495656 0.0026272281836427 0.0094218829231110
58 0.007361253214081797 0.0259438135360331 0.0009659950567564 0.0027715133606719 0.0047457726215153 0.0575890138632971 0.0040142985206598 0.0035952427951004 0.2314370277967858 0.0044806895261692 0.3366440834670843 0.0669460177149168 0.0034261440743346 0.0084400712289437 0.0071050291841180 0.0049070887632628 0.0074867936112716 0.0209090062500625 0.1901166973085743 0.0054377946309359 0.0130379066895069
59 0.00733059729231571 0.0746563916228711 0.0084294707969403 0.0237910389425463 0.0452733471485174 0.0243081804664439 0.0219740884762611 0.0242054649120653 0.0536804746019581 0.0490609928153467 0.1861871755156447 0.1186266525897912 0.0349873469197357 0.0141465877213980 0.0856425257713252 0.0423299235390203 0.0524794700223509 0.0613108158470695 0.0570238505615511 0.0053751511695482 0.0165110505596151
60 0.0072961093803288616 0.1291619756919350 0.0011717380721512 0.0313225560842320 0.0197019001353741 0.0046060219542960 0.5396803425760920 0.0075879211181138 0.0070115516096496 0.0202078160161594 0.0103439360531074 0.0045484506901346 0.0380040183453480 0.0153992588855829 0.0171605028341782 0.0172904761229445 0.0847265529455996 0.0293838506379579 0.0143448096533290 0.0027527463273578 0.0055935742464568
61 0.007284613409666578 0.0180604995077947 0.0056603103859677 0.0010041110228493 0.0020118133346682 0.0121040814076857 0.0014579209420585 0.0014393864699083 0.4151380713574545 0.0019092132118829 0.1326131899627877 0.0258575108092983 0.0018735981947347 0.0009878730604177 0.0019356326161531 0.0018667715364722 0.0037112567582454 0.0154538849892516 0.3537717018368869 0.0002844336062577 0.0028587389892248
62 0.007227133556355164 0.0280325886026475 0.0084693699488442 0.0095126868723332 0.0125983945152600 0.3209792979072983 0.0104184779935098 0.0238150704711519 0.0561639723343334 0.0142122188149137 0.1630836505210356 0.0264599802898549 0.0155916499938993 0.0086227276460388 0.0162675142064847 0.0132763622246957 0.0262890447507971 0.0234150632900026 0.0465123362075016 0.0042258611458203 0.1720537322635776
63 0.007227133556355164 0.3807821985647433 0.0684039245517275 0.0060669053050564 0.0088314499020068 0.0061967510682563 0.0386826624935443 0.0061125368932735 0.0235776090477922 0.0082341879948839 0.0243515773475275 0.0120035714237152 0.0119903896424760 0.0079756852533853 0.0095192035681907 0.0088888843589996 0.1523279077101893 0.1149027805923783 0.1047468669374716 0.0015465929076423 0.0048583144367401
64 0.007223301566134403 0.0378117016922718 0.0053881565048427 0.0124363479780551 0.0234695241477331 0.0056203991381619 0.0224190578215296 0.0156875512178514 0.0122206546881001 0.3209347275074531 0.0196921583846576 0.0107400348848507 0.0346840921700049 0.0242066633011990 0.0456321103308816 0.3061015267090602 0.0403444066639779 0.0363419416266670 0.0177538842099138 0.0024514884917838 0.0060635725310045
65 0.007219469575913642 0.0147616187912927 0.0049973596059251 0.0013096348395506 0.0023829157902290 0.0608410150769149 0.0019990585536399 0.0020757526420939 0.1826206291015493 0.0025504042242886 0.4859214832654127 0.0928053066602304 0.0024957951550665 0.0013557517112947 0.0042296495110860 0.0027163731817916 0.0051924772744132 0.0109112814434380 0.1073779463563407 0.0053317268287351 0.0081238199867070
66 0.007200309624809838 0.0369059614493785 0.0058354239205946 0.0070140148315754 0.0122162628182799 0.0270803636473870 0.0087755090063359 0.0074138149337693 0.1359942054393517 0.0135080152373545 0.3903512428050520 0.1400049572284445 0.0105094860283060 0.0074340536669219 0.0214144559635555 0.0135116619374866 0.0191958441265401 0.0312811048002321 0.1035812806113002 0.0016445894419014 0.0063277521062332
67 0.007154325742160706 0.1034087284198716 0.0005347048966531 0.2438118790792622 0.3078623110691709 0.0010965143260333 0.0306553635596294 0.0073439518471311 0.0027636501180145 0.0552309292811030 0.0051110513612765 0.0021574212704298 0.0460913873122803 0.0183915904442362 0.0657265885947163 0.0142056572930453 0.0502897266436584 0.0339970724971192 0.0098177386964287 0.0003902157121356 0.0011135175778042
68 0.0071524097470503254 0.0267433321778807 0.0023978322408363 0.0099559831181858 0.0244254516164340 0.0066718894406907 0.0129647131049718 0.0362388469394142 0.0122216232065508 0.2813273193100981 0.0245537448557210 0.0105134482234500 0.0312630910352317 0.0057161204853384 0.0702662908043721 0.3589874131927124 0.0273634992291089 0.0273918796665774 0.0147933549620148 0.0040020465069775 0.0122021198834335
69 0.007098761883959672 0.0188555627038835 0.0109506645157204 0.0020537163165766 0.0029245973452142 0.0764226060450357 0.0030519769375724 0.0051792546595522 0.1597616105170228 0.0040686540586145 0.4535462810957010 0.0986004600892183 0.0044895145916881 0.0038059676687525 0.0062924451953706 0.0045160393588207 0.0077002790122106 0.0153218852257755 0.1021736053373765 0.0012572399854904 0.0190276393404037
70 0.007070021957303965 0.0117772386565656 0.0067008533083714 0.0038476681124679 0.0047613544858680 0.3166237765748534 0.0042228980874410 0.0488664554656401 0.0093584293754753 0.0046252742708290 0.0310082950253967 0.0054920670567945 0.0081584286237036 0.0026478639527882 0.0069227814821511 0.0066348299083133 0.0101594998340776 0.0088298947104424 0.0119162050205025 0.0404882589047816 0.4569579271435367
71 0.007022122079544453 0.3331884069093924 0.0134469379383136 0.0088168608759922 0.0097382416678672 0.0039224091657655 0.4253209299091202 0.0054344253237417 0.0064473619560820 0.0081732697759191 0.0099667685927028 0.0057011922068309 0.0120049217094002 0.0080750191784769 0.0083608664339112 0.0089691467101713 0.0871580920261601 0.0226745583534776 0.0177870699686856 0.0013814928175448 0.0034320284804448
72 0.006997214143109507 0.0239942426660174 0.0024766845482282 0.0021434119311666 0.0044086699936387 0.0072550048176370 0.0022501257365911 0.0018959631096233 0.3889993157703326 0.0041699069190341 0.0907506158115427 0.0208890325132361 0.0037809142703217 0.0014029244783613 0.0034883997657647 0.0036462018947407 0.0059378117405517 0.0221355400996738 0.4074501809038977 0.0004679068550629 0.0024571461745775
73 0.006993382152888746 0.5330798659624600 0.0245681762292887 0.0042222601767547 0.0057883732768628 0.0022565358960233 0.0683327609923154 0.0030963773113079 0.0048232116946483 0.0042854399010405 0.0063135362718631 0.0037903099568678 0.0072155639796694 0.0055134317513003 0.0050155530228507 0.0049070018796128 0.2344932624653231 0.0541321329858504 0.0254483471972897 0.0006667412176350 0.0020511178310362
74 0.00697039021156418 0.0300431211610638 0.0100320742401376 0.0015885601986719 0.0023782582398644 0.0223326453361323 0.0032405493771855 0.0022649265243207 0.3385741932188140 0.0024824832555550 0.1684149009939139 0.0320177070905883 0.0026840256300112 0.0019797677766876 0.0031499185713655 0.0024962462373270 0.0063659193591947 0.0181727184241898 0.3409495021271396 0.0042582236138246 0.0065742586240125
75 0.0069129103582527655 0.1591790389407784 0.0014781400794080 0.1040382451016342 0.1448164002014753 0.0026269531566501 0.0305405806997395 0.0102395875597518 0.0058475575344348 0.0609652939336337 0.0135143396961473 0.0042897635350851 0.0299394735843485 0.2112068206500127 0.0482424726127259 0.0244355387035930 0.0786495710056461 0.0471710520952744 0.0187869055705911 0.0010002940311234 0.0030319713079467
76 0.006886086426707439 0.0463737538996689 0.0075684229956680 0.0267270110306837 0.0434563342993209 0.0174099534270827 0.0213206075255718 0.2277745468552355 0.0153948986357369 0.0621707946587934 0.0371022733899267 0.0136399268350679 0.0831710485772877 0.0120930101476370 0.1382249005414271 0.0858630208671907 0.0533612085678040 0.0404145935356428 0.0222671434069868 0.0040790706183410 0.0415874801849263
77 0.006866926475603634 0.0787631138477577 0.0069650096310950 0.0495620891012037 0.0527454951351303 0.0070092342964285 0.1351678469666811 0.0400440330701797 0.0095526245653685 0.1209374219347182 0.0202014371669700 0.0091878184680873 0.0924660975279598 0.0158336442749017 0.0693910246849294 0.1231494990244597 0.0913198288796204 0.0475997646106114 0.0167478272643605 0.0037901138884933 0.0095660756610439
78 0.0067634627396430886 0.0709011048595073 0.0174631941167359 0.0320688819355344 0.0399512564569230 0.0480600767713498 0.0414589859972797 0.0357927380330002 0.0343408078890395 0.0436202995967887 0.0719698088570860 0.0244827533606366 0.0364606431444525 0.0273403464897658 0.0454025428357166 0.0563975612346197 0.0669854410220310 0.0577091190093833 0.0479693408097781 0.1517331762609249 0.0498919213194468
79 0.006750050773870425 0.0292955280572040 0.0070258311554848 0.0046778597548137 0.0069633136620956 0.0626790103164469 0.0073299540156286 0.0064320409884155 0.1215623357931893 0.0062592044658700 0.4595619710391894 0.0887010512873429 0.0047831057114779 0.0095811280374618 0.0122276775657832 0.0133703180807526 0.0128158103266429 0.0195620594933796 0.1035995424147402 0.0145820290975573 0.0089902287365239
80 0.006723226842325098 0.0652957076522523 0.0018190803444913 0.0616353932985035 0.1049222649135606 0.0034390575908555 0.0282283497239483 0.0461248241757195 0.0061410045221678 0.2010342410779654 0.0159621027639064 0.0042322587904011 0.0813933608678877 0.0029064082368953 0.1160603471995309 0.1389649034590090 0.0577950274898924 0.0443692892272449 0.0112944692665591 0.0008942588726932 0.0074876505265158
81 0.006669578979234445 0.0284584714116988 0.0157623019988338 0.0084202956452869 0.0224083947644101 0.0044859367585224 0.0129402142653722 0.0354767802411217 0.0083941135692344 0.2847740412166039 0.0219664280910607 0.0071652794512029 0.0328609539424800 0.0051841343181282 0.0651566122379945 0.3562295348286607 0.0385562473659996 0.0295990707854688 0.0136079049486861 0.0022487777648853 0.0063045063943489
82 0.006654251018351401 0.0166017513438508 0.0018678636550977 0.0018221360989122 0.0036843161865949 0.0354785605007567 0.0020459077508552 0.0021348410307152 0.3322424994416711 0.0047069000619652 0.2835265935219272 0.0551296331329348 0.0028569684561810 0.0015494144067839 0.0043485237613928 0.0039270973732793 0.0053233391430420 0.0144181031826014 0.2186277371706553 0.0004410352742486 0.0092667785065350
83 0.006539291311728573 0.0144430876394147 0.0010561438761049 0.0035438956459887 0.0048136034762769 0.3949591996084809 0.0042801463747067 0.0228248440826709 0.0188326215808753 0.0052042552208247 0.0688166732944919 0.0204741002250054 0.0071553555264512 0.0027886199142931 0.0073033162658933 0.0053981649074456 0.0111874223826604 0.0099849910964235 0.0199145842374585 0.0336334056316830 0.3433855690128507
84 0.006516299370404007 0.0191655905136346 0.0016565568178825 0.0041732181529040 0.0066439390914222 0.1719861778986257 0.0055343606515754 0.0091478479898946 0.1094147966488879 0.0083822768437035 0.3891599422336180 0.0819438547321751 0.0062479544255966 0.0038898930824731 0.0101578195062241 0.0099536352826747 0.0111240243557586 0.0163858608087673 0.0688819160517198 0.0131660788611146 0.0529842560513479
85 0.006508635389962485 0.0123811928554264 0.0011158618199702 0.0023531544159999 0.0038795371972754 0.0456139295811081 0.0024357251284288 0.0028115677997559 0.1092548345674340 0.0052360018190910 0.5925886992470919 0.1230282216976714 0.0037034601175580 0.0026171219675378 0.0093736685190454 0.0054291368566993 0.0070360177949482 0.0105744612138998 0.0538370952818567 0.0013160567131827 0.0054142554060195
86 0.006464567502423734 0.0612126409611657 0.0058600378763100 0.0343429020519589 0.0355030064639892 0.1528957221469335 0.0318702902655262 0.0384466452868212 0.0372728764460853 0.0348654097751863 0.0765619499133921 0.0224057551811498 0.0422675915011070 0.0210709500718724 0.0327877401311354 0.0318210010508679 0.0615446225075006 0.0476136055653358 0.0454854992816978 0.0141142042542258 0.1720575492677392
87 0.006451155536651071 0.1883401255745636 0.0059503966945582 0.0527306079018632 0.0520660279259271 0.0056888006191025 0.0800819257183754 0.0125319116044768 0.0090685752805300 0.0289831838668264 0.0169746748613927 0.0063010110685244 0.0355964470771863 0.2039135753365402 0.0315068089592482 0.0225917011753893 0.1504179474450456 0.0673682749773349 0.0221969521172186 0.0023790796705074 0.0053119721253894
88 0.0064319955855472654 0.1516289460262326 0.0030878575678566 0.1088894429581592 0.1625962367136823 0.0017274967043830 0.0488896634952840 0.0189244901329979 0.0050582911918705 0.0881877851007707 0.0118506138924482 0.0039589863387539 0.0563259986382334 0.0101127440554091 0.0908333142563884 0.0585190753537580 0.0962938427372910 0.0670012000597703 0.0141531472225671 0.0003939040077433 0.0015669635464006
89 0.006430079590436885 0.2244044730146099 0.0164902118716011 0.0145580156471189 0.0217817502665868 0.0086654847782303 0.0435003964529213 0.0120563341621766 0.0176717436782836 0.0162904954920242 0.0265421569395152 0.0104476931405092 0.0253666629770452 0.1757255595732976 0.0219871462109886 0.0183109300532860 0.1758967762414015 0.1124323211252110 0.0471889411061405 0.0031662107206066 0.0075166965484461
90 0.006389843693118895 0.0544557040411494 0.0088284329419897 0.0173460377480710 0.0429874915759735 0.0457685224775780 0.0147275837199481 0.0603051419623015 0.0579251556493926 0.0913209840067551 0.1304688473731450 0.0329806732378867 0.0279052259772689 0.0106634961527548 0.0689152307313088 0.1184282876181410 0.0393131278614545 0.0493545734202747 0.0663699189558202 0.0100578033509856 0.0518777611978007
91 0.006378347722456612 0.0810893807082024 0.0051568779270397 0.0393233383707463 0.1131317954949034 0.0051193040019076 0.0152539124941938 0.0313632191901774 0.0218180706445305 0.1654225374557745 0.0388869324279548 0.0130942701513750 0.0448976960606623 0.0030839459251763 0.1302760964611563 0.1335491637190283 0.0565158890226826 0.0618507947272776 0.0325207822148812 0.0008648266697060 0.0067811663326237
92 0.006261472020723403 0.0176624858408098 0.0056442364394621 0.0016736118688596 0.0029572278985361 0.0338615502305682 0.0023747784337988 0.0022852153377200 0.1950260141921093 0.0031120728990162 0.4646551052187334 0.1014939716594532 0.0031646527870412 0.0019975810904056 0.0066090094515280 0.0033742042650664 0.0069080793595418 0.0154481636722891 0.1289734436911907 0.0005790653841613 0.0021995302797090
93 0.006234648089178076 0.0636976485751163 0.0169878464112032 0.0649981892947210 0.0284487069166293 0.0075054508690273 0.0508387344299349 0.0465855924030303 0.0111367075353480 0.0318260608665038 0.0162343452687471 0.0092359684704109 0.2507767468270403 0.0109378628035550 0.0316380786054468 0.0273047883544750 0.2102284701656575 0.0921540650998717 0.0168031059594283 0.0024759573712671 0.0101856737725862
94 0.006179084230977043 0.0817158742483531 0.0018794561694247 0.1028042032136686 0.3498141622447143 0.0034568935687955 0.0162514370624585 0.0101029421990562 0.0106931768068907 0.0988336486634490 0.0188658650841232 0.0085470688440054 0.0283452569763974 0.0072309606306720 0.1319311850680953 0.0320774985368651 0.0315617224545159 0.0356734189879508 0.0246723206213336 0.0012829310582615 0.0042599775609691
95 0.0061024444265618235 0.1367676638042723 0.0014634391071961 0.0149317016599096 0.0216096993428012 0.0116518171936341 0.0209219428153992 0.0074862931585150 0.1238380167977313 0.0228735542337396 0.0753066967038016 0.0278609538121690 0.0251666925574764 0.0141943803377541 0.0226546870282912 0.0168268721667984 0.0700179181718343 0.1469307231719781 0.2277818467714756 0.0026040593663819 0.0091110417988408
96 0.006031552607477746 0.0177176108701971 0.0170219543555010 0.0075137183383600 0.0081352760781073 0.3083421768161800 0.0076800436088092 0.0534507248571977 0.0163254776946361 0.0088925929878449 0.0531315288318455 0.0080426112307056 0.0163593232619461 0.0068605126482822 0.0119918480694410 0.0106261513910966 0.0237965041042852 0.0161784462670393 0.0202698011718221 0.0030967240528562 0.3845669733638469
97 0.005962576783504049 0.0549318887128083 0.0032354898478091 0.0415466179990606 0.0188948026829598 0.0045122218718510 0.0242047103178992 0.0088957778182479 0.0084572226517134 0.0244680459800597 0.0104374985660862 0.0053949817605417 0.0939657131673950 0.0100531468194391 0.0147101028351916 0.0154350818869497 0.3139421709258103 0.3243352245630062 0.0157358604847717 0.0017161276507261 0.0051273134576731
98 0.005962576783504049 0.0736901877895995 0.0131406333068627 0.0246497760563365 0.0317202693055330 0.0285433210676685 0.0325511038313443 0.0410560947270467 0.0267949117925001 0.0352873666954407 0.0901159380669756 0.0194356664757562 0.0332856194239409 0.1990289432254241 0.0677487010523163 0.0627782029183706 0.0897473746849257 0.0586894821102572 0.0359138476476973 0.0117721109919366 0.0240504488300673
