# This script is generated automatically.
# Vector of amino acid stationary distributions.
distributions <- [
                    [0.0722567011566695, 0.005458876168706738, 0.14372469964133275, 0.25439814481980927, 0.008774830789511497, 0.035038775760943296, 0.022866024467932754, 0.016674167091770147, 0.06718895484953986, 0.025904681326114485, 0.011077279644879224, 0.04991749884199564, 0.023795321907252625, 0.07645287738292145, 0.04069038909220998, 0.05857676851326605, 0.0455731145419626, 0.02788039977418566, 0.0029995463656631183, 0.01075094786333335]
                  , [0.06317875143664442, 0.007919897438667306, 0.03660394604315463, 0.06639651412615713, 0.012760148494298759, 0.031310265548860405, 0.028945752915432946, 0.02483313887757868, 0.19605681064624592, 0.04025378373805739, 0.016611719918098997, 0.045991527465268536, 0.020736275152659574, 0.065525365611006, 0.181756892284305, 0.057733135406902836, 0.050836086305059286, 0.033247644226108077, 0.004421504809284708, 0.014880839556209616]
                  , [0.14039192243447876, 0.021248687504874946, 0.041333110990938685, 0.04056007916562817, 0.011438752865310695, 0.05906861434439657, 0.021941537107382565, 0.01679469414951603, 0.03671038783464707, 0.026032818006250298, 0.01175519721864805, 0.05931094311844735, 0.032026107610518245, 0.03388414233118079, 0.03332876568756408, 0.240951287108565, 0.1240043062808011, 0.031957439590046446, 0.004463603838909419, 0.012797602811895563]
                  , [0.026700112783817908, 0.008615440130780997, 0.0071857474530718285, 0.011875318444069211, 0.06002247228602273, 0.007643788209280852, 0.010444189844689955, 0.13616058914096124, 0.01549972292212371, 0.4254665733184071, 0.08528299753772002, 0.010760304143533902, 0.008105307073303451, 0.016926227982002398, 0.014552905392074924, 0.018605422937840076, 0.0238136494706651, 0.09079915175959506, 0.003423223431837629, 0.01811685573820212]
                  , [0.05078285647999541, 0.007080201997370403, 0.2943239162672207, 0.1516408254321831, 0.007279784434034596, 0.048279977872063916, 0.026811870013370282, 0.010386213299629238, 0.04244150717484458, 0.016116601109083098, 0.007128950662983415, 0.11330980032684125, 0.01934177216181418, 0.041664605009310206, 0.027204565627690493, 0.06856652489369522, 0.03860797224721756, 0.016676632392441826, 0.0025961897785298995, 0.009759232819680488]
                  , [0.06351249619384221, 0.013806801197927253, 0.09643627846351034, 0.06165317943262755, 0.0141322454674112, 0.05616830427600095, 0.043521565903226075, 0.01958025589942873, 0.060956253463868904, 0.02932050523300499, 0.013263115584834562, 0.18765168906086102, 0.01835124421675066, 0.04644356492888093, 0.0470255526573649, 0.11159957947920104, 0.06591053123480217, 0.027393552118178333, 0.0043524874851690485, 0.018920797703109338]
                  , [0.10335680877392418, 0.014297643808452686, 0.02927912789008041, 0.03634230437143212, 0.013515360492020772, 0.029293588890312187, 0.017906107541684493, 0.0435538413066947, 0.041868360705192786, 0.04153367539147163, 0.022223060604580153, 0.04696157873945999, 0.02287364961347137, 0.031496836165239836, 0.03235154949442052, 0.1590792644580047, 0.23292830526374625, 0.06476423792403804, 0.004012404532367617, 0.012362294033405564]
                  , [0.11409921297611125, 0.016357754883609178, 0.058723252756755245, 0.055893015930514475, 0.01685816041888673, 0.22756012573556553, 0.02555816738189011, 0.021049535518475136, 0.04491740340647299, 0.033080434916253884, 0.014313795533716069, 0.06059011209479205, 0.025263770160521656, 0.03754655709261633, 0.037881439164504024, 0.10207567445615413, 0.05167434026344462, 0.03323702429500089, 0.005914629649277802, 0.017405593365437778]
                  , [0.29670093716541956, 0.019194328559735217, 0.03227806274239313, 0.04759048161771975, 0.01129915895209944, 0.07012518249308855, 0.015601530428130884, 0.027190392959772606, 0.031927343126205654, 0.035182203145413524, 0.014843417156765976, 0.02571489542938203, 0.030252413594741172, 0.032094081021497634, 0.03227178619702724, 0.1262293733341858, 0.07210395164952589, 0.06614463887747887, 0.0035439250976244813, 0.009711896451792535]
                  , [0.07121594721683618, 0.01155358984812633, 0.05491146494121359, 0.1047374339959633, 0.016237087550322618, 0.031446138029489125, 0.04083878340235818, 0.02722164890129754, 0.0959336822432768, 0.05306837609491712, 0.021018622801400957, 0.05238063123077237, 0.022366864362188647, 0.13608650146923829, 0.07364397434267403, 0.06983928324127801, 0.057014752927626526, 0.03713397562388179, 0.004891505038993776, 0.018459736738144814]
                  , [0.04108823460766067, 0.011544630818217407, 0.007341597165413257, 0.01247322985336595, 0.030313172213664846, 0.009170744364009102, 0.00873404493164756, 0.2548181166690861, 0.013730296961911892, 0.19586359754312255, 0.05261245792260359, 0.009997308425251976, 0.008676820018351232, 0.012703900048989695, 0.013302329473458812, 0.02026006517164269, 0.0377021959921267, 0.24177509316493023, 0.004346555763136126, 0.013545608891409683]
                  , [0.025944088391732907, 0.007118544016606973, 0.002642605477316834, 0.005445481410495863, 0.03712833414522713, 0.003849711874125055, 0.004384816514248154, 0.23316312451267063, 0.006533867922345129, 0.35741130981059194, 0.07871516829210555, 0.0043234514588988545, 0.004303632426945085, 0.007924846577369568, 0.008740230855131644, 0.009844064271909323, 0.0217778568219071, 0.17088559426238784, 0.003293903676287506, 0.00656936728169701]
                  , [0.030522424939822376, 0.010097633405425757, 0.015173935147984026, 0.03604554341072117, 0.007610611162547862, 0.014525690301159399, 0.028493531195680277, 0.016351313081431382, 0.2767862321442059, 0.02937848386707715, 0.014574378698650293, 0.037565024436283144, 0.010094494846285582, 0.07114257962010555, 0.29385202133838534, 0.04180985846383959, 0.03511457964575019, 0.018863375176521844, 0.0018408026176495403, 0.010157486500473527]
                  , [0.11478681261365878, 0.01800292477227898, 0.04633108225185342, 0.062262507980883244, 0.025260999001327878, 0.05279276914777991, 0.026069902219174643, 0.04447405865426787, 0.05428225291781584, 0.06499312951595566, 0.021860657214428494, 0.04752218483597213, 0.0396074362173659, 0.04651530083759928, 0.0522383201556316, 0.10082482049554654, 0.08530413280919845, 0.06462836401116756, 0.008449876557481873, 0.023792467790611976]
                  , [0.05294538099332277, 0.013365391465975776, 0.017377654962281965, 0.024959530253739013, 0.06570691264012257, 0.020831149102870376, 0.02012150193402596, 0.11375036023836754, 0.02561732993061004, 0.23867168901222763, 0.05608995594079103, 0.020472539607376376, 0.023105109960116253, 0.0300494510794129, 0.030464195320833123, 0.03989645963218501, 0.04511763466288665, 0.11366835035737895, 0.014574968928658163, 0.03321443397681785]
                  , [0.11357641213030695, 0.011690199752268232, 0.05002374106458483, 0.06578077995740661, 0.014849010348890546, 0.04157829733779553, 0.02536788223013656, 0.023727768973727883, 0.04807819305129975, 0.037257355474870794, 0.013421193930929819, 0.03930920018131226, 0.22245378478245317, 0.04228443625543555, 0.037024404184357984, 0.09344597430692059, 0.05971642174510096, 0.04039154355301611, 0.00451026001485493, 0.015513140724330993]
                  , [0.04831794025670257, 0.0037889273575689416, 0.2558163624789582, 0.2952432533115284, 0.004395122291449628, 0.029716385257297348, 0.020098709168927694, 0.008588836927537837, 0.044511546190743365, 0.013965901145552056, 0.006638261885675914, 0.06288338816145378, 0.013388713826785652, 0.06023851131637175, 0.024048068006217647, 0.05410436364925047, 0.03152452609502441, 0.015724573204892366, 0.0005725937107216632, 0.00643401575734026]
                  , [0.12720975525290443, 0.014607350906208308, 0.028490836175769915, 0.022829223841792954, 0.006464729922928036, 0.5026346591107739, 0.011009173172493463, 0.008285725460382695, 0.021674227985602645, 0.012742824533145366, 0.006718215702033155, 0.0386090147916862, 0.012146092980544471, 0.01702290781210328, 0.01843850541176041, 0.09700168627562028, 0.030280305548595378, 0.016166672908809642, 0.0016690735297654967, 0.005999018677080159]
                  , [0.0665025991483345, 0.005979060430054982, 0.04638032952260797, 0.10070541655556414, 0.005567959055373321, 0.02596393276097801, 0.031009438956057855, 0.016051687282081242, 0.19073856545497359, 0.028786228504674938, 0.012535038160247185, 0.05374902125456208, 0.01786235187706434, 0.10640369982212454, 0.1394881594235298, 0.06671465815460073, 0.0527050238919765, 0.02362446548861411, 0.0012040596899664732, 0.008028304566613567]
                  , [0.12222850556728132, 0.010848911017980358, 0.12071595558880378, 0.12148362208720496, 0.008430019459141914, 0.07775277919061924, 0.02944605304893032, 0.012363758861448262, 0.043490935412577154, 0.025447868526785877, 0.008381813271311605, 0.05990840166429656, 0.04115834915101795, 0.061375287226571075, 0.052733204464782545, 0.10068211902943147, 0.062482211328088524, 0.026724849827484465, 0.004341759587628982, 0.01000359568861365]
                  , [0.16258028657916734, 0.003977089568077902, 0.050141159771492604, 0.04957155674186496, 0.014538681175993698, 0.07463086865821632, 0.015360716083371905, 0.026706352601113596, 0.04814766080008233, 0.03712474096556527, 0.013930554656783951, 0.052958445089989474, 0.043922431129006935, 0.0377583948198292, 0.034643592519171186, 0.15421363114231385, 0.10703176597173006, 0.05115966055302662, 0.006653527843720793, 0.01494888332948191]
                  , [0.051039151803826247, 0.015756462866640276, 0.026196130869051464, 0.045428465810046205, 0.014750044583505642, 0.03216481514359451, 0.039012050925929284, 0.019989986175456265, 0.15230659096701507, 0.04286016715044788, 0.015752423829363503, 0.04081688868417668, 0.021559832787570593, 0.07688589864252425, 0.24160593961369872, 0.05840335650717517, 0.04561044150105752, 0.027259489381350237, 0.013382532483064067, 0.019219330274506615]
                  , [0.02300793872388957, 0.013497538805945342, 0.006437724097686319, 0.008901619591959474, 0.3301121118630184, 0.007654740969596534, 0.03148078739431316, 0.04064186809691408, 0.010573256135828778, 0.11846212530955907, 0.03140307957299634, 0.012565601585885508, 0.005240072618250436, 0.012508688418936861, 0.012179149217145923, 0.01969450239857918, 0.018265493657124363, 0.03667721181603136, 0.02750632436607614, 0.23319016536026302]
                  , [0.04860543751017434, 0.002657160604493163, 0.02528165712750686, 0.01560902083302386, 0.002395531617163551, 0.7774937353832233, 0.005485095469210098, 0.003435441327929057, 0.013119648255192845, 0.005424368899665178, 0.002821288085583839, 0.02476916674417677, 0.00435170046050585, 0.008846160106199086, 0.010279035582338551, 0.029498088503451474, 0.010379379246156872, 0.006488419231337073, 0.0008993220933056944, 0.0021603429193622304]
                  , [0.025724903988379233, 0.014011910474445178, 0.010153158850689743, 0.012463557099039192, 0.26979857989185224, 0.010313943033906755, 0.04982670849266219, 0.01891322801360076, 0.013235772726828991, 0.05760674822959889, 0.012376738822933664, 0.01528097555273865, 0.00892133681183863, 0.01627118193620514, 0.017887322908512943, 0.023013099306453712, 0.018176493282564855, 0.02441194902180586, 0.04561225867101281, 0.33600013288493047]
                  , [0.07648159954212132, 0.006540088079386618, 0.10443470068078861, 0.06168507727742634, 0.006733411725207452, 0.3355241460302498, 0.021458552854459197, 0.008833246233511175, 0.03740347289472039, 0.014824913318547163, 0.006993382622813578, 0.09844034485220939, 0.014666818564422798, 0.033920568247655984, 0.027379252287613832, 0.0844721225954008, 0.03463583209351455, 0.015011644563157072, 0.002403484310345907, 0.008157341226447743]
                  , [0.06762822143466454, 0.014841479299300376, 0.0469364250485257, 0.05209507219806722, 0.03343972674424529, 0.0357085354893704, 0.15640385698743933, 0.026758926853623025, 0.053358292444388965, 0.04945934848850481, 0.018862439395582582, 0.07010861459041846, 0.02475081802164972, 0.06396799173638859, 0.05825588924057718, 0.07350785246915027, 0.054357708889611805, 0.038390152605730116, 0.007724976231117422, 0.053443671831644085]
                  , [0.06875914669419717, 0.0028968933925859375, 0.07146652693303139, 0.10664782955567574, 0.01319262417539333, 0.03870823181084287, 0.03746471058122576, 0.0189635660177497, 0.12250384396212108, 0.033533887433509525, 0.013147092901971037, 0.06704952608857806, 0.030314829064458596, 0.09389386268863018, 0.08826737007045352, 0.07386754702311167, 0.06265530834200105, 0.028830318965101034, 0.006953933176479095, 0.020882951122883235]
                  , [0.07786457325589095, 0.02331117724173627, 0.018406318354144392, 0.029682223093263363, 0.028166029314460297, 0.02145388568257483, 0.018565192479944308, 0.15056377772777088, 0.03154123206552438, 0.13275021651154426, 0.03654770425314487, 0.02401926884231105, 0.018845586106620755, 0.029078065513952596, 0.028989410366226452, 0.05172853628669258, 0.06794010872290339, 0.1863708826041918, 0.005503106408454959, 0.01867270516864752]
                  , [0.052330386455838276, 0.0027908136604310615, 0.265695732009301, 0.2824048149500446, 0.002957816043803671, 0.039598883366305085, 0.021681834582641384, 0.005043337413093033, 0.049497537698681905, 0.01144845556938317, 0.0040162520939719904, 0.06613371983923806, 0.013420631559613106, 0.06240411111034798, 0.027514394495298345, 0.04427783797201154, 0.02879135673507958, 0.011157121077300469, 0.0032108776960595364, 0.005624085671556037]
                  , [0.06184400143375605, 0.0020660640084588953, 0.17422893968717643, 0.08618497080824272, 0.010493045640235779, 0.06956950839345649, 0.02408705390978456, 0.015249230829839486, 0.06079726584063631, 0.0202346489894831, 0.008447525049428853, 0.16520740368976425, 0.020106570719255302, 0.04008426942721712, 0.03249009850149269, 0.10294091130460878, 0.06046836064978877, 0.023351585919996563, 0.004105351202755488, 0.01804319399462267]
                  , [0.47929454159892504, 0.027545523403280047, 0.007471126355147145, 0.011168406784942794, 0.006345939140649016, 0.07366627816742918, 0.005768174564766387, 0.018872469445102246, 0.008879166688127218, 0.01910168720766592, 0.008621000865711223, 0.010600937278679484, 0.00920773707603214, 0.008562302104897649, 0.009289944398926263, 0.15772589443242127, 0.06674365740361904, 0.06458175598326794, 0.0013818984466806392, 0.005171558653729463]
                  , [0.11458569141473653, 0.005291162193725359, 0.02559215801764029, 0.03383444721683212, 0.010048377252312213, 0.029826007399206222, 0.012908982848510914, 0.015302324513076717, 0.02741204781159657, 0.03077035909273196, 0.010281595114532945, 0.019680920459668665, 0.44956944588493564, 0.028192918558257556, 0.02870759828679763, 0.06914133266153037, 0.042200599269542935, 0.030564792181730367, 0.006819474963311288, 0.009269764859323494]
                  , [0.04764148357727337, 0.0111095454120669, 0.024360795903189715, 0.027842629645437888, 0.19453270721828103, 0.025351763700744403, 0.05057094839047979, 0.031149620122584116, 0.028258982596677737, 0.06833156508667534, 0.01931439291383823, 0.03327377293683084, 0.01953147628103987, 0.029546138445887524, 0.029936827370619413, 0.04777629530133659, 0.03724972627194742, 0.03704688989160861, 0.01936639502807368, 0.21780804390540737]
                  , [0.24696057892257306, 0.01906003611628851, 0.014930055835836517, 0.023572571959921646, 0.013168416733352742, 0.03320569981163466, 0.011484469244967927, 0.07635435371526922, 0.01851748022436219, 0.056622715325840754, 0.022962030202312765, 0.017360461577720008, 0.019974327286157167, 0.01997629278601829, 0.019528233665205928, 0.08424444779276725, 0.09848118798157154, 0.1908680839161522, 0.0034793534427173217, 0.00924920345933016]
                  , [0.3762602308198297, 0.021093997251250177, 0.019061368269900358, 0.025173942381156354, 0.004352676965025571, 0.08301372343277223, 0.008786769346914435, 0.009558016660167016, 0.017357314952866337, 0.013554857111865734, 0.006967399570104569, 0.02252314212197225, 0.013992401357943097, 0.018601612954615095, 0.01541571146481028, 0.23549629997520324, 0.07187453673951309, 0.03153382040896814, 0.0013344948622821652, 0.004047683352840107]
                  , [0.13093408421073444, 0.00971832254276591, 0.049780635621610905, 0.057408992128048515, 0.006983525463458296, 0.06011811890191178, 0.02230815301140023, 0.018280460318271494, 0.05183423437872333, 0.026247718159113368, 0.013748080792737549, 0.08657884212843912, 0.03245687462222629, 0.05542639845881868, 0.03330514845426526, 0.19085052922795837, 0.1127886688966234, 0.03223347016033729, 0.001068659593571446, 0.007929082928984345]
                  , [0.05515612850485748, 0.008861250600357787, 0.09647392264093976, 0.15302844963714068, 0.005522192271583465, 0.04060824522007363, 0.04449141486995211, 0.010059834500643256, 0.12213178299552745, 0.02302480960827644, 0.008398172881468522, 0.0767166279363334, 0.009575433653479055, 0.11310654871016204, 0.0969908047845983, 0.06501929206515296, 0.04143574478721889, 0.016084370781048702, 0.003258301443872872, 0.010056672107313196]
                  , [0.1926486403357129, 0.022658024539178156, 0.01386666637720419, 0.016372774473973797, 0.007108036440166835, 0.03639101625212254, 0.01007568354577021, 0.023596794251944136, 0.016514961123209333, 0.021975081276026213, 0.013590079588558129, 0.037540501967984155, 0.01928722721988695, 0.01767397697617231, 0.014558612827753269, 0.26435235440358235, 0.21434146373800964, 0.04965861047041802, 0.0015406782826143791, 0.006248815909712578]
                  , [0.028984791987725134, 0.012108434673197674, 0.002903035624207484, 0.0056081509785206995, 0.00911870667734835, 0.0034696090145186704, 0.0036465370052488613, 0.3523130282299287, 0.006247925006229774, 0.1139046231211331, 0.03528735885679295, 0.005676568138985261, 0.0020736000759798527, 0.006889831200078423, 0.005130614810501907, 0.011464003106504509, 0.03423836384392998, 0.3562974432856829, 0.0010356244364690822, 0.0036017499270165816]
                  , [0.030697309747335623, 0.017014749123882837, 0.004169385321127401, 0.0070773948750455905, 0.17240561318785344, 0.006760578511935535, 0.016946062563986827, 0.11638173497335987, 0.008295508165463863, 0.28536580840621256, 0.07030212593996042, 0.007750965142592963, 0.0054045961943661215, 0.0113697580820872, 0.01086998640219274, 0.017337647790153746, 0.02281770919592204, 0.09602300573297155, 0.0187641746901986, 0.07424588595335113]
                  , [0.04863829067323174, 0.008134849618044716, 0.008890786892482058, 0.01782720637145103, 0.013414699125073848, 0.008535018077489563, 0.007514540862586582, 0.2811310607106258, 0.016845630270486515, 0.10400328728304749, 0.02125793441879276, 0.01064976837040192, 0.009095520054856228, 0.013688583948266818, 0.013928564176943067, 0.020418347931144786, 0.04831460316813827, 0.3384861915243975, 0.0017248988079053003, 0.007500217714633908]
                  , [0.12764044310209952, 0.007618709857323237, 0.0783965180591218, 0.14232200661479194, 0.005499281830037997, 0.037385744033268956, 0.02260772134058779, 0.016496585695766213, 0.07004229608970822, 0.028062420443700487, 0.012962145795658703, 0.05916871462311091, 0.009689314564669357, 0.08948492850481482, 0.04439782074866279, 0.11903069229692588, 0.08879277094375729, 0.03233117860426378, 0.0019326274880051412, 0.006138079363724902]
                  , [0.06274455148670197, 0.012591736789226317, 0.01913255246636856, 0.04461094431826835, 0.020830694211487935, 0.01926661875087533, 0.03077996245754727, 0.07592039115123529, 0.10902997379552522, 0.10340660899965033, 0.035542550385751874, 0.0306682702476903, 0.019537111620222425, 0.06145600850576278, 0.12408497158085537, 0.05314809650512194, 0.06589464221898855, 0.08732887507394528, 0.0061779950437501315, 0.017847444391024793]
                  , [0.02992538645418629, 0.009204172349016042, 0.0016449261548645154, 0.0034388318017027613, 0.01710979646172758, 0.002654264859282645, 0.0021863188970181863, 0.36339520730222863, 0.0034376421968941636, 0.11330743141072544, 0.023391095248832223, 0.0028852627609348264, 0.005188464809578777, 0.003663747210872223, 0.003050939507680621, 0.00816520235366862, 0.02284791474271982, 0.3780208645098982, 0.00042926261493780535, 0.006053268353230608]
                  , [0.0763416891355251, 0.0022972611200318955, 0.1225502049902746, 0.27531375854523976, 0.003386541896299743, 0.019863291786604162, 0.014148154761288497, 0.0077801067530818445, 0.11824653789645424, 0.015036295438573802, 0.007091223556713937, 0.047323918460356836, 0.021173835072304047, 0.10325827791889718, 0.04753754205632406, 0.050505617242460894, 0.0444616568688102, 0.01755920961579337, 0.0013374294181683248, 0.004787447466797581]
                  , [0.01767427530262298, 0.012035204866026227, 0.0021732259777470712, 0.003672904804869149, 0.07930009427088715, 0.0038228373051390416, 0.006615430534253868, 0.10915437041213354, 0.005342732134937034, 0.5184717759869971, 0.1022263311131519, 0.004937460190088203, 0.00413180374225947, 0.007988054241362303, 0.005868758609811448, 0.010890498521396123, 0.014635572271949423, 0.06996757474506785, 0.0019263157577540401, 0.01916477921154635]
                  , [0.047734136478533536, 0.009459389037175664, 0.013622018052395893, 0.02356056793992536, 0.030721466401346056, 0.01488842035080233, 0.015603741000178846, 0.10810996597200839, 0.0316843552166049, 0.29347775377065544, 0.13165285364942134, 0.020558598496683927, 0.012038684900950586, 0.03916779381434583, 0.03101512487791579, 0.03514200684793206, 0.042510165359950815, 0.08256948017531382, 0.0039036002737529206, 0.012579877384106413]
                  , [0.02109556556321208, 0.008850490859823272, 0.0017004330511719318, 0.004087763685618245, 0.056661571159211215, 0.002481324585690517, 0.004341303416083638, 0.23453734108821206, 0.005163277352558413, 0.3674524392381969, 0.07981269083704201, 0.0038766012589288015, 0.0014068916901465959, 0.0064841123355331145, 0.00467580973094961, 0.007307463861346778, 0.018227258355361677, 0.15064417737784383, 0.005165246159677974, 0.016028238393390997]
                  , [0.0555956227497442, 0.01221543965409224, 0.0018117623387732134, 0.0030346641775580974, 0.05883078775691906, 0.009854296084956768, 0.0036428439916040348, 0.21342254687066384, 0.004054401230420626, 0.2644240126292629, 0.06858237551638975, 0.003921516674312951, 0.005388222269942468, 0.004912205404639937, 0.00512805942669411, 0.018116169695363143, 0.034845477923625155, 0.2169021488201169, 0.0039467098244872715, 0.01137073696043318]
                  , [0.04076461830126979, 0.0025245989299756333, 0.026207819604335752, 0.057625048117990456, 0.005621393630735927, 0.027227968586943166, 0.027394762134312828, 0.009450710853463296, 0.2747548255107357, 0.020322920774775214, 0.010518945831922732, 0.04867812128647259, 0.01428365865803701, 0.09162055603464382, 0.23122753838799684, 0.048229178682655256, 0.038188395325634415, 0.013640408243105409, 0.004901312273806311, 0.006817218831187851]
                  , [0.015470185442291805, 0.004844722198514847, 0.0015304819655629544, 0.0029696401671279477, 0.017320563973408, 0.0019104051934779732, 0.0024303680169909104, 0.40781400867846135, 0.004456699091260508, 0.17916694171763, 0.032847098575652336, 0.002551825963785063, 0.0012122099273616897, 0.0034467387982954735, 0.0041670208334219725, 0.004570618590177951, 0.013491983057088243, 0.29324100755379306, 0.0004235093939765116, 0.0061339708617216306]
                  , [0.11601875257478736, 0.0035892712810255308, 0.014199943619835806, 0.022254009101332906, 0.003162479869002141, 0.015063201885045466, 0.007044693287393777, 0.007888892236078636, 0.014958626077585808, 0.014236175207817812, 0.004241634899628509, 0.00964405959050256, 0.6379421989265576, 0.014723506208199975, 0.010952776940626132, 0.05598616603950048, 0.02391811263852973, 0.020556305185997905, 0.000921782901689883, 0.002697411528862026]
                  , [0.009995706909472633, 0.0054852918852263816, 0.0012300095265667466, 0.0017702985794918198, 0.05916074358105733, 0.0020989485705355288, 0.002665069254220964, 0.11185165233114507, 0.0021343542267830713, 0.6133127456537893, 0.08449984367019774, 0.001995549013928151, 0.0037115143830923534, 0.003919741259266965, 0.0036239205488613883, 0.0061013013382587985, 0.008237764678289457, 0.0686856134571725, 0.005069640011588398, 0.00445029112105525]
                  , [0.03349190950398416, 0.013345087289917557, 0.01169421814456329, 0.01487268257300568, 0.29176571190506856, 0.014190093932046165, 0.024873192389839337, 0.055673217412828074, 0.016169954883098775, 0.14668974893291345, 0.02574406679921489, 0.01983262866947522, 0.011547162312596835, 0.01785117052137278, 0.017258004816871376, 0.03825470279078449, 0.03026334778685275, 0.05261241674492784, 0.005522603948009399, 0.1583480786426292]
                  , [0.009840205394423663, 0.01090490551250542, 0.0021969617498409197, 0.002992188501282875, 0.41491860516548873, 0.0029021051048273563, 0.021937204544544786, 0.01207167774539145, 0.003000982179771617, 0.048659389567990326, 0.012075650532784752, 0.004207680143837963, 0.0017013857818431529, 0.004132577116164381, 0.004166064124056042, 0.008042053917065854, 0.006619811796516152, 0.014187840693651253, 0.028710892648441764, 0.3867318177795717]
                  , [0.0681746547850785, 0.005114104113220079, 0.0981982377529642, 0.07939216907691057, 0.004996387768856376, 0.05687075228719219, 0.04692410128389105, 0.007863746796742852, 0.09335980502729757, 0.01321663173614321, 0.006328473800327273, 0.15094378272658696, 0.01435462653660536, 0.06723936038718158, 0.06490604065393928, 0.13045291745979476, 0.06801847443464905, 0.01249284885167133, 0.001167273512182798, 0.009985611008765048]
                  , [0.03556621205971357, 0.00166453265178491, 0.009765810467036415, 0.015045308293968954, 0.06632240744117399, 0.010834664579682098, 0.010117785328319272, 0.15987358429131457, 0.018557522198805552, 0.3157965171952931, 0.06817262023443314, 0.013395524621208339, 0.010674858479297463, 0.018296276304772433, 0.017667816962906518, 0.023764308908918935, 0.037236045373582896, 0.13158712507350565, 0.006507501677836391, 0.029153577856445678]
                  , [0.06614127543568417, 0.011190476077935137, 0.19031686730559969, 0.13253559867223408, 0.01820776524894247, 0.06445500355298935, 0.03123313505840391, 0.01708041868583468, 0.04716811729298019, 0.030941513858767786, 0.01308189090952175, 0.09116462400291955, 0.027297551853549647, 0.044387752388235474, 0.03682773011329019, 0.07149277759411093, 0.04614039816189103, 0.027089627812266443, 0.010388528606985881, 0.022858947367857596]
                  , [0.08166630598709491, 0.004933299427281438, 0.013893509963476597, 0.017256127272706187, 0.028001914054233547, 0.019118242819372126, 0.007852406294769356, 0.19184608115136162, 0.01793089233226593, 0.13075151152976588, 0.04102522863337026, 0.017001710718348217, 0.020810766081329042, 0.016332894348115197, 0.015449022607639404, 0.039307462322452025, 0.06860306851350198, 0.2484480591965003, 0.0062428582413981875, 0.013528638505017818]
                  , [0.13282765320907947, 0.035911642589780975, 0.005668038831570597, 0.009120062348718433, 0.0225792613481501, 0.014913926838954, 0.006706299368209826, 0.16345001991658198, 0.00999912742519123, 0.09689569439857534, 0.03497649265141021, 0.01131532450361635, 0.009438030074754014, 0.010289846105961776, 0.009270666703503417, 0.05033195353959806, 0.08148116887481761, 0.281247726163828, 0.002379498608488122, 0.011197566499210495]
                  , [0.03440541785914017, 0.007883088070279022, 0.005676586237535727, 0.009025590141095342, 0.06387157328991201, 0.009472377292299088, 0.00896620675388448, 0.1103170690021972, 0.00874187764203972, 0.433289844132746, 0.09348134869084035, 0.006272085593648394, 0.010177628239643396, 0.016450082860433684, 0.01735572471738233, 0.01704591390310242, 0.02282489811590369, 0.09594396867238934, 0.01670254286960824, 0.012096175915919393]
                  , [0.0156389033941331, 0.006177374854548618, 0.001125517189276071, 0.0018845453732060531, 0.03954015510329444, 0.0020544827769880428, 0.0019307312223527963, 0.23057781447103146, 0.002151303082575083, 0.4434806814624958, 0.07525830907238111, 0.0023159315401917267, 0.0048826752657947885, 0.0034572261418455968, 0.0031487427363664096, 0.005518092376754619, 0.012207925705618641, 0.14178779764956792, 0.0004991646417850313, 0.0063626259397926875]
                  , [0.03215030973003524, 0.0013321760659750945, 0.011739602363924158, 0.035100831967547, 0.005273623387641234, 0.011751669858776152, 0.03166783726499608, 0.014158001626849236, 0.290191106639967, 0.030281227158286263, 0.010732222125991642, 0.027252364863545202, 0.007815609849274449, 0.08598342031548853, 0.31553490625021224, 0.02761927028572733, 0.03186564650707545, 0.01909409571102958, 0.0018082375574634219, 0.008647840470194618]
                  , [0.04420100192572152, 0.008128152474863058, 0.003958556940170247, 0.007276537865716892, 0.02309235553900812, 0.00722603972915476, 0.005221391310648295, 0.24239214599759476, 0.0073129779788439295, 0.22069792513519543, 0.0717477977760272, 0.006735843150574471, 0.01174625614520583, 0.009005645437053815, 0.008740393554031627, 0.01919962567594195, 0.04297041243030217, 0.25566807507385536, 0.0011657224295813448, 0.0035131434305091095]
                  , [0.03181075222190517, 0.0013829021661564832, 0.433775834615639, 0.10994864730051812, 0.002705820235029686, 0.04408378035935235, 0.025372523441062854, 0.004024291462801877, 0.02254778999005542, 0.006520090430006831, 0.0029943234326679146, 0.17696474389652367, 0.0073841831672573745, 0.025317657285430516, 0.012779318066923964, 0.05546045521196879, 0.025406963822947208, 0.007268306052795292, 0.0008863507525487928, 0.0033652660884083904]
                  , [0.04034550434866474, 0.003369684064676244, 0.006633261779432383, 0.004127515380797127, 0.0011053388051387042, 0.8868527449518477, 0.001902460264695812, 0.0015257598610339913, 0.0033270110953575764, 0.0025354030683553065, 0.0013996522922696277, 0.007604541470262533, 0.001052901293192209, 0.0028950587913848247, 0.0034958951522760864, 0.022720542926508998, 0.004685673261203171, 0.0029866358273840455, 0.00032257789668400575, 0.001111837468834778]
                  , [0.13945431423895008, 0.010030489079538048, 0.047727109589129076, 0.07992186358199979, 0.010163180758263696, 0.04792398477284282, 0.04352175478526933, 0.015688799934183647, 0.05753413630105371, 0.046225043139332386, 0.011668671308640782, 0.02543595771737698, 0.02461453076056374, 0.09521756047719684, 0.15962562731110955, 0.06672580909477865, 0.06180784846552583, 0.038755366905992676, 0.006894952019273875, 0.011062999758978443]
                  , [0.06389754707265319, 0.0006668306179009409, 0.11516522535788312, 0.14297216726867887, 0.004563477358113351, 0.04648817884751325, 0.034260887122801176, 0.007782800077908511, 0.12553041719357558, 0.017084628073643644, 0.0062908823744231785, 0.09211509676886337, 0.013499487324693705, 0.09608072626194579, 0.07799823092382357, 0.07545760578165879, 0.05230070335251623, 0.014900759987447266, 0.0033341976614012906, 0.009610150572555423]
                  , [0.05099085701427529, 0.0011321340307981957, 0.3000848799472049, 0.3676072770148773, 0.0021228161042356024, 0.01806070177791617, 0.007067689996810103, 0.005280352570762879, 0.03065921792408555, 0.008844791522303748, 0.0027650812726438497, 0.043159813631855865, 0.02407490297807754, 0.046834816195987734, 0.007618934078035131, 0.04038984581201691, 0.02821337159387145, 0.011266623819686544, 0.0007106824381687952, 0.0031152102763865094]
                  , [0.010698770181397631, 0.0012489588333029439, 0.0022661417531951614, 0.003126853196364929, 0.4269940509049641, 0.0029968695923891773, 0.02080048692871912, 0.011984923511225236, 0.003380042543855606, 0.049601366167613674, 0.012356395969703048, 0.004597232834788584, 0.001818427914775452, 0.004819906376855969, 0.0040051064441042235, 0.008782639293821193, 0.007353773945200532, 0.013114062577668374, 0.027228346160137234, 0.3828256448699178]
                  , [0.07866601831770101, 0.012650219914409289, 0.021478518554123943, 0.03222477819497681, 0.008597834150841713, 0.029684949962357373, 0.02675978645788929, 0.01895978524780608, 0.11632550881304127, 0.027013440160151246, 0.014546134546333803, 0.06395428582814083, 0.01503408268047958, 0.05159558943113498, 0.1075550877545751, 0.174261828636699, 0.15669325240645884, 0.03106821697126804, 0.003088019126409265, 0.009842662845202568]
                  , [0.0955594653267975, 0.12994581371181702, 0.030606331093911084, 0.037285727763143234, 0.031285391886792274, 0.04914419451366982, 0.031280703406090134, 0.03686724548513797, 0.04206569747611754, 0.06057981170522154, 0.022779119338923758, 0.04477611960551403, 0.02609580194235965, 0.04057742314307486, 0.05117855416851691, 0.10589699334145239, 0.06789535722857767, 0.055489711361716945, 0.01060541370937293, 0.030085123791792786]
                  , [0.08289534293713015, 0.0051517289810265425, 0.23377498123802787, 0.16605807087290675, 0.0024431597993235395, 0.08060853296816686, 0.023439963009126777, 0.0044441168387036, 0.04519820813519579, 0.009800476337756448, 0.0035053727880281476, 0.0909998206030349, 0.0282242146523924, 0.052482806518471585, 0.030578787305624213, 0.08518106829167992, 0.04141315146725303, 0.009755631562466501, 0.0010083784393057392, 0.0030361872543792842]
                  , [0.12006431349120035, 0.006561653029919924, 0.03735930863142107, 0.04997245319160383, 0.005158053524691826, 0.04403761525255587, 0.020781624876460594, 0.009604163247054667, 0.055181234876163436, 0.019921404125428817, 0.006237590447945407, 0.04042302389323811, 0.27245832202703696, 0.04591709755757709, 0.04340200992430957, 0.13669389479624455, 0.05936494797287872, 0.019337411903029622, 0.001686471349249524, 0.005837405881990215]
                  , [0.01042869970195662, 0.017140985812447204, 0.0027754110212286306, 0.003547854951140893, 0.3158423061947091, 0.0036414482092547392, 0.04900826159173581, 0.014413424654330934, 0.0045997631436416496, 0.039433099223498934, 0.005766008014870575, 0.01108246754108135, 0.002537755943644077, 0.0065986504124528386, 0.006706528990773197, 0.016787392284836666, 0.008610430146719993, 0.016430029184943754, 0.014289484942117597, 0.45035999803461535]
                  , [0.10663719561362349, 0.0012035647689835043, 0.03660544978787916, 0.02181906087793412, 0.004891341803522305, 0.5551820753035602, 0.0089749985682999, 0.006969400400679452, 0.022288483622893804, 0.010248744210355617, 0.004580541018547236, 0.04292788800569826, 0.016233327325169366, 0.01847178212412234, 0.018871711314982654, 0.07396191309023857, 0.027384189602277353, 0.01339591763870738, 0.003070065819248724, 0.006282349103276532]
                  , [0.06207596272185449, 0.007218710785415257, 0.04156285881260119, 0.05079267902022875, 0.05734783042448797, 0.03259409845016463, 0.14069583320009293, 0.021572114064728247, 0.05077112782914236, 0.048109864059369185, 0.016279028338288294, 0.05526746637621184, 0.017455263240746505, 0.060814034598291225, 0.07037900715331526, 0.059101085474490875, 0.04642880518196973, 0.03308288202001544, 0.022484563772283295, 0.10596678447630271]
                  , [0.22033405234703998, 0.009490357621702437, 0.045447040285828764, 0.04506864434399593, 0.007354936947061244, 0.26897019051739035, 0.018632250243497316, 0.009724592862132368, 0.02230312866794774, 0.020441448009115563, 0.008018499652570744, 0.026273166862652686, 0.032895888511055904, 0.030603694115716118, 0.0385084447436329, 0.10919796039285622, 0.04788099489391601, 0.02822683470313231, 0.004512501246168379, 0.0061153730325867964]
                  , [0.03154229245100874, 0.006125978311286094, 0.004178851822119124, 0.01247440602791415, 0.026884906179285375, 0.004687474885874163, 0.00655365319609991, 0.21434177287492048, 0.020223937260898203, 0.3181949645094747, 0.09026149422304226, 0.007297575088051902, 0.003405665476423381, 0.02031182583536087, 0.018186441223788853, 0.015458813517381906, 0.03157191274156341, 0.1579038463138191, 0.001086928018084148, 0.00930726004360347]
                  , [0.016755323896336778, 0.0067986176958584575, 0.0006966573720503027, 0.0010868765777493157, 0.005450970241505097, 0.0011750641598859645, 0.0008234777095438614, 0.39245747729844993, 0.001150487081782629, 0.061309143408454364, 0.012165791978162869, 0.001108770265551513, 0.0005401328691546694, 0.0013014050303689839, 0.001280902468992668, 0.003456416454893761, 0.013350804682357848, 0.47807393846517066, 0.0002106339570734733, 0.0008071083866570601]
                  , [0.02086737900349864, 0.007550021392953447, 0.000637757356686486, 0.0012371020266020239, 0.017281342689474344, 0.0014370733154821832, 0.001019696712111315, 0.39495489234095504, 0.0013533615450393882, 0.1464389888448286, 0.031142558931994094, 0.0015977960560110427, 0.0007865027606447462, 0.001528808295089097, 0.0013185601711628236, 0.0043768171050574635, 0.01570127716576013, 0.3453960090809073, 0.000241795206198434, 0.005132259999543301]
                  , [0.12283678558216284, 0.0012814082536817238, 0.12148510720856857, 0.11968172913529994, 0.004633728322736167, 0.07690852195118049, 0.010349874946224203, 0.008264697470298725, 0.07803539853275376, 0.016836712556368236, 0.006701097034334814, 0.07299065819362871, 0.04184076604768514, 0.06486240349153183, 0.041229256073899455, 0.11470210660817871, 0.06901892057459212, 0.020091558361051948, 0.0024340370346083036, 0.00581523262121445]
                  , [0.04052122149942437, 0.0021574255675355664, 0.0016887136182606466, 0.0030399400119071915, 0.01326630177823858, 0.0038184507387828016, 0.0015022426541864496, 0.3310074008639376, 0.0025969812810771624, 0.08691713522892384, 0.02655898649276307, 0.0031784625845286316, 0.001807250283242763, 0.002359916947130561, 0.0028676670210341917, 0.00895730956450174, 0.028740689430940037, 0.4367683703870794, 0.0005729452814214652, 0.0016725887650841005]
                  , [0.1490580979920429, 0.015787900815038013, 0.01570798764039906, 0.022043466809051063, 0.010197821322164447, 0.02931599397881088, 0.01654056119890018, 0.025355452135737297, 0.02138975457175187, 0.03780888955559429, 0.014350328814359851, 0.036004723683282606, 0.19341718117425502, 0.03171379176721467, 0.021173410457376515, 0.17111351924468077, 0.12850656602015365, 0.049861081759854244, 0.002436326109837018, 0.00821714494949565]
                  , [0.025250457298958976, 0.006002425209042869, 0.002126293412123685, 0.004435113971802948, 0.013592533567521017, 0.0026494867371077654, 0.002797218624755897, 0.36145681940728064, 0.004835086270847341, 0.12436994149816981, 0.024054915419411182, 0.0031537222685586613, 0.003682633268380815, 0.004541954465519891, 0.004241229204659012, 0.0075642142362266716, 0.02265700504709182, 0.37082579256154297, 0.00426615658845368, 0.007497000942544474]
                  , [0.07312842153455495, 0.0008313625720966995, 0.22448839553890632, 0.25006044145301226, 0.0016112217508253831, 0.03440657253385494, 0.023038449637336495, 0.0028892773739041073, 0.07464463843510454, 0.006504900186967316, 0.0019004498891619461, 0.07813012719876411, 0.012600009112926969, 0.07587521311158624, 0.03571410460525522, 0.05937352523603262, 0.03264357730165602, 0.007190073179603799, 0.0005136763852575173, 0.004455562963192413]
                  , [0.05854963019785608, 0.001570471513860729, 0.1503217713420338, 0.2303558903787462, 0.0032054609523606992, 0.028409551594693442, 0.02531967406003411, 0.0057780360847454245, 0.12316535590688119, 0.011806507927761865, 0.0040947577068915775, 0.08297501359992347, 0.002842465089559433, 0.09595132743257768, 0.05453140831973945, 0.059521866215752214, 0.04154821091047029, 0.010695432121952836, 0.00045430893489252944, 0.008902859709266998]
