# This script is generated automatically.
# Vector of amino acid stationary distributions.
distributions <- [
                    [0.08194619711013894, 0.007551143984737665, 0.06522423474785377, 0.09828206940264386, 0.011896274182750468, 0.04345599694349998, 0.04449424362822277, 0.02521231207883928, 0.08063741420901642, 0.055369589202483846, 0.017269903798411305, 0.06203737871915489, 0.017171103262122015, 0.0878177117710021, 0.07240362057975978, 0.09128818122877133, 0.07003029727803024, 0.05159048439050175, 0.0027677569246038784, 0.013554086557455847]
                  , [0.07271404531573884, 0.018565943009259317, 0.020953067399501493, 0.03892155422055864, 0.05981670139604293, 0.025635033925213522, 0.0590283640885178, 0.05452757770903544, 0.05439539456268027, 0.08077296277225261, 0.037217474787256594, 0.05477466443603639, 0.013982342648329973, 0.05858495715713414, 0.06315269099503733, 0.08413596795079556, 0.06759585887882238, 0.06434815867842261, 0.011176783764359618, 0.059700456305004757]
                  , [0.11877974608030963, 0.01558311376269038, 0.03559860443432372, 0.043629026241338145, 0.013890292183194342, 0.0614344766009086, 0.02397847622085082, 0.020827233237224723, 0.04821512787843749, 0.04696266310926272, 0.01559820607938542, 0.06487519658057639, 0.02257739017871487, 0.048899709898665586, 0.04939909121116245, 0.21064953688736918, 0.09576690860652533, 0.046752625579904956, 0.002936746283902872, 0.013645828945252226]
                  , [0.06496778368219246, 0.005770822014472574, 0.044278225259434215, 0.07702972669573546, 0.00650468814740177, 0.03604554723724802, 0.03843517175459288, 0.017387964278905054, 0.1784952178877416, 0.0413157957304834, 0.014960839939617958, 0.0650569242074523, 0.009565203726756233, 0.08882688220651093, 0.12166770580543741, 0.08028079482123578, 0.06266060370770786, 0.03644917685618412, 0.001985723794755341, 0.0083152022461347]
                  , [0.047314933892256016, 0.006783277608599394, 0.015983012920148556, 0.04952079561300709, 0.006876576801653722, 0.021117210504490835, 0.039871758398828096, 0.015292683030617602, 0.23342727472781472, 0.037852120093875556, 0.014020830730966188, 0.04826768745508567, 0.008521186204134158, 0.07951306816910497, 0.23723246456360972, 0.05824124179880976, 0.04670923492621991, 0.021674024664243414, 0.0027984373838034395, 0.008982180512731263]
                  , [0.06724604239825181, 0.005006218223664511, 0.09997810609005213, 0.2320752637630785, 0.006957681967957569, 0.03338140628443239, 0.03221690924364628, 0.016824956369309585, 0.07712858968195806, 0.041441112079214124, 0.0127008010176023, 0.05051352922488149, 0.009049274566587304, 0.09682531057686093, 0.054329902158627354, 0.06154843255818667, 0.050887064116627696, 0.041044699952633136, 0.0018804769505540069, 0.008964222775874225]
                  , [0.06136984293877619, 0.011046459191417527, 0.01716286854325244, 0.04873181567033094, 0.014833273738721377, 0.02717527443482288, 0.05585181326624247, 0.025980629441166213, 0.12111927506822717, 0.06028302060801449, 0.01924061918611235, 0.0494977594596263, 0.010866329425227916, 0.07555180918303475, 0.20796515314064917, 0.06912972010574629, 0.054818391410764285, 0.04467105608394766, 0.00624455653064297, 0.0184603325732766]
                  , [0.10074396316798494, 0.007040175702472934, 0.01976825418016385, 0.04246543816577498, 0.012151489842198647, 0.03684081579438389, 0.020520208035466222, 0.03979471675810132, 0.0490750879738943, 0.06030964879236797, 0.01392627208752892, 0.03714942037574363, 0.22178575139412898, 0.05264774981365282, 0.05112468957246778, 0.10066546009029056, 0.0662504016709639, 0.05436848605407493, 0.0027532987219809502, 0.010618671806358348]
                  , [0.0649073736813388, 0.01035121489476519, 0.011310914848866854, 0.03603005200058291, 0.050037991092020534, 0.014171728925392639, 0.03414152838341116, 0.0748784286491251, 0.04636768266687414, 0.20803367034465775, 0.07854649572664833, 0.02630222692582331, 0.009361023049295909, 0.06377437785798527, 0.05504972731782611, 0.05973805119054906, 0.05530566761214899, 0.07267678666338465, 0.0054651670682488865, 0.023549891101054432]
                  , [0.0814750340684365, 0.01045518023082746, 0.013700884841623504, 0.04823228910076111, 0.020100490422413568, 0.013671959750707736, 0.015033706495711369, 0.12735598145230703, 0.04991403181698832, 0.09912132476474678, 0.05473672722072223, 0.03492523207543867, 0.009324929201959858, 0.04794762007553691, 0.04539934940778801, 0.06663933672114133, 0.08852888447858656, 0.1568653808602015, 0.0028280893643066658, 0.013743567649794971]
                  , [0.06108699770276691, 0.0032845545133879184, 0.21622649306861302, 0.26287333068958085, 0.004552902983318023, 0.03863752089955237, 0.026783339201770714, 0.008807279733706286, 0.05334579804027654, 0.015570740812144471, 0.0068736521813252864, 0.05918229368635875, 0.011491003500325565, 0.06811513194407394, 0.035305126110089936, 0.06126018247299127, 0.03996451550026637, 0.01929895256006206, 0.0010136662892497672, 0.006326518110139978]
                  , [0.06106420725942663, 0.010284160446599043, 0.005450492149492453, 0.0113992374004732, 0.05852613192311565, 0.009950498985288304, 0.011104477408087506, 0.16360794853487412, 0.014953016441197566, 0.23341139310040684, 0.07980583815830011, 0.01176469517766259, 0.007604710623213747, 0.019967755944241487, 0.017806657390007127, 0.04362928852626009, 0.05924805241438068, 0.15495108378001668, 0.004569853095885796, 0.020900501241070374]
                  , [0.047815877762851185, 0.00200702972900468, 0.25065725783784926, 0.36053146597714447, 0.002706775691702354, 0.030808822144091242, 0.01702172872129693, 0.005628385497167183, 0.040056511730824335, 0.010190608795507879, 0.004607863407079238, 0.04455813191956924, 0.0072405742421940205, 0.06075682113223644, 0.023399563276444445, 0.04477993888597401, 0.029225172393971866, 0.013252507842445044, 0.0007083946004215017, 0.004046568412224787]
                  , [0.08644333168488809, 0.00522673531689394, 0.01598515106147377, 0.034230928239652146, 0.007553073111744663, 0.02662533202471127, 0.01382868547142524, 0.024968612324251824, 0.03780589181743708, 0.046553787448020675, 0.008746250064075992, 0.023955161501975946, 0.4126352043235246, 0.04125484744372008, 0.03697091656112915, 0.08018432302792186, 0.049335262348815204, 0.039286832035245446, 0.0019462629611336467, 0.006463411231959544]
                  , [0.03611144742060285, 0.004888764850074838, 0.008962689447001944, 0.03338414638973264, 0.004420498908712965, 0.014976788275671055, 0.03386249196077804, 0.010304116174882751, 0.2532277826404356, 0.02993853621376344, 0.00992438264647002, 0.03602165132011836, 0.0050925427724228456, 0.06648296784885972, 0.3510350520833423, 0.043859448437553364, 0.0344555719185055, 0.015135337162503258, 0.0021187408247372776, 0.005797042703831284]
                  , [0.04422590647174702, 0.004065441736320378, 0.016159174522213972, 0.05046530330644063, 0.004003770608513342, 0.01880557898095108, 0.026172576667029962, 0.011803796713245196, 0.34522382760338227, 0.027902441450150417, 0.011982166087322563, 0.04924334325696572, 0.006594030904988383, 0.07243486301942917, 0.18764058172806494, 0.05290246544112622, 0.043394662556196284, 0.02054859481334746, 0.0014734516745902734, 0.004958022457974625]
                  , [0.06300491936136253, 0.006027925902819486, 0.20126137599984917, 0.12939435682299172, 0.00788803366072472, 0.058006966470641026, 0.04269326203477701, 0.011522365290780387, 0.05915574496890033, 0.02024766892749575, 0.0089587232864482, 0.10008498330426895, 0.013412556887346626, 0.055796600325478875, 0.04567407621923691, 0.09024149680497923, 0.052817822651569535, 0.020121304416362628, 0.002218084354601898, 0.011471732309364858]
                  , [0.057451322876266135, 0.010923972293918931, 0.07301387870505899, 0.04830969018361089, 0.012643155199542672, 0.053807233423570376, 0.06630489294670022, 0.016993697918855032, 0.0612355119834875, 0.03825864255671055, 0.01273672184654085, 0.20924727924028513, 0.009985625513174952, 0.05639273250734283, 0.054249364035825774, 0.10800629409567204, 0.0625367094754123, 0.02343592401830951, 0.0032763222836705895, 0.02119102889604492]
                  , [0.24560874237784286, 0.014432865327390567, 0.019277248855563586, 0.03569682076076167, 0.008309016118908278, 0.06717093687154035, 0.011860961130736163, 0.015436570449970252, 0.02997942661928336, 0.032206136484335735, 0.0118943019969923, 0.0473786793086249, 0.01769377735237547, 0.03571277517568978, 0.026875771200182114, 0.23734604402494616, 0.08982927411825961, 0.04440469276755748, 0.0017298779357983241, 0.007156081123241092]
                  , [0.09340545046045848, 0.01222177791695667, 0.016004883988510202, 0.038695294801813544, 0.014486163307411527, 0.024289796331979124, 0.015748511595289037, 0.05741874514209392, 0.045725821257093464, 0.05775910403781554, 0.04131560953143936, 0.05339835194587579, 0.011473929556089835, 0.043036774481003966, 0.04135012906992012, 0.13360558246420307, 0.21101488360229786, 0.07465573757200383, 0.0028287906716364265, 0.011564662266108255]
                  , [0.04174989119632287, 0.008275945684839876, 0.0029287954828422225, 0.0062918026187866495, 0.05388228322950889, 0.00594468649055504, 0.006141961966080512, 0.17217394059094346, 0.008213786496911261, 0.3556242454869198, 0.09023689605705258, 0.006401105424789699, 0.004958084991929146, 0.010945686304340934, 0.009232816349848166, 0.02509599011557084, 0.03872146421648638, 0.13720559532997975, 0.0034195451388381475, 0.012555476827453848]
                  , [0.2606817744651263, 0.0217508316384459, 0.012893440966592899, 0.032826111583038296, 0.0180575888301792, 0.05687939244295906, 0.014018498095716675, 0.05208172273601609, 0.02538544823175151, 0.06535267245782486, 0.037995837014522305, 0.024093114679594043, 0.015027735403310422, 0.035579115442606224, 0.023119156010663514, 0.10970686970172679, 0.08034401101819653, 0.0972553416540848, 0.0034303007715786307, 0.013521036856066428]
                  , [0.02466167942725704, 0.005675265740578357, 0.0014257483172904213, 0.0028184362461849597, 0.044968108710525936, 0.003049824175008709, 0.0031307160505817788, 0.1838445917705759, 0.003607160824327818, 0.4595867180455623, 0.08519929139236276, 0.0030268942327319076, 0.0029135762762216195, 0.0052873221067927965, 0.004443451950794122, 0.009322768122889577, 0.021067600077527567, 0.12656592975678158, 0.0020853951045255153, 0.007319521671479204]
                  , [0.030342973215290992, 0.0033975553189527345, 0.007925095870151843, 0.03079622106008217, 0.0030831067873911128, 0.011385256503717016, 0.0230919917026034, 0.00859349231706906, 0.3781704590929091, 0.022806354528032702, 0.008570519702993482, 0.035229551092884163, 0.003898651792633876, 0.058774634184056714, 0.2876520381729756, 0.0371404909281282, 0.031858243223069155, 0.012180674722187425, 0.001305365399389061, 0.0037973243854822706]
                  , [0.09478119846235591, 0.011067768645971868, 0.05832735631091275, 0.057620191137663763, 0.010470374611036887, 0.23020971969160567, 0.023678808416119617, 0.013532702301405818, 0.056134713940367696, 0.03130056591552153, 0.011293777066922008, 0.0694369755981644, 0.014920780685133783, 0.045104509716717096, 0.059196608398685235, 0.11544799118175682, 0.052604868230154866, 0.030682243235414925, 0.0038161686468719744, 0.010372677807217352]
                  , [0.1091605703377252, 0.011314555242576768, 0.016921725288429716, 0.02405881138143125, 0.00810424830505055, 0.04474985923974963, 0.012030942398069325, 0.028309609791633675, 0.0339093854407081, 0.03335285933870286, 0.01301386239991703, 0.06519110442286882, 0.015328723723483323, 0.03446667239458381, 0.029655303638059672, 0.261677500674923, 0.20611735634947362, 0.043626171178395276, 0.001747951045163999, 0.007262787409054503]
                  , [0.08042957687653149, 0.0065017896165175644, 0.06569945478632394, 0.053755574330825034, 0.005704661902623031, 0.06535454997846173, 0.036940610459643114, 0.010481108838694225, 0.06158063124323515, 0.015752512801912043, 0.008411310101363104, 0.1397988284547153, 0.010365704952515854, 0.0552098301328559, 0.050021954589404755, 0.211227637595513, 0.0977217287247268, 0.016734831896090097, 0.0011915013506368143, 0.007116201367411221]
                  , [0.07894653690942183, 0.011854357282299435, 0.007324727403021098, 0.02641519592167168, 0.026233149144703684, 0.01003722278076243, 0.008742498239748653, 0.18112917212790144, 0.029340864689057212, 0.08885799747788801, 0.046592431479631324, 0.013679946410263008, 0.009034024727892396, 0.017233604542341702, 0.026146918214066252, 0.04802475665203223, 0.08054372623963689, 0.27681472516655314, 0.002286104605615246, 0.010762039985492392]
                  , [0.08154089497622777, 0.003794510129064199, 0.009093408054395992, 0.021172368493829957, 0.004537858432475494, 0.019976804252108467, 0.008065971948756828, 0.011750551024758608, 0.02296779765356143, 0.028608360090137862, 0.005034758311697054, 0.009702630655501908, 0.5945947085587545, 0.023595585783349363, 0.020964034668598364, 0.06657620947073795, 0.03527171911670907, 0.027648413410995415, 0.0012378553926509072, 0.003865559575688799]
                  , [0.1577464777720534, 0.0041000792624494185, 0.07226361930045373, 0.1280500685192288, 0.004351611428595264, 0.052101308966328724, 0.01780032198726109, 0.01151768335190191, 0.07439651071729504, 0.032959980668737565, 0.010196739470741905, 0.05415988104965201, 0.008361634736304585, 0.0817152655589533, 0.06070118886821645, 0.1147452768854648, 0.06991174819661618, 0.03862830541223027, 0.0011755206110766554, 0.005116777236438756]
                  , [0.06880703828582016, 0.0026023684391101396, 0.0634630544746765, 0.16590674813855566, 0.003068277865422449, 0.02649301766566082, 0.028650006374557516, 0.008958145491733155, 0.17781361380286576, 0.02696948146436385, 0.008619911736213664, 0.054508965367598416, 0.003992073873769816, 0.11123195470789443, 0.11785133509528165, 0.05796553717347416, 0.048305465045330266, 0.019421232425075877, 0.0008652350951658222, 0.004506537477430105]
                  , [0.04690866443219013, 0.00885964167702506, 0.006045418267715661, 0.013177397487475805, 0.04919978512534339, 0.008297915352191135, 0.014130890633445992, 0.08264357770092172, 0.02887737250914758, 0.37707618677915195, 0.09253968162589375, 0.011950540113341956, 0.006716346710518097, 0.04255616082426638, 0.03598199570121137, 0.03758043374574246, 0.041436740969103894, 0.06853623972338833, 0.004422948347890978, 0.023062062274034217]
                  , [0.050789538980868604, 0.010887286933038186, 0.03683717611261519, 0.03989581535639687, 0.04338654354220275, 0.018848261129201214, 0.22247500173650958, 0.016479935352731796, 0.04586807839920888, 0.0503620439546317, 0.013019439789044079, 0.0830840485426763, 0.00962343898418771, 0.08208824069519498, 0.061078824673511715, 0.06635833686960103, 0.04463946137674249, 0.02323699708238494, 0.005189829660477545, 0.07585170082877447]
                  , [0.03118081627443203, 0.00598344526575544, 0.0010321698767803739, 0.0018105042765024296, 0.031020142986454943, 0.0028353655667933157, 0.0017478666674920118, 0.34173720329957363, 0.0021150712906780962, 0.18732570776292687, 0.046726775369659614, 0.0023461770920786295, 0.0021802165033019123, 0.002595533686090337, 0.002370707314418431, 0.008040378724076471, 0.024558106242956724, 0.29911017230691644, 0.0011180661299625477, 0.00416557336314989]
                  , [0.3449481214298794, 0.03362253865606725, 0.008599374548271688, 0.011000569002531138, 0.006138183735695168, 0.06522299104623686, 0.005738606664623108, 0.010433573857057692, 0.009155762410793468, 0.02048825630670807, 0.007565619372934354, 0.02764484417217233, 0.011261978634336174, 0.01413164957215316, 0.008945859894256546, 0.30318882218357035, 0.07086846391166084, 0.03521148708904117, 0.0012552454297286182, 0.00457805208228255]
                  , [0.04177466539015239, 0.008670150658001972, 0.0019271363517599407, 0.003497118860806617, 0.02997295529359503, 0.004468035083017438, 0.002823574076152304, 0.32238459666080976, 0.004127799297263804, 0.13579704222341532, 0.04232226143563234, 0.003954243080552713, 0.003356046282584499, 0.0044249156415256865, 0.004111285241836143, 0.017746798392039284, 0.0371016667614966, 0.3241674369954044, 0.001339170985949445, 0.006033101288004385]
                  , [0.023979492708947402, 0.005400176856876668, 0.0011297788183635663, 0.0021765502081565083, 0.03899581456813239, 0.0024980867377871543, 0.0021278792908884002, 0.3000678083893631, 0.0026402842005499444, 0.3220298961176948, 0.0638587221772526, 0.0024620572274758404, 0.002179950017794007, 0.0034625019307613202, 0.0030087440640524945, 0.006744613572668158, 0.02083378770277504, 0.18914877680608339, 0.0014547945768811563, 0.005800284027496169]
                  , [0.025408598627447435, 0.006971575321382139, 0.002692092080868177, 0.005125506540627076, 0.053103812955522973, 0.004500307051577447, 0.006438192090351306, 0.09351222258137269, 0.007311971601533542, 0.5569085511185607, 0.07969861647716292, 0.005487082169169728, 0.004700897199070139, 0.012260290253629952, 0.008733657450675609, 0.018237372303865358, 0.022493641174511476, 0.06834089593808204, 0.0027648804897878946, 0.015309836574801044]
                  , [0.03565866215024237, 0.006972053090368221, 0.0017146295097053394, 0.003790062872142453, 0.03876819678784759, 0.004022579045402205, 0.003648331901137343, 0.26333242413671903, 0.00519833177185821, 0.2767265160426601, 0.06927173101669039, 0.004300554441390396, 0.003022996608078815, 0.0061504302982457616, 0.005945837139358095, 0.01581375921534092, 0.03288560793365477, 0.2123697221047869, 0.002206784732976128, 0.008200789201395001]
                  , [0.04506169680805828, 0.004805492274461373, 0.3750915940833647, 0.13076943809753458, 0.00559974913167408, 0.04323420362324839, 0.03265253902188853, 0.008067671156541938, 0.037776969148023365, 0.012424934990569786, 0.006212102006386612, 0.10124070055317484, 0.00912812388070022, 0.038935120451656056, 0.026618869386241976, 0.0628149195199415, 0.036801893299506803, 0.01340559333694004, 0.0015638536626512722, 0.007794535567435582]
                  , [0.04746164462290137, 0.008784317944865961, 0.003974769157110986, 0.008585907396963587, 0.03550455002503503, 0.0064840421040738925, 0.006559675322418803, 0.2640614015165797, 0.012880254291131484, 0.1775105155415125, 0.0681003280497517, 0.008785691449429362, 0.005573652809289902, 0.012462282917201199, 0.012950107095892557, 0.02922556973043236, 0.05548705020358713, 0.2226641197832685, 0.0021867299087433858, 0.010757390129810617]
                  , [0.05654793157874079, 0.006640579426775597, 0.02089180852341638, 0.08068535178562397, 0.00947137292821365, 0.01790668683022562, 0.07373155004020276, 0.019488970530229854, 0.06270182130630352, 0.06361617798153105, 0.03895247698711791, 0.047302642274918316, 0.008782672554462304, 0.2722163792531299, 0.06369689309804075, 0.05612603698499321, 0.0482407644108279, 0.03823032269946502, 0.0027772445156804522, 0.011992316290100792]
                  , [0.05683346939624433, 0.01533803093074617, 0.013641210623056873, 0.018181820263947504, 0.12015132594976652, 0.015038575047322374, 0.08770873645485715, 0.033178377964465634, 0.023599596191115846, 0.0648321532075454, 0.017257117294464077, 0.049871870883266, 0.007163519290401692, 0.040771559302816666, 0.04538806519302732, 0.06414091419545973, 0.04638430370550489, 0.04484096620779921, 0.01247387791396702, 0.22320450998422564]
                  , [0.05757389108036396, 0.011086282700798838, 0.003668334827541539, 0.008733679449656306, 0.023329758877031013, 0.006073704493068608, 0.004781706290751795, 0.2575879145246367, 0.009895617620408758, 0.0829145342784752, 0.03580502724888783, 0.007484726436821115, 0.005453339744482609, 0.008025910777393619, 0.008415820106598502, 0.028697995094108843, 0.05688662921692354, 0.3752380987392368, 0.0014742628561883206, 0.006872765636626044]
                  , [0.05769590947933607, 0.0031678679830167266, 0.10754362927906007, 0.39926201435895786, 0.004405352236345768, 0.026817717324065078, 0.01512178695487818, 0.011383234399580193, 0.05680856026076157, 0.025002598965038328, 0.008046583019939605, 0.032583885951464636, 0.006609881627512564, 0.0859193681554482, 0.03576515504067752, 0.04379400375518513, 0.03887367963597655, 0.034030636846251336, 0.0013632603225954176, 0.005804874403909131]
                  , [0.05928752793918385, 0.02067634616648966, 0.006748060748618191, 0.009551667742110772, 0.20689020701988356, 0.013484008459889006, 0.02796042066902743, 0.07493460698941694, 0.011778276706276111, 0.15541895164415925, 0.05614640744360892, 0.01424368512353331, 0.008662512112522476, 0.015054863220386796, 0.01580052756331622, 0.05790690512958902, 0.04765401333526728, 0.07973157099610526, 0.017430685059665857, 0.10063875593095001]
                  , [0.04090958212719541, 0.016162544653115715, 0.0069114419576484865, 0.008582644268545818, 0.24519369030313373, 0.009492696463387306, 0.051999679894039266, 0.04217065243682999, 0.010782140895409858, 0.08078975642729495, 0.026327119771503357, 0.015483290685385846, 0.0056538383056989805, 0.013749186833415465, 0.014319198380954544, 0.04341795435192955, 0.02990349821430801, 0.045854925122330296, 0.03950803071600394, 0.2527881281918695]
                  , [0.040119740863219795, 0.002198805132109343, 0.3834593704355229, 0.23143107563449627, 0.0025579549470539156, 0.03521040324364583, 0.020776651778139494, 0.004225922612087468, 0.03580872184559609, 0.007123576179928722, 0.0035267034361690015, 0.07378035343984247, 0.006384446315520145, 0.040295141684518136, 0.021034837518678053, 0.05068007055469153, 0.028608003912616236, 0.008033841023184923, 0.0006193309194393317, 0.004125048523540181]
                  , [0.018175318402761445, 0.004139859538993893, 0.0007719140284035143, 0.0014022183244461206, 0.034541947218321926, 0.00175102482726627, 0.001578941260035128, 0.24303039427710682, 0.0017779707369994589, 0.4441629027906897, 0.06832523457065331, 0.0016908413356150522, 0.0015630333339968475, 0.0026972236400189874, 0.002158939159852653, 0.004559513815875832, 0.014862801539943949, 0.14775321551503987, 0.0010519808698561993, 0.004004724814123005]
                  , [0.015116258113842821, 0.0035324231470868868, 0.0009032794693503682, 0.0015935559532831, 0.04335378944560775, 0.0018702870854336087, 0.0019452570565731734, 0.13988395108897664, 0.0019787967468023436, 0.5840062661308907, 0.08917499804279169, 0.0018337797084718678, 0.001663329630230942, 0.0033698504880733354, 0.0026609572255396645, 0.005007071628856028, 0.012824357236398912, 0.08358237134909907, 0.0011404953118519731, 0.004558925140839121]
                  , [0.1248037696910489, 0.03888097744682555, 0.023950269938989938, 0.01693658527584649, 0.009693317099196902, 0.0589582599552432, 0.011508938499081803, 0.011558249819485248, 0.018845588868853333, 0.026744360441063295, 0.008631725746259457, 0.054500987757277214, 0.013135434191281239, 0.022984433528842864, 0.026643395711690502, 0.4009299837524554, 0.09245296061489615, 0.028112294787615164, 0.0021328744243280227, 0.008595592449719284]
                  , [0.046002119217344775, 0.00820375489939281, 0.010519973146232778, 0.0320372985497576, 0.008017447025926988, 0.026345543888309033, 0.043919787536677884, 0.015985958502949798, 0.12456360226006914, 0.042532644334166904, 0.012550235232313224, 0.03471080455160122, 0.008116148342804386, 0.06097240519814695, 0.3921404027272241, 0.04913178137379347, 0.0401334046831112, 0.029718451350619464, 0.0041554170320975406, 0.010242820147460727]
                  , [0.4497237617748875, 0.03120437770661448, 0.009677501720001607, 0.023476598315993556, 0.008135733351924017, 0.06116939311216724, 0.0073580996059572894, 0.026394695574679102, 0.012150694671700392, 0.03285528188995127, 0.012204640671356612, 0.021958137265003615, 0.011304712614299979, 0.014462195449122237, 0.011917433744065545, 0.13521399193457104, 0.06341520143909002, 0.05895247420125442, 0.0017568686454141219, 0.006668206311946035]
                  , [0.26281389220238266, 0.04735162405950788, 0.004988369371070706, 0.007969532368235981, 0.01339098911031871, 0.04319094244777273, 0.005086957480302759, 0.058246076887601535, 0.007381573627020096, 0.04826953189981062, 0.03001218025470024, 0.013184588259933228, 0.009205116424548831, 0.00889861916935302, 0.0073763679635485005, 0.15183066483855764, 0.14836495092722515, 0.12441062273500283, 0.0017422435500270873, 0.006285156423079826]
                  , [0.03410783679349191, 0.0012193721646900938, 0.3170868439479698, 0.41452061787691247, 0.0016279819735876032, 0.02278608247071012, 0.007749499057535025, 0.003452882282315699, 0.026847245124314245, 0.005785559498710187, 0.0027777906153361727, 0.0360938362467145, 0.004840525640211183, 0.04444387023130818, 0.013129314504692043, 0.03256663835393197, 0.020193202884045813, 0.007915123811603019, 0.00039609090411853995, 0.0024596856178016203]
                  , [0.08640863883708193, 0.010249737032692028, 0.04531513991905083, 0.04190845945652322, 0.008578544510423688, 0.40926092193251357, 0.01426795442855877, 0.01084230501581248, 0.036030571031219726, 0.024466071375146073, 0.008744582399694209, 0.05496628543163873, 0.011399515839589916, 0.03072654681204789, 0.039022972110726264, 0.09278095856398696, 0.03920853162936157, 0.025009201872380035, 0.002850587464299192, 0.007962474337252796]
                  , [0.022320964965350888, 0.0032003596736199266, 0.00436163995482863, 0.01858950412615472, 0.002526114671302918, 0.009031095200690101, 0.025013572144167554, 0.00688286840884296, 0.2976220813451116, 0.019537457244926504, 0.006379734531047533, 0.027406975547561524, 0.0030508820898448308, 0.0481631054449883, 0.4396162442501936, 0.02927477337204225, 0.02378449828865631, 0.008291047543708938, 0.0013078412042799152, 0.0036392399926813757]
                  , [0.0288374033550643, 0.007223107267911125, 0.0008579188570926904, 0.0014779220615813431, 0.016160104469969856, 0.0021005519129663227, 0.001168099884069001, 0.33666590143174147, 0.001634222608137915, 0.12155276902502195, 0.026618983493499886, 0.001728128743028042, 0.001648587037980966, 0.0018315411382393862, 0.00190936066161914, 0.0051755305337416475, 0.019279904811394747, 0.4211985187587435, 0.0006000693940902784, 0.0023313745541064927]
                  , [0.015922857243374295, 0.008560645317605278, 0.002977246649048715, 0.004059711702746956, 0.29780984718114945, 0.004102621032491263, 0.0456474559982963, 0.01976138167899583, 0.004738788950292304, 0.04231777270417859, 0.008023573520666344, 0.008031369975116177, 0.0025692008520220707, 0.006298722229497497, 0.006798981003965324, 0.018871133403694822, 0.008905890828017427, 0.02144566604659214, 0.02553282879076771, 0.44762430489148164]
                  , [0.09758044826466374, 0.026599385460468063, 0.001887873793015671, 0.00336610707936347, 0.04416566044465007, 0.017047738496342616, 0.0030804050431834456, 0.17570252687470148, 0.0038758445837477873, 0.18592046504909215, 0.05761976633996023, 0.0044875321412454735, 0.0046438509838901305, 0.0051471155554897, 0.004528341348494295, 0.03473027772728314, 0.0569568061810486, 0.2632377950134546, 0.0024498014153525234, 0.006972258204552816]
                  , [0.023404246658961386, 0.01029230865212123, 0.0035445967771008525, 0.0045039667050056666, 0.37599164797593665, 0.005269248790551901, 0.032692405207924186, 0.034083925152438604, 0.005610028999633417, 0.07734901080398338, 0.023590204581888277, 0.008306774449365542, 0.003465004106641537, 0.006887426892050928, 0.007539462428092727, 0.024416311374847864, 0.012899673642577441, 0.03342014126024765, 0.03202767413115903, 0.2747059414094717]
                  , [0.0644192297089533, 0.009438076889318886, 0.026906041816047704, 0.017530807354394707, 0.005255565039333829, 0.03766379981399437, 0.008609596943273916, 0.009902972172041157, 0.025381537469014108, 0.01393178245637613, 0.007523770574975227, 0.05916144644999804, 0.01068665429177317, 0.020238283836449183, 0.021215022587858404, 0.36399617391496986, 0.26935172764547216, 0.022806087876492995, 0.0012628915500036073, 0.004718531609259312]
                  , [0.06567899041465132, 0.007064951809183828, 0.03974485485981406, 0.03172729611914359, 0.00490143055143639, 0.5863119357709923, 0.009503955175064143, 0.006385547470052528, 0.026049794598638737, 0.010327206277931723, 0.005143002291625411, 0.04384745459969789, 0.006592130110834323, 0.018684571988230456, 0.02936591665778608, 0.0668469524799242, 0.024340029196523207, 0.010842849634118993, 0.0019083023818645493, 0.004732827612486202]
                  , [0.014679311495377368, 0.004551913386763153, 0.0013055522196753736, 0.0023100606281155245, 0.05723985264974613, 0.002375468248619491, 0.0031818564662710195, 0.0892053067804121, 0.003133331153674176, 0.6489463570391726, 0.06922375677717386, 0.002499708543076561, 0.002756787590052046, 0.004981694321659393, 0.003910800963038269, 0.00788215298422788, 0.012385298466275297, 0.057896958553749704, 0.0020975217233826357, 0.009436310009537385]
                  , [0.047644200087303745, 0.014975606155374485, 0.0016352792161220423, 0.0030172284775904683, 0.016665695665985088, 0.0034084373642746394, 0.0020209129810186965, 0.26276448606562813, 0.003070543092117348, 0.07332015380849707, 0.02588873648669128, 0.003034601746642869, 0.002678427811432356, 0.003200330600463981, 0.0032058356881385793, 0.015130087834052416, 0.036161379039636184, 0.4778232096248657, 0.0008814162826937719, 0.0034734319714712623]
                  , [0.023922586483152892, 0.0055610831884287445, 0.0014288115835310927, 0.002456945533937444, 0.018054243117693308, 0.002771851471509946, 0.0020246234738034367, 0.4322552650345727, 0.0030962465107733706, 0.08346372359184746, 0.02820799602006434, 0.002897236188802665, 0.0023220017527128076, 0.002905996967056916, 0.0029581405270513385, 0.00975670185887229, 0.025886896188434046, 0.34578058392858674, 0.0007725731301928255, 0.0034764934489755353]
                  , [0.03043838094418163, 0.002787620502230099, 0.5027153020448599, 0.08721667730770033, 0.0030459952086911374, 0.035563060062252495, 0.025366121912940066, 0.0045667130459575225, 0.026035940577261402, 0.006521726420512354, 0.0032399964469526856, 0.13612399552796242, 0.004648628569632977, 0.02401904277492666, 0.01579675654087789, 0.05308155346040357, 0.02660874681355289, 0.0071034738617280335, 0.0008452964057432115, 0.004274971571632636]
                  , [0.02845776106521832, 0.007520640705399363, 0.0014680658731025182, 0.002525033725419061, 0.14767742322014613, 0.004467697405866085, 0.0038781676473059142, 0.1316805445147343, 0.0030888331497664315, 0.40197899057741465, 0.08418058752415362, 0.00337519489049023, 0.0030172740546642557, 0.004802674681666958, 0.004201675493933851, 0.016244044572120742, 0.021907254990411282, 0.09422504923021224, 0.005686188689490577, 0.02961689798848356]
                  , [0.09121735796382015, 0.01422611946234022, 0.006844185354838732, 0.013709317761447548, 0.012026966817472803, 0.011666653361496996, 0.007819003837531677, 0.11738828117833579, 0.020622075592459956, 0.06891008911311486, 0.046399897431129135, 0.03492884196613801, 0.006949288180631239, 0.017798872659102984, 0.014223069915435699, 0.09274048166350077, 0.23648951919560895, 0.17681162375003925, 0.0019105296416972058, 0.007317825153858054]
                  , [0.020051148620435517, 0.004095898875252525, 0.0007674396696886931, 0.0012535899900877085, 0.025850709264996247, 0.0016591095810556265, 0.0014252118576429345, 0.315762688927782, 0.0013812901292217172, 0.3136098628206663, 0.04336353334625811, 0.001543283166700944, 0.0013708669832665369, 0.002060492939500047, 0.0017898929457767165, 0.003956150509780156, 0.015339504551951308, 0.2409046458289347, 0.0007681630854196657, 0.003046516905582588]
                  , [0.038186784507534634, 0.011379148515789072, 0.0034495024389949785, 0.005092834247084807, 0.19221698265405376, 0.006884066669063987, 0.010729849552431989, 0.08277291144274695, 0.00632294450033047, 0.3288391606510733, 0.07683273204376838, 0.006796193777065008, 0.004561500824450877, 0.00959483719098038, 0.008706103741408714, 0.028155061269594172, 0.028962589972280916, 0.06986403822821026, 0.011385746324925302, 0.06926701144821212]
                  , [0.015106143631330584, 0.002733526706319255, 0.0005263547830425259, 0.0008742423967300309, 0.013850977776379138, 0.0011459983926876238, 0.0006621718950774562, 0.4249662057780222, 0.0009193082224925183, 0.10997765004878038, 0.021098857308384622, 0.001051761487627826, 0.0008487236764937809, 0.001124092239085236, 0.0010144620479169788, 0.00255444423508656, 0.011564718406975498, 0.3880968711128614, 0.0003345490040082124, 0.0015489408506982572]
                  , [0.18455893702234402, 0.043468279919026014, 0.003296122958668921, 0.005431691888693429, 0.0411198518935412, 0.042755831840083545, 0.004235111706769034, 0.10365982294608005, 0.005676572520871439, 0.13788392701733096, 0.05914310260233072, 0.008742637511234991, 0.00599927858042519, 0.007823266704421107, 0.006181344345234641, 0.087555617891934, 0.08882199910167556, 0.15270087537610247, 0.0027690386663778766, 0.008176689506854696]
                  , [0.03979097356156417, 0.004424920324764301, 0.233531911626847, 0.06732372386699281, 0.004842840288988968, 0.053250059736368746, 0.03869103531811347, 0.006741275126114501, 0.045816060213839695, 0.009341632411847194, 0.004557499326344686, 0.25186885005925497, 0.006345320515108544, 0.0344205513994863, 0.030871673308975514, 0.10500195753700321, 0.04594966954043953, 0.008820964458332366, 0.0012442620513833807, 0.007164819328230785]
                  , [0.2623728658547711, 0.028390234073700636, 0.01357811173710239, 0.026384481229372377, 0.011569117229533691, 0.230268548262704, 0.008556045690930781, 0.0168079414722694, 0.013546566453221621, 0.03824221523411001, 0.011856604410208464, 0.03504776835287071, 0.014838036912262263, 0.016297998941685696, 0.01577967690117892, 0.1446181853815526, 0.055852968112663985, 0.04589562775560313, 0.0027984560036437268, 0.00729854999061443]
                  , [0.028340368718173286, 0.011098947369889473, 0.005675044468786198, 0.006816706559940139, 0.19366757524276984, 0.007059998709439468, 0.07310812898334315, 0.023168334254593498, 0.008733128732181659, 0.04900295129670321, 0.009574041169721971, 0.022631922427254595, 0.004080379179990469, 0.012022968676081927, 0.01419244498547512, 0.031683785675401165, 0.01681947842728011, 0.028516730521583794, 0.030951747149698526, 0.42285531745169247]
                  , [0.009344725593750205, 0.004469857119812746, 0.001596234611197242, 0.00207043117329194, 0.3704514279580985, 0.002195714589505439, 0.02719113962419065, 0.01313824882645471, 0.0023657054403813087, 0.0335158281766686, 0.005892397773696085, 0.004255172225823675, 0.001412752836027036, 0.003175707100211806, 0.0029845739453243023, 0.01113479939190504, 0.005233744037165109, 0.01467082185707855, 0.018710347077815232, 0.46619037064160174]
                  , [0.03351916085028404, 0.015397129714907138, 0.003808250080863367, 0.00483050291624524, 0.37855230164350806, 0.0073714597911044575, 0.012277368602064131, 0.05507142775316465, 0.006372486798966219, 0.1599663220155356, 0.04360093836951693, 0.007859881261503013, 0.004435994472625027, 0.0072412052506594235, 0.007802787822513965, 0.02913064612192823, 0.025507384031879073, 0.051803411000910966, 0.02883374953296239, 0.11661759196885825]
                  , [0.02702541039509878, 0.008446783312336599, 0.0009642085778267495, 0.0016339536368806906, 0.011253799846940684, 0.0018935018898951408, 0.0012044461655225202, 0.33421389475889357, 0.001908404067629336, 0.055280155665531225, 0.017582675939361494, 0.0019942631679064522, 0.0016465095709625405, 0.0019513773339081644, 0.0017686766954792172, 0.007830585273417737, 0.02212257878937712, 0.49880542381837845, 0.0004991341080751489, 0.0019742169865783533]
                  , [0.0685598266822147, 0.011157383028623735, 0.011548563953083568, 0.018248207995948083, 0.008541087320859309, 0.02204784524056117, 0.010198185342789426, 0.04061704812160928, 0.02915540959360609, 0.03816092256893102, 0.029240145556912442, 0.04826475678835522, 0.008431106064264726, 0.025807644713289293, 0.02711093469198235, 0.15210942586941475, 0.39236595526710755, 0.04983281494648534, 0.0018726930519152244, 0.00673004320204683]
                  , [0.0725480698103626, 0.0013130184119016573, 0.12989149419533808, 0.26640992812260533, 0.0017439824773266678, 0.024610418353034704, 0.02073381016928792, 0.004999104935443107, 0.131826254119711, 0.00964435382031385, 0.003990838940419629, 0.05754588248340723, 0.0029684846172729857, 0.09766427493216075, 0.06671326118379892, 0.054744998167005475, 0.039179834911723284, 0.010114524858779799, 0.0004156095697214532, 0.0029418559203859135]
                  , [0.05549437391401761, 0.0169873931205642, 0.0009811319659660896, 0.0013256179020939252, 0.11095883546775914, 0.01319857043967078, 0.0018293629298746742, 0.20544357803589167, 0.0016898616562878138, 0.26143394933172376, 0.05376069775772827, 0.002125311927910433, 0.002961519472154451, 0.002299007034215019, 0.002089810460589223, 0.019944119912039742, 0.030886098378472948, 0.1925318863609152, 0.00491477091603939, 0.019144103016085535]
                  , [0.02060643678251669, 0.0020305557220423225, 0.003909892727427224, 0.020456372434716857, 0.0018522756119171606, 0.00684110102582249, 0.015536517944208112, 0.005413158793450778, 0.48231584831089586, 0.015865117883594924, 0.00653333728292749, 0.026105071104825333, 0.0028460556217393385, 0.04196891383993531, 0.291924276393252, 0.024660074334976557, 0.021320188804547655, 0.006881813829843241, 0.0007869825957698669, 0.002146008955590671]
                  , [0.22576546325019178, 0.02892798740935712, 0.0042139704580258465, 0.007653589352089188, 0.018765094398229317, 0.02990550471836657, 0.00442428104675883, 0.11103188943293059, 0.006895092211080778, 0.06521885493697818, 0.031181719131806833, 0.00712104197345259, 0.00952247931778605, 0.007071497520177807, 0.007053879813938844, 0.055082138457610924, 0.07174879761721774, 0.3009916610580352, 0.001712066341669921, 0.005712991554295555]
                  , [0.015561977574345916, 0.003415114223176681, 0.0007686159402458244, 0.0012979589198982469, 0.021507038749136096, 0.0014627721090603484, 0.0012043562532510562, 0.4575065179194477, 0.0015277346515693631, 0.17427940851094673, 0.0445886072043701, 0.001559329322301735, 0.0013347850626740706, 0.0017961786992602737, 0.0015915484928155925, 0.0037823037852535535, 0.015282336949894715, 0.24793086808452328, 0.000742494917548101, 0.002860052630280624]
                  , [0.044748791721945624, 0.007912685176129737, 0.06190033756339462, 0.030333379260255776, 0.007712873894600273, 0.043808338164176786, 0.0520300511290645, 0.012298246861223947, 0.045274240743373974, 0.023672395814089916, 0.008351538442425914, 0.37904397133922246, 0.0065594231713635535, 0.03966718306572725, 0.03558744723370536, 0.11026988084517758, 0.059612142994829094, 0.017170828028436055, 0.0018290818487025108, 0.012217162702155207]
                  , [0.046497176415530465, 0.004314357947822882, 0.027041314894620767, 0.019798553987050466, 0.003157507058048445, 0.7309331176737082, 0.0054163612769059805, 0.0038677956834101625, 0.018236712859177346, 0.00612495289333033, 0.0032285172200695465, 0.028565538131381085, 0.004167148598689764, 0.01144586558046551, 0.01886436341206645, 0.04325040940435213, 0.014449704127738444, 0.006879296282847215, 0.0011939184895034636, 0.002567388063281466]
                  , [0.1998216113475303, 0.030741680234055282, 0.006476529895503155, 0.007017818671280513, 0.007141808276744506, 0.04253636377070018, 0.005011225878237887, 0.02662434556685835, 0.0073495718701064505, 0.026901461669596227, 0.013677478278326964, 0.033176821260158695, 0.007292931820456273, 0.01133202556484247, 0.007578511858387397, 0.3029411014459033, 0.2115375654834387, 0.04714772850396235, 0.0012127732195463578, 0.004480645384364706]
