# This script is generated automatically.
# Vector of amino acid stationary distributions.
distributions <- [
                    [0.07461168597304181, 0.006996705070182237, 0.07923780638756724, 0.11031132801533365, 0.008475354157963046, 0.04209768642701529, 0.035999515649973224, 0.017605365839471195, 0.11403056486434063, 0.03066563868182124, 0.014392375123674986, 0.0805907035564168, 0.013655622361992213, 0.08548299594180901, 0.09078565796076288, 0.0955855590305961, 0.05852319058116939, 0.027640486044368515, 0.00240247747675694, 0.010909280855743277]
                  , [0.03799128380255427, 0.008591703974603355, 0.0016977963056654945, 0.002978099321393837, 0.03690866891767801, 0.005176870416402345, 0.002749679775724987, 0.2650202435999584, 0.003511435626396267, 0.27055146603712815, 0.06348529404976817, 0.0036512748214048256, 0.003066676607723267, 0.0046946399741140095, 0.00397007708779137, 0.013711041405537182, 0.028615999006516606, 0.23512592043928035, 0.0018121721806794756, 0.0066896566496795744]
                  , [0.26992885446706005, 0.02626958843632986, 0.011903028623863958, 0.014369412166291748, 0.011334108966898031, 0.10284379496871623, 0.009737698040126003, 0.02506620779964626, 0.013717608882414859, 0.03027926266226769, 0.015169799673564513, 0.025504124087232204, 0.019427953535881004, 0.015505306293214527, 0.014659772155560196, 0.22618388728931102, 0.10409190903868906, 0.05341873138408821, 0.0024899475832213937, 0.008099003945623417]
                  , [0.032518321372453696, 0.015314242456579037, 0.00722977046205064, 0.010152678355251715, 0.2682049848838039, 0.010729890568365777, 0.04209606043093687, 0.041475155349338454, 0.013198587644980919, 0.11521209091847484, 0.030007224146139273, 0.017378731628653638, 0.006242132643556893, 0.017312496732586044, 0.018177630353170087, 0.032877835028798666, 0.025038211128598577, 0.04372579362685653, 0.025810380473812913, 0.22729778179559176]
                  ]
distribution_weights <- [ 0.3690726059430788, 0.28019163862430846, 0.23699880225859807, 0.11373695317401472 ]
# The number of clusters.
n_clusters <- 4
# The base file name of this file (for reproducability).
fn_distributions = "dists_hogenom_poisson_allsites_clr_004clusters_rb"
