20 A C D E F G H I K L M N P Q R S T V W Y
64
0.0310343325899457 0.0648259509214033 0.0101145177270752 0.0330089158637174 0.0599659185408337 0.0125798166198881 0.0338429331602449 0.0355182599577731 0.0216376982444110 0.1606102964812434 0.0421584319199522 0.0163954379467894 0.0439034109427677 0.0252753017303920 0.0832542420251038 0.1855820593525537 0.0648565949632236 0.0538872845114502 0.0315762993423159 0.0059378114214369 0.0150688183274245
0.029050564875278198 0.0770443017387865 0.0061408887858575 0.2127657873872247 0.1760949419479713 0.0067986047718790 0.0638412304001168 0.0232554374853885 0.0104614730593380 0.0480231827554284 0.0187426570678876 0.0074224453784666 0.0802313295541971 0.0267856232136437 0.0527230861320400 0.0342696909314989 0.0765657205636077 0.0469507446913948 0.0200694549522227 0.0031623122486214 0.0086510869344288
0.0276982564389364 0.1419390865906474 0.0153870404886247 0.0568852005232484 0.0627893013859820 0.0176135591268161 0.0863482531856347 0.0257851851995934 0.0259556972415330 0.0458731495870966 0.0423123490403482 0.0157188687048491 0.0533095453589314 0.0395254542711593 0.0453265753420013 0.0470789946891175 0.1271260506838379 0.0793978625750030 0.0463130852478787 0.0073837508199402 0.0179309899377571
0.025547169205874062 0.0796111674108367 0.0070719646624978 0.0980926830000820 0.1973784585884983 0.0099664514569862 0.0329450598254088 0.0314076777062899 0.0184821630695081 0.0785973819481802 0.0338940562583677 0.0141673898401344 0.0500041652377943 0.0189833324158718 0.1103123566918378 0.0547645177902550 0.0649845178048733 0.0520318164106865 0.0315170451993350 0.0033356982958010 0.0124520963867551
0.02393127522685547 0.1168736436296145 0.0075405741287688 0.0456378740511303 0.0354735258495958 0.0079283383635318 0.4369120273144446 0.0152096679073783 0.0100513947842711 0.0292616456903483 0.0164218912647323 0.0076249015374053 0.0466726072841966 0.0170533265826766 0.0244563199588044 0.0282463375642683 0.0889374543710582 0.0346621782305161 0.0193420476934290 0.0036126294518816 0.0080816143419479
0.02329408582803679 0.0383547126153803 0.0109135860460694 0.0039170018028031 0.0075932486755414 0.0260380504596691 0.0058390189380974 0.0055188822343103 0.2763777748961948 0.0088360903378861 0.2100088870908155 0.0547198254250457 0.0062892499202704 0.0058610215921835 0.0091092189558908 0.0090208316592483 0.0151179242648824 0.0341983610457648 0.2621070382964504 0.0020959890201869 0.0080832867233096
0.023027062213064216 0.2992346136527949 0.0253079121009384 0.0199292141825834 0.0248802015094887 0.0077683003555089 0.0822044679014473 0.0121219646587200 0.0145545171059617 0.0199451810117381 0.0209363545819298 0.0101803446754279 0.0302349990339768 0.0235324806039330 0.0211803727001964 0.0194369715937654 0.2327567438031530 0.0878405243846065 0.0386203187571492 0.0022670781577408 0.0070674392289399
0.02132063233025664 0.0487052444162751 0.0092223267689756 0.0128683885547094 0.0197778497126635 0.0603075342436578 0.0157889787478362 0.0160588543312891 0.1353984894212453 0.0221517814699719 0.2762073674761300 0.0622082686113064 0.0161417034720385 0.0177030832211856 0.0246699117082040 0.0259183882571026 0.0323755425489459 0.0412480224785118 0.1263669549535525 0.0101442518745387 0.0267370577318601
0.020785439076212893 0.0402354668679338 0.0025514164098010 0.2557266289723872 0.4169810504199199 0.0033158253095149 0.0211817384900836 0.0124155462187502 0.0066957635630502 0.0326080971627331 0.0111573559909061 0.0054773225944854 0.0369183626732648 0.0058876869087263 0.0595593475872011 0.0143989100550398 0.0333251868859342 0.0224418612516041 0.0136557340373641 0.0008756698863246 0.0045910287149755
0.02052070750943751 0.1131147943368741 0.0161483228015964 0.0263170387151856 0.0344834778097951 0.0143205999720958 0.0315326966164032 0.0214734453564465 0.0408801505353223 0.0438804599327580 0.0431245864995691 0.0225681078352057 0.0569003433524405 0.0192840479871917 0.0373812581405352 0.0361459252205779 0.1724696643767070 0.1897250183113129 0.0632517707830800 0.0035102153393689 0.0134880760775340
0.02009782461705605 0.1037834550903542 0.0078416116542125 0.0343298550802624 0.0485438538723742 0.0154234863741724 0.0320760709457779 0.0243357257673312 0.0246821335826585 0.0459141191315437 0.0469872866761687 0.0145674857900535 0.0329752777774394 0.2654305074874073 0.0483412469061411 0.0432887448905793 0.0911300802213429 0.0602562927522491 0.0402118251187128 0.0051947913227479 0.0146861495584712
0.01959815811006874 0.0275534260255804 0.0025977350532215 0.0093394374598641 0.0271190651650432 0.0032430439693776 0.0119964194301032 0.0178090099865366 0.0099721161479877 0.3720373074525841 0.0185690106650973 0.0098447182782277 0.0302032311284662 0.0066041489077566 0.0653361082606556 0.3073927209303745 0.0325162008567170 0.0297821291097249 0.0130032790980884 0.0011188688067011 0.0039620232678925
0.019121412085053323 0.0140127968762276 0.0048012498784224 0.0012775792070830 0.0022733444362493 0.0395231906802813 0.0019355785007189 0.0021793517503401 0.2019096375715345 0.0027087038416882 0.4853038247115634 0.0940423775179692 0.0024694764305672 0.0016533833898647 0.0045480223692624 0.0029899962743704 0.0056532868103596 0.0120337689400348 0.1149731509725320 0.0005027054109792 0.0052085744299520
0.019006809675193848 0.0240000601672814 0.0060518061169737 0.0047389892576713 0.0084949448995981 0.0449575422018901 0.0058333249957207 0.0074676625686741 0.1191848818459786 0.0116755342926361 0.4706903647921076 0.1297120203703130 0.0082394613325419 0.0051238264243016 0.0169155893304651 0.0116243302546083 0.0157690120119117 0.0218427800534234 0.0742986132697134 0.0023790503682930 0.0110002054458971
0.018620599553967422 0.0506525965292133 0.0090965440884660 0.1179109696522522 0.0473881696007017 0.0129960003755070 0.0503844981075289 0.0538278282819613 0.0154130988744332 0.0475284818165484 0.0226382015445694 0.0104875101721791 0.2622264884134856 0.0128679103924643 0.0375100266063607 0.0343357500484713 0.1126955340175876 0.0558469071637556 0.0210318984639673 0.0037493631184478 0.0214122227320994
0.018320341240135596 0.0949456357230890 0.0203434512971303 0.0119487977207641 0.0207350168176009 0.0192761563502605 0.0167631266264439 0.0121381462009394 0.1735866012461341 0.0202233969309235 0.1062490266321081 0.0334501466936412 0.0182363638925046 0.0138493029343143 0.0203657015829451 0.0194008942655078 0.0487796984459581 0.0839982123877840 0.2503858621470370 0.0034826762938598 0.0118417858110546
0.018099158589106813 0.1265070039046390 0.0014304141585648 0.0897065128521341 0.1678767563190579 0.0024142175792696 0.0339928017079253 0.0175832524737526 0.0079686303202839 0.1182421867613360 0.0159853167208837 0.0056486927656536 0.0497983745765542 0.0204660487907977 0.1027784049802357 0.0693377983782477 0.0804982697471291 0.0655794234328948 0.0203882622508014 0.0007140102535884 0.0030836220262506
0.01806936196254335 0.0207073921407831 0.0067353650302588 0.0008032830578769 0.0014087526816447 0.0121630270769028 0.0015422492374323 0.0011285664182406 0.3996776026114530 0.0015780344768341 0.1213241701223700 0.0264676916612936 0.0017223568154955 0.0011226682762827 0.0017275165087627 0.0016429703154460 0.0046396984198635 0.0162496002047498 0.3768710289010738 0.0002607773949838 0.0022272486482522
0.01777254172100731 0.0142531973986701 0.0057524536098712 0.0013536607451156 0.0022696885452308 0.0548907594359481 0.0023393419959249 0.0027606952949569 0.1517481416815568 0.0026713061825192 0.5380307840131328 0.0890449822160002 0.0024084548664629 0.0026919767230253 0.0044432778133153 0.0038241307647480 0.0064320449863134 0.0109795527685370 0.0933616115334905 0.0041363937727087 0.0066075456524722
0.01751010220242911 0.0597076857838835 0.0069191685154902 0.0444830601869718 0.0759615316034361 0.0047208233839305 0.0364645016477234 0.0436630534896788 0.0092274325935864 0.1893812521247346 0.0200461600184824 0.0080278606676759 0.0778795534008317 0.0091724470481711 0.1031584092881491 0.1628105580594349 0.0768079042326391 0.0482829477515050 0.0143376498738724 0.0015966735331884 0.0073513267966146
0.017380601479287907 0.0932535659764154 0.0087521695090115 0.0567550666585983 0.0373782511790722 0.0052024557511182 0.0582388336231282 0.0184502715825598 0.0103558482035968 0.0379579751440980 0.0150653164872225 0.0079115206470769 0.1276467054494393 0.0120598870940532 0.0337139937704481 0.0264550797583054 0.2727407790376847 0.1521009323390058 0.0185157343477274 0.0015019121665731 0.0059437012748654
0.016495870875172763 0.0419909375505066 0.0138958665748705 0.0121010463271360 0.0164589169073104 0.2332282276160913 0.0149553548918394 0.0322984295730614 0.0587939576354735 0.0189784932631481 0.1448136651505774 0.0345177437659316 0.0203227324203416 0.0112602508911223 0.0214993237736044 0.0210239665726390 0.0375859046032287 0.0335148442468526 0.0592764000146475 0.0133489972068470 0.1601349410147706
0.016451175935327567 0.0279594182350106 0.0076831335047908 0.0011863425373522 0.0020642942886460 0.0206138172574395 0.0027920658280209 0.0018341242431801 0.3516757086082728 0.0022058526295127 0.1648615240867187 0.0345142878185902 0.0022583030303549 0.0022317295271738 0.0027065987517621 0.0026611116880623 0.0065085922566847 0.0193703466278040 0.3401967830619627 0.0027450850117319 0.0039308810069288
0.015875871837833008 0.1405547810213356 0.0028964365794493 0.0680125986693156 0.0966537962009489 0.0045152419418077 0.0349345833828052 0.0142749783813360 0.0098563579396645 0.0620315282926630 0.0190448581051096 0.0062563753219020 0.0329142884309666 0.2439000411811063 0.0482739113029472 0.0356727289955578 0.0968939307198038 0.0537204504510098 0.0231735507824390 0.0015084552786847 0.0049111070211471
0.015747517138790395 0.0237238025645195 0.0098600231549940 0.0074919803213718 0.0180304266717173 0.0052598553774380 0.0146690382437201 0.0295899088173730 0.0098834885402318 0.2620160630129852 0.0203254449669362 0.0095218599328660 0.0266348666022115 0.0052312318750852 0.0549664234270467 0.4214985675590964 0.0331399737817359 0.0243299298959656 0.0127366083309310 0.0037470143606225 0.0073434925631522
0.015731472801410067 0.0675410118727436 0.0113719239274166 0.0430158694561542 0.0480400917977026 0.0705616405547586 0.0335107951707980 0.1073168942382874 0.0267111864044777 0.0457266360596015 0.0550071782821990 0.0189443157193756 0.0619606772214121 0.0190005878139813 0.0522102021498736 0.0504930621039824 0.0731695514290074 0.0519058773167049 0.0384978962982256 0.0111258286180997 0.1138887735651985
0.015706260271240984 0.0277519891338800 0.0043184813601127 0.0117295138779152 0.0135676209132664 0.2541840735896432 0.0115243111672768 0.0556700418831083 0.0187351241896547 0.0147161255729425 0.0514912606662716 0.0139427910501788 0.0198881458639216 0.0080756592885847 0.0178520359499959 0.0175269942337148 0.0236954521590113 0.0201387205055915 0.0231327217241261 0.0490363362438080 0.3430226006269960
0.015690215933860656 0.0234810725687043 0.0113922876922723 0.0028208023437610 0.0044469463262480 0.2044254120989022 0.0051061446547708 0.0087953300415993 0.1095391765751916 0.0053851874539468 0.3486107402104304 0.0747782237551200 0.0056143411674983 0.0037374972259083 0.0076391705873375 0.0065704543286277 0.0132068011945242 0.0172737754303976 0.0804378483989862 0.0105936832088510 0.0561451047369227
0.015120641956859068 0.5138808512213022 0.0253533252926660 0.0035321324151110 0.0047660146361175 0.0029210692280096 0.0619796221249238 0.0029231115458791 0.0060139985321993 0.0039520621910933 0.0072133107317537 0.0042098998738642 0.0075695856629581 0.0050892134031522 0.0049223123304833 0.0043109372459682 0.2617272355356369 0.0525043793528730 0.0240130108493320 0.0007192037328222 0.0023987240938543
0.015051880510943385 0.0648316257643663 0.0010969555789606 0.0681833681342584 0.1062742786137180 0.0080331305484588 0.0360032451775154 0.0333486259184509 0.0148172573555049 0.1535434921566300 0.0251918173068424 0.0106526574995655 0.0803892430486827 0.0150007224266239 0.0955416473212844 0.0985386719741914 0.0803827880248939 0.0667748440601261 0.0232217516630784 0.0033484547619808 0.0148254226648673
0.015036982197661652 0.0802406984927375 0.0010269300359361 0.2707381126575975 0.3162451195100578 0.0015327193081790 0.0309332570721928 0.0095477213703681 0.0034924130788081 0.0414076242226506 0.0069991121942684 0.0026370087749587 0.0489894017355130 0.0184628361316175 0.0584512472497247 0.0149244267298967 0.0502931685375838 0.0316553409477512 0.0100545816453330 0.0005463200549694 0.0018219602498558
0.0149613446071544 0.1386940150599507 0.0049417883453740 0.0118926221029920 0.0166692607695598 0.0050976973009921 0.0222503168895288 0.0091429968164666 0.0101945615722374 0.0140137474407104 0.0187950978246748 0.0059264420894454 0.0128772807216341 0.5428673588339598 0.0171240358031228 0.0141081929640173 0.0869354298076326 0.0397103494179601 0.0229010567465729 0.0015258219822156 0.0043319275109528
0.014922379787802177 0.0783398545493031 0.0041482439884009 0.0342630502868716 0.1135507864756669 0.0051601256988898 0.0165666594610579 0.0256327649099647 0.0221468103376433 0.1763565007715278 0.0411047831625081 0.0174937565064782 0.0399132809305045 0.0034703002440753 0.1280026065749703 0.1347634096749800 0.0575024796875998 0.0598223423468968 0.0340508607882668 0.0011072948658056 0.0066040887385887
0.014881122920252766 0.0450607591405049 0.0027366455566273 0.0092416395575822 0.0064695209754420 0.0017654053372461 0.8535307087798211 0.0029154626898130 0.0024094015942062 0.0055250091854507 0.0038895879824076 0.0019951057506649 0.0109537226642192 0.0026403000411681 0.0043364666203657 0.0058997238444478 0.0263353520021819 0.0071773409327194 0.0048167788724949 0.0006933332713663 0.0016077352012706
0.014868516655168225 0.0204232115449138 0.0006871105458124 0.0015552538948567 0.0025029766393841 0.0184033969677655 0.0023366538833090 0.0015918614662288 0.3781994023457605 0.0027015173423600 0.1898148368566419 0.0421887203684609 0.0023959931577959 0.0022991470494128 0.0031342840329876 0.0028771027851608 0.0055800272640995 0.0157540029937666 0.3043569219239875 0.0006588230746938 0.0025387558626023
0.014837574004506167 0.0272399011764035 0.0042034700256280 0.0019005004194299 0.0036672651502279 0.0045236018356583 0.0025728722408153 0.0020037923056165 0.3658405858650798 0.0032841061743734 0.0715484423792545 0.0134785827757283 0.0030373112873968 0.0026469421524809 0.0033975716722580 0.0032548561291754 0.0064629273266348 0.0219386579727416 0.4564252675531514 0.0005306187724428 0.0020427267855029
0.014223305087659384 0.0097882627354555 0.0067832218160569 0.0025320893778633 0.0033929394297639 0.3565215197821932 0.0032704321575776 0.0327044610290677 0.0100795820894533 0.0036201120786720 0.0349224645197979 0.0073498312666495 0.0060231726146631 0.0019740089140725 0.0051484107438954 0.0050470228921161 0.0096674329233559 0.0072365283334120 0.0120987931609851 0.0272348263780497 0.4546048877568994
0.01419350846109592 0.0249545682860510 0.0033743136654558 0.4980391332502771 0.0868165334852395 0.0035624849427530 0.0293893000398862 0.0184209238627553 0.0054207190726658 0.0196364506462308 0.0076888699809069 0.0035732033172832 0.1774399385429213 0.0050321143047339 0.0182939463740791 0.0112470944871930 0.0493419600939567 0.0225796553109209 0.0084521002506522 0.0011366508036928 0.0056000392823453
0.01412818508747602 0.3051289343205741 0.0705019403098753 0.0062744988079842 0.0091611352796461 0.0090336049618308 0.0313119129858520 0.0068366514722360 0.0391314477903939 0.0088679363960651 0.0339217823464957 0.0163485847401846 0.0140957802002549 0.0079121807494580 0.0105645408873214 0.0093698911172482 0.1530113678944707 0.1363199418065545 0.1238793689043259 0.0018623687639235 0.0064661302653050
0.014026188942701088 0.0623013119281833 0.0011729419367316 0.2283096001769604 0.1281259499769504 0.0035271853684591 0.0676433471159076 0.0222832063718752 0.0050111380225577 0.0635192030559022 0.0094226929013766 0.0039199606823575 0.1512294031132860 0.0137056445135289 0.0494448799652310 0.0289673751232320 0.0941892724090597 0.0488122891150026 0.0094443535783267 0.0012685462963388 0.0077016983487321
0.013846263159221711 0.0675171304383269 0.0118302389454687 0.0100588745984970 0.0086342613131933 0.0052983394948965 0.0191372292908598 0.0067540613775990 0.0099842807528197 0.0101309895005856 0.0116977131083837 0.0074544072524750 0.0335157727248342 0.0080185292316571 0.0091840868010282 0.0096999624793901 0.3811502325270620 0.3661856402213222 0.0176789979545627 0.0014429956637668 0.0046262563232716
0.013631956652784495 0.0770131628163174 0.0110135235024526 0.0235712503682724 0.0451398714895839 0.0286390049882107 0.0242958178813832 0.0297839385694096 0.0616849535503421 0.0439224443302444 0.1708163275875153 0.0865881332714532 0.0371394750938546 0.0144263494119244 0.0824297049746432 0.0415943967784024 0.0630011488595137 0.0639424840055738 0.0687516323773346 0.0053557350185567 0.0208906451250117
0.013367225086009108 0.0164967065725875 0.0053863289866116 0.0030737295049671 0.0041057645221559 0.4333054906655524 0.0049598534312042 0.0138856214022801 0.0373961509973494 0.0047618595820036 0.1175558680637273 0.0284332555326563 0.0064139699955011 0.0030851029238642 0.0062123724734646 0.0056928163338794 0.0127329013213079 0.0117965535735643 0.0327222663715895 0.0256121406095015 0.2263712471362322
0.01310936966382529 0.0948996870879394 0.0016031200876207 0.1144624237248920 0.2073362585247731 0.0019554789674504 0.0290773033221455 0.0211066516194065 0.0054057548795292 0.1280428299451961 0.0128699970895177 0.0046930470417551 0.0666842284889797 0.0022325105313221 0.1086583242170385 0.0719643556459810 0.0683471852258422 0.0450848466903333 0.0116900158342955 0.0005060502882459 0.0033799307877361
0.01252489737354197 0.0239825365433882 0.0010408336003208 0.0029569785547727 0.0056429959705302 0.0702672326432973 0.0042653993540733 0.0043221039238658 0.1975467541045139 0.0067255937450191 0.3797304626979856 0.0787089154322434 0.0044837380453640 0.0041619796832775 0.0086339058383468 0.0077158380408596 0.0093412335913023 0.0209819228098153 0.1448853080677190 0.0067991778822609 0.0178070894710443
0.01248822460238694 0.0584525396102420 0.0015987997907249 0.0077954913667231 0.0123578887595224 0.0172630126540544 0.0094454553707466 0.0052766019311762 0.2542173936580732 0.0137113358878592 0.1330423880974107 0.0409562771815527 0.0116263473980939 0.0095703720475163 0.0121548613451681 0.0104793777305336 0.0257872418910258 0.0653540779539354 0.3003566277462285 0.0024671158955629 0.0080867936838501
0.012264749903160963 0.1526620153135313 0.0334502995048079 0.0026599045819476 0.0044441817563446 0.0096867799323598 0.0108305744486693 0.0030975521699374 0.1643102779330605 0.0044845570036860 0.0772617376825203 0.0286544628659968 0.0059200815393418 0.0040407501541353 0.0053039375525237 0.0045038128249500 0.0393805994721741 0.0845285132762782 0.3599119835766102 0.0009268956212392 0.0039410827898861
0.012223493035611552 0.2544419864239523 0.0017520276056820 0.0316174955165189 0.0338043816667056 0.0068088501882475 0.0695191516032780 0.0071184906998417 0.0151574634963971 0.0306612935087109 0.0185504981736716 0.0087260438676414 0.0410056177857398 0.0221343808524065 0.0252135105251135 0.0175485919434976 0.2295345110122578 0.1367759028249532 0.0405719446448344 0.0022741688505060 0.0067836888100444
0.012092846288371753 0.2821412103026710 0.0066227743146910 0.0118200472411966 0.0170137788415172 0.0108388214496312 0.0394346882696691 0.0074114937539237 0.0591032464232872 0.0144428104847088 0.0449242055097503 0.0222332638922185 0.0179053615118185 0.0164614618527280 0.0148145806762574 0.0140608578678850 0.1160274422416889 0.1391820197930829 0.1562801570241751 0.0024838298716439 0.0067979486774558
0.011636728697131043 0.2917509718450038 0.0116872920050401 0.0054456040470468 0.0061748917549842 0.0048694488895901 0.4841450470764689 0.0039785572549850 0.0066158576116001 0.0052446438796150 0.0096851135349774 0.0055398123983456 0.0097412604455177 0.0052009018755668 0.0058895553303213 0.0063583897813342 0.0959054163413922 0.0209575405981138 0.0160507057854132 0.0013836955017702 0.0033752940429135
0.011625268456145095 0.0952628030363155 0.0028768372428533 0.0408582981183559 0.1053395053170411 0.0100194132498777 0.0180362077102150 0.0158708089208286 0.0733314806807463 0.0789505414760047 0.0615395986519970 0.0222220830450003 0.0349521128491874 0.0148996308264203 0.0689194115167795 0.0481714131432362 0.0667446628592845 0.1115777640096473 0.1175273132750138 0.0025877029000582 0.0103124111711374
0.01154160869694768 0.0389097775677814 0.0102642953123042 0.0250902631615093 0.0332054531809528 0.0216072122702516 0.0197546070821320 0.2834651505975553 0.0152117261122622 0.0473127237703712 0.0354086676296777 0.0130856929059738 0.0969499190218162 0.0095551172164565 0.1123046410042239 0.0676665106468333 0.0552563498116159 0.0351081043487974 0.0206802884206192 0.0043616379642317 0.0548018619746346
0.011275731106073699 0.0442064235881401 0.0031467926018147 0.1022725700545999 0.0462726876048760 0.0032317483199681 0.4562782600025329 0.0182077325165143 0.0042113994325660 0.0438113694406769 0.0076422449889422 0.0038279808387021 0.1200782479755648 0.0054130282059345 0.0292180735544411 0.0262557846479358 0.0566100534771114 0.0171334893246057 0.0071075698773870 0.0011711055838700 0.0039034379638163
0.011079760985213996 0.0986281000905758 0.2637091917339214 0.0191211508811442 0.0217328053649563 0.0279609256327177 0.0393253630766626 0.0238154501263796 0.0305221775100969 0.0247080321153020 0.0472650287567650 0.0190357230858327 0.0378318998031588 0.0163087847492844 0.0250114411296213 0.0298723785302864 0.1264434134268609 0.0642572000307464 0.0498998890459294 0.0078375580649509 0.0267134868448077
0.01106830074422805 0.0463804913850315 0.0066676279399403 0.0123635394611508 0.0362377896561049 0.0235720519410782 0.0133532716027001 0.0395016320097378 0.0439569947571282 0.1641592596340717 0.0989024641556646 0.0346494821699650 0.0268900280555295 0.0068573275438063 0.0768682125661461 0.2038860921271266 0.0394911489333722 0.0445882688750619 0.0479795420687293 0.0067860684069381 0.0269087067107168
0.010792108936466717 0.0210301011590032 0.0194417092206235 0.0085298926520961 0.0091559682544367 0.2537497195412232 0.0092007367496664 0.0762986750993967 0.0164022115409750 0.0109389796945816 0.0503600098642788 0.0096681149619253 0.0229653408712965 0.0060712329067439 0.0157515118593875 0.0149314514375534 0.0306643448971062 0.0177108562042745 0.0203813051603314 0.0048327563494780 0.3819150815756219
0.010309632790958327 0.0352599280920853 0.0060039395860254 0.0005738857420769 0.0008723085663922 0.0903433745950662 0.0059230250468891 0.0009872703854524 0.2189626994744762 0.0009935296151670 0.3620820493809583 0.0650258525060881 0.0015145346601197 0.0016811255244933 0.0018325936118645 0.0011399197238487 0.0084031487766644 0.0193436954251382 0.1645017253564476 0.0048753953316633 0.0096799985990833
0.010105640501408464 0.0592582446145892 0.0084795725266491 0.0094380043253569 0.0354861190907282 0.0117194843523827 0.0089289525215328 0.0152939993679846 0.1446409099214259 0.0830740017591946 0.1293924683694875 0.0486724647408512 0.0189367293048753 0.0045274793499225 0.0529906282199056 0.0744260920483717 0.0390752684008429 0.0827878106844036 0.1620923158213950 0.0018395150085926 0.0089399395715080
0.009560133030477366 0.0764049586082631 0.0185452772602348 0.0275454261145263 0.0353647731681843 0.0579108832885343 0.0426877458121388 0.0385739915122113 0.0360771508496496 0.0406024434094673 0.0836113635058462 0.0275874636323329 0.0365778263174334 0.0258862547680521 0.0465614943331153 0.0611282434797141 0.0746580776540833 0.0577373098390404 0.0498393323905556 0.1058059100335008 0.0568940740231160
0.008323573028093634 0.1380215410253134 0.0116326237472718 0.0101413228163717 0.0162601093946997 0.0164415237067633 0.0224821398559258 0.0116533542729634 0.0606087564776604 0.0156185995975987 0.0742869107071564 0.0220211858383716 0.0159123648583006 0.2827437540786195 0.0202244360331300 0.0173348074750713 0.0736528062744456 0.0705208106039451 0.1062112541493711 0.0037797083999783 0.0104519906870422
0.008074885798698575 0.1476144956447054 0.0242868922261552 0.0031720234059736 0.0047594648792814 0.0670059923817655 0.0344185374366140 0.0045774557275412 0.1182756082014060 0.0050453623237862 0.1701087775794750 0.0608119261513010 0.0084641352483191 0.0067876964674439 0.0071827835723856 0.0059803788309210 0.0646692045495953 0.0782174691813427 0.1670980172703764 0.0067000710599056 0.0148237078617058
0.007810154231923189 0.1105843548341793 0.0144879130065725 0.0004754078545792 0.0006777956589549 0.0556598592946338 0.0252095853568140 0.0006021464340474 0.2139474674461599 0.0006457840535373 0.2136454863093435 0.0415160252817279 0.0012882262467016 0.0019820865097566 0.0010614591653933 0.0007571321946902 0.0257977855363678 0.0443060953906843 0.2429233393374356 0.0017345613470099 0.0026974887414107
0.007685237605176361 0.4597307545078622 0.0280346242245121 0.0014789864605244 0.0020276823958892 0.0080483876080132 0.1080649500396453 0.0014573733045583 0.0209971254746401 0.0016768059649277 0.0194447695644001 0.0118939496669414 0.0049975301768791 0.0041530869197726 0.0027366980239422 0.0019375977465922 0.1852558104334864 0.0773658114489177 0.0568581590487269 0.0010975289450451 0.0027423680447239
0.005805758083480979 0.0276111833492319 0.0096226474767275 0.0079338782521646 0.0101127359813536 0.1187133769685341 0.0152888888885430 0.0150193336687754 0.0201898242703191 0.0119848707976814 0.0526804358138275 0.0158651215741511 0.0121944993108402 0.0076220373149234 0.0128105854007035 0.0167469050429715 0.0260932534029062 0.0210740622364981 0.0251653179725233 0.4786268169411202 0.0946442253362047
