20 A C D E F G H I K L M N P Q R S T V W Y
128
0.017444247989505505 0.0458067474917674 0.0092448405103450 0.0236524185468878 0.0459191065696337 0.0101717592408672 0.0242962682275302 0.0333120728307294 0.0198417917314617 0.2146486369203262 0.0346641280300531 0.0168444480624474 0.0423634745064684 0.0138692740841776 0.0717954442329674 0.2511545248406400 0.0575062809803742 0.0430510925546699 0.0254100796469311 0.0043182143129052 0.0121293966788169
0.01392516968003194 0.0475045395801464 0.0063086132473816 0.3176639395225614 0.1985102659648291 0.0065353127081769 0.0391219823382736 0.0226443212721315 0.0104905466062810 0.0365341874574234 0.0167487156953652 0.0078217578119152 0.0796019855255492 0.0138085912361109 0.0438741043595728 0.0250433844893438 0.0640060901673377 0.0338390707067552 0.0182476859367173 0.0022951515335714 0.0093997538405562
0.013189414247419153 0.0220602029379164 0.0069236398073330 0.0037477700797098 0.0070760470232842 0.0436229715013529 0.0054932404137115 0.0073989387563629 0.1051726040236788 0.0106826950558351 0.4989109019754482 0.1277553168871360 0.0070705392906756 0.0057832171009593 0.0148456162313835 0.0115385427280711 0.0169298917781561 0.0212261303558527 0.0701938230619039 0.0027943998320222 0.0107735111592066
0.012875720070723778 0.0732438319258559 0.0075130837308532 0.0863040200384870 0.1934748443697548 0.0087353576320953 0.0324796955770978 0.0295336993372191 0.0184418007293217 0.0952832016718862 0.0325498472333798 0.0149308409423733 0.0480715982247460 0.0170875055135294 0.1050407357425217 0.0685577610810866 0.0714371480562998 0.0521167618584765 0.0313838414952335 0.0031267535589625 0.0106876712808204
0.012687503564706553 0.0264722507953840 0.0071217258704660 0.0020313833550586 0.0043207694241269 0.0358360989544206 0.0037677849612493 0.0038083340874560 0.2724698845617030 0.0062972735288921 0.2967893002654529 0.0682184818452355 0.0042229097443255 0.0034269707984168 0.0059634597079057 0.0071412589150398 0.0113565323647724 0.0239284814307037 0.2057717216992163 0.0029764113957609 0.0080789662944139
0.012368105857525808 0.0106040682139794 0.0050737736066371 0.0011091355786345 0.0017132626656527 0.0571635068796885 0.0021303342485742 0.0026285865137825 0.1090156083085112 0.0022044641879535 0.6208149806432598 0.0834333322048156 0.0019361423094954 0.0037266664420544 0.0039938701116861 0.0035058956629078 0.0066839077648877 0.0086353986556083 0.0665286369510264 0.0039275856468955 0.0051708434039491
0.011712199851708207 0.0559359531128741 0.0135373245696360 0.0010416734223144 0.0014533431128589 0.0689192614185850 0.0109082494888177 0.0018236203605846 0.2321688380159098 0.0021046590947638 0.2587416500629495 0.0540346954102020 0.0022130772973604 0.0036371684795088 0.0024302499193404 0.0025096012342876 0.0154697871869723 0.0293532944972771 0.2342514903723563 0.0035339093530820 0.0059321535903195
0.011532538641419038 0.1410624073919983 0.0217161063735563 0.0337556610430830 0.0340843850470116 0.0106120479291833 0.0597879133876641 0.0198505739475297 0.0165656038851490 0.0339545961898782 0.0246108533331689 0.0123764816394155 0.0662276506028841 0.0230148781125230 0.0324904096092513 0.0310323737831523 0.2831499705782998 0.1139907024977734 0.0289994663816685 0.0023670214896719 0.0103508967771378
0.011523983345690983 0.0604917282283799 0.0032631541057576 0.1711277071272361 0.2758276770922425 0.0041976333168427 0.0271852446385704 0.0223970896480563 0.0110096352654263 0.0701198279886663 0.0189495100080014 0.0089565128562978 0.0598623632795883 0.0104199717855252 0.0869456470177492 0.0381614370043899 0.0627494957084455 0.0407752984762432 0.0206849538844969 0.0004622155574715 0.0064128970106131
0.011281583300062738 0.4182304519321873 0.0219219983925453 0.0113884286652738 0.0170032797184318 0.0078248694674582 0.0590965794447185 0.0073827897197061 0.0184342163213430 0.0134469605216863 0.0209086672494922 0.0104062432178484 0.0168257575830452 0.0132508441560732 0.0133568987668258 0.0130993519221285 0.2016836960844084 0.0756960277399906 0.0524904017081224 0.0015869607096860 0.0059655766790289
0.011130439742200422 0.0175270257191033 0.0071142102374304 0.0006980656575111 0.0013017862821295 0.0374577563640645 0.0014142249869062 0.0015678019242047 0.3159261923679139 0.0013106063031562 0.3222293496457430 0.0565963227816709 0.0014193522215798 0.0009225548276560 0.0021281024562951 0.0017441930221022 0.0040340990391119 0.0121635210932422 0.2053774033702808 0.0026145189566829 0.0064529127432154
0.010591456111332916 0.1204435891646203 0.0142103840076657 0.0194228035705317 0.0245933780217101 0.0140291212314494 0.0281648333228967 0.0146814888288325 0.0465422566666211 0.0315296188801261 0.0424011383840286 0.0239267733492737 0.0452539610884974 0.0203136605032862 0.0244209446836087 0.0271164850759739 0.1894863494557054 0.2309687779757736 0.0687765895612215 0.0027958258753218 0.0109220203528560
0.010448867849198655 0.1416086495140251 0.0158422608278021 0.0182080832392021 0.0163657017236433 0.0056605684340626 0.5505379463651371 0.0079051397157195 0.0077827187090997 0.0124886588736715 0.0116727576105639 0.0058256098917009 0.0239036411710179 0.0085964004611530 0.0109123865363856 0.0146971211338119 0.1005486546772306 0.0253633492593460 0.0157191144447709 0.0016729246435387 0.0046883127681176
0.010371870187646152 0.0515452374319029 0.0109935508075593 0.0728603925720379 0.0460810150381521 0.0109526141086254 0.0499642729988632 0.0491780092992613 0.0164722098899769 0.0725201314034301 0.0237611778779495 0.0120557537752311 0.2178930163459137 0.0128811566662296 0.0484405682910307 0.0572752754496335 0.1391698928817808 0.0669169016864819 0.0215232075699360 0.0028110784000468 0.0167045375059575
0.010300576056579023 0.0589585282977898 0.0097781728035159 0.0065633979199867 0.0111094191866554 0.0284033387727732 0.0098993615058038 0.0073615355277821 0.2363822820020131 0.0128000888593927 0.1434699245740551 0.0473755384300809 0.0111102694892371 0.0129331414995580 0.0117100984235275 0.0125161849022289 0.0318457544789277 0.0575289951384932 0.2774143056102101 0.0023815192509714 0.0104581433269972
0.010243540751725318 0.0105482528409711 0.0039711719532390 0.0006322135727048 0.0011012385355611 0.0166677809653858 0.0009250964122126 0.0008113278609763 0.4450535501842414 0.0011677271047919 0.1883536373401328 0.0316433407564440 0.0011603747507346 0.0006905701405584 0.0012458635632584 0.0012241459259694 0.0024947754629206 0.0080756774862378 0.2815943636906452 0.0002279225327672 0.0024109689202474
0.010132321907260594 0.0468999638179070 0.0056876849199677 0.0384469822272437 0.0672158769502256 0.0034656564100239 0.0291110704841410 0.0307192295515066 0.0092671723753554 0.2426197325984116 0.0174960860302519 0.0094800172337924 0.0692723576999680 0.0146665565862600 0.0867837209749169 0.1884964109247502 0.0741121320941589 0.0457629482876753 0.0138194758933005 0.0012327229401857 0.0054442019999576
0.01007528660240689 0.0974367552169565 0.0032632233117946 0.0138446954552439 0.0213414407195051 0.0038672230183354 0.0171369886118556 0.0106640789994089 0.0082735882961959 0.0190304137019019 0.0177357943473960 0.0045208779559473 0.0121570793122987 0.6053778330144474 0.0203595245423049 0.0166136999831991 0.0760767760890655 0.0305577920845531 0.0173120388500389 0.0009153439988446 0.0035148324907065
0.010026806593281241 0.0311671181118169 0.0122022654654296 0.0011490555137184 0.0023968503234696 0.0217731865018834 0.0024644945351805 0.0025993727976962 0.3395397334456008 0.0031568810863278 0.1587977285266842 0.0417697941484217 0.0032404664030138 0.0017936241000451 0.0038709613613149 0.0028775722097956 0.0102316006004986 0.0271004521134583 0.3266218757250713 0.0004194127615573 0.0068275542690158
0.0100153995323105 0.0084763889429003 0.0146108226558268 0.0022122689686492 0.0027833019763874 0.3337770896063365 0.0027974928422478 0.0410667902437951 0.0109510670871513 0.0035302520076149 0.0352571258264928 0.0063357961272223 0.0074161549435911 0.0018745439208963 0.0052850393591298 0.0054493038959082 0.0125385135122524 0.0065195557535855 0.0126948579752980 0.0154803488603430 0.4709432854943712
0.009986881879883648 0.0382440689367005 0.0025990074424411 0.1336942692816375 0.5471457078463650 0.0038770927782177 0.0137485465011722 0.0112113512708091 0.0076037103913341 0.0303625300883185 0.0139076582130838 0.0070610853583714 0.0192461725019833 0.0051591479203467 0.0802390020894975 0.0182042493984697 0.0269681473361510 0.0193193458624750 0.0150924264578769 0.0015951732412044 0.0047213070835446
0.009827183026293276 0.0303892051279329 0.0146407934098784 0.0081567114606706 0.0111836868155743 0.2708605789823726 0.0106597777138591 0.0424868339971271 0.0367412283019128 0.0144694687311934 0.0866780324206376 0.0238924409734051 0.0168708830921684 0.0070856001293574 0.0164855848412376 0.0188328772844893 0.0305302605347580 0.0234848529536428 0.0385308057526955 0.0290081612067244 0.2690122162703626
0.00981862773056522 0.0215843594571304 0.0035269719349916 0.0069301444465253 0.0172469196544417 0.0033028235663606 0.0099468854958779 0.0170929055861169 0.0087435295631814 0.3982139024786564 0.0153094371707906 0.0079140402531463 0.0242508733676548 0.0109817181840331 0.0476889260522172 0.3342888122109711 0.0309810608765847 0.0243570598824213 0.0126236828827963 0.0007593444476854 0.0042566024884166
0.009647521816004107 0.0759332892160283 0.0171648906708773 0.0209708337805348 0.0418050372335643 0.0206753820167372 0.0242498468332321 0.0330996640241432 0.0632811380867210 0.0890386493431383 0.0797410894501198 0.0362409078415858 0.0455634538597856 0.0119293769824717 0.0638664054856563 0.0955333554245595 0.0884924305131601 0.0893958077383139 0.0789327378376105 0.0048851595421564 0.0192005441196039
0.009479267666685678 0.0973227172542279 0.0106949494434337 0.0175399926512319 0.0241094675087788 0.0138723824031376 0.0228508839779702 0.0232936496095836 0.0198966732063946 0.0257433201447491 0.0450702786491823 0.0122431302301535 0.0223233750602838 0.3961984607041215 0.0326353876673896 0.0301170588897845 0.1022591815703724 0.0536163043114386 0.0328923054423448 0.0043902966693155 0.0129301846061066
0.009422232361831973 0.0117932353975510 0.0064339564546631 0.0016071691052717 0.0023000263806754 0.4777065901348711 0.0033684631014441 0.0122759343536896 0.0231114361715782 0.0023877319496476 0.0704505032521947 0.0175123861352695 0.0041010861455618 0.0018310454391469 0.0034393484447718 0.0033944314052548 0.0091938101609855 0.0080201325659156 0.0214716185042315 0.0278377376757398 0.2917633572215364
0.009407973535618548 0.0170552376302093 0.0006614482559721 0.0009408738090182 0.0014473184174295 0.0119357156343804 0.0017014870696074 0.0010308104982885 0.4264442567197483 0.0015078147758766 0.1047618588409304 0.0285044877706457 0.0017458514925239 0.0012566864547646 0.0017489015072463 0.0019503836260427 0.0043516142333169 0.0142566795807278 0.3768146908391694 0.0003996365866170 0.0014842462574849
0.009396566474647807 0.1057109539670104 0.0091619471858204 0.1052902570153204 0.0829123361669699 0.0043583039787784 0.1027746717936150 0.0223609825351907 0.0078324962686268 0.0454821333804986 0.0125048842458179 0.0059561683771231 0.1104574852614440 0.0113612737076404 0.0450380914866790 0.0337396205288675 0.1989080804283965 0.0751565864478673 0.0151770885744106 0.0010338288316926 0.0047828098182304
0.009328124108823362 0.0203288429989761 0.0044247099066292 0.0008551089849725 0.0015921755742558 0.0152543065626423 0.0019660296338702 0.0011852477998995 0.3962664087725260 0.0016830366705789 0.1192231422349275 0.0260789557547850 0.0017093210710339 0.0034650733116893 0.0017463199714082 0.0019351182769971 0.0048723912055205 0.0150697409265973 0.3776190636187787 0.0020974139396499 0.0026275927842617
0.009319568813095307 0.2724454297109751 0.0083175758431823 0.0025815400193334 0.0030586739751479 0.0033725235937157 0.5757051009250890 0.0020102834180025 0.0045568889162063 0.0024572445297165 0.0060588447606015 0.0036450301921225 0.0049943964485051 0.0025890547263682 0.0030118398091152 0.0032655814170260 0.0753549978699801 0.0130972572373266 0.0106938538179614 0.0008047514886871 0.0019791313009377
0.00904294758455484 0.0202281080593005 0.0077933949621926 0.0006828431897405 0.0010693579573002 0.0069135942370014 0.0014260525176112 0.0008023554406691 0.3764659285263034 0.0012043205779236 0.0666202979817618 0.0147613934583327 0.0012225840288621 0.0004993411546710 0.0011172848483524 0.0012064316908133 0.0040453280591323 0.0143365875606349 0.4781484713484696 0.0003055305384281 0.0011507938624996
0.009034392288826784 0.5479904122397300 0.0200310839261651 0.0024443778449012 0.0032839232899824 0.0030843939570936 0.0629062878888710 0.0021516365707100 0.0070725081768895 0.0027776189292541 0.0072067391162515 0.0041580529734418 0.0051798763465350 0.0133784437717461 0.0036962825121756 0.0032436546995004 0.2315925114127267 0.0498845801022998 0.0271857559366346 0.0007345682325892 0.0019972920725023
0.009000171105914561 0.0443767345021739 0.0038435451777788 0.0398522089421575 0.0241396247189824 0.0032873074630814 0.6944148282877608 0.0074859492934400 0.0043575948614151 0.0190513520709892 0.0069034338448437 0.0036970338385514 0.0424342570643881 0.0046071051136817 0.0122575149069400 0.0162743855768909 0.0476574531088287 0.0134469501243579 0.0075161894087842 0.0013034616318414 0.0030930700631126
0.008965949923002339 0.0891320558607794 0.0125227949670031 0.0494060948225532 0.0482909959323350 0.0118232126231784 0.3090321234612122 0.0252492003488955 0.0152027280953158 0.0468227653901465 0.0252185327404074 0.0123388932826798 0.0615287154084395 0.0149140016007490 0.0363064197277478 0.0526383552659448 0.1072428652421090 0.0410277574606206 0.0236196221451689 0.0054239027017930 0.0122589629229206
0.008945987566303541 0.0153066427117156 0.0068480925099096 0.0009853661516240 0.0016578494393909 0.0396342682305653 0.0020481412190594 0.0019652238871487 0.2083800242374376 0.0020741802216341 0.4861644720838918 0.0740264334134520 0.0020008482751610 0.0048477258137521 0.0035173464188817 0.0027700260918137 0.0060086680014407 0.0115920518922703 0.1239017908990658 0.0005402105581054 0.0057306379436802
0.00891746991387669 0.0181074908699430 0.0043713168954273 0.0071627400707947 0.0233222303246504 0.0024760117327784 0.0158928087437547 0.0168671577523089 0.0090463092607721 0.3662076952000410 0.0143597801571280 0.0112722712101518 0.0317536597150028 0.0040715404373319 0.0539431149388565 0.3461042964144013 0.0335089834612187 0.0248842666344361 0.0090670833958310 0.0046695644831174 0.0029116783020539
0.008840472252324188 0.0420098232434959 0.0017955527169451 0.3570214011954553 0.1765646007309604 0.0028411343365911 0.0462391093149571 0.0228646689089748 0.0037831766403776 0.0359465381030266 0.0075596795516378 0.0032577805028991 0.1127938729525410 0.0150994194697923 0.0390006003389986 0.0199564206335347 0.0700609200803772 0.0297594169108117 0.0076858054804106 0.0007493410804651 0.0050107378077480
0.008777733416985114 0.0225875989191458 0.0039184356496616 0.0070234392968739 0.0218084760216321 0.0031983595631372 0.0088733723409074 0.0213227031181202 0.0079206228487276 0.3685491422048298 0.0152282537392565 0.0081319238473927 0.0293491131444775 0.0012889965232785 0.0584038332873659 0.3501181452289006 0.0321023546387769 0.0250001534573916 0.0100490518964132 0.0007371823129016 0.0043888419608096
0.008732105173102151 0.0187377110435783 0.0116515082890045 0.0012882903033655 0.0020327064361428 0.2105462444382714 0.0030749722685412 0.0040616701438681 0.1207291626578683 0.0023833938795703 0.3821427601752059 0.0794106820419567 0.0029755047299987 0.0018268710760908 0.0038271438459925 0.0030803786137908 0.0091464011065236 0.0135859331427767 0.0801800086236712 0.0108395730570082 0.0384790841267749
0.008703587520675298 0.0269791073486827 0.0018312019486823 0.3410847343724197 0.4415824740678405 0.0024158857778505 0.0164199789230963 0.0063481554337011 0.0045441646451920 0.0173062597289595 0.0066484309342406 0.0032224848850844 0.0300582701964065 0.0054826583658323 0.0352467339089097 0.0061692936119389 0.0267772516660552 0.0153296317232996 0.0095606098605147 0.0003754073629575 0.0026172652383360
0.008640848685336223 0.0885747947963780 0.0087996588279538 0.0380624178438344 0.0548244110683709 0.0094092414484300 0.0389991068266960 0.0361922819713747 0.0150009472847466 0.0893535130921055 0.0308479038144492 0.0110320736965305 0.0490940539723843 0.1516791459380713 0.0655259327526983 0.0881681952359281 0.1212439278523647 0.0624215505107946 0.0258264533621249 0.0032421936158921 0.0117021960888722
0.008637996920093538 0.0291961673868271 0.0080582789401459 0.0010681513758844 0.0016976883649663 0.0072753939451128 0.0019795947684782 0.0012271253988173 0.3504024259148782 0.0018826460082068 0.0765845489118840 0.0185147826124978 0.0019620941916656 0.0053739138822090 0.0023213409267185 0.0021201762892917 0.0064445249908962 0.0192524395335923 0.4624838925629327 0.0003051186717011 0.0018496953232941
0.008609479267666685 0.0918399236411394 0.0309398587583980 0.0026896992887936 0.0048082922680670 0.0070773099175317 0.0052656149522698 0.0031302084156727 0.2036917613979945 0.0048667420531333 0.0663696582945120 0.0205933800891936 0.0054911465902084 0.0031226616434227 0.0052683693784533 0.0047029804567290 0.0241790073985108 0.0621347368421958 0.4488199341200029 0.0009308486060951 0.0040778658876763
0.008583813380482518 0.1822136456982752 0.0645619733461253 0.0078018608608413 0.0117570009204193 0.0255847224286821 0.0285253637892648 0.0099822895027560 0.0875582529884896 0.0127283851722228 0.0974731677337846 0.0426856943451370 0.0177715861523434 0.0090938877852614 0.0152146892114970 0.0128512074248097 0.0992400643206143 0.0999818002122030 0.1589332820326873 0.0032208817811825 0.0128202442934033
0.008521074545143444 0.0777195011652497 0.0216416309352230 0.0025335168819155 0.0046859146753961 0.0507622504609372 0.0127145409581533 0.0056340899579786 0.1663319026213333 0.0051475960275740 0.2283498037130470 0.0918694444559750 0.0090712792117818 0.0032111216122927 0.0094581400049488 0.0059465977047749 0.0380141144143379 0.0607591134425299 0.1865307411086588 0.0039769880585697 0.0156417125893230
0.008464039240289739 0.0777012079852675 0.0064736609322433 0.0580591750259806 0.1162167912980193 0.0053161375412565 0.0278251897101474 0.0363683684738594 0.0124908998515853 0.1439595691880314 0.0276474017041596 0.0136221106718410 0.0740947497526451 0.0021695845725959 0.1103328855614701 0.1076663217278419 0.0905182445904509 0.0591406732489245 0.0207507002112687 0.0006331761035795 0.0090131518488320
0.008464039240289739 0.0136106230337393 0.0020806415721518 0.6940834527922036 0.0722755935066936 0.0022464012547862 0.0147063323130878 0.0107995214928148 0.0033392989313047 0.0088945457401260 0.0046805062362434 0.0022123586742932 0.1028756572837043 0.0029703839452518 0.0101224104497096 0.0061288064802276 0.0280087038530598 0.0114569637325535 0.0054356070962545 0.0005942250569728 0.0034779665548218
0.00834996863058233 0.0106120077898505 0.0061552856729398 0.0009884782966317 0.0019766294988761 0.0476876401219153 0.0017594494234953 0.0021511369567129 0.1026537821290830 0.0027283477791862 0.6217998809571132 0.1149365082483069 0.0022278533336122 0.0008383215313942 0.0046603289055296 0.0022114847336966 0.0055258264788880 0.0095862262369598 0.0534081535166680 0.0005303848454828 0.0075622735436581
0.008227342725146867 0.1117266513607017 0.0024242291128510 0.1027591632467739 0.1348911078251856 0.0035919789198089 0.0319138768723003 0.0132433714843972 0.0073618046473404 0.0681539968467311 0.0149564211185965 0.0049548913725488 0.0398939893033111 0.2205879521072992 0.0476503633271739 0.0312991592785809 0.0982906278074919 0.0450587437876244 0.0163528789083817 0.0009271876649154 0.0039616050079865
0.008195973307477329 0.1285376869922097 0.0023697025690918 0.0486716516726106 0.0653264699027515 0.0060572996550286 0.0552524799199033 0.0189801599987308 0.0175683465566377 0.0667360069268745 0.0265609432557193 0.0150344993660711 0.0786435980801528 0.0198429032308280 0.0618436455629665 0.0473425843292540 0.1861194963645556 0.1153526973032069 0.0325713976743916 0.0008474128042330 0.0063410178347825
0.008190269776991959 0.0856412949123432 0.0276676102138215 0.0076904040416462 0.0065252189332725 0.0053029634167470 0.0240187883280618 0.0060916957055796 0.0094168416591701 0.0085392129009246 0.0109389536000865 0.0067043816624383 0.0310795370182286 0.0076553620676254 0.0079642287364722 0.0080006824824055 0.4600703184328079 0.2640588777413935 0.0166482731116896 0.0011827328716867 0.0048026221635993
0.008190269776991959 0.0572413393442926 0.0166211824488317 0.0376186092417915 0.0442474503775364 0.0403189948690174 0.0302920602864180 0.1624077380481938 0.0255259494865938 0.0514293918955434 0.0526697749260857 0.0199923152265819 0.0693052714107418 0.0192476529871696 0.0690056765831655 0.0663143994310735 0.0786879240443555 0.0483848504873784 0.0340837299774759 0.0091478638672115 0.0674578250605419
0.008118975645924828 0.0328797328986469 0.0039460690592305 0.0003963627692571 0.0005243328715913 0.0299267512047968 0.0042770676905257 0.0004672619752797 0.3537484691025250 0.0005245412253590 0.2071475847372925 0.0442517984311312 0.0010667091984338 0.0013160815796177 0.0009935134057513 0.0006215522785021 0.0061758430932865 0.0205735622105986 0.2887452206809596 0.0006450444547098 0.0017725011325048
0.00803342268864427 0.4444396361616842 0.0449782063939786 0.0034586812804120 0.0049446559056968 0.0123522924509519 0.1078874330554330 0.0035121769128216 0.0287261391570823 0.0044646024548164 0.0314230882839135 0.0138720565932278 0.0073133607017112 0.0050727714792140 0.0053935948530776 0.0053534840827825 0.1303299930394197 0.0605165357185104 0.0787218321470018 0.0019594754172694 0.0052799839109953
0.008013460331945475 0.2227552075081422 0.0108506916317093 0.0150578761528539 0.0167106836931048 0.0071301065164312 0.0625359734229839 0.0105960699033252 0.0141475645854750 0.0153202672355933 0.0212759678261110 0.0100775589191648 0.0281222896947589 0.1642257611082074 0.0196104617635756 0.0146318722620204 0.2359594477435042 0.0919674952951409 0.0316281331656868 0.0016007318881220 0.0057958396840892
0.007964980322819825 0.3603623421511810 0.0254160403600527 0.0061182262019771 0.0068401462115390 0.0040941856464765 0.0865229622288010 0.0046930847313027 0.0052550708825187 0.0057479068902300 0.0073260701476049 0.0044428622959515 0.0169360286749772 0.0041698051227295 0.0076579939202968 0.0059983546752840 0.3832850165750675 0.0479210956775147 0.0127918662265411 0.0008590954649359 0.0035618459150183
0.00795642502709177 0.3098333501228658 0.0731730484683584 0.0026990654108724 0.0045464003790719 0.0053427004590639 0.0180134447913450 0.0033424066580079 0.0581590053192837 0.0043013188962635 0.0293900399786122 0.0124891530440068 0.0069305089926874 0.0038068862238436 0.0052630922431738 0.0044504460229674 0.1060779371541788 0.1388580336830953 0.2088768439272277 0.0009776114740166 0.0034687067510577
0.0079507214966064 0.0471337499381281 0.0145192627928124 0.0051552686707310 0.0091888460308953 0.1147582002837867 0.0113927405471910 0.0143881923619501 0.1308464591109602 0.0107515824854050 0.2633127429814176 0.0711884179618010 0.0106898791871518 0.0093093541225756 0.0142814108857596 0.0141995002354687 0.0315986668015134 0.0387099011151461 0.1231643741397100 0.0198068569216921 0.0456045934259042
0.007930759139907604 0.0755229013743397 0.0008607232270526 0.2256117258684321 0.3533180971450867 0.0013450349796649 0.0248787717851064 0.0100056952750247 0.0041580738841743 0.0528964888298399 0.0079908617398085 0.0032803132721414 0.0408671850029036 0.0141523018931253 0.0681368177351815 0.0229470904663109 0.0501042521199502 0.0305840764257640 0.0112143676378714 0.0003876716896591 0.0017375496485628
0.007907945017966121 0.6059657846265695 0.0285461586660207 0.0017217026746064 0.0026709206797889 0.0019840299492140 0.0579634940232374 0.0015587277774026 0.0061075021803541 0.0021992149061199 0.0064110923878525 0.0037291850711769 0.0039983825330297 0.0014517342852583 0.0028461385735049 0.0024135588464563 0.1982527318493154 0.0433336143463303 0.0267670428256721 0.0004175943206994 0.0016613894773903
0.007822392060685565 0.0089613141560723 0.0020523091964665 0.0024520063304819 0.0032125574151269 0.3150771388127594 0.0030774032626677 0.0289947513504796 0.0072754752872602 0.0035324234258328 0.0211310538847008 0.0058849424051702 0.0051767442524134 0.0017877531748360 0.0044176083706919 0.0047543889532997 0.0076334970231388 0.0063744929589692 0.0086156951251728 0.0339247782690709 0.5256636663453890
0.007816688530200193 0.0427036646031639 0.0076038947989129 0.0035603281105941 0.0111590381667361 0.0186445788526001 0.0054684271584023 0.0071862020520044 0.2267603871911920 0.0167209362101080 0.2229049131907586 0.0885057187232068 0.0094881532805085 0.0029082586812662 0.0207239991383872 0.0167020312907062 0.0246621933671869 0.0595261197495403 0.2051948283841885 0.0010232771582928 0.0085530498922442
0.007805281469229453 0.0247297224300741 0.0060820288879122 0.2825012325912147 0.0353525051938035 0.0052601566629075 0.0320062122979796 0.0262051684327881 0.0080416233710952 0.0243773401519623 0.0098730078694343 0.0048479761871410 0.3512604446639204 0.0044315783542643 0.0166257599300563 0.0157859589094743 0.1007227930665369 0.0327481899761714 0.0098011660141378 0.0012959826693831 0.0080511523397427
0.0077938744082587125 0.0632548569710967 0.0131588081479034 0.0118939863156134 0.0239724496926771 0.0262562835569665 0.0186591690475458 0.0208414523647112 0.0673487370532100 0.0285456577943192 0.2382210209889629 0.1586450711920521 0.0277074643881121 0.0082643138906953 0.0706694912754703 0.0295867188694915 0.0561413645171048 0.0559549047032414 0.0618883778160489 0.0044115938240341 0.0145782775907435
0.0077938744082587125 0.0466638555301269 0.0013840871850506 0.0268524075460862 0.0895809094991110 0.0023212518808457 0.0138840434011407 0.0184602028300091 0.0120906465355763 0.2972959643298859 0.0228412562808117 0.0137901109928029 0.0399376548129426 0.0038686778974181 0.1082860323526185 0.2022557672282536 0.0421511616306816 0.0393369794927517 0.0153648974201033 0.0008330764083074 0.0028010167454762
0.007725432042434267 0.0159915237899268 0.0076374810041931 0.0028208639997380 0.0041973507993806 0.1950812771316326 0.0039841605325851 0.0082260605089124 0.0995415191541721 0.0052555102469427 0.4293335081947044 0.0758743981992256 0.0055465548693787 0.0040543335569391 0.0071355785475261 0.0062315882553024 0.0120785923570164 0.0137596206544562 0.0632840532686175 0.0023494091149211 0.0376166158144291
0.007628472024182969 0.0285967383927450 0.0018556996007032 0.0058572808212424 0.0031242487305951 0.0009006050645032 0.9140465904564584 0.0017598187454890 0.0012289667552962 0.0028088347741937 0.0020165959393176 0.0011279256460867 0.0060285304567032 0.0007138374713669 0.0020677270084143 0.0031913729075663 0.0179206638301084 0.0034696464968174 0.0021356549278882 0.0002909932563310 0.0008582687181738
0.007423144926709633 0.0156843908348478 0.0028167788425664 0.0016364501912046 0.0032017961304695 0.0051955817890152 0.0018242616193036 0.0017897949785063 0.4167042571980666 0.0031913964612055 0.0606396543193932 0.0109782987429211 0.0025689974630898 0.0012289844824199 0.0028959825854497 0.0028740901101398 0.0048054258680172 0.0139103489575636 0.4452799197873309 0.0005026690040143 0.0022709206344751
0.0072691496036046315 0.0875233673556459 0.0156099404844489 0.0073264067371288 0.0143442182919977 0.0104429775965599 0.0112481247620389 0.0100525681365948 0.1442693767776991 0.0224471560995715 0.0601323080195571 0.0345635200008950 0.0281214898014759 0.0052200888618705 0.0200034908879451 0.0194274272525174 0.0862015685003930 0.2142678367181581 0.1991026485793501 0.0017984827598797 0.0078970023762726
0.007234928420692409 0.0292541453248867 0.0027974085089945 0.1094808452205296 0.0524679070821970 0.0030273756807895 0.3935236447674886 0.0257294943902632 0.0032381060070331 0.0654563025947963 0.0062542815013380 0.0034868855031674 0.1564143184188083 0.0032028217767558 0.0345563317154816 0.0361847433475464 0.0531850880155284 0.0121086299116059 0.0049123718980510 0.0008375048084164 0.0038817935263222
0.007177893115838704 0.0378930230608877 0.0019113784056464 0.3186425698316220 0.3557342411973876 0.0017192686676634 0.0274628967268350 0.0147753655305715 0.0038253822464112 0.0359648839436201 0.0063575096222752 0.0033811126330585 0.0521247571385901 0.0015266019562226 0.0560387700370917 0.0161148626043761 0.0363252933743418 0.0172134641860204 0.0089434240052628 0.0005514084706778 0.0034937863614383
0.007152227228654537 0.1411474002532527 0.0331020027383432 0.0011353842649424 0.0017943454290776 0.0164092631517678 0.0125941193673614 0.0015372156117439 0.1913187759360493 0.0018432631654356 0.0992914078424796 0.0360383389868424 0.0035415757672294 0.0025292333137634 0.0024944064516097 0.0019751715664506 0.0344326180400250 0.0687421135054352 0.3457501149539874 0.0007319327743813 0.0035913168798219
0.00713226487195574 0.0094374184451723 0.0008879035260390 0.0011816788314826 0.0017295296672440 0.0341096214573434 0.0016280448221731 0.0017963811975615 0.1896453017846408 0.0021357770029906 0.5524985405385165 0.0832699696358193 0.0018020853922842 0.0017160723332175 0.0033416031569040 0.0033451156843410 0.0045828544839353 0.0079931836081953 0.0955547977778335 0.0004548893227845 0.0028892313315218
0.00699538014030685 0.1369942634364597 0.0153285109848971 0.0003227453692124 0.0004458558173940 0.0603021723665013 0.0381650159665626 0.0004018375962241 0.1878462194190934 0.0004332191426102 0.2252733021986672 0.0341769729529133 0.0008265340477528 0.0014446972162808 0.0006682760991050 0.0004860053025533 0.0302142914781543 0.0444919931059976 0.2190220883139027 0.0013231188353358 0.0018328803503822
0.006918382478754349 0.0193714273309117 0.0050463126956156 0.0031386139426930 0.0048444005733905 0.3236115011331450 0.0045380974408415 0.0139298959024072 0.0659130084014532 0.0065054858446359 0.2343258738470750 0.0557877446955415 0.0066676465430856 0.0029037115298172 0.0089125331563191 0.0084783283274647 0.0125421830950398 0.0140602272736099 0.0501857670656710 0.0277388595826101 0.1314983816186721
0.006898420122055552 0.1062919760694823 0.0054206009525984 0.0034168803746956 0.0045909839830398 0.0046043544782634 0.0122898268683269 0.0046705170337258 0.0100104259192196 0.0048977412660619 0.0143226001783251 0.0050449529577724 0.0061925534114776 0.6989694638361238 0.0069654880598187 0.0054392650728537 0.0544066722367116 0.0269956261748190 0.0206641105467267 0.0011252703633691 0.0036806902165887
0.006884161295842127 0.0314021747309366 0.0128870781762549 0.0211535540806274 0.0360536852152733 0.0097940017717729 0.0275872678777722 0.1233404296139041 0.0087873784946281 0.1503488879173841 0.0251912677751277 0.0095370171399335 0.0879568025696024 0.0052206104366856 0.1030660381912531 0.2197205155010466 0.0593542641087480 0.0283985727294403 0.0129412940573341 0.0039378002665310 0.0233213593457434
0.0068756060001140705 0.0438559619343763 0.0069979424053884 0.0079021964975826 0.0316242352775661 0.0067389590399274 0.0103124886130364 0.0192154402617419 0.0348917179000925 0.2642318613588427 0.0660105377750125 0.0338061787522901 0.0216440553552082 0.0040181377762305 0.0870288390862302 0.2312631566089882 0.0371781392130723 0.0447066135174248 0.0405862276080104 0.0014105104024336 0.0065768006165449
0.006855643643415274 0.0168524457028146 0.0064960716624531 0.0014006560290643 0.0025705235811113 0.0169364018892190 0.0024279587701314 0.0021634968436487 0.2110232521780298 0.0026949973180985 0.4284780523817953 0.1555542848852532 0.0030301715579124 0.0010794661150817 0.0056000692968280 0.0034161774700473 0.0074130307198235 0.0161704725692263 0.1139706131857261 0.0006960109328274 0.0020258469109082
0.0067900530428335135 0.0161995877634195 0.0148699060556251 0.0048041821314982 0.0098307323523176 0.0051037463660082 0.0112842978044787 0.0271203552240199 0.0091066960229574 0.1502960869692376 0.0181350169056292 0.0078563165714926 0.0145895760680015 0.0051967830465206 0.0374662815958778 0.6066740085486673 0.0244921373010685 0.0165523822545665 0.0106304723198585 0.0028606372157390 0.0069307974830160
0.006735869503222495 0.0157317265215547 0.0170570599350029 0.0029611401610850 0.0035175465779787 0.4689127314340365 0.0048057104846195 0.0107829576108213 0.0512213712936927 0.0046801502922178 0.1539771892566381 0.0246226263323821 0.0056106315921518 0.0035242102026582 0.0049471066396307 0.0057141448268034 0.0183063612033318 0.0126091071488147 0.0459013676715061 0.0056048368408005 0.1395120239742738
0.006730165972737124 0.2063213248913878 0.0278698530397925 0.0015452257211183 0.0023370614324346 0.0628842774816396 0.0656337983346730 0.0018360091661199 0.1053414384414120 0.0021060597654594 0.1459721795171982 0.0425338579220216 0.0039179765361210 0.0038619041574736 0.0030487807887875 0.0026145665225997 0.0768171133026775 0.0760627082176717 0.1579600585820043 0.0051251076045999 0.0062106985748080
0.006681685963611476 0.0538723545361206 0.0156010222022568 0.0130640662863637 0.0211090016375843 0.0973714495422530 0.0122817788250309 0.0554179946951325 0.0905278676435516 0.0234473800007217 0.1638946808133559 0.0525665248418083 0.0333270478343024 0.0066018613749766 0.0423173528082332 0.0262251796131498 0.0530614686165735 0.0542363827363862 0.0944984633369328 0.0040838120284840 0.0864943106267821
0.006610391832544345 0.2376712787740592 0.1696359657546784 0.0062921697527499 0.0069467498707878 0.0096935884477931 0.0340859953527641 0.0067404440181847 0.0157489654884331 0.0074013950660975 0.0208596456150551 0.0102791621807589 0.0171150403289831 0.0067018202137583 0.0089186224080772 0.0082484765038768 0.2865030819040955 0.0949311521405240 0.0424572693948830 0.0024320009480485 0.0073371758363923
0.006587577710602863 0.0224416620992617 0.0012789870950010 0.0021203478930140 0.0024626138019677 0.0013655853228398 0.9301698081658548 0.0013400577697505 0.0014776731730588 0.0017863597478100 0.0027071028264527 0.0011063969856858 0.0031441820797755 0.0022137118312013 0.0017939687728107 0.0031660544526302 0.0137323370009765 0.0033376322522153 0.0028954357806032 0.0005999900566239 0.0008600928924666
0.006579022414874808 0.0779228485590695 0.0045220620137568 0.0232906803559387 0.0534167658791660 0.0177524139190800 0.0143321059083248 0.0114978159574048 0.1549215795264874 0.0311278873370778 0.1263013994876623 0.0526857218727244 0.0219436361672570 0.0094823140528922 0.0363800489938155 0.0244538937911317 0.0530610793839941 0.0858469573674116 0.1889151429954972 0.0018624899890582 0.0102831564422500
0.006539097701477215 0.0440302192336609 0.0068124315852146 0.0513581414211898 0.0167989168297791 0.0040754743072041 0.0357973464021244 0.0097112541546044 0.0079988072122236 0.0189047992281053 0.0099927890769027 0.0054392599176703 0.1194726884127401 0.0094458653310899 0.0137850794801196 0.0148087604599532 0.3644744622730896 0.2499692823529289 0.0119914223988954 0.0011072793741684 0.0040257205483360
0.006513431814293047 0.1376407524154491 0.0180982847924898 0.0040250607995610 0.0043600845872394 0.0095388877864072 0.0227361048784562 0.0043533534157616 0.0290246057164964 0.0049710818698443 0.0237782701706482 0.0185812208255665 0.0214674418458618 0.0055860890358623 0.0071147672984612 0.0051402972542905 0.2677452765116484 0.3560078860154903 0.0528117007865814 0.0016175936927248 0.0054012403011594
0.006499172988079622 0.1072709846326394 0.0027115603848043 0.0268813429404869 0.0553228530050916 0.0092788914647336 0.0181161507853249 0.0144282009178878 0.0364752127224217 0.0761612608515832 0.0495527849230747 0.0185824404998477 0.0265085642114109 0.2173316019447531 0.0675506196059256 0.0639824349135674 0.0824378426673819 0.0645795779643692 0.0540375813693465 0.0016824005678145 0.0071076936275353
0.0064449894484686025 0.1013773528735333 0.1425274489659386 0.0212756286077098 0.0228594623693101 0.0297959088378653 0.0400527737571847 0.0306078998211815 0.0310650347298248 0.0285463790003592 0.0485012555295569 0.0199922732007370 0.0583718668123193 0.0132668236117813 0.0285253901039605 0.0367343358689734 0.1851575371853594 0.0762556242990860 0.0480094216916088 0.0059997489821787 0.0310778337515315
0.006439285917983231 0.0890560016726845 0.0102012313113109 0.1216530901776808 0.1811604697560668 0.0182098576812351 0.0287063320585043 0.0206037225304787 0.0449567182355899 0.0340270302129277 0.0590007160891719 0.0257347300853037 0.0433535898777716 0.0123086346538311 0.0532175988389264 0.0247791147119848 0.0760075625133494 0.0641794624720298 0.0724040536252146 0.0037546181903420 0.0166854653055958
0.006413620030799065 0.1140665610428108 0.0013634418384118 0.1079862477741635 0.2770066482626291 0.0016923004072816 0.0176883668841371 0.0112974406873077 0.0071597183223489 0.1155486844691231 0.0154812747553753 0.0060774507995298 0.0419825035877717 0.0013355822525081 0.1043580396487778 0.0582263275941404 0.0587752421003706 0.0421948307306384 0.0155277410176622 0.0004041199724077 0.0018274778526044
0.006413620030799065 0.0776963557866852 0.0015440025258197 0.1008981409954268 0.1527962521820848 0.0057901656697320 0.0406218518740998 0.0348583785716323 0.0079775920853012 0.1130973172752163 0.0201404257494045 0.0087158383711677 0.0764535200028608 0.0037455053661938 0.0979725965818467 0.0971275844754767 0.0830015843272161 0.0467149365163504 0.0152532575335781 0.0050085890582135 0.0105861050516935
0.006367991786916101 0.0557315176482100 0.0105690406918102 0.0002980752300984 0.0004421597724643 0.0984405532037739 0.0113795353295901 0.0005423418706822 0.2177536554943256 0.0004772744306399 0.3163425668161033 0.0521060851204723 0.0009239068917407 0.0017675594457197 0.0009694200449462 0.0005049334454378 0.0119719670337338 0.0244376680213700 0.1833411419914091 0.0052443892732228 0.0067562082442495
0.0063594364911880455 0.0478160772094240 0.0064611477097454 0.0075280396733383 0.0304997848061497 0.0106461882778859 0.0071901286961702 0.0119969404169295 0.1561839969854209 0.1023030544719605 0.1524217044790545 0.0524709518679888 0.0143415955172843 0.0033774317587316 0.0504167799043959 0.0933354599342284 0.0291064452348816 0.0598813568204703 0.1541945777729367 0.0018170601059333 0.0080112783570701
0.0063565847259453604 0.0840258062841999 0.0050672317169604 0.0351458359350326 0.1265274834484774 0.0058737387565507 0.0126620644681291 0.0152622494340330 0.0589357675494277 0.1076464235522778 0.0481728805121734 0.0198361324384666 0.0331208035548844 0.0050335918376888 0.0862040504564139 0.0678682987885322 0.0721171762195593 0.1132333313747882 0.0966995689399163 0.0011124266945661 0.0054551380379221
0.006265328238179433 0.0377197400155104 0.0077105355468966 0.0203938154572632 0.0873098501956022 0.0095623174236737 0.0167160714782816 0.0883806841744183 0.0153922886021883 0.0447727807538092 0.0453331335587843 0.0212540310875672 0.0305232995944797 0.0101838493850381 0.4111815718061753 0.0447501219171567 0.0412943090544057 0.0301156312022308 0.0217639374275248 0.0031216174330592 0.0125204138859347
0.006208292933325729 0.0137338305964308 0.0009155638308224 0.0012002321337099 0.0021336841632309 0.0653726069315016 0.0018572156412287 0.0023882370450552 0.2088073037748039 0.0033405997052445 0.4489492824834893 0.0840408788361882 0.0022759940872527 0.0013322687035917 0.0040121097442852 0.0037342128123070 0.0054904542214435 0.0126341674327813 0.1192439189061418 0.0053883011377514 0.0131491378127399
0.006136998802258598 0.1280797470482960 0.0047026080901082 0.0030167661905153 0.0047333552165884 0.0186918145085138 0.0145462556142439 0.0028612481343147 0.1929953852566791 0.0042017336357119 0.1045905322911258 0.0532706311231969 0.0073959989022074 0.0052747127704875 0.0048840864040096 0.0044761629708176 0.0458373976982112 0.1008436304796730 0.2942917630934324 0.0014669515197550 0.0038392190521121
