# This script is generated automatically.
# Vector of amino acid stationary distributions.
distributions <- [
                    [0.05010816604083267, 0.01520618120527303, 0.08497257747525705, 0.09504083937360733, 0.0566703159002596, 0.03014842174781497, 0.04107362578306071, 0.02052357367027817, 0.09250226484875748, 0.03800891762079392, 0.01674157814886317, 0.060948049920319707, 0.04777851439088794, 0.059073378291968404, 0.09057659589140357, 0.05886992846816361, 0.039936188042391615, 0.027148700740669558, 0.015535844269865366, 0.05913633862366231]
                  , [0.040588913625496756, 0.011652623725700964, 0.0029376234380275104, 0.005642315350843995, 0.055453044105708484, 0.007630569055640059, 0.005407158126208872, 0.22138398439856613, 0.007112635701287534, 0.26979967452895626, 0.06599723920457973, 0.005870385930780344, 0.005761206244783813, 0.008561454409046574, 0.0077630674784740505, 0.017219152068954545, 0.031737592023513846, 0.2110789244164505, 0.004468468610659612, 0.013933966181916214]
                  , [0.2486172956332555, 0.031753494020896306, 0.015591668839021473, 0.01777445092218917, 0.012400105954460637, 0.06792407217414502, 0.010727422950132607, 0.027872075089236677, 0.017262211445693156, 0.029566621457754794, 0.016382040324961527, 0.033069665055395804, 0.02788112475391597, 0.017819412818916608, 0.0162148657513336, 0.20913933615538155, 0.13044847209755667, 0.05812186142529686, 0.0028112480307720573, 0.008622556762683153]
                  , [0.0830226069029266, 0.008041183401146988, 0.022624619183781274, 0.015241691163815255, 0.004447816058739548, 0.6899069750579726, 0.007113096728332326, 0.005218391627749411, 0.013830803805101141, 0.0079946037522092, 0.004297757259948413, 0.026866898024315335, 0.005885527195343267, 0.009735596338346645, 0.013655668361408989, 0.052876403970546194, 0.014226486854797438, 0.009574614565519154, 0.0018190872067620056, 0.0036201686059908825]
                  ]
distribution_weights <- [ 0.4481007243483716, 0.3019848286089089, 0.20440597729994867, 0.04550846974277078 ]
# The number of clusters.
n_clusters <- 4
# The base file name of this file (for reproducability).
fn_distributions = "dists_hogenom_poisson_allsites_kmean_004clusters_rb"
