# This script is generated automatically.
# Vector of amino acid stationary distributions.
distributions <- [
                    [0.0815810751977828, 0.01170379492268072, 0.04500838482535904, 0.065404159644784, 0.019541532017536927, 0.04685198773155735, 0.05117090781128509, 0.04573522906033771, 0.06801834956139283, 0.06973483961479435, 0.023924529647469352, 0.06366954684537807, 0.01521028473715189, 0.07367991857634673, 0.0699034809770413, 0.09134596519348666, 0.0724448662426472, 0.059080498513395946, 0.004629315521254032, 0.021361333358317896]
                  , [0.0574017266449508, 0.006070087096305663, 0.027788167553283793, 0.06081760833705719, 0.006728567413126521, 0.03016176413312278, 0.0424891591990386, 0.016904465944060462, 0.1906140378916831, 0.04409316869735315, 0.014583200071845475, 0.05446670212834096, 0.007844821045920032, 0.0845141236156494, 0.19232446352984733, 0.0649753691373585, 0.053700433372855114, 0.033445316090900325, 0.0024750615971805097, 0.008601756500120133]
                  , [0.1286058906481347, 0.012493715893970065, 0.03819715572086481, 0.04202447665184463, 0.009072312240932119, 0.06355431110854935, 0.01574923741303884, 0.017403213806215904, 0.04487755745181633, 0.035379704673290845, 0.012401087511682998, 0.06995157241612199, 0.015507132827517983, 0.04359252837003331, 0.040285374195653124, 0.2370898908984725, 0.12095203459770794, 0.04252574588239092, 0.0019218717745202191, 0.008415185917241327]
                  , [0.0706981620507176, 0.00420183479815549, 0.15364391736366523, 0.21818022933964246, 0.005471411396846878, 0.04363524423542317, 0.030956153477473842, 0.011253276306668199, 0.06596561739197329, 0.027172814911247255, 0.008868244618821698, 0.06380221846337987, 0.011111264578761021, 0.07823860351820133, 0.04619493645302065, 0.07226287058034614, 0.049116524756925455, 0.0304143355146291, 0.001453090636555999, 0.007359249607545058]
                  , [0.03615112084221369, 0.004200013585215695, 0.008813287030887074, 0.03523566849903392, 0.003756346830959916, 0.01404871600241676, 0.030767456218447113, 0.00999849529459706, 0.2923084211199772, 0.027300528912219773, 0.009275488079710594, 0.03770487202031779, 0.0046062912565231085, 0.06678019383995328, 0.32097525205582145, 0.04187460674315983, 0.03439244286279357, 0.015242845903576652, 0.0017043935433800133, 0.004863559358795476]
                  , [0.05724085487638335, 0.010579716391356466, 0.0062554795164923, 0.012692940652911685, 0.06592396430785469, 0.010522955201535468, 0.014059154636580182, 0.09979424716172174, 0.02927021152202084, 0.2691331493756036, 0.10256961291122502, 0.013298962481547728, 0.006851432910078478, 0.04105353426541142, 0.0374073857988707, 0.045496591344089156, 0.050826302583860616, 0.08798693746199901, 0.005356270284091374, 0.033680296316366265]
                  , [0.09820295650177276, 0.014139476339453404, 0.007379519237201457, 0.017488147182743233, 0.03366075580057528, 0.013447301343749959, 0.009124016051706587, 0.15302146448572956, 0.02916081429020876, 0.1051493754472094, 0.05665903305743428, 0.016595695676135364, 0.008637988607081884, 0.02182311334122209, 0.020185535976580172, 0.06556344621943647, 0.10566379026873192, 0.21013114795320725, 0.0026164974021906824, 0.011349924817629614]
                  , [0.050312081283232, 0.0017844803579342718, 0.24611555746649255, 0.37581054005038234, 0.002431116123162874, 0.028911051428386774, 0.012540070385914474, 0.004931312008506229, 0.04122399877103398, 0.008912062964222204, 0.004143459232085726, 0.043990499587980444, 0.006499767388617546, 0.0627250350592517, 0.023353850795623472, 0.04289279878476967, 0.028277054056716457, 0.011041309910024368, 0.0006464847065709657, 0.003457469639091822]
                  , [0.0584900053874914, 0.010747685066656402, 0.0021919164102823237, 0.004171920006873762, 0.060622848836054066, 0.00793468110712099, 0.004105358233031952, 0.21222006925784248, 0.005369827142946458, 0.24892405486124647, 0.07776356894185686, 0.005007111180718061, 0.004171730691916162, 0.0066069179497261375, 0.006027914340720572, 0.028019803099297774, 0.04557063546110467, 0.19565878426706576, 0.0031832333678943293, 0.0132119343901537]
                  , [0.34218161025012866, 0.03624079459483625, 0.009101056677868076, 0.02452571790991059, 0.011900260563319633, 0.06678211144992187, 0.007948632560250345, 0.04229865643872945, 0.014805986129277466, 0.04929406200967149, 0.026498989991226695, 0.01733570763088731, 0.01363452892928149, 0.016753438297915726, 0.01394165575716359, 0.1294991922155025, 0.08192656126494392, 0.08535074321045512, 0.0022441712835765374, 0.007736122835133307]
                  , [0.10861094001234242, 0.005371652511727757, 0.03483416022583172, 0.047714166544329334, 0.007779429053841564, 0.03555307409451563, 0.014744067704841908, 0.02053635610520216, 0.04586845251729855, 0.04442862216089017, 0.009204695240942754, 0.03274233894544163, 0.29387857471669726, 0.04522803690109106, 0.04125758008005375, 0.10058255558801144, 0.05920691522546526, 0.04370104955211547, 0.0019062410409599318, 0.0068510917784002975]
                  , [0.028739015776191947, 0.006039305418240029, 0.001059883478888941, 0.0019046574092810105, 0.05495434923460191, 0.0031683473477161833, 0.002085756934960434, 0.22931706457782786, 0.002340232662256983, 0.38116211800703476, 0.07398226985878838, 0.002302844599104498, 0.0022884228984414805, 0.0033427931422066273, 0.0029219564504689333, 0.010212093031188335, 0.021670184409686953, 0.1625537372069633, 0.001983220489576955, 0.00797174706657437]
                  , [0.02860406015611666, 0.007198232663180273, 0.002391225907401143, 0.004417037724231882, 0.07145926505208207, 0.004655840098917099, 0.005453167146638646, 0.10871497560253482, 0.005931629620803001, 0.4883310606197114, 0.1008882145347118, 0.004899017369466696, 0.004013544705836714, 0.009418420258873234, 0.007312825479592655, 0.019017477823997545, 0.024765428813685514, 0.07812534138424355, 0.0033764381974299984, 0.021026796840545196]
                  , [0.03735957634880322, 0.00772976016655413, 0.0014896588182803166, 0.002584122690310591, 0.02909397269529211, 0.003677530242111156, 0.002267127654478693, 0.34463743396808005, 0.003153215738519838, 0.14627648071862906, 0.04547588628650828, 0.0031450308480069056, 0.0026997837592966337, 0.0034169456518404378, 0.003237320436519795, 0.013990163884270681, 0.03206088475103421, 0.311545186329213, 0.0012370482740423113, 0.004922870738208702]
                  , [0.051812372153335354, 0.006631397764068166, 0.09598091499408587, 0.04731126817673823, 0.006348980177134057, 0.05998416892544945, 0.05032663394336097, 0.009448042078607744, 0.05733951546396004, 0.013917439701317065, 0.006999215211417287, 0.2719990528151982, 0.006973072303348515, 0.044103588039229424, 0.04303224001836864, 0.13847709020269033, 0.0650660381757136, 0.013202448036968847, 0.001606757347779257, 0.009439764471228901]
                  , [0.08569385798870033, 0.007983150096711461, 0.06079360513022566, 0.04811892027117509, 0.006567113412013848, 0.38182233204713145, 0.01760993343115556, 0.008193445927112419, 0.04640485441821202, 0.014143963893534771, 0.007071145752429395, 0.07299597400464986, 0.008905734115669799, 0.03434602277307654, 0.04224802168003395, 0.09745434972387923, 0.03663454733729089, 0.014376186562358643, 0.0022197673910012345, 0.006417074043637688]
                  , [0.021541714979465155, 0.00405720700941446, 0.0007994637424132028, 0.0013780286018893534, 0.01512625339221196, 0.0017863948007208412, 0.001087098417350596, 0.42289890997241913, 0.0015764027520454307, 0.09331837135551972, 0.02574236827040289, 0.0016918634815090519, 0.0013970160779165875, 0.0017040105182812883, 0.0016702312501635085, 0.005054203143406806, 0.01812338930155754, 0.37840453877130176, 0.0005251694250733681, 0.002117364736937468]
                  , [0.08313385362728572, 0.02343806844111161, 0.002930091207614645, 0.005772914890956071, 0.024292326115151277, 0.0075824556463250726, 0.0036659494357183225, 0.21926326267328014, 0.006023117565404966, 0.08917287939890754, 0.03914008271966024, 0.006418693317763995, 0.00478052121133277, 0.006088729239243252, 0.005868349470348356, 0.0350282422548822, 0.07777981850983665, 0.35247768630210236, 0.0014212462691936098, 0.005721711703881008]
                  , [0.04565322470371979, 0.016534026463483318, 0.007991306151589276, 0.010186538001278604, 0.2038180607645905, 0.010773031335435673, 0.06942202040467774, 0.044123354477079636, 0.012900022330816196, 0.08160997127706458, 0.02138647262941117, 0.027451586807445735, 0.0061050275297197506, 0.01673174414015197, 0.01915961911014215, 0.049348205534456666, 0.03521613783695363, 0.04903446764407779, 0.027414453445395417, 0.24514072941251033]
                  , [0.3360960545244538, 0.03846080756390154, 0.006143399700034688, 0.007963351870657095, 0.006221475364251333, 0.06407763883651947, 0.004706150018428824, 0.01856674683050297, 0.007062510004407097, 0.02246341919415545, 0.00825508421680217, 0.024571497563564797, 0.010916918424645086, 0.009553656981379846, 0.007123513252127807, 0.28672895751101307, 0.09299487835498188, 0.042612486675682286, 0.00119861759236662, 0.004282835520124256]
                  , [0.016977820208230854, 0.008578303981486337, 0.00308008846755935, 0.003884533647902591, 0.308289845682798, 0.0041301462572887965, 0.04828379001961495, 0.022164978826835414, 0.004549192139579223, 0.05052550807150214, 0.009647428936966412, 0.008418693820550696, 0.002689589830538048, 0.006228504431933115, 0.006593767027557295, 0.019372062892813062, 0.008827830866786868, 0.023172502259073267, 0.02801224892760776, 0.4165731637033759]
                  , [0.03507795650362199, 0.0031543567915640167, 0.4325648988038114, 0.11032940110585336, 0.0033847698056595934, 0.04355034288786813, 0.026724475025140283, 0.005064631403354687, 0.03206281201161903, 0.007289227618740048, 0.003729464315249018, 0.13681405736382146, 0.00559890478670611, 0.029708463131174024, 0.020079156777439298, 0.06061667533556476, 0.030566765881552323, 0.007885706391495089, 0.0009163578774835855, 0.004881576182281576]
                  , [0.014647754442315763, 0.003922064874605762, 0.0010300783299521995, 0.0017383950594358558, 0.0522938202190819, 0.002043389787924851, 0.002226791105190933, 0.10441389161785686, 0.0022458210571294854, 0.6250362334631441, 0.09141991255580484, 0.0019965017372497234, 0.0019411866499105222, 0.0038129727428675526, 0.0027625800508391633, 0.005918021932866327, 0.012401133869424985, 0.06277572718477012, 0.0014918452453002318, 0.0058818780743288245]
                  , [0.023058808385106405, 0.004143960734992456, 0.0007162381708323795, 0.0012079675880851517, 0.03245959701537156, 0.0019177706867783736, 0.0012161167096368317, 0.34862150041291107, 0.0013323610976356058, 0.2613457077361167, 0.05574176296306164, 0.0014950462688202756, 0.0013864929356648603, 0.0019039015436151207, 0.001603501360873586, 0.005038834212501893, 0.01816432145997613, 0.23446513939660443, 0.0009106616322385016, 0.0032703096891768947]
                  , [0.0919498479641614, 0.022500535592757272, 0.008449896573946625, 0.011362228231245943, 0.007629981831663718, 0.024450838599059957, 0.007260299814000974, 0.04519962225879695, 0.023509956288332398, 0.037286548434461046, 0.02812056527737179, 0.04167549866943211, 0.007201789104121581, 0.014308346112203087, 0.014984570839921833, 0.16760931946689933, 0.37287577191983484, 0.06643179245100442, 0.0016089543127872992, 0.005583636257997344]
                  , [0.029899964388889054, 0.01033383066494498, 0.002577339308107447, 0.0034321978142148077, 0.36468220112274846, 0.005700712147793742, 0.008825930199689512, 0.06916634577390836, 0.004434138400569439, 0.18709535756071402, 0.04628245287334397, 0.005465349672136963, 0.0031837500791956955, 0.005435456748735588, 0.00548923473179498, 0.022056295500761693, 0.021505985629998024, 0.06081106192806412, 0.025734004406011427, 0.11788839104837763]
                  , [0.29586096414019397, 0.042771536494722456, 0.0017639275100735632, 0.002760877032718434, 0.01986620996384077, 0.03728151897888499, 0.002017015458652324, 0.08000000277321401, 0.0025468812812112556, 0.058871670313824856, 0.02837090663809093, 0.0039932601118244735, 0.003689973901549922, 0.003255609714878711, 0.0027681240921792003, 0.07514372342018409, 0.10456413831172752, 0.23023503181782767, 0.0011418138188496979, 0.0030968142255512372]
                  , [0.10397181681537543, 0.0015692692610284119, 0.07740511589022908, 0.2284858953847406, 0.0019339492493635692, 0.02570955039956694, 0.01765617241309264, 0.005879977769047716, 0.15261111848576533, 0.013322756344676003, 0.00476166058423423, 0.047280963974037145, 0.0033895335049949136, 0.10874095646975199, 0.08123515426717133, 0.0584930445371117, 0.04509413834389357, 0.01922361507491298, 0.0005616797702857659, 0.0026736314607206644]
                  , [0.584717807473886, 0.029550786146655347, 0.002246955612281874, 0.0034648992206328384, 0.00330524649720466, 0.05424041068282789, 0.0020242836545440956, 0.016368685937748918, 0.002828125520131743, 0.015144542930440413, 0.005627939058593871, 0.00445048240581044, 0.004489171697168888, 0.0034033067737158445, 0.0029845623712611504, 0.15542963257029388, 0.0581509705873321, 0.04870617432824795, 0.0007095846373840844, 0.0021564318938379103]
                  , [0.10777877053243938, 0.003785075721790869, 0.01083971516372839, 0.023840299433033448, 0.0042097308015173335, 0.02351415448589806, 0.007088414739618915, 0.010986194147248123, 0.022004826501710657, 0.026833838343246007, 0.004822235881416688, 0.010011971262069395, 0.5587254126796865, 0.02200164391003257, 0.017927081127741572, 0.07502596607515821, 0.036858576606538525, 0.028975368881013347, 0.0011297534922687143, 0.003640970213843383]
                  , [0.05740167208716225, 0.004168120595142729, 0.032118050952486855, 0.0210205002122164, 0.0029336530776084254, 0.6998694360721375, 0.005914334455076951, 0.0037135004542011075, 0.01999162503370979, 0.005834148889038904, 0.0030943647381112822, 0.035828235409742185, 0.00362571263212138, 0.013108151006549003, 0.018027875693880837, 0.04810898309481269, 0.015076312051559355, 0.0065692361165880005, 0.0010742013622380192, 0.002521886065616106]
                  , [0.07787326826750912, 0.020893533970040165, 0.026117586296388412, 0.010559084224801368, 0.004820629680156892, 0.04345090713154112, 0.0070424716523313285, 0.00798401412742314, 0.017103614437577238, 0.011919598891649312, 0.005946516329178309, 0.060260079377694106, 0.009945668095005165, 0.011319211523898582, 0.011492103481779741, 0.451751402263381, 0.19588039510872118, 0.02023319883080052, 0.001174318004876209, 0.004232398305247126]
                  , [0.01439957946821083, 0.002296440936698551, 0.0005569803495629216, 0.0008724604030940634, 0.039216514396903074, 0.0013937633476631094, 0.0008471777987510094, 0.22082483610034162, 0.0009464273717667445, 0.5195067582590622, 0.06500654450116408, 0.00106568371679482, 0.0009381804113100313, 0.0016239590476590056, 0.0011227851985468546, 0.003053349409473563, 0.010516100956748379, 0.11214993657132145, 0.0008009473732574252, 0.0028615743816701993]
                  , [0.01861995506859379, 0.0019215362934599993, 0.0036085636451523673, 0.01863413565345533, 0.0017565893501920143, 0.006223805547989088, 0.014956813765845869, 0.005065268746321097, 0.4729499818378711, 0.014216362752989367, 0.005641664499249322, 0.023205675456666207, 0.0023129883734289837, 0.038842267396461856, 0.32043252615119683, 0.02267764156721801, 0.019636216160283434, 0.006357359939052243, 0.0007378667074830051, 0.002202781087090375]
                  , [0.07286676791592381, 0.017619935048874137, 0.0011760902964191473, 0.0018730463218956943, 0.012866549578024166, 0.003576460463223241, 0.001360445238310145, 0.21506829768675514, 0.0019143831031568587, 0.06386311844333986, 0.0221336292131742, 0.002263285964936947, 0.0020164250386590123, 0.002098838274280093, 0.001986816254560062, 0.01601033192920286, 0.04112903156525031, 0.5173482897537904, 0.0006225685193743597, 0.002205689390849519]
                  , [0.040946752304546766, 0.009303671686974059, 0.02918546424893209, 0.030619142121203733, 0.04335744885603193, 0.014042358816730924, 0.28660558340428316, 0.011968995300892293, 0.04194853579911515, 0.041808846370355375, 0.009516602385453753, 0.08870816533093631, 0.006582505732575386, 0.07802688081125465, 0.06492041096039353, 0.053660138948226896, 0.033989143829398084, 0.015911368974021588, 0.004192088582028517, 0.09470589553664575]
                  , [0.32931616705535316, 0.02707115299126088, 0.005305075976859752, 0.00650268749961099, 0.006857623242882224, 0.3163108367331599, 0.003694431226223243, 0.016682372730888212, 0.005119357987551647, 0.023308241482345567, 0.007374874046017727, 0.01546328701122716, 0.006450775834860661, 0.006259610190973115, 0.005728235461751805, 0.1381169827965198, 0.040789178152146395, 0.03452703818476322, 0.001436669934131021, 0.0036854014614737954]
                  , [0.020047238402463505, 0.005225191961997425, 0.0005868736877272768, 0.000911600115899019, 0.006979417257891925, 0.0009609731377238271, 0.0006910916464385309, 0.3137330632107892, 0.000996407024527269, 0.046025445177918525, 0.011644500589790979, 0.0010077153284450977, 0.0007672762263992002, 0.0009762734286580958, 0.0009999614017617727, 0.002864801416067022, 0.012344815459638224, 0.571965083308667, 0.00028952767901856526, 0.0009827435381775885]
                  , [0.023048527923186433, 0.005649705009150852, 0.0010588903737447804, 0.0014865515714856746, 0.290387167586925, 0.0035280282068800113, 0.0022813833416839187, 0.0871177806501389, 0.0016596774381463766, 0.38673903261972703, 0.06563929131802751, 0.0022238901104746724, 0.0018226895935116725, 0.0025557462808803873, 0.002097149208315841, 0.011014379887077774, 0.015446262823918774, 0.06022941346509598, 0.00502906298605265, 0.030985369605575765]
                  , [0.007600322970944553, 0.003268795886425297, 0.0013151484283607327, 0.001677532764890098, 0.2949222706964121, 0.0017626936157016876, 0.026352105370205173, 0.008366485357140062, 0.0018274878758196603, 0.021861196197834633, 0.003694561590376138, 0.003286743791838796, 0.0010392737922652019, 0.002427364802425184, 0.0023024230764298512, 0.007572151293990901, 0.003824011727589541, 0.009791246673261466, 0.017939159214082664, 0.5791690248740062]
                  , [0.034476869896789226, 0.002065051334573293, 0.00822680611518638, 0.005315329466382093, 0.0012394052360565806, 0.8830607138513041, 0.0017133595943696033, 0.001607885440930326, 0.004548052510368286, 0.0024934738718070137, 0.0014120520127913184, 0.010370411691681364, 0.0012479826347128558, 0.002404837911156621, 0.005942290154062635, 0.02328761063828058, 0.005927376670212813, 0.0031269724099253654, 0.00048023086464602367, 0.0010532876947636348]
                  , [0.01707924400952331, 0.002175900682527995, 0.00037562350076402086, 0.000552049280833414, 0.02338226288888152, 0.0012619760011776924, 0.0004881225364428933, 0.40100842502513645, 0.000563198841897292, 0.25915784703079087, 0.03713847626956753, 0.0007475892643972161, 0.0007318545676643877, 0.000792996351388541, 0.000655718933056311, 0.0026469064464241525, 0.01097904199977926, 0.2383244320087077, 0.0004292820981890809, 0.0015090522628504685]
                  , [0.027633765994246783, 0.0009897871739521901, 0.22425416792460873, 0.5818357963177316, 0.0012210839317849643, 0.01582857088776877, 0.004259722477004691, 0.002484107447051034, 0.021062898271784997, 0.0038547011867198703, 0.0021118892367664524, 0.02100138881657572, 0.002207870257158297, 0.042201007647594345, 0.008034851873063329, 0.019926044282373826, 0.012994040916244155, 0.00624164780980943, 0.0003270071680389254, 0.0015296503797218408]
                  , [0.008634115164321367, 0.0015031867983473272, 0.00045236245837692885, 0.000645816501910987, 0.008086856432229297, 0.0007163250624093871, 0.0004948223699675274, 0.5580101408943218, 0.0006871781433969546, 0.0698552340513317, 0.01429008632479105, 0.0007537492553468007, 0.0004967164954509419, 0.0008174443866755252, 0.0007384562335385266, 0.0017765844454429372, 0.007837122291832595, 0.3230340652042792, 0.00022745176948267855, 0.0009422857165465129]
                  , [0.00804103439580834, 0.0017617810405521955, 0.0005679081161748152, 0.0008550229054137748, 0.03592914695715776, 0.0009351044528643636, 0.0009217444793134, 0.0737787654085451, 0.0010502331925624413, 0.7374917513631466, 0.08354812257170827, 0.0009505914332572119, 0.0007761573147888348, 0.0018458378287452444, 0.0012167999400729279, 0.002961719724040761, 0.006438462844351883, 0.03817042095412666, 0.0006146334920112215, 0.00214476158535825]
                  , [0.1260049341934344, 0.015692941662508304, 0.0003275269412517992, 0.00046238502422117324, 0.06755639501031711, 0.035712180842926634, 0.00042403211346908035, 0.18559082816787476, 0.0004533669663912554, 0.2419708291699616, 0.035201387600026286, 0.0008133498759875528, 0.0013955659099691463, 0.0006830371545343616, 0.0005147764785265764, 0.026184653792879327, 0.03860944886582733, 0.2187457539721059, 0.00151855968829396, 0.0021380465694934153]
                  , [0.009770800534712635, 0.0034100065293763936, 0.0012544212466735311, 0.0016150089573614523, 0.6367839578067646, 0.001975979393577595, 0.010190000069018604, 0.020001872731779738, 0.0018190812159917863, 0.06364891557373681, 0.015546471743032779, 0.0025146359694671683, 0.0012319971365674493, 0.0021804111958839668, 0.0021987014845785214, 0.008282051527854476, 0.004335323621564275, 0.01787762133568344, 0.015050265319631214, 0.1803124766067435]
                  , [0.04049874592379322, 0.009940347971394172, 0.006176680108886948, 0.003401447441955568, 0.002417539330767519, 0.01379692641612107, 0.0025162085164912957, 0.00984046386637324, 0.004132013572085165, 0.00938641459603222, 0.0040562046470287464, 0.021093316839733173, 0.0028752821951196937, 0.0034900688447151345, 0.003742184492929414, 0.30005351517131656, 0.5439160881036944, 0.016115146164970822, 0.0006356762842216362, 0.0019157295123698854]
                  , [0.2651125533480977, 0.02674930188394329, 0.0025604248912489904, 0.00271704599861741, 0.0027118088805751753, 0.048042378374656296, 0.002168015572464189, 0.004482798455304039, 0.0024529577532739185, 0.0059127695582870945, 0.003544023236426596, 0.014182657202486822, 0.00365414835258587, 0.003653452840352396, 0.002669408403632409, 0.520702809428937, 0.06842387784227184, 0.017661221798368997, 0.0006452555780635584, 0.001953090600406477]
                  , [0.038994165263242724, 0.0043539856405038595, 0.015217972146490335, 0.08866106366683382, 0.005302330620527843, 0.012708523448590057, 0.06863463052005173, 0.009942419677315729, 0.05473615740697147, 0.04418030592463543, 0.02755483775590814, 0.031754288441986626, 0.005505541156518281, 0.43738463747492673, 0.05422626109349414, 0.03898556380559901, 0.03152056905558784, 0.02188301944823597, 0.0018811271096399397, 0.006572600342940333]
                  , [0.6743907980907345, 0.01421943476932716, 0.0008650484232098978, 0.0011398573591602592, 0.0011796682045871754, 0.044073473807703226, 0.000745436928976029, 0.003215479069688532, 0.0010011504142865763, 0.0032203334711791627, 0.0020623313173743028, 0.0019158282110078645, 0.001625030459593825, 0.0012872171294808937, 0.00106201160340714, 0.2032080221699044, 0.027290385275301053, 0.01630021494937639, 0.00031419132741110914, 0.0008840870182902695]
                  , [0.012941545288749684, 0.0011606935017945499, 0.7449090795720018, 0.060298574686165646, 0.0012743637120135663, 0.014171247308960747, 0.010809618831780903, 0.001948859541595264, 0.008837334467889696, 0.002682966522100378, 0.0014172874807985656, 0.08423601709775477, 0.0019081644030179837, 0.010624656830251756, 0.003795906363001511, 0.02256719510565873, 0.01110655522406771, 0.00309765120652021, 0.0003949324353011548, 0.0018173504205756365]
                  , [0.023882346269626015, 0.0036336265616543975, 0.001608526576608654, 0.0026683346662935274, 0.03491417403410906, 0.003239338214133597, 0.002317412179306103, 0.12183274712419898, 0.0032942934597803225, 0.33130952369134814, 0.35184923127168555, 0.003167218274168487, 0.0017218881553979892, 0.006882819192342507, 0.0035242784306862497, 0.012936497486135028, 0.021941016041506438, 0.06328749075088877, 0.0013365628488834665, 0.004652674771246539]
                  , [0.5713090227852575, 0.016683906368332373, 0.0012520567688716962, 0.0017697056343991314, 0.00277353148309409, 0.20599026600205467, 0.0011186751330085239, 0.008258561287014639, 0.0014102894674180918, 0.008926410095609232, 0.004216302826938929, 0.0027615803797532384, 0.002488646306766071, 0.0019293435301636532, 0.0016086650681376375, 0.12000546620409167, 0.025114623668970833, 0.020508148005168775, 0.000547269247205804, 0.0013275297377435406]
                  , [0.014155375887320003, 0.0005785390542657494, 0.002311651511511224, 0.0009493156885262182, 0.0005053525709542633, 0.9607580896797459, 0.0006343217108551068, 0.0005740963559013622, 0.0006741097097451502, 0.0010069089476514826, 0.0004442533127322177, 0.0026159949699705604, 0.0005180932452907866, 0.000677645997234008, 0.0012786574545902932, 0.008697469240073294, 0.0020690642333185787, 0.001030820473649225, 0.00017012712831245575, 0.00035011282835200057]
                  , [0.2395911531300918, 0.010629036607376139, 0.0017165808943968373, 0.0021883594759884504, 0.0023760619933567793, 0.6144436131136227, 0.0013460134856888976, 0.00352062235482598, 0.0016001593963486463, 0.006170944454426838, 0.0028045868896369626, 0.0043440333597368685, 0.0020439569306068897, 0.0020255669500520083, 0.0021288416367187687, 0.07520851751344756, 0.014742617412457608, 0.011123199833406367, 0.0005598106691205937, 0.001436323898693432]
                  , [0.11478901484672982, 0.4068516534873725, 0.006514257760738579, 0.006775491864339801, 0.021243347964074486, 0.03476286383872423, 0.006973691028737254, 0.028709300268492447, 0.007220154470446408, 0.035832809115193945, 0.011561026562102663, 0.024310295291090505, 0.00541265682995692, 0.007701473577122425, 0.009165450227620801, 0.13826634200867557, 0.06525341794468266, 0.05689465044933772, 0.0026415255282008403, 0.009120576936360552]
                  , [0.054916860222596536, 0.0017801777511884348, 0.002703559363913484, 0.00371058532635213, 0.0020384277922272176, 0.009932113840202114, 0.0027870489806522984, 0.004779506960236969, 0.004028397250446857, 0.011217204065619933, 0.002178889649053632, 0.0033298158809464467, 0.8234920366262444, 0.005276326911714521, 0.0037793528905611523, 0.03230911000189837, 0.0163103287689016, 0.01320895553533088, 0.0005264754436697767, 0.0016948267382430756]
                  , [0.03817939497115617, 0.012375584903086462, 0.006223135027705923, 0.008214664481583664, 0.11570943451936189, 0.015263677974877508, 0.015513617725774018, 0.03414019529952943, 0.010809562449523124, 0.0676091550575979, 0.018026313724706065, 0.010201538556648765, 0.006415658019081328, 0.011149314388236574, 0.027290636998177013, 0.036434159426940796, 0.025069368544714282, 0.03532660987009018, 0.4107257175303455, 0.0953222605308634]
                  , [0.02097196530808635, 0.0034916591227665277, 0.07976245565297671, 0.016712157719237297, 0.0032327531719664095, 0.02698883588571178, 0.031888972362359845, 0.004714927997062742, 0.021489637734314247, 0.005898920013732255, 0.0034236952740011053, 0.6279729670976433, 0.0024956861969397752, 0.016110508672207275, 0.015532540107038032, 0.07608216539004359, 0.03166702265350466, 0.006009034841875633, 0.0008457830549932041, 0.004708311743539607]
                  , [0.011366099441958169, 0.0026726492270114344, 0.0021136898210082347, 0.003994592857106203, 0.0020869436677342025, 0.00441069604411655, 0.015203805234683126, 0.0035156758638738186, 0.07388936711706576, 0.01061704990728401, 0.002824310054037111, 0.009366903948280787, 0.0015211699272063366, 0.018847178744207386, 0.8074013991149919, 0.0120915036807024, 0.010465388078811819, 0.004259173170159904, 0.0010075518498444483, 0.002344852249916551]
                  , [0.010052478899391263, 0.004963487902443114, 0.0020106617703815667, 0.0027552025990717813, 0.049283365964745335, 0.004908094354070993, 0.004784653798674678, 0.005527937041890437, 0.003156787346451144, 0.02141694637137939, 0.00407452549876145, 0.0034566354644872586, 0.001947657189190608, 0.003578749727071634, 0.005971612888905829, 0.012906678249499438, 0.006230655064431782, 0.008370664751101962, 0.8034084695587953, 0.041194735559255125]
                  , [0.014910962170989365, 0.0028257735325791736, 0.007602917921656198, 0.005434194619641783, 0.016528288264996874, 0.004546165204861473, 0.7296639433707723, 0.005025481477704115, 0.006518494844011434, 0.015639203273343973, 0.004117005329727813, 0.04931429491200025, 0.002475761235541025, 0.04068862706229203, 0.018183029796696032, 0.019087178447327425, 0.012810267096567381, 0.006150015900615466, 0.0014159545324669463, 0.03706244100620864]
                  , [0.0067602587245202015, 0.9391769690960032, 0.0014588217231078695, 0.001722387716013416, 0.002071475376330953, 0.0036510131018465796, 0.0017537147511688803, 0.004122842279310587, 0.0019107064170023878, 0.005222747342376981, 0.001477120067051446, 0.0021315900259770092, 0.0013726676728003442, 0.0017452116149448491, 0.002264322321108707, 0.009315493244761374, 0.005411186279041823, 0.0053620321656393565, 0.0007955674211083751, 0.002273872659885568]
                  ]
distribution_weights <- [ 0.07947584554839446, 0.04904751040894314, 0.04247989505503907, 0.04028688758341413, 0.034569098271830266, 0.028874123082187873, 0.028175440597729993, 0.026880739177550905, 0.02519249415388125, 0.023467176182056692, 0.02297952432555752, 0.02290823019449039, 0.021365425198197684, 0.021020361603832773, 0.02008498260423202, 0.019851137854331832, 0.0197798437232647, 0.019021274168710432, 0.01880739177550904, 0.01875891176638339, 0.01869332116580163, 0.018274111675126905, 0.01774938687047282, 0.017310215023099297, 0.015533565276906405, 0.014980322819825472, 0.014800661609536303, 0.014646666286431301, 0.014401414475560372, 0.01424171562197, 0.013899503792847772, 0.013759767295956196, 0.012408030570923401, 0.011911823418696173, 0.01172931044316432, 0.011535390406661723, 0.010999258541036902, 0.009724519477556608, 0.009676039468430958, 0.00938230764843438, 0.009262533508241601, 0.009205498203387896, 0.009162721724747618, 0.008369930987281128, 0.00821878742941881, 0.007859465008840473, 0.007614213197969543, 0.007557177893115839, 0.006670278902640735, 0.006259624707694062, 0.006125591741287857, 0.005871784634688872, 0.005729196372554611, 0.005694975189642388, 0.005612273997604517, 0.00507329036673701, 0.0047938173729538585, 0.004713967946158673, 0.0047082644156733015, 0.0040609137055837565, 0.003142645297439115, 0.002389779273370216, 0.0018194262248331717, 0.001400216734158444 ]
# The number of clusters.
n_clusters <- 64
# The base file name of this file (for reproducability).
fn_distributions = "dists_hogenom_poisson_allsites_lclr_064clusters_rb"
