# This script is generated automatically.
# Vector of amino acid stationary distributions.
distributions <- [
                    [0.07657103600939882, 0.009738714081640919, 0.05210387601983314, 0.06736159607393603, 0.01736105227727646, 0.04922851802159361, 0.05793686170250675, 0.04010054089339362, 0.0716322858925001, 0.058978252908092985, 0.018113532380008287, 0.07426989927738843, 0.015237548779500074, 0.07132849788448574, 0.06890276380469218, 0.09575751891305664, 0.07156557066126511, 0.053303388484463074, 0.00451771124508652, 0.02599083468988165]
                  , [0.28027908209970137, 0.06271853501759847, 0.007775174575445498, 0.011630482672621945, 0.009752630120173975, 0.06891663662816411, 0.006422206365409324, 0.03999160542719291, 0.010253471939247314, 0.041174086047416514, 0.01693483666099527, 0.030440504770653784, 0.011533088838292432, 0.012381963546198853, 0.009955506611016681, 0.19034126519610217, 0.10270302405391704, 0.07904942193685352, 0.0017490174010840265, 0.005997460091914778]
                  , [0.04566927503820931, 0.009598149606663126, 0.0029210387319611956, 0.005238177657161229, 0.10254788310365483, 0.007123288777718353, 0.006412468918631842, 0.13790530448322846, 0.006953455695613804, 0.33040975209140805, 0.09519690741540694, 0.006237113895344812, 0.004543941698167475, 0.009858319124813199, 0.008461606552712298, 0.028461485076320358, 0.03823112235098654, 0.11429634295439373, 0.0050400329786299295, 0.0348943338489748]
                  , [0.036021259265462846, 0.003784797333919418, 0.009249880927448509, 0.03793805163511028, 0.003511296187389078, 0.013749912197156227, 0.02918912885666678, 0.00929989716425916, 0.29927315507199237, 0.025912375098769116, 0.008758054322713038, 0.03679829860688073, 0.004315341999404139, 0.06493122660009694, 0.3241059814887485, 0.039928528803963026, 0.033426568649579956, 0.01379699391526677, 0.001515991920897822, 0.004493259954275375]
                  , [0.08222005569484274, 0.0212384335763293, 0.0019817988323312195, 0.0034867329459133058, 0.029460823955361773, 0.009573035042989215, 0.0026406612127178614, 0.23829664682515167, 0.0038633453779047646, 0.1166434896267965, 0.042218484513585376, 0.004195800993131643, 0.0035290637644419093, 0.004223949453509224, 0.0039872419243740945, 0.02916596033550697, 0.05848870637957096, 0.3385309174935405, 0.0013849351029485279, 0.004869916949052316]
                  , [0.0554687429462772, 0.0019246770548784892, 0.2108056232652316, 0.37618013992515875, 0.0025288973493931264, 0.029030005721061007, 0.013731529437595551, 0.0053649834222790245, 0.050361636379113735, 0.00957338826585506, 0.004407851108860023, 0.04350484742524853, 0.005824017610348324, 0.07031717096398542, 0.0292481484213787, 0.044472983225035484, 0.030083384963486115, 0.013031482948476175, 0.0006712452564943474, 0.0034692443098432043]
                  , [0.016321697954456097, 0.006658812275556548, 0.0024901144203728185, 0.0031835056931449703, 0.37748263716329583, 0.0036457437785202824, 0.03473352791558451, 0.02454193427223673, 0.0037356861844062635, 0.0603441440612369, 0.017243173453861574, 0.006027578211076195, 0.0022157163683346865, 0.004810017032004399, 0.004957116335187386, 0.016235382967088197, 0.008076925402724172, 0.024078675128478822, 0.03283457129788513, 0.35038304008454846]
                  , [0.028709819814357065, 0.004820293359639094, 0.0006494437802803831, 0.0010709701258289643, 0.03941434498504814, 0.0030597329516938374, 0.0010527117820969382, 0.31424407458187004, 0.001184091624983264, 0.30122779102174646, 0.05571674641120475, 0.001388204554479152, 0.001375591136188073, 0.00168839820131352, 0.0013771258247011083, 0.008422989553974027, 0.018533840825696347, 0.21173440566642576, 0.0010231039634016124, 0.0033063198350715404]
                  , [0.015641858216570742, 0.0033622812484427893, 0.0009011004402083441, 0.0014667231077236645, 0.05786851684512706, 0.0019791297178119974, 0.0016999178279682931, 0.11677207126492387, 0.0017893508130034433, 0.5990078220978152, 0.09660103490048016, 0.00171526577096508, 0.0015335937569254789, 0.003054026195219951, 0.0021778240802961166, 0.005530139447775849, 0.012358036610764072, 0.0676250023891621, 0.0013401031411642143, 0.007576202127651341]
                  , [0.019111975589388798, 0.0039327390554798, 0.0006477276426321654, 0.0010222598597854314, 0.011292874921803541, 0.001278074319397739, 0.0007930405150393841, 0.4173393335064399, 0.001128166980770259, 0.07983302585111107, 0.019481686951888358, 0.0012224140213169122, 0.0009671459289275503, 0.001225812376425539, 0.0011936990055196528, 0.0036952923994080294, 0.014212596792253075, 0.41981262449723294, 0.0003720013819384734, 0.0014375084032412916]
                  , [0.5610182123578782, 0.023437848732832955, 0.0017538830088357862, 0.002421979899008966, 0.0028098607842578114, 0.08864285759795044, 0.001549227865783274, 0.011441914472760432, 0.0020156492402244874, 0.011261110448209474, 0.0044178731037158, 0.004130337583981275, 0.003294165839114953, 0.0026616156636860722, 0.0021869546321107484, 0.19909630977276255, 0.044332154360083253, 0.031218712803055354, 0.0006061654069185893, 0.0017031664268298682]
                  , [0.10184643191138014, 0.006579641724519305, 0.0313142411533224, 0.02271872222397079, 0.003944565851617771, 0.5970516109887145, 0.006408323271590978, 0.005103345526750035, 0.021427175290806847, 0.008503372799771924, 0.00424751886799475, 0.037883152253384705, 0.004781997002120486, 0.014827934887355638, 0.01984625254688845, 0.0719918115004832, 0.022284547795035674, 0.014652577080129039, 0.0012916190400222684, 0.003295158284141269]
                  , [0.07309002861375109, 0.01961089157690329, 0.016483936595924557, 0.0072733850108590995, 0.004289470963628962, 0.02919969727100701, 0.005141876416733902, 0.017578977321898837, 0.009752057220965471, 0.01732475875724632, 0.0069317428565235165, 0.043638690518056356, 0.006039230549850959, 0.007962041177526585, 0.008062286527963015, 0.3492959412076112, 0.3452890474866868, 0.02847538836204968, 0.0010592499329542798, 0.0035013016318590218]
                  , [0.09971133700578318, 0.0037879314958398492, 0.012606981128772064, 0.024767241181281444, 0.004506102351265305, 0.02345910065023067, 0.007709536388582723, 0.011621227555669732, 0.023230603296788666, 0.027680537781549743, 0.005182975557442896, 0.011505716732516566, 0.5555908164211414, 0.023571588416893323, 0.01988149440811926, 0.07296788058963675, 0.03783807006175881, 0.029312288575592867, 0.0011909725631136833, 0.0038775978380211056]
                  , [0.028102268070000814, 0.002717413138479791, 0.459442018403769, 0.08355299078421799, 0.002916714604459443, 0.03707626217795995, 0.02504854622737935, 0.004333712695741497, 0.026061326352336475, 0.006026950577260955, 0.0031595129894474495, 0.18305477688181154, 0.004166416094519215, 0.023312598647671087, 0.016035780636460897, 0.05683580699261421, 0.026696515636875424, 0.006458059767734142, 0.000814859318917067, 0.004187470002343893]
                  , [0.030224572136951428, 0.0013748000852471666, 0.004516791327635595, 0.0020775750474831788, 0.000892024567312642, 0.9176529240041696, 0.0010624524656917985, 0.0011324808192215775, 0.0015253770918768866, 0.001753680730954686, 0.0009285245343899954, 0.005742775459963793, 0.0008736407150489333, 0.0013505158434295986, 0.0030957592315510587, 0.017644663698832882, 0.00426160871338566, 0.0028940321270292885, 0.000315406072649192, 0.0006803953271750814]
                  ]
distribution_weights <- [ 0.27178463468887243, 0.08306621798893515, 0.08204813779729653, 0.07005646495180516, 0.06730736325785662, 0.061367136257343295, 0.05086123310329094, 0.05030228711572463, 0.04827468202817544, 0.04291621513716991, 0.03455483944561684, 0.03337135686990247, 0.03124679176410198, 0.02978383619460446, 0.027847487594821193, 0.015211315804482975 ]
# The number of clusters.
n_clusters <- 16
# The base file name of this file (for reproducability).
fn_distributions = "dists_hogenom_poisson_allsites_lclr_016clusters_rb"
