# This script is generated automatically.
# Vector of amino acid stationary distributions.
distributions <- [
                    [0.031083425615511837, 0.008468518577100136, 0.014836929635050396, 0.03486120974719221, 0.007357551205272404, 0.014402546656430556, 0.02533044406367359, 0.01660807168344361, 0.2946855110552792, 0.02944331015203872, 0.015084385806471277, 0.03397115269331709, 0.007903982763619283, 0.06965771740527038, 0.2903041504195155, 0.04158605946091437, 0.033426261789256256, 0.020101210550315145, 0.002255527666313348, 0.008632033054014778]
                  , [0.06486099298226694, 0.006505903616886669, 0.13741700397826007, 0.28568790383389814, 0.008345112885354377, 0.03182607583058967, 0.02363793459169949, 0.016023139881533133, 0.06031798173923943, 0.026061269244562053, 0.012054054558516946, 0.04510994306193285, 0.017904745589841113, 0.08021337221349464, 0.0396111930738553, 0.06071192923734259, 0.042752401947636326, 0.02797700014076918, 0.0026567387701333725, 0.010325302822187887]
                  , [0.04383023579934482, 0.0067971045367628624, 0.36197390158133386, 0.14474958771220361, 0.006837113353375652, 0.04067542648481907, 0.02238913148863882, 0.010763985198717413, 0.034229168643001476, 0.016193314715792557, 0.007564009018587224, 0.10112006829234271, 0.013506401412241676, 0.035444179659876625, 0.02421900901920795, 0.06670455096841313, 0.034242780963133365, 0.017384854209047545, 0.0021485634063950947, 0.00922661353676453]
                  , [0.05204019486714707, 0.010238294208094422, 0.025947233831939857, 0.044694930910424556, 0.011728452044011775, 0.02991333890816407, 0.03785773425971984, 0.01963461805519627, 0.17810495035448687, 0.034991225190229264, 0.015721656247660535, 0.04278101690000348, 0.01676473816186439, 0.06728930953512698, 0.25947601615763155, 0.062467450067244, 0.043637716780462174, 0.02620619362209346, 0.006208908555611024, 0.014296021342888314]
                  , [0.025439894793910837, 0.008616241016367682, 0.004819602002221987, 0.008628614097931411, 0.04925471505782219, 0.006221906928689079, 0.009791036388548351, 0.13816987950717535, 0.01317647201697899, 0.4400979852340595, 0.0885552528104522, 0.008687338683743058, 0.007845091024312356, 0.015952458324193324, 0.01467277450577234, 0.020334242692719152, 0.02531701716202708, 0.09862508580218432, 0.0027994821262231455, 0.012994909824667817]
                  , [0.02567536086540279, 0.008786636959136809, 0.0019346793340948999, 0.004303180575621289, 0.02808874646264505, 0.0033233833197517607, 0.0035332530733600187, 0.2949717244996722, 0.005906619833787722, 0.2635931946957817, 0.06799176437809572, 0.0044337152301942824, 0.002673929820550434, 0.006503229502407035, 0.006541342591498476, 0.011603206587685221, 0.026771947176569236, 0.223672674495348, 0.002712770572554137, 0.006978640025843355]
                  , [0.10533619197376182, 0.012220534409930586, 0.023608779084214264, 0.03263733357651888, 0.01389046792403904, 0.02812916336582034, 0.019675418494833598, 0.02371842152475868, 0.03353323382744195, 0.04412725000896122, 0.014576340563942693, 0.026794638828941567, 0.3371662592130514, 0.03370731192743464, 0.03371888937813108, 0.10322737549345139, 0.058369435238710646, 0.03845319974957984, 0.0049087884773615, 0.012200966939114806]
                  , [0.10047074104400468, 0.013153359038184768, 0.04797443794438921, 0.04253372400546172, 0.010177718842549005, 0.37862444824374436, 0.018850531503565953, 0.01357411343862622, 0.03331184192106669, 0.021115603666623715, 0.010401223185662743, 0.05397315448308445, 0.014921058725367886, 0.027925193882532395, 0.03190317929015194, 0.10705843645169634, 0.03879609836870197, 0.022354234122665035, 0.003145218677698992, 0.00973568316422201]
                  , [0.05658674169751942, 0.0149960193626851, 0.08880997226706898, 0.05121044123426437, 0.01401196592286776, 0.05206793675359122, 0.042177809426572066, 0.019668232327819835, 0.056263687115312405, 0.02852300402107663, 0.013798864145535314, 0.23032094383745966, 0.014750184648660505, 0.04059165257005998, 0.045230328683057985, 0.12203487730107686, 0.06077089939055576, 0.02539321777616031, 0.0042407437403688, 0.01855247777828731]
                  , [0.016123258761694494, 0.008316587900431922, 0.001354428722379902, 0.002700078697070123, 0.04312261208721204, 0.0026678938937972985, 0.0028347518408478696, 0.16309667404180508, 0.0035367266012571153, 0.5199426359217552, 0.08729006466265393, 0.0025489130985805954, 0.005293312011589359, 0.00580765105279885, 0.004635163030292713, 0.008566772231682838, 0.013491438476679496, 0.10070626683962228, 0.0007499199402226899, 0.007214850187626461]
                  , [0.031818492580556405, 0.007170669772039936, 0.003374700725457405, 0.006671763112702764, 0.01961992076122802, 0.004841374865927018, 0.0038437543429180104, 0.33573805901793724, 0.00659126306768922, 0.1256416360840152, 0.03587236961594323, 0.005693020302411406, 0.005530612974383838, 0.006436668111111331, 0.005975766568990937, 0.013486540035631909, 0.031540639049934274, 0.3431958641549886, 0.0007875027387940521, 0.006169382117339436]
                  , [0.1624534481501929, 0.027716645471086612, 0.030076139193077146, 0.03125298689939148, 0.010563193114388574, 0.06255197994743938, 0.017156626046462883, 0.01655126404297754, 0.02852599411484009, 0.02407319049366984, 0.01208541631363945, 0.05412305042777509, 0.02010976772397978, 0.028457767764265198, 0.026988275132712732, 0.301293344964421, 0.1028831584353085, 0.03018993375765153, 0.00262575376776326, 0.010322064238957037]
                  , [0.025088300211128775, 0.017709623489813798, 0.007518368109610509, 0.010492373446737337, 0.30442174737498856, 0.00921021261829568, 0.03562466638768829, 0.03980292629216499, 0.012884090768489165, 0.0898691677754673, 0.02250992296520439, 0.015629434276606242, 0.006823557514244057, 0.014388974774742876, 0.015764128002322002, 0.029063610833922303, 0.021358126565114918, 0.03908713715869475, 0.017182414878323424, 0.26557121655644067]
                  , [0.051334133616842394, 0.0017891947075644105, 0.23990108521713138, 0.31534494991434714, 0.005244247546628804, 0.024194731243045622, 0.018023727752964118, 0.01085322146124508, 0.043809470532562324, 0.01534907658967781, 0.007444233312960746, 0.05264386160345198, 0.014300124726991645, 0.06551986737607689, 0.022314100285462247, 0.05445765479513403, 0.03281689053262638, 0.01787150387837797, 0.00047192311298945353, 0.006316001793919888]
                  , [0.05959677662670562, 0.005745760579332632, 0.0459798123210621, 0.09312075966389319, 0.006279789872694952, 0.024731190953378827, 0.031228358548784557, 0.018307524242804744, 0.18630663706510397, 0.03127310159065806, 0.01506354447116428, 0.06195348058202417, 0.013706744694514937, 0.09914422102558977, 0.1361252045085966, 0.07795726827807865, 0.05718903415827357, 0.0256437020182747, 0.0009820463069165624, 0.009665042492147868]
                  , [0.09752051327759091, 0.01631086241740549, 0.02063778010735841, 0.025553293639054384, 0.012355611486433986, 0.024391811574301644, 0.014523339071277558, 0.03674478922144951, 0.03294642257242495, 0.03351090561220578, 0.01976208219713225, 0.04273241868798936, 0.014618702818527922, 0.023321472431540455, 0.028515578505376546, 0.2000533360066394, 0.28882509740578927, 0.0538923235250593, 0.002948961623375327, 0.010834697819067473]
                  , [0.42368072434191717, 0.01730931008062437, 0.01576456801012759, 0.022035701714724767, 0.00868713895630752, 0.06962736999376323, 0.008474710082041936, 0.019080373594774692, 0.015890328062643996, 0.023108436602184746, 0.011135742200304279, 0.016752822342362347, 0.017188221811142344, 0.014818015139900956, 0.01668343914125501, 0.17037507688814943, 0.0663417836622098, 0.054506160022940855, 0.002168379143229994, 0.006371698209394819]
                  , [0.011645184189518232, 0.005985957129427054, 0.0008881482033012598, 0.0016624972320039694, 0.04292866775636806, 0.0013334314096208, 0.0018176821700184428, 0.1649183842798472, 0.0024511570933059765, 0.5509927562575376, 0.09138198505741726, 0.0017538252885116049, 0.001287685181194067, 0.003234947528570701, 0.003210846692249509, 0.00474577880101364, 0.009953087577261589, 0.09043794540308486, 0.0035536020391862856, 0.005816430710562029]
                  , [0.16954910306599855, 0.01506109034049407, 0.016245172622452328, 0.015463414904572136, 0.006255393958355767, 0.5083744525424486, 0.008018289985306752, 0.009102000737937828, 0.012231711399210934, 0.013145970268191838, 0.006098992132575614, 0.022480175109153136, 0.011141466686380441, 0.011035249895969487, 0.013845496941207151, 0.10699722507052356, 0.02978557530831406, 0.018447180934799672, 0.0017946654839781915, 0.004927372612129741]
                  , [0.06348918877633757, 0.014631414417452786, 0.00680587705674286, 0.012017175497779546, 0.02688768462276137, 0.010638799570478367, 0.008178235290663655, 0.21889108545899585, 0.015956584781730686, 0.1384524409545888, 0.05105575191688722, 0.013409502517016393, 0.008719308376128668, 0.01362220474643201, 0.015299454182897312, 0.036760325031678524, 0.06773150883498892, 0.26237909596593184, 0.0034822726261317877, 0.011592089374375818]
                  , [0.05408651254498827, 0.014066010626122184, 0.03348170844130282, 0.0414262173132232, 0.044698389460044056, 0.02680332754185913, 0.1853212916458706, 0.027084802649736825, 0.048458595158268426, 0.05583797882234433, 0.02123113153943567, 0.0639115544636539, 0.01713034748195577, 0.07270227152573511, 0.06105480564374623, 0.06825672732047522, 0.04547611530683553, 0.03496713668783589, 0.008027024589383749, 0.07597805123718333]
                  , [0.016372875637508305, 0.006674670879096091, 0.002487557715131119, 0.005372358735353377, 0.06100338913535591, 0.003509718252105098, 0.0050019827226763834, 0.11015118633206486, 0.0077913641068200245, 0.524968854479164, 0.12412272838563625, 0.004664705111034872, 0.002534494234272612, 0.008686747923812936, 0.00805480260814062, 0.010333594036559977, 0.01521490835004856, 0.06288247946692371, 0.00512420100487746, 0.015047380883417802]
                  , [0.04545029462335819, 0.009373666148426002, 0.0009358236543008212, 0.0013235342065990312, 0.046476803878914626, 0.00748528352716743, 0.001797976929268633, 0.27322018410142784, 0.0032548561228626376, 0.22449461601870546, 0.05175283628524858, 0.002307642088256403, 0.0048209218191134495, 0.002620852670470633, 0.0033691452500092655, 0.011655343959994416, 0.026887074443344813, 0.2744255779077277, 0.0030212633758309377, 0.005326302988972988]
                  , [0.06623958712756196, 0.01046757210480218, 0.048483774650212794, 0.10977856847570693, 0.01503755351910402, 0.0274288178780745, 0.04766344130308793, 0.02591470460925338, 0.09065201409740258, 0.05090909686852012, 0.02351976614850515, 0.048664528177741806, 0.01562808220803255, 0.15439553177791082, 0.08092736901380812, 0.07081748004403683, 0.05379661407762939, 0.037014620177818286, 0.004532880182097469, 0.01812799755869295]
                  , [0.11681060113628029, 0.010294260186455403, 0.043851472449666064, 0.055550046976429346, 0.014836051352236876, 0.0586942127670831, 0.028441209938897104, 0.024186028162350545, 0.06296031101301547, 0.03880781102463081, 0.016857220736888143, 0.05848749041457697, 0.03858490459724498, 0.05040443940202706, 0.06101536983557824, 0.16521390004996114, 0.09618153800548034, 0.039239162520822206, 0.004914349277829625, 0.014669620152546177]
                  , [0.02567329718368828, 0.005217578450603553, 0.01124772969159041, 0.023419539082259813, 0.002588970022514639, 0.014302940718423024, 0.020168641678308993, 0.007036499194666236, 0.3653917265210563, 0.013697842205628679, 0.00714936962421531, 0.03332333171027999, 0.011149834612944269, 0.05670470098254765, 0.3180606501661726, 0.041004921311663486, 0.027684147929676335, 0.011728128826153823, 0.0005238906122662897, 0.003926259475340258]
                  , [0.04070394797989277, 0.003083438761368632, 0.02877937220460497, 0.016994359376430648, 0.002955182961580788, 0.7473971984999271, 0.00642523805880254, 0.0036759005140326187, 0.016565426514547222, 0.005918530887801887, 0.0032554314882410353, 0.03786625800811528, 0.003576964575643166, 0.010704369382043187, 0.01284324036828508, 0.03903699449742218, 0.010816011446821093, 0.006012573666152829, 0.0007715106887552987, 0.0026180501195316357]
                  , [0.5330846674039189, 0.031946887054167934, 0.004292926590710933, 0.0071310571546871985, 0.004019549680160443, 0.06477887214341552, 0.0033411564817705536, 0.01259159137727426, 0.005679637779487597, 0.012823549760405752, 0.005337041838474043, 0.008308637572095517, 0.004851699296929251, 0.006487643439597538, 0.005532668468596265, 0.18890407029586068, 0.05454753123872383, 0.042687062101161036, 0.0006759977492662456, 0.0029777525732964786]
                  , [0.030989341102119015, 0.0025211853260110285, 0.1645446830578527, 0.5192474182545357, 0.0028474155067804673, 0.01782637867588109, 0.012191237873642591, 0.005906668615906621, 0.04456894787436393, 0.011732027472577164, 0.004982831018463054, 0.02254309184604474, 0.006892057208267922, 0.07172896722812706, 0.021773785668192103, 0.024714497166952034, 0.01605326896383224, 0.014410573840530972, 0.0010351956315882626, 0.00349042766833126]
                  , [0.08202245685191868, 0.01704889907215764, 0.002917822753313544, 0.005257768848823127, 0.05970442267108555, 0.016898321635607998, 0.0050927140077902016, 0.17534827680337636, 0.005200512713552466, 0.22530020673152718, 0.06626559078311793, 0.006247938004321868, 0.006220272957247529, 0.006696749151258075, 0.006697134092378144, 0.033033269673921804, 0.05097859700588876, 0.20957384355994405, 0.006505346461982898, 0.012989856220786036]
                  , [0.03318484326004405, 0.018470466031874837, 0.0055473778713474985, 0.008897563307278271, 0.1615488621379453, 0.008675183157099602, 0.018422443844169117, 0.09906219426401461, 0.010780240020100496, 0.292545653322355, 0.07326487020255432, 0.011595169976013129, 0.007784831215844893, 0.01651773624135362, 0.01360920761970702, 0.028080268128470958, 0.028923607963000864, 0.08347718811207186, 0.012138502441605584, 0.067473790883149]
                  , [0.012485791698419634, 0.007226089204254713, 0.0012233757094232012, 0.0018627977821596496, 0.20424432208911464, 0.002242329863973394, 0.00324293440315655, 0.09148480315082574, 0.0020482883643654763, 0.46236184842967987, 0.0922656541739302, 0.0024752654035081634, 0.0020357329213091945, 0.00394196212351576, 0.0025258837005504068, 0.006543513613077827, 0.010473056887388057, 0.05242999248019746, 0.009438137768594456, 0.029448220232555628]
                  , [0.07277360009161218, 0.004801662462496861, 0.14858800199329597, 0.2307458569121177, 0.0025107868770768297, 0.031925876874629965, 0.021256700146863233, 0.009803127491391894, 0.08545221190929725, 0.017726560811598867, 0.009514336912217208, 0.07078382658796029, 0.007597757430225917, 0.09008714148979789, 0.04505125017135276, 0.07830604199154094, 0.05002419718184793, 0.018240100812070965, 0.0003373920512609531, 0.004473569801344741]
                  , [0.03358587113701508, 0.014062867286962927, 0.0009458988696190873, 0.002316282762450686, 0.020827225804145616, 0.002218183604508845, 0.00229330417935308, 0.30864769626830213, 0.0026429924057914606, 0.2122717848028364, 0.0563456161091665, 0.003057288263950694, 0.0014643842538780232, 0.003981550014704113, 0.002562640327457034, 0.011417394943748478, 0.02992824192222984, 0.2859633897430403, 0.00034595780685959285, 0.005121429493979768]
                  , [0.010154462914684982, 0.00972728141399526, 0.0018813761333265752, 0.0029524990521040857, 0.45544940002388706, 0.0028381105790113714, 0.016766151447669964, 0.01791669794737184, 0.00267639474724646, 0.061353543491041725, 0.017017399966051474, 0.0037196586764097752, 0.0016225769818762252, 0.0038195242079447672, 0.003909273582850628, 0.008258320946653038, 0.0065375941214526456, 0.01748842245661927, 0.030121315902639473, 0.3257899954071635]
                  , [0.08522459436001535, 0.009820689851392284, 0.06274741192887111, 0.06724543840069491, 0.00759742731277871, 0.057872781110814384, 0.039879781061027596, 0.012105940616299866, 0.07891673365723642, 0.020049328699579597, 0.010405666069006374, 0.11826706922535497, 0.01277428632460048, 0.0699749113622871, 0.06337936256346137, 0.16852828098291753, 0.08247498923710439, 0.0200239256557462, 0.0008380830027563215, 0.011873298578055021]
                  , [0.34064130023745876, 0.03860907485507239, 0.007283831543803198, 0.011956587962244226, 0.012037850736097859, 0.03839749012855738, 0.007582717484334585, 0.04230526892310912, 0.011957570246478644, 0.03366381271736326, 0.016101819423500693, 0.01522042490398106, 0.009200035281456872, 0.012252420864708005, 0.01156780908510212, 0.16291582794931622, 0.11341824643611605, 0.10485094225451239, 0.0019667108724545366, 0.008070258094332757]
                  , [0.022957099979057642, 0.00832333792639365, 0.000947023348294534, 0.0015955443502589132, 0.013083004383495184, 0.0019343776181822224, 0.0015762452644563674, 0.3886445268981217, 0.0022000765477183945, 0.0893326640221548, 0.019832798007345564, 0.0019483361615958985, 0.00379572230502975, 0.002504998894771357, 0.0021570313986227826, 0.006570529176804152, 0.017645568711653216, 0.40980568877160345, 0.0002836912713864314, 0.004861734963054037]
                  , [0.008509929656669685, 0.014355493149130701, 0.0018279949186945736, 0.0020456446803375807, 0.35789167028994917, 0.002579084095912815, 0.032621260355831454, 0.01380604856043162, 0.002428985462256884, 0.03602232370144622, 0.005527639330912164, 0.006539025878387906, 0.002109686710371931, 0.004017337639214123, 0.003533953161595674, 0.013716056079055662, 0.006914271533583283, 0.01537822895583362, 0.011504281479380821, 0.45867108436100407]
                  , [0.038032279655553954, 0.0048804762162159366, 0.030558296664165024, 0.07285429751494388, 0.0037680478681931715, 0.025569384002458798, 0.020006182558766447, 0.014252298590883712, 0.29126084272732217, 0.01987372373403098, 0.014746558499782491, 0.05508564065148157, 0.00895558310775858, 0.07728303977592464, 0.19420163837708423, 0.059448760072009235, 0.04523579706203949, 0.015951074688984733, 0.0038177485843408038, 0.004218329648060256]
                  , [0.007331726414900163, 0.004777468420944686, 0.0010892568038992404, 0.0014035217568931625, 0.05967150854329334, 0.0017017988235892708, 0.003432376226233844, 0.08589265248138217, 0.002006254069883732, 0.6783401964400992, 0.06469027535295824, 0.001743249768872296, 0.004484655700190941, 0.003992433483538955, 0.0034781198194265206, 0.0066608305552921035, 0.006018632307539567, 0.055843123679193224, 0.0033866043250429154, 0.004055315026826608]
                  , [0.02361919771566311, 0.0018132797750964136, 0.006390371704904958, 0.01652569414576146, 0.003989565583150644, 0.011329065121373534, 0.01987715491520004, 0.009314570459434275, 0.34212742649882016, 0.017065926143879532, 0.008424366189559052, 0.021914849299429898, 0.011324509055827617, 0.04912078608173637, 0.38362984473312567, 0.030430611396725003, 0.022124303591242636, 0.012286745990821532, 0.002575605867281592, 0.006116125730966441]
                  , [0.1540871599162768, 0.01817834734233537, 0.01732774871486389, 0.027821656048088034, 0.02598134729873936, 0.035289061809518636, 0.015000572354055244, 0.08835199987818126, 0.02653095906274997, 0.0926584300841232, 0.04075104926531468, 0.024665626285855714, 0.017964388276675243, 0.02661258194601099, 0.02591191455360257, 0.0994320880894186, 0.10053785143115769, 0.14242186946731403, 0.005213398785188454, 0.01526194939053006]
                  , [0.05618104861153643, 0.0123109267855364, 0.017794881330648257, 0.038640532740308965, 0.020186159398008878, 0.02192123003246475, 0.026661548892319677, 0.05687588437750909, 0.14657010086898484, 0.08720994598891225, 0.04307234628203994, 0.03456195062527233, 0.0145470058032382, 0.05986359915835033, 0.16498301860510595, 0.0572470236617094, 0.05892801908572499, 0.06107918772641479, 0.00619447824433665, 0.015171111781577859]
                  , [0.047201135633957815, 0.001285106075974785, 0.3041650419231662, 0.32179118346458463, 0.0021888429530764627, 0.03102055822452067, 0.014681246448261034, 0.004372654225130348, 0.035885439619619354, 0.009390251004578914, 0.0039959244774649665, 0.0501260158339535, 0.01317296329914595, 0.0509319196931494, 0.021325701066631265, 0.04570499853485579, 0.024750008978673382, 0.011313579397035377, 0.0018994185923188608, 0.004798010553901306]
                  , [0.09314066931537891, 0.003363495472823116, 0.010836641345926202, 0.020224856864039735, 0.0031030889992337495, 0.012664179441102449, 0.006167488849305287, 0.007696888224797954, 0.01653066783101311, 0.01281133837937168, 0.004006577144178134, 0.00877817132970446, 0.6846989511387701, 0.012264683240474252, 0.011422642621186923, 0.04938509893075923, 0.020923053887319833, 0.0182856792613589, 0.0008185657523755738, 0.0028772619708804523]
                  , [0.015738311878162995, 0.005586624757076777, 0.00564030047854186, 0.020861660130217563, 0.002216903180708757, 0.015206831331691812, 0.016258329692778913, 0.00890078990121765, 0.3749476700057914, 0.014738010323849323, 0.011847931697697855, 0.02867837185454422, 0.0031963924265577762, 0.052475329150521915, 0.3540706649036723, 0.030700459838857996, 0.0232229995696192, 0.008420195396448527, 0.0049768282910006055, 0.002315395191042526]
                  , [0.013903561973033298, 0.016032100290644696, 0.0023915462583963525, 0.0029406222055286223, 0.476889885991507, 0.004467325735122415, 0.012603536118983742, 0.04476697313917508, 0.0040672819302849435, 0.13929800193675657, 0.022783239175830857, 0.005713003458091949, 0.0041204645787375135, 0.004310115779379499, 0.0052147763909433376, 0.016966600169682884, 0.01169353340838885, 0.037086688757334264, 0.012032083168215772, 0.16271865953396233]
                  , [0.018547429920265184, 0.006519651473232763, 0.0005843019333049144, 0.0009792304917327303, 0.039872218792430164, 0.0014593267069117667, 0.0016034028617796807, 0.29656867947656423, 0.0011126698990804621, 0.3488278022430446, 0.056593418141865456, 0.0012940767561331146, 0.0034861366432803347, 0.0018355618811505764, 0.0014385458534267514, 0.004159188382278348, 0.012116382721866372, 0.1944345597739028, 0.00210253746789382, 0.00646487857985592]
                  , [0.02718348304961553, 0.00980870860500334, 0.0011825427008859842, 0.0018037013434409753, 0.06173186430412849, 0.00640977799226702, 0.0017725022453664028, 0.1428915375324882, 0.001914044651845281, 0.4787856234589266, 0.1192298003114864, 0.0024678645793653805, 0.001962549402845602, 0.004097529764820995, 0.0021034450176993986, 0.011177230290924892, 0.018519204882572814, 0.10044434991858205, 0.0019443632232885649, 0.004569876724445826]
                  , [0.03821499463794652, 0.014505764796604896, 0.0006260971963738672, 0.001184933642721179, 0.15290197962096977, 0.009669724828937621, 0.002258436751396549, 0.1499865362808021, 0.001362980521525982, 0.36548455099850324, 0.07325516072145613, 0.0025418554200297293, 0.002184112299126662, 0.002705307780223966, 0.0020326845119565556, 0.01601114533657949, 0.02453246327378104, 0.11664129411250974, 0.007004330090683494, 0.01689564717787154]
                  , [0.4812286328466587, 0.06061334906921664, 0.0019247926521527318, 0.0031406962587659636, 0.004638842917762176, 0.047288183597758854, 0.002394239500410068, 0.025427758695663705, 0.002798352514433931, 0.019216170628786278, 0.009232595120273024, 0.004944053589141078, 0.00187690747122515, 0.0033084577907646446, 0.0029541341591860066, 0.14834700588528657, 0.08595924601784974, 0.0912202748550737, 0.0006608038778642147, 0.0028255025517268865]
                  , [0.08535186830624328, 0.033391050809710374, 0.0027634310102892397, 0.005115997203483246, 0.007235797446501385, 0.0047015304461156, 0.003307755943688886, 0.20995997603656802, 0.005284121150600836, 0.0640414502833715, 0.02048511868790923, 0.005814540421098311, 0.004047989811862291, 0.005356244558942062, 0.004956383464066152, 0.024254640728440073, 0.05878958612266526, 0.4500357440799454, 0.000909101722665617, 0.004197671765833042]
                  , [0.046947487633260475, 0.0021368480574935726, 0.0013487772077128044, 0.0020713344287469895, 0.014854451909345472, 0.004406544035008146, 0.0014538084432690617, 0.31274302327857867, 0.002012064353400235, 0.0932280068918163, 0.03532405464151524, 0.003440598709807966, 0.001958216668122222, 0.0017928317506694547, 0.002624501135590135, 0.009948617853146822, 0.02974772384288505, 0.43189839902832267, 0.0004949670943941656, 0.0015677430369143708]
                  , [0.01167909447658792, 0.005121464554931158, 0.0006411610023816846, 0.0009556202610810547, 0.009756301970991851, 0.0009017848817437451, 0.0006488849386683636, 0.4642414073766779, 0.00109951658008446, 0.11649824338564921, 0.02415321092527706, 0.0012209935742816486, 0.0006231152884646672, 0.0011266639944394912, 0.001184462988576035, 0.0028593610147544944, 0.010528255270035649, 0.34593882471448306, 0.00020942813410467536, 0.0006122046667858346]
                  , [0.04130380063651765, 0.006133906865108412, 0.1593278435491826, 0.06995280684268687, 0.005003984547967219, 0.3202886567089081, 0.0227347364507558, 0.005943748213325851, 0.036541818879314666, 0.010242257667417957, 0.005389973217291766, 0.1371193911060447, 0.007298970608579296, 0.026261697951739906, 0.025425231543886158, 0.0783467430864862, 0.02440949170599016, 0.009821783717770914, 0.002015802653963857, 0.006437354047061636]
                  , [0.03465339608317096, 0.010934019439040241, 0.0012322995489985362, 0.0022135768238076554, 0.012063115311510848, 0.0028449855355382283, 0.001616602860139071, 0.3210793190089932, 0.002316395253474084, 0.08391850747540978, 0.019075283323852377, 0.002093743038404701, 0.001348725245546999, 0.0020198536892931562, 0.0022506246366360036, 0.0069646775558364635, 0.022297025362297888, 0.46564709715543506, 0.0023676868640254258, 0.003063065788589452]
                  , [0.02998980820095281, 0.004857097086327802, 0.37888434310786107, 0.3370435271237204, 0.003925135908382869, 0.01666926293089037, 0.014062599009936384, 0.006532185991652246, 0.018525802431848006, 0.011240148348628364, 0.00598702459064697, 0.04135189858806979, 0.00419789839732052, 0.039314784516682244, 0.011278136042863356, 0.035951445478770584, 0.020008070623738914, 0.012968390789656361, 0.0008398783021389665, 0.006372562529911928]
                  , [0.010448939849450558, 0.011457781080900056, 0.0028079323502138358, 0.004520596609431653, 0.31463603778253046, 0.0034056188860949756, 0.04997777919030097, 0.011849927499444916, 0.00804786006990561, 0.045188352611710864, 0.011606936457369746, 0.009251248158658687, 0.001568821641643211, 0.009655414248322818, 0.010438150204705357, 0.012722368808327493, 0.008108443437065953, 0.01363137594693172, 0.02239366957682462, 0.4382827455901665]
                  , [0.015515593569393547, 0.0065161361585796326, 0.0006574036934476773, 0.0013355186220432348, 0.021797130852973218, 0.0011203256902484568, 0.0014411920981006955, 0.3753040945411908, 0.0011271264063862456, 0.2493848265970673, 0.04670144444814061, 0.001508664068685328, 0.0005459545396907636, 0.0018127241086734554, 0.0015464218215933533, 0.0037653088874395205, 0.012395282268760605, 0.253067267146259, 0.0016039798347054473, 0.0028536046466212735]
                  , [0.0836322595261172, 0.005749674446724559, 0.008267698096745817, 0.010788657344387581, 0.006250539321845312, 0.012654383160611873, 0.021672362896511428, 0.01017994687729595, 0.012802948348299648, 0.035919672773115474, 0.0055906471572782345, 0.013287501552466666, 0.5437353386031227, 0.030072404150290576, 0.019959517986152225, 0.11024940752683936, 0.04432768302780348, 0.018793701335777287, 0.0011760870363828788, 0.004889568832231756]
                  , [0.054728819383785876, 0.00854407239543959, 0.010220283003873754, 0.008449758414933334, 0.00172659987991955, 0.823106144802221, 0.0026307324645697128, 0.002207420173647718, 0.0051460018787784344, 0.003731604472086462, 0.002129852005596622, 0.010943250100110836, 0.0021064271962161754, 0.0037186232809989918, 0.007438797678202246, 0.039503929168972746, 0.006851915195562578, 0.004853734664379354, 0.0004452136142373065, 0.0015168202264675983]
                  , [0.013017594759866134, 0.0039756683116780435, 0.0007316248776776215, 0.0012244999342957352, 0.022271484162237575, 0.001179559548623668, 0.0010448047855742596, 0.3691867779839103, 0.001552773592826125, 0.3008663528320609, 0.045832244732840234, 0.0014451265305816304, 0.003719772713931584, 0.0018100457011373014, 0.001943888627868799, 0.0030968515507947764, 0.009305455908615524, 0.21439244722545872, 0.0002914901535060512, 0.003111536066514963]
                  , [0.01823841180974765, 0.0020092457852086266, 0.51442753460213, 0.09036904750332567, 0.0029106650262702787, 0.0279744626851459, 0.024996309427864478, 0.004608370004529967, 0.022520312270614858, 0.005917487031036641, 0.0027706191643283493, 0.17601119380000316, 0.001986539940348541, 0.019390422902468524, 0.012483834104086858, 0.04259341178603356, 0.016575093218772166, 0.006912236784330626, 0.0006855541805493926, 0.006619247973204768]
                  , [0.10772579096567127, 0.007813995309483764, 0.09612663027393044, 0.13479259903221238, 0.0036135614909297686, 0.06395992161026486, 0.026377626245169313, 0.008844218616420449, 0.08863776392971152, 0.0195931897779903, 0.008060142996529024, 0.06168293126721836, 0.014306305835244781, 0.07691321095848615, 0.08144908859137692, 0.11305068608115322, 0.059307868474887546, 0.020064940391631463, 0.003188174194266775, 0.004491353957421344]
                  , [0.05384755669972564, 0.013421810981364258, 0.010887151235536265, 0.0218814253524999, 0.056305878661682913, 0.015856700449648136, 0.02415618790097151, 0.1009362171455852, 0.03427548576506756, 0.23791650626094343, 0.07606890702725742, 0.02074066723125112, 0.013062340941402278, 0.037354991387357685, 0.04403619938038333, 0.048595150771797026, 0.05064612346530021, 0.09754109651275253, 0.01543921911562493, 0.02703038371384851]
                  , [0.053068599838599885, 0.002234648864582892, 0.2636382303983255, 0.1994443587800232, 0.003569810854058454, 0.04910455628028437, 0.028670398099762847, 0.0033900858290488306, 0.05267607248640379, 0.0073973149482721105, 0.0027533627070388924, 0.10669485422681434, 0.013088653116973614, 0.05674426969359306, 0.031532016780362195, 0.07802519133353555, 0.032595284646995376, 0.007708680386138562, 0.0004694206067539645, 0.007194190122432282]
                  , [0.17299957736395283, 0.028195080539384913, 0.0012329167190522994, 0.0017856093394699754, 0.07855908430302135, 0.056308842223638605, 0.001474103567197204, 0.11679694610621745, 0.0017524051587110617, 0.1817382853882221, 0.046896401335643656, 0.0028586960194085416, 0.002482749538170993, 0.0025630890672174336, 0.002247940857399369, 0.06262986662413862, 0.06583786459007174, 0.16112932507528283, 0.006398301919750654, 0.006112914264048212]
                  , [0.044286311319726025, 0.0019327428632409968, 0.004037918561056755, 0.0036226379897728576, 0.00224043463353424, 0.8731622919401923, 0.0025607921353162917, 0.0028957991771037072, 0.004474279381559497, 0.0045822014231198215, 0.0026129590722373, 0.007143987433060287, 0.0018950826368025538, 0.003868308039003577, 0.004785474068990761, 0.022425075011646537, 0.006101343560477538, 0.004723774373180302, 0.000779276709782739, 0.0018693096701958521]
                  , [0.07406211147315386, 0.013442057349453689, 0.00042935957138558797, 0.0005878119614170297, 0.08063666827704019, 0.01649127084995744, 0.0007701063303497175, 0.2264574819567699, 0.000837113722109683, 0.25583140376360114, 0.04533638954265746, 0.0012024675823025844, 0.004283541121348746, 0.0012591134443053658, 0.0010225841221724956, 0.017995535150567503, 0.03184494838387042, 0.21985876168348165, 0.0031370002273917587, 0.004514273486663956]
                  , [0.08870985144424819, 0.013516837650486604, 0.0009331904117872093, 0.0013747658657376454, 0.02705722978580351, 0.011897315375249977, 0.001159078518113994, 0.2503451047964972, 0.0011682857597732628, 0.1295781307340984, 0.03487243722311714, 0.002452161501128307, 0.004956432019453426, 0.001680954324894618, 0.0014066156509463536, 0.021475924224296436, 0.04678318448458465, 0.35665369325480006, 0.0011504069512119396, 0.0028284000237710017]
                  , [0.014417166173353476, 0.005739635977459882, 0.0005547185879242279, 0.0009042790386976526, 0.013005730313477366, 0.0011720816239957905, 0.0006665111082619717, 0.4418039590969606, 0.0009165299325074116, 0.09715308073003392, 0.01754695525884745, 0.0010283358031668477, 0.00047589986479629486, 0.0010402268405070296, 0.000877264255370024, 0.0026307412368950112, 0.009142553971907651, 0.386725671256282, 0.00020597629146619964, 0.003992682638089003]
                  , [0.024824126778265874, 0.00314663415158834, 0.0020193096641208446, 0.0036599179493202786, 0.08526676332840646, 0.005442469650648418, 0.004948547020643357, 0.1421147353788829, 0.0037837937079636735, 0.4505110105149844, 0.085746648584217, 0.004108835488219367, 0.009529944869292598, 0.00698300823500286, 0.00578348296674799, 0.013103134783336544, 0.018327636109065633, 0.10893176673236621, 0.0067050540950908425, 0.015063179991836208]
                  , [0.2170337960463775, 0.023208172751230497, 0.011660074992000603, 0.01224008484840348, 0.007096091545009082, 0.04947327874277403, 0.008634415149783794, 0.020774412828025748, 0.013399710345076728, 0.02111472483027139, 0.013268360748397674, 0.041493751636011114, 0.022918854409554584, 0.016531122091744933, 0.012236420100051744, 0.29382941250191735, 0.1640553322841858, 0.04447000499680788, 0.0009547383367175642, 0.00560724081565866]
                  , [0.009519566716390716, 0.0013310898737193921, 0.0019386061616315244, 0.0024346955413271617, 0.4305402822947409, 0.0030034846723881957, 0.013310399516208164, 0.011827548977038088, 0.002827813279650723, 0.03522630519117341, 0.008484964568066673, 0.00406876761382883, 0.0016522884783774796, 0.0036927955205441933, 0.0033991174084746912, 0.008112121663350496, 0.007122709373139968, 0.013525880995555907, 0.02470968196039286, 0.41327188019400096]
                  , [0.07090554837087391, 0.002964972930133341, 0.07739471347823336, 0.2663914398613697, 0.004849084059794421, 0.018080821713313256, 0.019908985224797185, 0.01614813775695331, 0.1015049984459817, 0.03512927461070267, 0.017352684981229424, 0.03341446853537888, 0.005490544197651708, 0.14584847695345735, 0.06488744049204993, 0.04576305037342093, 0.04043381474896026, 0.026903462121218916, 0.0016794961571530561, 0.004948584987326868]
                  , [0.1585398899361645, 0.008376497617721988, 0.036248820224333844, 0.046697966700841274, 0.005478653569385903, 0.059549629476892775, 0.013793362130931148, 0.018210715022811078, 0.04229969646010222, 0.022591338583446047, 0.012907655576102652, 0.0706957637241157, 0.02964964181837241, 0.04319271963373196, 0.028209709151311792, 0.23175359238756063, 0.13163127978270428, 0.03516456804153021, 0.000655360565410637, 0.004353139596529108]
                  , [0.03683243917775336, 0.007208034542192047, 0.13988967794928317, 0.1874376484227445, 0.0064031926369741, 0.027508704154971374, 0.05796500068413609, 0.010146870946053516, 0.09849638563194321, 0.019893425905573234, 0.00911621195076787, 0.09628090685479941, 0.0057602531782296905, 0.10588349747934739, 0.06636635363276976, 0.05699130080800591, 0.03416316711096222, 0.016517487704185443, 0.0015731507559777257, 0.015566290473330037]
                  , [0.008928544905326713, 0.004123785275217152, 0.001280949186675766, 0.0028167185847772372, 0.04452530638238329, 0.001684656901775324, 0.0026318546409613173, 0.09408226241452745, 0.0036456806222451587, 0.6351232291208687, 0.12331253223064385, 0.0024648930542048282, 0.0009300335168820973, 0.005595188820905414, 0.0031033252993663257, 0.00547102111228356, 0.008309293165171995, 0.04289948521020655, 0.00046470756928691196, 0.008606531986290062]
                  , [0.2852893802177633, 0.008340591823930633, 0.003164446626867823, 0.0036898597952199222, 0.0029820276454339835, 0.5725667021528464, 0.0024241969153916223, 0.004074616953149116, 0.0029338918119336498, 0.005550155073669622, 0.00345490819429475, 0.004573644729638467, 0.0016242729452072137, 0.0032376906160415113, 0.003980370204561675, 0.06803527226590797, 0.011943614759769154, 0.009590569405614178, 0.000702425408496092, 0.0018413624542631818]
                  , [0.011798425649316288, 0.0005090566289227016, 0.0008887618392185962, 0.0012371672227141034, 0.006414233758730016, 0.001199032379291454, 0.0008727695084181667, 0.45841348786075486, 0.001407157692921204, 0.05984799713702931, 0.0124219480015698, 0.0013084793373067747, 0.001009426301011672, 0.0016196135544666174, 0.002053065908252474, 0.00291056725396912, 0.00880684571792565, 0.42583157249081327, 0.00036751662592265986, 0.0010828751314452636]
                  , [0.09406840180616786, 0.010177692937409031, 0.049096172384749164, 0.054008585562661436, 0.00630636585728169, 0.04407776648492791, 0.02959382225689548, 0.010764739479155397, 0.06961917103178844, 0.02317144105726417, 0.008236196618826701, 0.0639037505059974, 0.17354132137976527, 0.055252779546219655, 0.05567945694143141, 0.15617056185042077, 0.06671480481827617, 0.02026914083852749, 0.0013876127480997153, 0.007960215894134594]
                  , [0.042204694834336476, 0.007668016146630379, 0.0004950287799311426, 0.000795733837869076, 0.0344213475005673, 0.006047718957947115, 0.000701030692402879, 0.3218926588327591, 0.0007436224922267695, 0.19487686269315077, 0.04135261307207765, 0.001300383712697111, 0.0006124131407048138, 0.001274402109677352, 0.0010543584981418336, 0.008645473580867513, 0.024119661486455477, 0.3078499239762985, 0.0014181100686928528, 0.0025259455865660353]
                  , [0.054880734979741705, 0.020397995600071245, 0.010971321915774256, 0.007293458066594722, 0.004100996491259243, 0.022288311363005252, 0.005406702017592013, 0.0076058463738079, 0.010137691474408019, 0.00947942850880892, 0.005454926824945334, 0.036517176655921295, 0.0045343681160723865, 0.008209147427557881, 0.00859073607438369, 0.4424285857731074, 0.3245925174757047, 0.012296248654383366, 0.0009363686934539862, 0.003877437513406813]
                  , [0.03117248480930389, 0.011582103547164928, 0.002156993653363837, 0.0033722607889207826, 0.086779815890906, 0.003531660635075696, 0.00714334083017437, 0.27173524055617604, 0.004740927247684862, 0.21550966797233806, 0.04889736413659451, 0.004016845559005525, 0.0023081715583386027, 0.004930120706136775, 0.00521873227549526, 0.010345716418641961, 0.022219720620024735, 0.22630018439200061, 0.0040307362817490035, 0.034007912120904815]
                  , [0.012830806346024631, 0.005555959966961876, 0.0011039974884060949, 0.0018767102842559419, 0.018342068292432512, 0.0016185073502555586, 0.001712930216186075, 0.20825185008917757, 0.0023907227689580683, 0.4891659319169343, 0.12055324963607704, 0.002245788587559515, 0.0007731439799852453, 0.004697266610410059, 0.0029481735230738764, 0.0051395481756795385, 0.012137240093762972, 0.1066945499461554, 0.0004202941203495818, 0.001541260607354334]
                  , [0.023953052607990643, 0.002212120465976134, 0.5464161925932163, 0.09926567350069092, 0.0019786974490954216, 0.02473510728014423, 0.017715624181541344, 0.0034802354665734608, 0.015040163592514269, 0.005033834390655158, 0.0024893671113393225, 0.13557314586267785, 0.011198718589529413, 0.017590370241589274, 0.00916277411662382, 0.052619104745287276, 0.02187221078764649, 0.0063763851019138255, 0.0005708994139467122, 0.002716322501048356]
