# This script is generated automatically.
# Vector of amino acid stationary distributions.
distributions <- [
                    [0.016534400424818716, 0.00506402624479261, 0.0013989363702477096, 0.0025045724467518725, 0.04760468911874436, 0.0026383859910502788, 0.0028432416481534812, 0.17521693337556363, 0.0032188260580923614, 0.4957287159889506, 0.09549865431281193, 0.0027979558659377447, 0.002428758419551907, 0.005018147527418205, 0.003958963060726055, 0.007846134468108947, 0.01403345279366105, 0.10668372341528565, 0.0017907397425983886, 0.007190742726734656]
                  , [0.02453402975164021, 0.005339405977960317, 0.0010942778721259293, 0.0019410477008695096, 0.012644434972534691, 0.002155994803028186, 0.0014781475549598905, 0.3809255458006775, 0.002160855392827057, 0.11720906032387288, 0.027810647625104486, 0.002238300468837904, 0.0017515407711238878, 0.002368576915066047, 0.0022832342863950096, 0.0063819463221941155, 0.019149290220878426, 0.38530806444224014, 0.0005628625434454316, 0.002662736254218588]
                  , [0.03153949824675258, 0.006502259075963255, 0.01109006021998969, 0.028226452724669674, 0.00577483924646748, 0.016076382017480413, 0.027588391377593106, 0.013992215732173232, 0.28196586262515333, 0.025801857187582572, 0.01335530225423016, 0.03326202239485991, 0.0064437851804700534, 0.06739323772053983, 0.32757817863676386, 0.042898529617173636, 0.03304616724050907, 0.01750910293682483, 0.0025531534565835447, 0.007402702108219767]
                  , [0.1424064849276492, 0.020390886888316244, 0.018648196991812797, 0.019787999652641455, 0.009855121454577653, 0.042433057056732094, 0.013092591985815905, 0.02078669279786313, 0.02162205920664578, 0.024989957343471658, 0.014212855959449646, 0.05004809830377131, 0.013025365666682037, 0.02122033243381587, 0.020298867486333624, 0.30922794789231234, 0.18983020775960444, 0.0373400678368574, 0.0021934560501537786, 0.008589752305493522]
                  , [0.08640729932674365, 0.004141983855220362, 0.06148606731317816, 0.1411117512048929, 0.005465466281161161, 0.02897141793515212, 0.02759269112813607, 0.016010472300782015, 0.1314259577743628, 0.029675878607542852, 0.014128589353717934, 0.05657082802176886, 0.00768392004584507, 0.11325019262626289, 0.093872036651351, 0.08429320167799013, 0.06220417349879328, 0.027287665235387306, 0.0014004689945729416, 0.007019938167138504]
                  , [0.04738830329205662, 0.002341919125020305, 0.29971131866940603, 0.32060359959548856, 0.003101399581857805, 0.026131401163060824, 0.014731300684185789, 0.006116773115477929, 0.03689467877814412, 0.010543214928516953, 0.004861321159043788, 0.054023913943560736, 0.00816840292403925, 0.0541797872748882, 0.01890591449151604, 0.047939885509321115, 0.026415916717044262, 0.01276843201487577, 0.0007922701058403744, 0.004380246926655407]
                  , [0.06809795376301972, 0.009967505057321323, 0.011748747877454665, 0.02808079739864309, 0.026440984762430876, 0.013474708202575434, 0.01692879724170409, 0.13519919685502765, 0.0393011194106102, 0.17694082438439043, 0.07218362757918896, 0.022360498442757615, 0.008565528509955872, 0.041378858960834076, 0.03857681729922695, 0.051622425989941274, 0.0754239319792768, 0.14418906725761346, 0.0035127450944992525, 0.016005863933528288]
                  , [0.055093038996061904, 0.007751124240311466, 0.15513162052212418, 0.06335958825373704, 0.00728105915441328, 0.093557095534794, 0.03545558208974807, 0.009780040853325171, 0.048482877754240594, 0.015425171668138978, 0.007605795141442518, 0.2075624676484794, 0.00993095114380269, 0.037991294871976534, 0.035847473413632765, 0.133623235671537, 0.049003157704108145, 0.014821684631892547, 0.0019540644365755354, 0.010342676269658053]
                  , [0.4892663666347327, 0.027049659763745126, 0.0029522195610345438, 0.003987060504420364, 0.00510630792335699, 0.10158725979913302, 0.002652241437698418, 0.010485531266781416, 0.0033556503478166053, 0.011657510175078998, 0.006793608484691791, 0.007333089430150317, 0.005299969137401551, 0.004482865847623316, 0.003794172465025976, 0.2223813164658064, 0.05546052588456161, 0.03223654870227494, 0.0010312480861371309, 0.0030868480825287864]
                  , [0.12748288601012916, 0.006573378742255901, 0.019340119775928897, 0.028096754930985495, 0.008790865638327918, 0.026787615965974784, 0.015236212711466284, 0.018656999699436922, 0.02773239978478728, 0.0327787749151338, 0.010383897926483303, 0.022151382874242332, 0.3936945953708251, 0.03054504006365906, 0.025931974446828644, 0.10639241279003929, 0.05540135601399754, 0.03431276720275963, 0.002089252243383989, 0.007621312893354677]
                  , [0.2097792614969025, 0.040164161892105546, 0.004348601239257321, 0.006677190034984456, 0.017098731140254196, 0.02461602800579336, 0.005147214953863433, 0.10423152486558626, 0.0066741335542027805, 0.0730268530522834, 0.031573483138761495, 0.01094910922444637, 0.007671506885573813, 0.008325778557052967, 0.006992261609781389, 0.09179093151974116, 0.1229553173677897, 0.21845547615856156, 0.0021352426003528754, 0.007387192702705161]
                  , [0.016608929385888274, 0.010358256503940188, 0.004221706317764435, 0.00542783172304917, 0.33962304630131385, 0.0060432146281646755, 0.035721383891951036, 0.018330998752928773, 0.006465442520135626, 0.053025558909049815, 0.012586039571972275, 0.010332999868137264, 0.00351339770926924, 0.008420715554153886, 0.009221262150323687, 0.018480728525132037, 0.012351000794953033, 0.020357316794411346, 0.030229533559375417, 0.378680636538086]
                  , [0.06025281505501985, 0.02044898514525191, 0.028275082629178924, 0.03677155470942386, 0.05322175034258939, 0.0278261514259134, 0.13010599074170234, 0.028497436538498094, 0.04598851714364124, 0.06258484772273408, 0.02354461770285114, 0.07013731922078101, 0.01259045922329451, 0.07130160528575519, 0.06289875467605731, 0.08396570307501858, 0.04969982914901025, 0.03769136008781611, 0.011169677533788485, 0.08302754259167457]
                  , [0.02992519067186613, 0.01171218422065966, 0.0030411806967643646, 0.004621085342581809, 0.2544666190795559, 0.00719329922670781, 0.009676773010778907, 0.09668391641295407, 0.005824159162478961, 0.2752221158791171, 0.061309928732588004, 0.006654052699245954, 0.004395116657740746, 0.00781719949272392, 0.007476087666421725, 0.019092662884333953, 0.021657500080830998, 0.08072680300648581, 0.015107795133416022, 0.07739632994274794]
                  , [0.07678085621078698, 0.005478492167564127, 0.011412194540809066, 0.009629159500399291, 0.0034450367796097126, 0.7537143093168345, 0.004751589798271459, 0.004401142749828056, 0.00795345795005586, 0.006978641845728935, 0.003583133559678276, 0.014848134089301737, 0.004056551221091354, 0.006739600263591587, 0.009581565159940577, 0.0519074374776146, 0.012449580488058337, 0.008315141404517374, 0.001202181083209543, 0.002771794393108778]
                  , [0.07367496336571593, 0.011342353115530111, 0.0005823765739162964, 0.0008532414980173957, 0.06719120373879012, 0.014811137912021216, 0.0008563419152634039, 0.2263558856196088, 0.0008886933943500497, 0.26064421872250243, 0.052254125339223585, 0.0015374759515440547, 0.002148620363646322, 0.0014941023785874517, 0.0010418045187950706, 0.017693374655806077, 0.034182216223632725, 0.2248644641787321, 0.0028360655272618765, 0.004747335007054985]
                  ]
distribution_weights <- [ 0.08758341413334854, 0.08390463697028461, 0.07899104545713796, 0.07621627787600525, 0.07615353904066617, 0.07241202304226316, 0.06529116523127816, 0.060568641989391436, 0.05535276336052016, 0.054819483260138024, 0.05454571379684024, 0.05205327097473336, 0.05114640962755946, 0.044393429532880856, 0.04360634232589973, 0.04296184338105287 ]
# The number of clusters.
n_clusters <- 16
# The base file name of this file (for reproducability).
fn_distributions = "dists_hogenom_poisson_allsites_clr_016clusters_rb"
