# This script is generated automatically.
# Vector of amino acid stationary distributions.
distributions <- [
                    [0.11503006757414841, 0.01481212538634568, 0.07856406262811509, 0.0884089701149043, 0.012455404729290426, 0.04953631387129961, 0.029948565581461018, 0.02118430112591417, 0.07852442121759848, 0.033005321781524266, 0.014282219387706267, 0.06163511045108863, 0.04638585872303114, 0.05838802099457964, 0.06730222977074042, 0.09735820205392245, 0.07408039114432886, 0.03759991004024272, 0.006491715127860042, 0.01500678736097873]
                  , [0.043610838686245504, 0.009701551997152481, 0.006302972790189966, 0.01067082835851061, 0.04071985082546793, 0.008550266519036544, 0.007803739198990665, 0.21712290632649967, 0.012194703344760353, 0.24857902826171294, 0.06117619277431502, 0.008923790750359484, 0.00922371676335942, 0.013266337192099208, 0.012517203608071757, 0.018257929302566117, 0.03567579349140025, 0.21586264188761745, 0.00528630069263764, 0.014553407041722515]
                  , [0.027457571160092717, 0.011997211128814775, 0.011278114157536545, 0.012981811125236144, 0.2664252203550183, 0.012412884248656428, 0.047570782130014255, 0.0306515973232196, 0.014512963207110048, 0.08279939582526216, 0.02208509168590677, 0.0191509918763648, 0.009513099367704472, 0.017135367584561804, 0.017117979641087747, 0.025275772380677, 0.02083506451520653, 0.031835445278208696, 0.052976734529278695, 0.26598690400387043]
                  , [0.10929627068574452, 0.008124798792723863, 0.04018108454786395, 0.025952117828624985, 0.005616595393276587, 0.5518017845615976, 0.01146529010621522, 0.006903015418357049, 0.02257877978342348, 0.01118509358802533, 0.005528454052396298, 0.04285062653253933, 0.01264122428397222, 0.017659343028494826, 0.02006022063956745, 0.06209171164139678, 0.02309145583614497, 0.014103023243729612, 0.0030130405725742665, 0.0058560685182715705]
                  ]
distribution_weights <- [ 0.6327305612716076, 0.2399592276240511, 0.0801767313889815, 0.04713347971535976 ]
# The number of clusters.
n_clusters <- 4
# The base file name of this file (for reproducability).
fn_distributions = "dists_hssp_poisson_allsites_kmean_004clusters_rb"
