# This script is generated automatically.
# Vector of amino acid stationary distributions.
distributions <- [
                    [0.08878997188388163, 0.008721445605973115, 0.09249634023177172, 0.1180220814681745, 0.013204978806190162, 0.05297191543819113, 0.036521157027991046, 0.019924492924225528, 0.0772447743109799, 0.035927804145526494, 0.013705131536914102, 0.06855440105223151, 0.029016912968853094, 0.07979491000708966, 0.06511708269324042, 0.08305475608322463, 0.062009200111249496, 0.03282911219734691, 0.005392224656077411, 0.0167013068508676]
                  , [0.15872991411915824, 0.01111277285098673, 0.035942228592253475, 0.037617939338061616, 0.010990257603934834, 0.05335094911861315, 0.016648133673929377, 0.022619960862979856, 0.03570150846627816, 0.029445662309117156, 0.013717102858923755, 0.05519351871504066, 0.027165078421505028, 0.03204973371206944, 0.028915533643904992, 0.21142229040493613, 0.15924907007325165, 0.045224456269703006, 0.003875203799859669, 0.01102868516549299]
                  , [0.030930897835142836, 0.0042471882646954884, 0.002225169193881185, 0.004052959283803686, 0.012964335361432976, 0.0033093550218132846, 0.002516935459596654, 0.34896805190560887, 0.004162951607767768, 0.14668199155613962, 0.031500421257493534, 0.0035457157461158445, 0.0030688889222894996, 0.004427809236340467, 0.004121181135440705, 0.008081970588405726, 0.024752489727300774, 0.356082829531206, 0.0009266133827555965, 0.0034322449827696782]
                  , [0.024807720838393416, 0.007265839981822468, 0.008420087994763181, 0.010401653441102226, 0.3166713500002039, 0.009638562325070982, 0.03686614353565137, 0.02578725989007573, 0.011172835350572643, 0.07823508567881188, 0.01826244770164751, 0.014704009454175715, 0.006806348640180113, 0.013968587715668446, 0.013101786412740977, 0.021420041494746918, 0.018835964946617368, 0.02878429122377207, 0.03386076627792218, 0.300989217096061]
                  , [0.045460043876025424, 0.0076927078801309785, 0.011162275771837099, 0.01754479969612362, 0.05698811262346426, 0.013320255004354064, 0.01335972274386129, 0.14998088830532263, 0.020243366332377787, 0.2920705130680556, 0.07113498690386977, 0.014766497230703661, 0.013304369949552763, 0.022435222920096747, 0.020959892784059193, 0.027735820191817955, 0.039511130050838575, 0.13215657657168284, 0.006843473629672299, 0.023329344466153444]
                  , [0.04501420457993661, 0.0063608014047006525, 0.018574610819286245, 0.04266233757499178, 0.00739827201906339, 0.021112819943305997, 0.03352508707075548, 0.014888175784779663, 0.24360121243289515, 0.031368704097595436, 0.012426368984267452, 0.039971347124014484, 0.012045553382067573, 0.0851129720480503, 0.26536998634189357, 0.04553563634566863, 0.04117821526431225, 0.020786494833031723, 0.00324665341071512, 0.009820546538668474]
                  , [0.1018876897463727, 0.0016281562967483355, 0.20471928516815546, 0.24908413411891792, 0.0025362413988047642, 0.0414664980713011, 0.013916787639357508, 0.005482630720749577, 0.057459567455185954, 0.011086717835747698, 0.004146613840401766, 0.056864322728838804, 0.023107777267529318, 0.07039163298898551, 0.02640847015509478, 0.06645574215224881, 0.044963761036754646, 0.014205255341758302, 0.000968627954492914, 0.0032200880825543196]
                  , [0.05218923913432519, 0.004060150761744338, 0.2544772516530214, 0.1103862885962678, 0.006036047580336797, 0.07005452990455865, 0.026943180378487613, 0.00854217604004787, 0.046613670520488995, 0.013640568552685544, 0.006042541069284566, 0.1733197633886774, 0.012430742445862935, 0.03898264433804456, 0.024383741326994602, 0.08133642152149886, 0.04417536807223949, 0.014202416356649785, 0.0023892407619970015, 0.009794017596786575]
                  , [0.021118803570460358, 0.003712749505698365, 0.002357771292887377, 0.0039828389674723816, 0.06347415203384504, 0.0035562683709985565, 0.0037331365967430714, 0.18745702256871066, 0.004485034076429045, 0.43366808879115426, 0.08893765611395679, 0.003908475215275617, 0.003302491784727426, 0.006872381364822348, 0.005160127131474111, 0.007916887223211185, 0.01629595876396905, 0.1254122416608304, 0.0035321314600382622, 0.011115783507295534]
                  , [0.08837776707395291, 0.0018166227827764825, 0.06757120424453714, 0.1405668921408074, 0.003718501539464593, 0.028837071799928796, 0.025979448542334006, 0.0108233055529263, 0.16079118360859584, 0.02071346594239929, 0.0074863185762662505, 0.06032255704613519, 0.008465512091265275, 0.11623080316338202, 0.09582062914324226, 0.07101845712123842, 0.06352691487098344, 0.020713838300470987, 0.0011144380072375221, 0.006105068452055998]
                  , [0.11949802798237157, 0.00574557160237872, 0.03625655603964309, 0.025790982263568685, 0.00556708850676417, 0.5332269161392578, 0.010883924563787563, 0.007480061794805092, 0.022172259571719966, 0.012342575187751318, 0.005827982607714331, 0.038726547485125586, 0.012447211475949058, 0.018532833900908773, 0.019617696500210082, 0.07425567717809671, 0.02771412137970088, 0.01573660914385991, 0.00246807788159079, 0.005709278794796052]
                  , [0.07133335912770829, 0.02023018563613587, 0.035393606048618645, 0.04196158647615638, 0.0654373340137841, 0.03705754620618394, 0.08074693941542303, 0.03189450929862433, 0.04569438304013391, 0.07131112411815792, 0.02234643128727908, 0.05568091167640763, 0.02463893358780952, 0.05556121934169557, 0.05744910098416945, 0.0746681990045391, 0.056308706593506834, 0.04470463247244946, 0.018832432900275944, 0.08874885877094112]
                  , [0.14331400773191033, 0.005767081325202709, 0.032903606191535144, 0.046180957748010884, 0.009290982029226302, 0.03464818019443363, 0.01562801053325095, 0.017768472328565963, 0.03575418158313896, 0.03173892900316231, 0.010112038094999509, 0.025586598885305206, 0.32696042592933394, 0.03565675548630921, 0.03055604002668384, 0.0918639029226098, 0.05719117515457031, 0.0370285525814715, 0.0035335923532312263, 0.008516509897048283]
                  , [0.15002086056882588, 0.01758633106107016, 0.010395108929531757, 0.01674473799638051, 0.01417932071042758, 0.020476972900424915, 0.008983889307404956, 0.13788220513179167, 0.015283912327139658, 0.0850569968795323, 0.0290269253169903, 0.015312322522838206, 0.014836249029145845, 0.016274024655723338, 0.015198718049254283, 0.057492517890857166, 0.10019190621145266, 0.2633260761228049, 0.002989474447364644, 0.008741449941039321]
                  , [0.3774966003512333, 0.03812769130783919, 0.01005644535962596, 0.013155063247084304, 0.006202686357197967, 0.07517079870861999, 0.00782563915689911, 0.013333803797822523, 0.011070413469936702, 0.017012211435155473, 0.009026487239302744, 0.018003599610180304, 0.012856992036260754, 0.012157849482456596, 0.011772111419665266, 0.22209094801939522, 0.09159183179735592, 0.04577106119404711, 0.0018898986255830644, 0.005387867384338456]
                  , [0.08093920840712934, 0.005912509503274364, 0.02527026214353137, 0.061713774797041605, 0.015810470695352952, 0.01918625385376032, 0.0227059398113586, 0.08141425444098542, 0.08437425039158068, 0.1048118199610697, 0.038861425933382474, 0.033151904222563845, 0.01440466231441125, 0.07276783357372794, 0.06893972393321865, 0.05700828603157504, 0.08945757853370148, 0.1043625037387457, 0.0041308382436891266, 0.014776499469900008]
                  ]
distribution_weights <- [ 0.08998471035901916, 0.08523112649016519, 0.07616655362295516, 0.07000471334797154, 0.06770935120573572, 0.06698702104912228, 0.06528561739110442, 0.06441767160610207, 0.06372408137614433, 0.05847233877859144, 0.05553511827437816, 0.05410770191714471, 0.05158816834699438, 0.047692950287590866, 0.04284739865343864, 0.04024547729354195 ]
# The number of clusters.
n_clusters <- 16
# The base file name of this file (for reproducability).
fn_distributions = "dists_hssp_poisson_allsites_clr_016clusters_rb"
