# This script is generated automatically.
# Vector of amino acid stationary distributions.
distributions <- [
                    [0.0833637455397619, 0.01459785512450201, 0.053013437918879705, 0.06334256300479797, 0.02323841409318648, 0.05548739658390763, 0.05182380653881531, 0.031771065538902715, 0.0644368680005645, 0.06563086464733621, 0.01898521202981852, 0.0629719328484427, 0.03614442390171294, 0.06125896278831647, 0.06649688275425727, 0.08446812676542008, 0.07142417862282759, 0.05686830361391832, 0.008911141665556895, 0.025764818019074917]
                  , [0.08379488848500276, 0.006324081936603714, 0.12740119752458978, 0.13651851928603, 0.009586649483772044, 0.06043734313093116, 0.03433949079940348, 0.01494440876206689, 0.06867012151224003, 0.027541438230292804, 0.010297092283073662, 0.07567384931919799, 0.03723613719407627, 0.06607702629906495, 0.0545457689419621, 0.08149156939510811, 0.06089694178761667, 0.027685411361491018, 0.003922813930689919, 0.012615250336786668]
                  , [0.21393580220777222, 0.012679838353871459, 0.04260416303772681, 0.05517320592762541, 0.012468480868657575, 0.06833382387340645, 0.018178001612715582, 0.023781048123002958, 0.04390133421912518, 0.050046351311253665, 0.014739016437528264, 0.04031552517919185, 0.042313933985852085, 0.04883554001801556, 0.04786090152480241, 0.10748927064387345, 0.07663656141807852, 0.06434900642148399, 0.004569961874696766, 0.011788232961319683]
                  , [0.06712847342585801, 0.005964328088811878, 0.04316677329811032, 0.07499528029600494, 0.010336544998582456, 0.03417038482860849, 0.037799447825559884, 0.023788346198991228, 0.17414104194329935, 0.050012019722851284, 0.014680342489886783, 0.05899838284557009, 0.016939085128552852, 0.078856112507729, 0.11590632931554189, 0.06868634129000321, 0.06435172917016321, 0.04338131720213592, 0.0036434820797390994, 0.013054237344000212]
                  , [0.10955483433489946, 0.012993260261863796, 0.04863481538081723, 0.04755279857966429, 0.011011113672828858, 0.06095703161156026, 0.021029429575774573, 0.017083201102496344, 0.04961790173295198, 0.03740715845784618, 0.011833835253896356, 0.07562700604250024, 0.04069962999326697, 0.045656768912973614, 0.04261597338264696, 0.20675843873561242, 0.1066976283806623, 0.03816769724573238, 0.003926953294731444, 0.012174524047274485]
                  , [0.06601994751136607, 0.008917253008377743, 0.014838837826630365, 0.029123399836079776, 0.05617998109444448, 0.017259506727178433, 0.019387571047704256, 0.08197248635681717, 0.04490353007375117, 0.22991187575858635, 0.07965807669821351, 0.019974720195266225, 0.015385090227493957, 0.05346678358950033, 0.05056173530448547, 0.04911090736464423, 0.05379441248130341, 0.07815395671942227, 0.007942768633218295, 0.023437159545516652]
                  , [0.08312591535559838, 0.0057708326582412515, 0.05596220096911204, 0.09960543793598531, 0.010067845109225667, 0.03409647631089884, 0.04996516153306179, 0.019666001626686302, 0.08593810142616304, 0.05604085799175775, 0.014923712195953004, 0.05695057298275256, 0.015275085043842522, 0.14357923884707632, 0.08041399520672446, 0.06741561034660563, 0.06255455964568053, 0.04256287725981356, 0.003516202776626228, 0.012569314778194703]
                  , [0.07919116153956433, 0.003729243086152698, 0.14034076979327123, 0.245173530859128, 0.005720794439917025, 0.0422687968238577, 0.02094238853098583, 0.011312465030637044, 0.07116344428253332, 0.021554693101745518, 0.007913527549843858, 0.054588473021242014, 0.01904779549270334, 0.08304187809876512, 0.04618931891269452, 0.057945349168263306, 0.04929657782860413, 0.03088775073831793, 0.0021369345979539043, 0.007555107103818961]
                  , [0.06781136620266906, 0.0039868313205063234, 0.2404429087711161, 0.15163841537990513, 0.005994574787974132, 0.06496958518477325, 0.032624325827957754, 0.009023020949843308, 0.05302370142557282, 0.015198826814553123, 0.00653178315251857, 0.09736002108672584, 0.01953704776822516, 0.05207204687027181, 0.03662922615045397, 0.07046908235949835, 0.04646183900976861, 0.015410243406599777, 0.002478044246545134, 0.008337109284521738]
                  , [0.05197250408409829, 0.0051027305762063315, 0.018957124404936722, 0.05650439766133704, 0.00728245097140286, 0.02290177093425252, 0.03623763826039208, 0.01617987357847443, 0.23855588972537534, 0.04307383965202119, 0.012895267631642348, 0.04811107549977466, 0.012062820981715417, 0.07528135084672216, 0.20743895695555623, 0.052496209704821856, 0.05067030312026519, 0.03211254101502231, 0.0029350230536196896, 0.00922823134236336]
                  , [0.08012631935589008, 0.00992569889890731, 0.016334503632752934, 0.04642959774302775, 0.024934843644797363, 0.01675049303287663, 0.01615136770971232, 0.1275515848660383, 0.04882650647960183, 0.11436550513725913, 0.04813034604145886, 0.022929664992847223, 0.016255689185623593, 0.04522942919993282, 0.04567968978320907, 0.05526849570802214, 0.0790172159396812, 0.16334770028630255, 0.005490801516167623, 0.017254546845891297]
                  , [0.07576827926728694, 0.0020936949839636784, 0.07565806335158644, 0.16034294433944882, 0.004180672422312672, 0.03601775657921914, 0.029449893057764964, 0.010338340349618728, 0.15999911925886867, 0.020809367694195308, 0.007397953046102102, 0.06104148817243712, 0.01151078369559992, 0.1034691235809627, 0.0865634793883174, 0.06498146611075396, 0.060595723439671345, 0.021817187869174946, 0.0013372810740673985, 0.00662738231864792]
                  , [0.06100271963674554, 0.012354376397457286, 0.019790093313141133, 0.024145227734797922, 0.13195346976627692, 0.021762957707504336, 0.05924090334667754, 0.04640453870650013, 0.026306819508046246, 0.08871407300812525, 0.02099220189608846, 0.031447355150845076, 0.01576172519361046, 0.031201394713612374, 0.042484137033879, 0.05816911822766212, 0.04929843315487075, 0.05560313983922156, 0.06412358914401077, 0.1392437265209271]
                  , [0.10203379762941785, 0.006834712310577391, 0.0469574966405883, 0.06093964826474306, 0.011710332169543081, 0.04347474712495315, 0.02001327583839248, 0.02044735723456539, 0.052877382107342205, 0.0519868100756637, 0.011921848215083113, 0.038341154256892405, 0.22332634616416056, 0.051630040053067365, 0.04787314265228302, 0.08320691808343716, 0.06192540950047936, 0.04874373327993509, 0.004560538714030483, 0.011195309684844671]
                  , [0.07585585087112481, 0.008477745609663594, 0.024990320351378378, 0.05372595185069435, 0.011056459906017696, 0.039417354677302716, 0.05535446830998404, 0.01697718174099306, 0.10164251764648899, 0.056399483893276564, 0.012557189081729727, 0.042811693508776304, 0.01651899054409786, 0.08203672370110751, 0.22789218173458853, 0.05869374059815694, 0.055563956560531515, 0.04012734933843575, 0.006052947142199243, 0.013847892933452493]
                  , [0.041664138980239865, 0.009245364270927871, 0.0126062634143187, 0.014954640046968238, 0.22777812810590964, 0.013738596504212943, 0.05762821668001762, 0.038886174013376844, 0.01582568248977398, 0.08040294846181784, 0.016749814058938762, 0.02005553948360143, 0.010350218801729455, 0.018782485683361164, 0.018364417434023957, 0.03802682231361703, 0.02966653993489856, 0.04380125615095349, 0.0454280939095353, 0.24604465926177732]
                  , [0.09254659362770319, 0.007841792268489346, 0.03595178825394908, 0.047482514646886645, 0.011379294440233027, 0.03514266425909852, 0.017336405654166366, 0.04666746570043375, 0.0536825711355319, 0.048651178661369386, 0.018672614043862633, 0.05887687008634233, 0.019066002439687178, 0.04716742663311831, 0.04712160824259192, 0.12497008007716894, 0.2059614684315085, 0.06605023551807357, 0.0039603209199857705, 0.01147110495979972]
                  , [0.11162867709936466, 0.009684178116232385, 0.0696353465374967, 0.06027036248488542, 0.011204131728313456, 0.21507861486374832, 0.02192427034733838, 0.014419525146793588, 0.05218482900653927, 0.026448572048562123, 0.010439245988785937, 0.06891691483851746, 0.025613961933570423, 0.04556542799775, 0.04957735288150734, 0.0986289185919713, 0.05810877549659608, 0.03353824427965268, 0.004981417282911961, 0.012151233329462727]
                  , [0.06097842253384769, 0.005830799550106801, 0.10235515070189435, 0.057320884854767336, 0.010442028214542898, 0.06084244883410665, 0.05599846850155677, 0.013863109301568186, 0.06302229869889618, 0.02097509632871501, 0.009252464134532025, 0.21028874465080558, 0.014071632722393392, 0.052624232109269094, 0.0461432567998197, 0.10527790545463339, 0.07014909422384222, 0.020126886336318414, 0.0035933752871804944, 0.01684370076120385]
                  , [0.05448085024512415, 0.007205729983748433, 0.009181215500764008, 0.01524779281105941, 0.05846870905070515, 0.010795170228333834, 0.010809904897593607, 0.17042818482859307, 0.01840451761605493, 0.259043679117764, 0.07184158651721777, 0.012212823600296924, 0.010867778750671495, 0.020015565076602803, 0.018369598169822594, 0.03101231264080515, 0.048635227766618036, 0.14691524020709082, 0.005464058165869533, 0.020600054825264433]
                  , [0.07182657443594877, 0.008569318525032068, 0.010145330705964423, 0.020029298627313362, 0.02686367890052827, 0.011934512542876708, 0.009350968263388862, 0.2084528027869233, 0.02641918362435224, 0.11638312498914546, 0.04358452773505046, 0.013999792373025876, 0.012669654130268975, 0.017901950581629376, 0.017388506663010585, 0.03879811574896256, 0.06745354011146398, 0.26300699572084385, 0.0036118988295159907, 0.011610224704754896]
                  , [0.06100051056183319, 0.0028927972843686726, 0.2272957453668855, 0.2986168447371986, 0.0034431009406085218, 0.040771004375984556, 0.0194411587357396, 0.006034987640342484, 0.050977114358767936, 0.011631438875794467, 0.004781863349716272, 0.056547716398520805, 0.018488500948977624, 0.06506612608014264, 0.02911755039169437, 0.04825312927529554, 0.03696269577318513, 0.01228087011197476, 0.0013629311453917685, 0.0050339136475777355]
                  , [0.04123627436145246, 0.0063520473327614594, 0.0077588759223684075, 0.011798527725990158, 0.061614858000695556, 0.0092811295391285, 0.010238417114853408, 0.10103983016150904, 0.014186480002179973, 0.4079047118888339, 0.10074137575141563, 0.010127359458729944, 0.009257676893483979, 0.02872858624336812, 0.017056588181585477, 0.027472314097201717, 0.034512353206694796, 0.07940941499017937, 0.00558308676769843, 0.01570009235986965]
                  , [0.20139065655423602, 0.010710961491076722, 0.03249890088156973, 0.034286820788674933, 0.007173509589552335, 0.06288053327189418, 0.011397267494958799, 0.012491529546452594, 0.03336850319659669, 0.02624482618947257, 0.009036938911429412, 0.05080693336525017, 0.03250833517419484, 0.03383660374904432, 0.02690798707479949, 0.23570433230852472, 0.12556274567033868, 0.04368065516805546, 0.0024221023027156488, 0.007089857271162618]
                  , [0.04584658476137442, 0.005721099831915064, 0.005620636319742012, 0.009571127687144194, 0.042150404323447854, 0.007001821232649051, 0.006289966164888704, 0.2450616611712461, 0.01023378420255302, 0.2200026281099256, 0.05880521049815006, 0.007384887389378179, 0.0071110487668212975, 0.01070087079860855, 0.01002951158773161, 0.01676951091975191, 0.04332871195161392, 0.2338906585583639, 0.0034553078108511114, 0.011024567913843226]
                  , [0.04336697708610158, 0.004461028479239165, 0.0029458718957945636, 0.005002286721109104, 0.02804898078253436, 0.004768959898159253, 0.003661736109639991, 0.2908801782305236, 0.0051329261951742556, 0.19323924150589145, 0.04423441968988046, 0.004245808379273041, 0.004501575724432713, 0.0059656210551807445, 0.005638152910928718, 0.010888084719189593, 0.03625447644340172, 0.2997456075635726, 0.0019914559382208873, 0.005026610671752127]
                  , [0.0405546851200562, 0.0036073790556953767, 0.011404507599236353, 0.04045303365434348, 0.004251946739148022, 0.02128236002598897, 0.03303246539611621, 0.009920153082278902, 0.28921151474244744, 0.03094969310553684, 0.008451548730131769, 0.04061409909773461, 0.007644309730731407, 0.07420802424169139, 0.2815294382224591, 0.0404376353114272, 0.039273026413256876, 0.015284798136888595, 0.0020477435501604297, 0.0058416380446706375]
                  , [0.36561668869566466, 0.014174182249304081, 0.024529760550598374, 0.037032524638704066, 0.007481297758247699, 0.072787509621762, 0.010261004312606965, 0.01601083254357153, 0.028956756732775833, 0.03162769758717336, 0.010052287075589628, 0.028008434756537554, 0.029152430032717228, 0.028562905384352782, 0.024997471135139556, 0.13410481822589632, 0.07005681846657963, 0.05724886468512193, 0.002450824077091296, 0.006886891470565364]
                  , [0.026930607366350844, 0.006568020987573521, 0.006712148615611079, 0.008303256455496573, 0.35407400508020787, 0.0076382924910235505, 0.03677954382495488, 0.03538154179615631, 0.008399022229311718, 0.09054438912847447, 0.023783226755791653, 0.011773835357203884, 0.006009688242639923, 0.010854946376330755, 0.009825269370188695, 0.02452608045634666, 0.015111993214140708, 0.036257514330829375, 0.03626762517029211, 0.24425899275107552]
                  , [0.03543125170692691, 0.005287229689102594, 0.004176246234235559, 0.007336373398797152, 0.05864429022370512, 0.0056414300429198415, 0.005950806584113154, 0.1718170832102447, 0.007854240376532675, 0.3893255254789208, 0.09085166392408604, 0.0061779108131053756, 0.005500873509256778, 0.010388251286613965, 0.008995563638396578, 0.012088758260267056, 0.03005202764224774, 0.12938096964434512, 0.003770592820092974, 0.011328911516089921]
                  , [0.057427919664893745, 0.006372292856954962, 0.005762777441926533, 0.00984284587295017, 0.021498387214224854, 0.007364998738715534, 0.005214285920012169, 0.28091627461181856, 0.010313965525580058, 0.10200460295750889, 0.036180595932171294, 0.007879478078712705, 0.007307446827954527, 0.009069433601094587, 0.008878174850451264, 0.02378224411433665, 0.05090060690640492, 0.34011298744396967, 0.002256157452754178, 0.006914523987564657]
                  , [0.10193302440191272, 0.0039883458660905004, 0.034279090391354926, 0.044279200486630726, 0.006751385506406108, 0.033137670984904236, 0.011420057961274788, 0.013268273269487183, 0.043893619567932654, 0.03538457161272186, 0.007217994349373529, 0.02593402876721309, 0.39865316546093693, 0.039851406909560814, 0.03735276627263427, 0.06974995823518242, 0.04691410913781265, 0.036644249187229104, 0.002719634007811933, 0.00662744762352971]
                  , [0.23150437028864712, 0.016711146285282284, 0.011559866933386764, 0.025808956355319032, 0.012009883366954327, 0.03857511267349057, 0.009363300816258233, 0.07782680726198829, 0.016772333077133057, 0.07028882850206192, 0.03579910994497853, 0.015063070888750156, 0.018661232904538874, 0.019290871465868966, 0.016121639609642118, 0.07982758046862826, 0.10328848999667359, 0.18995176715852105, 0.003142834466160337, 0.00843279753571659]
                  , [0.19807584571923667, 0.0028492790676500073, 0.08757589998941306, 0.14787815941136032, 0.003073736610305042, 0.05175714440423013, 0.017292851267467824, 0.00714341397715869, 0.06442739393686352, 0.02110087468822328, 0.0054374176210238954, 0.037411017910414894, 0.024237704965808897, 0.08494392701420912, 0.07631055287666383, 0.07420016819336729, 0.05863048185982248, 0.03296421784756493, 0.001413463561525564, 0.003276449077690309]
                  , [0.09739445350815686, 0.007160500539144485, 0.05675557056047242, 0.045612937694929113, 0.007668394083153434, 0.3922976139157046, 0.016386619102104295, 0.00949114531453376, 0.04311037720517914, 0.016450286317148458, 0.007382881707244556, 0.058740610994629204, 0.018145323297052193, 0.035202233961729376, 0.04266486619733974, 0.07741467275900848, 0.037747476995168165, 0.018610555156094565, 0.0037378125986245255, 0.008025668092582464]
                  , [0.08398905435061793, 0.007573344744547899, 0.035519037519686006, 0.03335930605816306, 0.006421000355249123, 0.03693358109659149, 0.011088197534078121, 0.014537266437531272, 0.03771306382401058, 0.017645486937690934, 0.00914666573661415, 0.057810894250888215, 0.01545713920545542, 0.028857770722938592, 0.030388632203202228, 0.24354625775608874, 0.2843880345964441, 0.03645465863463901, 0.0025226022060516403, 0.006648005829511615]
                  , [0.03231212469150713, 0.0032085353645106935, 0.0028946374948305175, 0.005329840562936136, 0.0466348786948424, 0.00408959505683335, 0.0037282839701298955, 0.2564436550084124, 0.005934212371634707, 0.29086887705295605, 0.08173098910543937, 0.004447272868888136, 0.004192438535932485, 0.006978017145754571, 0.0061920772462597164, 0.009122274600993996, 0.029123183018084087, 0.19520066170209843, 0.002327274056364326, 0.00924117145159165]
                  , [0.02518590749622479, 0.003768713271201402, 0.0020197736760157845, 0.0035096782142056858, 0.0590775074336637, 0.003027285224208715, 0.00309449384171701, 0.1923707789723056, 0.003986133313840683, 0.44268768447481605, 0.0808619235278274, 0.0032172623999796356, 0.0031020104573678373, 0.005562400636521745, 0.0045583398987404005, 0.0064885200333058965, 0.019074574284665174, 0.1278312727146769, 0.002477997835724235, 0.008097742292991194]
                  , [0.10831946426234304, 0.0021687007886844554, 0.11628972059423852, 0.10729145317004052, 0.003351224468968315, 0.06684438038282535, 0.01446514591677229, 0.006899804676086629, 0.06864604848687873, 0.011639021565092908, 0.004898214988394067, 0.09324461259579088, 0.03219116988618828, 0.06816180446327784, 0.04255154373148919, 0.14480216648708807, 0.08762959577086656, 0.014260851003073135, 0.0011934307351628229, 0.005151646026738322]
                  , [0.04183607892083535, 0.0048872973465148815, 0.002898684664257895, 0.004898337428453258, 0.01564344783441326, 0.003924492650689857, 0.0029267972599908375, 0.3318016825672759, 0.004862698643904664, 0.0937247434159941, 0.028621208494628025, 0.004307631868859152, 0.003722533316336889, 0.004764342843167423, 0.004458040611408105, 0.014588127166170719, 0.03656097391009114, 0.38995177727625135, 0.001454365592443553, 0.004166738188313789]
                  , [0.09780842991584504, 0.004567259680744001, 0.04387297346638359, 0.032051763761837104, 0.005028731252856422, 0.5356722802119406, 0.00981691882729504, 0.0064643008777464026, 0.029092914575082167, 0.010019536287218639, 0.005016633094847972, 0.047508876585309084, 0.010420056211506686, 0.02241683829246898, 0.026585910732928403, 0.06700124874914776, 0.02707711025748932, 0.012171435984888774, 0.0021300493143551094, 0.005276731920108908]
                  , [0.05354559142493617, 0.0076480725298821925, 0.03866946739839709, 0.041400020017259516, 0.048252926087408485, 0.01946566786744724, 0.20409004643986792, 0.015165096537181958, 0.04930089101086158, 0.05073232292194801, 0.011560539262352055, 0.08020828293575408, 0.011264047227464812, 0.07190041455377592, 0.06572091029692215, 0.05675347247519805, 0.04564137266027012, 0.025045990966097983, 0.006922343726360928, 0.09671252366061382]
                  , [0.0759123858269546, 0.002728218773021482, 0.035816088998305476, 0.08120567824023048, 0.0033771844955481785, 0.019327339592760763, 0.04445975992995078, 0.008900021927956194, 0.15929745532650952, 0.035787287160603684, 0.007007157141727332, 0.043174916393955994, 0.006111488564597411, 0.15028924382293424, 0.2013584031585779, 0.05078795607495231, 0.04976491110681152, 0.01809033840434225, 0.0014583361768657614, 0.005145828883394138]
                  , [0.024149180476137084, 0.002859978761025977, 0.0019393015300573902, 0.003115559970084367, 0.018303162758757253, 0.0026027125882590123, 0.002180272416709796, 0.39854924949081494, 0.003808146605375591, 0.15026426432800924, 0.036928344869359475, 0.003141977388953617, 0.002546310528287185, 0.003562232734808273, 0.003352685787427904, 0.005891121131087598, 0.02475850562621745, 0.30772984633095746, 0.0009581490973023461, 0.0033589975803680824]
                  , [0.08444213626290008, 0.001051940070614467, 0.13179575494949256, 0.22509551092302546, 0.001890903818812859, 0.034149864210590075, 0.019183031719853645, 0.004805644850653911, 0.13691284660148048, 0.009319470768004377, 0.0037141795171564316, 0.0693372098269438, 0.007980532704227284, 0.09427920631940243, 0.05442429178224483, 0.06037732876082923, 0.04728023366523777, 0.009819372697443604, 0.000557366045329518, 0.0035831745057570094]
                  , [0.050866622633257204, 0.0025523289975405523, 0.24560172773250277, 0.07973893753042027, 0.004651675035746595, 0.06016299715066529, 0.03585200511742824, 0.006891922347912824, 0.05522641929262612, 0.010140912977279693, 0.00441074843811609, 0.21339554666526248, 0.00946979102603867, 0.03995339326935618, 0.027950780543393693, 0.0836390137308278, 0.04868276747676917, 0.010398086237456756, 0.0019330664782135007, 0.008481257319186124]
                  , [0.052290901002947573, 0.0019439291523037172, 0.3546470245502879, 0.15655934793118514, 0.0030946019290594142, 0.054105395029286, 0.021200783143216162, 0.00471185892672453, 0.041735906984254716, 0.00781985928046587, 0.003639882009135283, 0.11532058490048884, 0.01187944703558556, 0.03911923655710395, 0.02063554752417713, 0.05947236320564991, 0.03741433721081781, 0.008835779319760177, 0.0012397290078319256, 0.004333485299718831]
                  , [0.024851938852499936, 0.0040346823600987455, 0.003414722271975905, 0.005336825836290766, 0.05657688788571202, 0.004466055214663879, 0.005036258869691188, 0.09275100117576338, 0.006484870617281544, 0.5492826411350421, 0.11246965561147175, 0.004925624740575413, 0.004396894211404027, 0.015742751264167333, 0.007508287546897416, 0.009855768462622073, 0.019278819648795128, 0.06129863139901551, 0.0032874534894667177, 0.009000229406565249]
                  , [0.047460877031304825, 0.001606468527547604, 0.32517686850708366, 0.3318974348086181, 0.0020984021714172013, 0.031783244626541675, 0.00910454446260998, 0.003858751289387956, 0.03512389335131047, 0.006866119933128305, 0.002986473691170887, 0.053243172830000685, 0.012206865067734883, 0.048071701667953624, 0.00992558854449681, 0.03883972878895839, 0.027971550597241924, 0.008066289151168651, 0.0008078803138855633, 0.0029041446384384735]
                  , [0.3450724156118498, 0.020345364683688416, 0.019272063096709126, 0.023892749253385838, 0.004501796936757956, 0.06496190203500588, 0.006233317187176381, 0.008066989948091007, 0.015812653299536985, 0.011793691194457197, 0.005994369708498182, 0.03008831055427479, 0.021892145016030286, 0.01954704663817357, 0.009856027578378683, 0.27538653612076114, 0.07681221493956591, 0.034763032720579484, 0.0014485695504966054, 0.004258803926582803]
                  , [0.04249974849579129, 0.008082468492404325, 0.00754292586702635, 0.010335912694149197, 0.22795481706246143, 0.009837445187570824, 0.02250836430644349, 0.08064232848049771, 0.010953900878541459, 0.21145622202864342, 0.05864640969832079, 0.011822012297675615, 0.007603995969344238, 0.014245733101705014, 0.012520550126442287, 0.028770520138546543, 0.029407106766969508, 0.07064635352485868, 0.015423792409767666, 0.11909939247284036]
                  , [0.029173973273897154, 0.0028761407776036183, 0.0017488404631583558, 0.003261168065511041, 0.030816150604821735, 0.0028947898834486467, 0.0023953071036164554, 0.29019257624196504, 0.003192887176391252, 0.27327098855264936, 0.0643850701292108, 0.0029719024093159685, 0.002594538399968786, 0.0040992674547168555, 0.003608876101869363, 0.005984586514155425, 0.02318233531367431, 0.24808107861734335, 0.0013459156364272842, 0.0039236072802551316]
                  , [0.21441205419731843, 0.008113229699563976, 0.0398133797802791, 0.03683000433355065, 0.006316861594531121, 0.2441702991406257, 0.010309540074526603, 0.008542530284410228, 0.03164326827880797, 0.01521583865517475, 0.00686943186026232, 0.04630107420445672, 0.027385911695605468, 0.030014720788412573, 0.029920723374426257, 0.14862085660607763, 0.05692326728507427, 0.030111998721421052, 0.0025072276266896905, 0.00597778179878537]
                  , [0.06559266471727096, 0.002586899401247708, 0.030514843414079073, 0.020353241895232178, 0.0031510917345086865, 0.6968117006857197, 0.0059798921437112735, 0.004209645145480182, 0.01797292333715024, 0.006514974214136893, 0.00329874951827684, 0.03293720799546549, 0.006332201734584351, 0.01392891982297229, 0.015922444530657835, 0.04292765641675763, 0.017741083965979943, 0.008500839833289725, 0.0014503322405082547, 0.003272687252970866]
                  , [0.019802751934007205, 0.003601236369775317, 0.005198687772173057, 0.005834622579086786, 0.281043514602626, 0.005328926434289566, 0.0515401003732164, 0.012490944239071142, 0.00622993911163891, 0.04208176329220932, 0.008478549248630748, 0.010509606827639505, 0.0035437841043684287, 0.007578465601188124, 0.007580718423957312, 0.017575168487786796, 0.010355451522198997, 0.020495052784852214, 0.05397648021779658, 0.4267542360734876]
                  , [0.02933225827348349, 0.0024675689481681987, 0.006619136362096776, 0.026459665993093382, 0.002671063359823563, 0.014935449322712012, 0.024903988772937553, 0.00613190905110293, 0.3700689498707817, 0.020197786304302502, 0.0056494161898601, 0.031156972931103526, 0.004692909022692125, 0.061914070714957005, 0.3212298039590264, 0.02973473378390033, 0.028228377438005305, 0.009124091437034895, 0.0011407144845670323, 0.0033411337803512203]
                  , [0.029734788008139994, 0.005746547055722505, 0.009557141497742908, 0.010663518716349307, 0.1712819798455222, 0.009775126225231932, 0.0948530641603781, 0.014554513102434203, 0.011777734143848832, 0.04591533613736485, 0.008056257899434597, 0.02828503935253214, 0.006546559379231851, 0.01505088864015388, 0.01412303878827201, 0.02924938697025451, 0.01775752667300648, 0.025717312721761098, 0.03281030414103494, 0.41854393654158367]
                  , [0.030147196064012647, 0.0027805250975891285, 0.0017151633811276932, 0.0031921184772141834, 0.010473672037079102, 0.002483456425399486, 0.0017552674615076446, 0.35897236101394214, 0.0032305843169785266, 0.06199217945746017, 0.0187059763431023, 0.002819876575517784, 0.002010961629495406, 0.00299174884116677, 0.0027293529748564716, 0.008059825166863054, 0.025987521717261992, 0.45688933318136954, 0.0007195217540381841, 0.002343358084017705]
                  , [0.01584838614783992, 0.0034936872538285715, 0.003497341733010901, 0.004173608046458392, 0.41394137413256926, 0.0038537915176164346, 0.0282087027204273, 0.02024031504379667, 0.004623378852824722, 0.060979577604388005, 0.015810744397642674, 0.006311644067359437, 0.0026046928366790676, 0.005475269218982715, 0.004935523096662091, 0.013823779066529715, 0.008542760778275366, 0.021264022849681413, 0.03291946168562888, 0.3294519389497985]
                  , [0.1874800552274401, 0.004949297581839651, 0.03662327787243798, 0.043853441663245, 0.005949801704745433, 0.051825167106088005, 0.01014514728326842, 0.011155915498208529, 0.03660874782448653, 0.02917360234181265, 0.007060979655618674, 0.0345591742391913, 0.20377787785396692, 0.03747861082455852, 0.03166530417692953, 0.1373551391730804, 0.08086609843365583, 0.0416942898831619, 0.0023506507081461664, 0.005427420948118662]
                  , [0.017086432764162385, 0.0023013748999246918, 0.0015400767994054251, 0.0025996875354821264, 0.04914349749628141, 0.002059970487990386, 0.0024238257384927484, 0.13210769788898968, 0.0029317092865954646, 0.5680518371033, 0.10407868980299616, 0.0026555506382884508, 0.0019372189344547017, 0.005074541712442235, 0.00331278815658992, 0.004770741610778967, 0.014387742352367602, 0.07672615962151688, 0.0015927862545767769, 0.00521767091536396]
                  , [0.01904781698393487, 0.0021594438829732206, 0.001414995886524454, 0.002327831998420103, 0.04182885611256423, 0.0018845004223143461, 0.0016898391060240392, 0.24085800906989244, 0.0022921167489433833, 0.42831945201423643, 0.07959283256830553, 0.0023246213530676244, 0.0017259122312370929, 0.003493913534708266, 0.0025795135112083962, 0.00397221225962485, 0.014239965968399677, 0.14478360197539097, 0.0011635169037429742, 0.004301047468487048]
                  , [0.18805257717618992, 0.0253046198481531, 0.0054721238105675815, 0.009362660930134851, 0.010383220715882224, 0.025475644316181458, 0.004906192822675078, 0.12872255630672552, 0.00802487431251355, 0.08005141490444882, 0.03164599032076174, 0.007225875499981369, 0.009433860871982433, 0.009491313177254285, 0.008556617497192888, 0.04372839846952222, 0.07649441530805536, 0.32084774608804173, 0.0018886865161254554, 0.004931211107610287]
                  , [0.027895447014938207, 0.00436907955532189, 0.003547261787655853, 0.005166162296300311, 0.19330961712084016, 0.005262397153285212, 0.007157079492718294, 0.10405934627415352, 0.006022324592391877, 0.3630321308392198, 0.08018903624719183, 0.005687454125512555, 0.004143904514136935, 0.008065721878609078, 0.006446034350042149, 0.010488890987041184, 0.019076969848706358, 0.07430144051239534, 0.010585067097843634, 0.06119463431169563]
                  , [0.08530379981573159, 0.006612961541892303, 0.01085210123000276, 0.03383017607602816, 0.008064646624799148, 0.011130006270890804, 0.008156068542327225, 0.10990065200933065, 0.033808440239700054, 0.05600021108464511, 0.0341345632046244, 0.03224664084944183, 0.008536354762852492, 0.03057499666533129, 0.02912125380377984, 0.070108549366315, 0.23659573268483533, 0.18589084789373597, 0.002105417468389998, 0.0070265798653458235]
                  , [0.16334433704017937, 0.0009828443369506467, 0.1914071164934948, 0.26401864048120616, 0.0015051169330666336, 0.04372112434899078, 0.00920761575403049, 0.003796719393073243, 0.04337402673490265, 0.006992185296844443, 0.002749946587018056, 0.03686495867068497, 0.022079826706922764, 0.06472015106075035, 0.029890228044366123, 0.058730379673929495, 0.042428578055591894, 0.011934799794363044, 0.000678826858011569, 0.0015725777356227226]
                  , [0.06354637672917401, 0.0010692614317747869, 0.0329293436644763, 0.09046499087426382, 0.0023029945917109143, 0.02200483548455526, 0.024541518686795265, 0.00658283240413823, 0.32225856596211533, 0.017358349046392985, 0.0047304771060814425, 0.045650260659392115, 0.0046859657091270195, 0.13751234012849758, 0.11547313236812867, 0.04314910645015846, 0.04386014331718781, 0.017929482046675677, 0.0008351111617173271, 0.0031149121776369074]
                  , [0.05829773885233197, 0.0026031214138528156, 0.15325740057497456, 0.06803330547941154, 0.003463506077610154, 0.26336968768931557, 0.025088820460840287, 0.004688999039593542, 0.05063276293830495, 0.008116993040486036, 0.00391687169195406, 0.14978863876032925, 0.00802185811603549, 0.042984282117423854, 0.03291982763509807, 0.07607163780410446, 0.03424297596143596, 0.008114278478089825, 0.0015814049463915637, 0.004805888922415841]
                  , [0.5513960687667229, 0.027890095639948334, 0.005067492765959965, 0.007416496062644857, 0.002876385288598546, 0.05548274421181148, 0.0034627888659233053, 0.008452019222810591, 0.0053336516399942096, 0.01286833037026596, 0.004712998510327053, 0.0071363727881821855, 0.008018080033253421, 0.005951028597540432, 0.005648414588669374, 0.16782376623778236, 0.06846384888975848, 0.04853371347362932, 0.0008817353112355594, 0.00258396873494185]
                  , [0.05325034310437223, 0.0023253510609315235, 0.01701481521283768, 0.0118362520743147, 0.0017574221760962361, 0.8046881531853476, 0.0033079533755822573, 0.0026608553350784426, 0.01024944523697433, 0.004077639050187115, 0.002249348746554056, 0.01765110046381583, 0.0035294029699110617, 0.005789207126719349, 0.009592553964193645, 0.028591610150751616, 0.011087410875332908, 0.007602951783932281, 0.0008719657760766262, 0.0018662183309902868]
                  , [0.08684917068109334, 0.002565116500953705, 0.021575509071027985, 0.028565909653071514, 0.004380140990380387, 0.020967830202639, 0.006623674922274903, 0.00804640518845263, 0.02468430325768105, 0.024770732322764874, 0.004684532513513131, 0.009637824311713653, 0.5922399515325589, 0.023088094453746693, 0.021079894343460002, 0.05915053414207233, 0.03152999441540649, 0.02435532785679276, 0.0015085374613228399, 0.003696516179073621]
                  , [0.07343550001411706, 0.0030780625321828845, 0.07325206971880865, 0.034900138582667474, 0.003606484536997686, 0.05369022221427399, 0.012573042586871246, 0.005959779615659327, 0.041624093910327876, 0.008376446361282472, 0.004499203960157732, 0.21985454169492064, 0.006970672560943627, 0.03716030972266184, 0.02468962786505123, 0.25544677045595093, 0.12447619978679252, 0.010798159193035438, 0.0012650149465696957, 0.004343659740727645]
                  , [0.03222103788821696, 0.0016867712219406554, 0.0012699557162179215, 0.0022196218960391727, 0.013644261551435373, 0.0022302753719093686, 0.0014057869511770716, 0.3232341843944553, 0.001973866260109491, 0.15331801735136483, 0.028843531959172556, 0.0018882405049808887, 0.0020792304694544042, 0.0021740329973091986, 0.0021203392865881705, 0.004942169450687449, 0.021162393780442386, 0.400953052733685, 0.0005889405502414699, 0.002044289664572277]
                  , [0.018834381441272387, 0.0018304624082890692, 0.001112033923031441, 0.0018414834153040308, 0.0259182370224263, 0.0017574743175903002, 0.0014568971821881335, 0.3526823847824269, 0.0021267170463708618, 0.2786831781321402, 0.04248045488656791, 0.001769532089433709, 0.001316003812800821, 0.0025903766194246966, 0.002352870050185916, 0.0032910645926105767, 0.013753784229835983, 0.2423834262431502, 0.0007875698293966778, 0.0030316679755539285]
                  , [0.26032466127615483, 0.013119606510718935, 0.009643286041983569, 0.02113249364881114, 0.004107589368309259, 0.03839634841266511, 0.0049261257436905796, 0.023574931740429864, 0.012055940187385155, 0.024276996643937208, 0.009002130209605452, 0.028996767085906875, 0.019445652003024096, 0.011669943760824225, 0.008871424700117881, 0.1825598962227492, 0.252550664534115, 0.07018025280969611, 0.0014332383391093154, 0.0037320507607662237]
                  , [0.4232052943370631, 0.03224084138568734, 0.007110204209423199, 0.012001944665044274, 0.006044258931450014, 0.04202564875953709, 0.004899897992066448, 0.042452393235629014, 0.009356707239987478, 0.03594493150094789, 0.010386939759346292, 0.008319722802249171, 0.010520855698543967, 0.008383645304607237, 0.008641676200016477, 0.0817522814563174, 0.08834192045155158, 0.1627181501959302, 0.0015107345709572976, 0.004141951303644552]
                  , [0.04932169728036145, 0.0021541919866759924, 0.06177066359096527, 0.06450795964910605, 0.004398335895302424, 0.04766352480929615, 0.04918291355634322, 0.00725295400278786, 0.21784227776601076, 0.01340227511646334, 0.005473927107841313, 0.15802286708340088, 0.006710237881649059, 0.07678593366508628, 0.09255827000460766, 0.07151274375720006, 0.05254176937376184, 0.009973140282133022, 0.0013915995623134407, 0.007532717628693879]
                  , [0.4144485946445756, 0.019125390878254468, 0.017887183441706287, 0.02129179101770321, 0.003998526854010083, 0.1996973248434384, 0.005617576887823039, 0.0068857785897597544, 0.009954813760168954, 0.010923730922083928, 0.005075176047900795, 0.02134816920500225, 0.01682248103149198, 0.010464617524345864, 0.010601794335255786, 0.13940195856005516, 0.047128601227828644, 0.03436706028755185, 0.0014230719618143987, 0.0035363579792294657]
                  , [0.06928201542000297, 0.0008692882463829919, 0.1769095948044842, 0.4437046171936119, 0.0015548182220447096, 0.024829280493313604, 0.007104960654539918, 0.0031300740058482664, 0.05371357202844027, 0.006137902388447658, 0.0025248994623309463, 0.03187284852788349, 0.006331912343347958, 0.07681347379177718, 0.01971593933964718, 0.030306752912062977, 0.027160248822209253, 0.01570138046074882, 0.0005286681931677947, 0.0018077526897077266]
                  , [0.03435119017970291, 0.001369352074032357, 0.3212196245634622, 0.05234421740397865, 0.002541653638511357, 0.059917262667436355, 0.025640354951309507, 0.003574736598692979, 0.039775617799934354, 0.005477285075959832, 0.002553708334922562, 0.29066756572196367, 0.004679218899123805, 0.026058596365604106, 0.015322230171421189, 0.06728112854654439, 0.03518350072699112, 0.005990593782101975, 0.0010654954073089388, 0.004986667090997684]
                  , [0.05558743097949919, 0.004455828093429715, 0.02459184049728908, 0.016548748457560776, 0.0031118955757358643, 0.021766996061920323, 0.005114459142072763, 0.006735446377836707, 0.0190867634302333, 0.00827679819456992, 0.004648166898499638, 0.04144526712338999, 0.006897200219610779, 0.010743214132304864, 0.011347225268719806, 0.30593926473921984, 0.42702198883039644, 0.02236723342477694, 0.001123321205040415, 0.003190911347893765]
                  , [0.011218941942333088, 0.002678028196542545, 0.0024195162537220148, 0.0032351622073010663, 0.2856304506465624, 0.0027352413179855106, 0.04005192658845569, 0.007104865176238788, 0.0034575434850760783, 0.025795328790635286, 0.004080892044317417, 0.005715619394034245, 0.0016700585888556518, 0.004729019188420886, 0.0037359932999958376, 0.011378168468067463, 0.006403464150793703, 0.011745959696169633, 0.019914363781054538, 0.5462994567834382]
                  , [0.09757164844271045, 0.017053011847488957, 0.027712296290445148, 0.016664483592257275, 0.0044743393936438535, 0.04763550844743321, 0.006711940231913443, 0.006258099657367599, 0.018824157364309424, 0.009347203162893261, 0.0049070997416026845, 0.0444006038343846, 0.020011917110182513, 0.011357439864783204, 0.010964626158815039, 0.4342394800679715, 0.19621212816783404, 0.020179943930831057, 0.0014304350595228988, 0.004043637633609976]
                  , [0.14078882657298267, 0.0015140914323311058, 0.10865906084160502, 0.15955210876128054, 0.002410541010295831, 0.03859683191019372, 0.00887440518857829, 0.004871855133412991, 0.06587970329807737, 0.010808940843453548, 0.0035404468091598104, 0.035081508434733476, 0.19925280133292095, 0.05026173754671863, 0.03287455746782151, 0.06910962991955025, 0.04200598494888351, 0.022210300943747728, 0.0009521392492138793, 0.002754528355039435]
                  , [0.05660772409393223, 0.004070809684559416, 0.03190968194603973, 0.08096150495028515, 0.007282005230987998, 0.01736718564861409, 0.07389581196186995, 0.011756863286749927, 0.07188751797397193, 0.05811341396877992, 0.028614756445101752, 0.04617153532951345, 0.013126646309940797, 0.30531450917796166, 0.07160688890918085, 0.04707080387938601, 0.041821233215191406, 0.02024864519189278, 0.002528576169394697, 0.00964388662664615]
                  , [0.21997474700986017, 0.0005901813976212668, 0.07271388434659956, 0.1568375894106719, 0.0010735584453589696, 0.037925470418725765, 0.006557094262691904, 0.0036233120544359194, 0.12985696685694853, 0.008059461472913714, 0.002747116518376794, 0.042116791043101565, 0.005798636704400201, 0.09940554443101585, 0.06012859511157407, 0.0756585829562186, 0.05474327556608993, 0.020405273996560523, 0.00038205279062361087, 0.0014018652062113347]
                  , [0.01506091795787968, 0.002263378421332688, 0.0011252847099178967, 0.002012439175236696, 0.011091672394440834, 0.001343031645411134, 0.001393032521463775, 0.48063537954990265, 0.00205160162903303, 0.08162793150317695, 0.017792572844885435, 0.0017938568313628197, 0.0012105280114495915, 0.0018998327997849724, 0.0017843048751844477, 0.003357459357306045, 0.016588565474847574, 0.35445962636951917, 0.00038826767101452414, 0.002120316256850187]
                  , [0.25046849697373186, 0.005395367812690773, 0.019434346899699466, 0.0144189444724212, 0.003707006554802942, 0.4879744437739115, 0.00528748263161926, 0.005427837345041795, 0.0112972247601172, 0.00833319850135891, 0.004509631865158943, 0.022947727764549963, 0.009792810613997253, 0.008948230507641958, 0.00890961253196618, 0.08081770173624118, 0.027058780936066885, 0.020330829806585397, 0.0015406146314828908, 0.0033997098809146068]
