20 A C D E F G H I K L M N P Q R S T V W Y
64
0.07354738830706505 0.0803945798830274 0.0140892998835436 0.0556946729352407 0.0662189209643099 0.0242607262796761 0.0553766794267090 0.0590127996296280 0.0313459984997625 0.0633793731424456 0.0645836159394574 0.0183398480532309 0.0632539916768221 0.0309941954865661 0.0676118405536419 0.0634597441388048 0.0766622706647187 0.0656458392840576 0.0569939902737802 0.0093661435509948 0.0333154697335827
0.04391843992014132 0.0711584599148026 0.0067496492626854 0.0404529740636282 0.0697299644386076 0.0104366857523320 0.0362750668614677 0.0478329376851097 0.0202051310223140 0.1372262166831065 0.0523607499761535 0.0135910944238653 0.0528861705425904 0.0161867042322056 0.0848579025903436 0.1553539529727178 0.0641280397519398 0.0606188786055921 0.0422191630906275 0.0043659770416079 0.0133642810883031
0.043621460678032346 0.0890011893220892 0.0047913080385432 0.1273306625274939 0.1596609677035825 0.0072995616823090 0.0552844443922750 0.0320908519299777 0.0127841629693614 0.0712205305545751 0.0250485051473093 0.0088066639777479 0.0675713263453792 0.0326923664767037 0.0743027722836831 0.0538075793054690 0.0760164217935603 0.0591048185316780 0.0306317743826174 0.0028843783861714 0.0096697142494739
0.03769145581140477 0.1028782618122345 0.0116027830773041 0.0481898540383728 0.0515090353420335 0.0117831359350823 0.0545928081386941 0.0206438110942641 0.0236660680631391 0.0538157182056917 0.0437143660952261 0.0138995872455412 0.0694392823202614 0.0377310736050003 0.0498433276386832 0.0461299890425818 0.1634085800673018 0.1292655297586887 0.0512279891175206 0.0041137117693638 0.0125450876330149
0.036154827732879626 0.0666036212203844 0.0090366042793926 0.0142030074184480 0.0312049699554623 0.0537402690143938 0.0159232101343062 0.0165794135540394 0.1123388687323713 0.0421764528448566 0.1953202978464481 0.0682893391298132 0.0191041318870991 0.0149068724301114 0.0456065214128182 0.0438955234051036 0.0472989703909331 0.0600056333483896 0.1140472499867569 0.0069922785337777 0.0227267644750942
0.03150662359509659 0.2235551112948461 0.0128666259237061 0.0422700490421418 0.0554532599720235 0.0110405480244598 0.0703535038510906 0.0166905058034636 0.0220800341043731 0.0441354864245471 0.0483849847933819 0.0139518618466420 0.0392015476030318 0.0403742762660858 0.0488942245710471 0.0475035003089991 0.1075743691482445 0.0760352875372493 0.0652185911629456 0.0040240029236309 0.0103922293980900
0.028755254616590217 0.0559787878742434 0.0040937900312301 0.0272051721459703 0.0592773535888799 0.0057685931062999 0.0270051806834889 0.0393068652627092 0.0131684326946043 0.2274549750894129 0.0391858751475070 0.0104527625857224 0.0519628762893947 0.0096413491632341 0.0880987332513965 0.2016813796095481 0.0521108689971522 0.0501307699646355 0.0273964410040267 0.0022873645808094 0.0077924289297345
0.027348914205570948 0.0619060265625781 0.0071889903678188 0.0079014999014068 0.0140826357303972 0.0322825093138598 0.0096868063201695 0.0076450281305152 0.2370350187057021 0.0152961564219184 0.1388124539271621 0.0469373697403633 0.0107906727290533 0.0096650433619690 0.0136475004182313 0.0133520314454196 0.0308927950501438 0.0589409696770344 0.2701319210645181 0.0033020928497838 0.0105024782819553
0.027203298577182032 0.0431017885362351 0.0065365179181583 0.0072217253454254 0.0112971925192081 0.0730630885865476 0.0088308482158975 0.0100460170139432 0.1257045061502451 0.0131781516325827 0.3577935725674227 0.0917791720496101 0.0097698409629104 0.0087958526954334 0.0187934280383027 0.0149906351138478 0.0257334570995208 0.0363103509114349 0.1003080298435690 0.0058191113703126 0.0309267134293926
0.02528347147658079 0.0518278318819377 0.0107133680821519 0.0150014133652500 0.0181370815410517 0.1798323327779346 0.0170148569809238 0.0588872171291525 0.0500374149490873 0.0193306621012097 0.1013548822297103 0.0222559364007678 0.0233445558311159 0.0125270242641357 0.0235942703748900 0.0236763357673532 0.0481475869463846 0.0403730005239107 0.0545052509718625 0.0573379319886045 0.1721010458925661
0.02464161311460333 0.0731236259912782 0.0028902024623439 0.1861308321560091 0.2727539895016500 0.0038685430651091 0.0422300302156909 0.0178696944938902 0.0074419611887499 0.0610601284794277 0.0136888347317048 0.0056566924266368 0.0562481922085233 0.0262826457469827 0.0744967233576392 0.0371266764383835 0.0540419756755230 0.0425741286597609 0.0156369569355190 0.0014777589215978 0.0054004073435801
0.024013166718398534 0.0795823203834496 0.0016611968771605 0.0811647422906387 0.1660835744018445 0.0031999485742495 0.0354761666958262 0.0276283085570490 0.0084248436450029 0.1592380582493111 0.0161686394885381 0.0058938918240804 0.0656619005732128 0.0098390104650712 0.1047515567663907 0.0815220208753887 0.0669825008490781 0.0617590630803463 0.0185154568567030 0.0010222912853313 0.0054245082613271
0.023327240468882324 0.0377662549548099 0.0042399348760125 0.0035142357480558 0.0063391640221152 0.0452463837497890 0.0051000972587603 0.0045064413586911 0.2452294821789676 0.0068193386454177 0.2800609397540091 0.0692981408934269 0.0050083671339497 0.0050983284358587 0.0079304804691404 0.0072629415717099 0.0108785427242835 0.0331802106316885 0.2106121945230621 0.0027922405276088 0.0091162805426433
0.02315671690405846 0.1153860961566753 0.0055964406850959 0.0474390873826811 0.0607319560363437 0.0090978536548394 0.0441066794850324 0.0161454967636512 0.0169240781011456 0.0512107901215302 0.0442771040237119 0.0099103881713346 0.0364242849713585 0.2423894046768745 0.0482593493404749 0.0443904650956900 0.0882852144554964 0.0617346580422393 0.0451473263647022 0.0036642098450186 0.0088791166261046
0.022905721544598617 0.0643294946955087 0.0031440796061062 0.2714847144221769 0.1317215985648931 0.0048283024244548 0.0696659869119117 0.0292061756210718 0.0073600970718259 0.0488052422221741 0.0118755435362018 0.0052883758260730 0.1176641233154216 0.0163529442602306 0.0452194110262090 0.0308547973107206 0.0737876301337167 0.0466641895141310 0.0126811283779120 0.0020331452761139 0.0070330198831465
0.022827165745073017 0.1134725737540622 0.0082564728193719 0.0686964237744552 0.0552665269105008 0.0088327594201435 0.2696823569683400 0.0193163494356786 0.0113649191884585 0.0486255978548291 0.0199202680261495 0.0086977664787396 0.0696830351302822 0.0227569118823364 0.0420784958310353 0.0461684407655263 0.0993024302188678 0.0512101968779148 0.0230290945323787 0.0040490975950159 0.0095902825359139
0.02074256306497906 0.0421759966401741 0.0048307923538648 0.0032185641165356 0.0053363530962901 0.0209515939244589 0.0044073042392275 0.0034150066742258 0.3232493677942229 0.0055487143139078 0.1246846140060668 0.0360522338780160 0.0047763342321987 0.0042704558364998 0.0055452791767537 0.0053034915579249 0.0150706465365229 0.0385361953978286 0.3460757118521841 0.0017583243335561 0.0047930200395408
0.020453247803311606 0.0601823206194036 0.0047702367883586 0.1117796492518934 0.0617614054595468 0.0086589292378533 0.0625459505060756 0.0543098649767518 0.0116823811704141 0.0702497149605720 0.0181595608833286 0.0080510247004188 0.2097979234798430 0.0130261342702771 0.0546161322148550 0.0472522502732445 0.1024469138876523 0.0660567881601453 0.0171948859019033 0.0030474304735970 0.0144105027838657
0.020223328390065947 0.1676673985150232 0.0103655430148266 0.0391145418581090 0.0367363117628462 0.0065659910903453 0.0652466389228743 0.0113330008414262 0.0110271992399460 0.0344543806966391 0.0187758324382278 0.0082020786674111 0.0594583004447154 0.0368435446731954 0.0340895024333640 0.0270523796962893 0.2574084469924560 0.1295292423606400 0.0371033015784411 0.0023255545038136 0.0067008102694107
0.01983246538754833 0.1533342293152515 0.0134951085231446 0.0111098777360519 0.0326438680857521 0.0116650681306217 0.0186478483750617 0.0090923797876104 0.1102432225071015 0.0237669108617585 0.0745654475898251 0.0358703866332352 0.0162703508286756 0.0147087251945761 0.0269502516461675 0.0187621662372952 0.0668649898045108 0.1217332915292054 0.2290547042774449 0.0028495137108829 0.0083716592258272
0.01786665440429796 0.3650532136886446 0.0171119966649411 0.0177924870888968 0.0324848426296270 0.0066655606190785 0.0735058669657657 0.0087846702551615 0.0157683040696912 0.0244920635934892 0.0296096042957452 0.0091922631775288 0.0270485546070711 0.0337293490928410 0.0241717888566884 0.0173063056762604 0.1473381830824267 0.0800813199584308 0.0617528439507583 0.0021879434821752 0.0059228382447783
0.016688317411413967 0.0338709340850586 0.0071339573267578 0.0102091265017230 0.0118281574265276 0.2304412528955704 0.0105222355125176 0.0646790538383580 0.0286871260470911 0.0124900388157011 0.0630396785743177 0.0118105231054479 0.0192122031021359 0.0078261745720417 0.0149314932783961 0.0146952871219528 0.0310011231610802 0.0203460289072982 0.0343362425572236 0.0448707073363193 0.3280686558344814
0.016644249523875214 0.0274223541312389 0.0040614560691245 0.0033827815089897 0.0055382264545402 0.0608183422834762 0.0046081781563519 0.0051241683453427 0.1146296711168364 0.0064290258268806 0.5026265661392972 0.1130845321619226 0.0050737396939171 0.0044320142060449 0.0117990761510559 0.0073037069878975 0.0096566976091122 0.0217433888299447 0.0783010773473361 0.0035541200358059 0.0104108769448852
0.016238058560474555 0.0262293444429548 0.0027047892580222 0.0016859868243753 0.0028958717401899 0.0247798630443209 0.0026025236806199 0.0021581272532857 0.3414837181629181 0.0031563855853976 0.2210409720764804 0.0483239427626452 0.0027524068626853 0.0023544726633425 0.0037007497935395 0.0032563660902633 0.0055483398387192 0.0222810809196051 0.2784213191972691 0.0010882348263861 0.0035355049769797
0.01578013572909362 0.0903977059719870 0.0045074445840587 0.0577883830683261 0.0384665642184618 0.0050486938892374 0.4895811734246411 0.0115204627100636 0.0063838030704699 0.0350464052092967 0.0102246062891954 0.0050431175136891 0.0613910444805202 0.0106422659406400 0.0274150793408643 0.0299244641839098 0.0686504033264760 0.0285859672870605 0.0117657708447072 0.0022266768557696 0.0053899677906255
0.015657512042029267 0.0397411764445828 0.0035283562948870 0.0099470680538892 0.0344906860413195 0.0038778505725471 0.0211044711678104 0.0341789762318836 0.0086017275388929 0.2557944621159834 0.0297295441102687 0.0074299267253837 0.0352252268948029 0.0067329595048625 0.0733359758439696 0.3436508124916287 0.0376351247359504 0.0348702727436056 0.0131695102048494 0.0018478641286467 0.0051080081542358
0.015563628281620626 0.0226863711205752 0.0031901389635572 0.0018391680267360 0.0030966879908508 0.0484692807926379 0.0025621145072609 0.0025309621400951 0.2134198326722627 0.0032719160765761 0.4304176218329568 0.0865779656684015 0.0030460127081124 0.0024785919427187 0.0048248075175935 0.0038174371781343 0.0056832489311888 0.0179204352604440 0.1364339974275622 0.0017230591365777 0.0060103501057584
0.01494476186096773 0.0547631736535773 0.0016672773199853 0.3247869567074149 0.2858486726419989 0.0022329386729933 0.0376588962406257 0.0106825899663538 0.0039531584964977 0.0370561225132693 0.0071348280941350 0.0030723180815866 0.0639451768626160 0.0169794995758441 0.0473700813145094 0.0160402301713277 0.0437881995139005 0.0306297058422245 0.0084496542729173 0.0008701402083903 0.0030703798498324
0.01470143048194941 0.1284440903241812 0.0031890172359103 0.0354498429472926 0.0444681025229857 0.0049807834706218 0.0322879604551369 0.0087782575161699 0.0097182649654130 0.0366639481181231 0.0283760337727264 0.0056173056040989 0.0213525995434872 0.4183987754724331 0.0335643335115253 0.0292042269540670 0.0748044401825345 0.0451854383827277 0.0330600243924523 0.0018888179464000 0.0045677366817132
0.014680354535735225 0.0318511104691789 0.0026736324540258 0.0016294962348296 0.0028869403214869 0.0117640585735354 0.0023517650578506 0.0017148588768071 0.3593668499106747 0.0029005692470404 0.0800071144422054 0.0214612481745314 0.0025804080690972 0.0021023402289615 0.0026645219620969 0.0026397207425792 0.0064085599026551 0.0253293986186041 0.4366828857367854 0.0006569511665618 0.0023275698104926
0.013592069313039114 0.0855683308884413 0.0049401278112638 0.0331589571386031 0.0438370750051000 0.0065343929305226 0.0272154137785466 0.0111948362528478 0.0402251812696345 0.0563683322055444 0.0328076296637322 0.0129410102244349 0.0539586287612569 0.0124559982816461 0.0388242178113252 0.0394438874870357 0.1465486079954137 0.2849723448798783 0.0596832234709138 0.0024337966192929 0.0068880075245664
0.012850579205321868 0.2040299018474238 0.0012208637476287 0.0979773427982344 0.1694503559682070 0.0016930170920148 0.0463811813070812 0.0094625208437244 0.0046544736414322 0.0819900645887288 0.0100384618479367 0.0034704787322558 0.0417673689077212 0.0291451712156755 0.0833862487576349 0.0571968228955761 0.0785383191348119 0.0544437833066868 0.0225953355753601 0.0006651516631207 0.0018931361287450
0.012714543552484855 0.0266991453630382 0.0062399889101430 0.0058049373535875 0.0075350502996584 0.3718290517801559 0.0072792428612352 0.0278185357023384 0.0466636316813509 0.0077206428696494 0.1269241681306428 0.0347607262629541 0.0095202067583676 0.0054687358566902 0.0102084072052566 0.0085789642510603 0.0230937840230911 0.0149996986517037 0.0422600992128464 0.0321940073662746 0.1844009754599555
0.012264284701545442 0.0641895220534983 0.0024123984909608 0.0347210060935904 0.0209684294184085 0.0027320674566071 0.6996242525919703 0.0058545506105170 0.0037389281386359 0.0184142068147932 0.0057627487329907 0.0029296429587692 0.0362424266890105 0.0053066219098033 0.0142214762291807 0.0149560211688696 0.0400998418270412 0.0162229108040277 0.0075324302608623 0.0012500290537962 0.0028204886966669
0.012005625361644076 0.0192783725787014 0.0037939274927849 0.0047702954404391 0.0056219076426109 0.2905275063149269 0.0050323506783324 0.0509920658283757 0.0130676821056057 0.0060961090056218 0.0429180731983270 0.0083245550196026 0.0098675296391559 0.0033898631507776 0.0073281948913821 0.0072745067801386 0.0181640202017146 0.0102490419244171 0.0203725028473510 0.0429190927862224 0.4300124024735124
0.011244975302823028 0.0703010768003740 0.0040872291058366 0.0400227265089511 0.1030200158433238 0.0067071265551542 0.0197012039372236 0.0543616010769619 0.0140352342452055 0.0887264333945644 0.0547229062782542 0.0141506527075011 0.0462573848025903 0.0109621741481902 0.2364592987832904 0.0871671261794756 0.0529930818121202 0.0516215450930973 0.0340365321420278 0.0024020989629359 0.0082645516229220
0.010290809737853549 0.3628813555903520 0.0249803356051030 0.0103366311678489 0.0163770164540055 0.0038312515259022 0.0599813240936466 0.0048722987444387 0.0070716931886391 0.0094562976789499 0.0100578814601441 0.0051846955245199 0.0256605954051641 0.0160606426839355 0.0116746014777782 0.0079287847004102 0.2933784394410968 0.0900614763878515 0.0354345642354751 0.0011982446606493 0.0035718699740892
0.010149026099685394 0.0408342997501774 0.0015214448228323 0.2749689934493522 0.0691879397534943 0.0029203184719034 0.0739158378504483 0.0296861257376663 0.0041338868481016 0.0511458502953568 0.0064139538166811 0.0029040321479730 0.2583388618990714 0.0059899426042988 0.0332956328963711 0.0204914584251832 0.0724964423756813 0.0384647090351620 0.0067994935608588 0.0012049969174883 0.0052857793418987
0.009867374818459463 0.0875788486471309 0.0070938878745941 0.0295003346100115 0.0240889304727269 0.0041195554843324 0.0353920274358003 0.0069231125934401 0.0083016242988538 0.0262143484334343 0.0104370838083484 0.0058806710808224 0.0473891284696914 0.0120977406047169 0.0191552830207391 0.0128913908493769 0.3338982899265401 0.2956761088856891 0.0278027539727283 0.0014727185578227 0.0040861609732004
0.009265752353799993 0.0871718360297552 0.0009682090853183 0.1517016995638233 0.3766821619692679 0.0015875856791791 0.0277053027396928 0.0090412952670545 0.0036846414051494 0.0694039275276066 0.0072640748989763 0.0028098810792452 0.0371968755644947 0.0076343444859044 0.0958223477556019 0.0287017017134308 0.0398282038697117 0.0344211941869064 0.0155840753955094 0.0006080528692615 0.0021825889141106
0.008279014871954047 0.0130841273344804 0.0016897858330703 0.0013988060286897 0.0021369332098734 0.0527078611579799 0.0017339990841141 0.0019958816169327 0.0965664597028521 0.0024822968980923 0.6231312378506771 0.1174186046640825 0.0022156389158822 0.0016713760103523 0.0050656697365739 0.0027628010198957 0.0044991262558143 0.0118379838378442 0.0519019122550699 0.0012846659006982 0.0044148326870244
0.007993531600507356 0.0165770983999221 0.0013717828858185 0.0009247867223732 0.0016150938944108 0.0140073229896314 0.0013178458986429 0.0011885081406494 0.4277396400064888 0.0015396598100753 0.1673605874971231 0.0277956368627531 0.0014654007686437 0.0010900994103942 0.0018342812155466 0.0016025153912914 0.0028690044427109 0.0135967586361351 0.3138584543456671 0.0004636990673558 0.0017818236143668
0.007803848084579688 0.3090950363284055 0.0093583430477428 0.0247599373058383 0.0238079285692671 0.0046485322701394 0.3001936496676940 0.0068134280538915 0.0070716125056442 0.0169352271319272 0.0115259574864004 0.0054465616505087 0.0289682038248092 0.0193457442198217 0.0146894360405789 0.0138549281721710 0.1244799695203100 0.0431944142811890 0.0297953072660711 0.0018064056151572 0.0042093770424327
0.007526028793574519 0.1283993028891720 0.0195591108593720 0.0032391608498550 0.0054717305661388 0.0077014804207017 0.0083155632278941 0.0031067564234453 0.1659030174416057 0.0051340545618512 0.0704047189388847 0.0265125794267718 0.0045435457878970 0.0049889422042294 0.0054241504171421 0.0053244982815963 0.0265491475015138 0.0714711403952267 0.4335890265146072 0.0011028915700258 0.0032591817220693
0.0072884453998873396 0.3677711828472757 0.0318847153921355 0.0051500706049531 0.0085510207490894 0.0051368140507751 0.0324197327528206 0.0038914852608507 0.0517811630431367 0.0068148436758112 0.0403495963381248 0.0189089759293878 0.0067925278276626 0.0073798756295561 0.0069738281110252 0.0068223758372112 0.0728389374354521 0.1158645713941901 0.2060914749152677 0.0012594094222399 0.0033173987830343
0.0071524097470503254 0.0424381481531735 0.0053315081923823 0.0326303498833209 0.0327293156721858 0.0368855031785521 0.0151871353435539 0.2979668171942981 0.0107231525373283 0.0420866793419132 0.0382442648982516 0.0088159422887104 0.0948874088978098 0.0079940437493314 0.0800360932706524 0.0581188727674600 0.0456066943153720 0.0356791397753896 0.0161632733366711 0.0044138875630285 0.0940617696406152
0.006826690578285644 0.0596492606825946 0.0009516417769945 0.0332584281891488 0.0989130316699830 0.0021702837845856 0.0229065093092415 0.0202092815763284 0.0060799347161809 0.3554200080878366 0.0110901501532609 0.0040184028382483 0.0518024824211739 0.0044804052506287 0.1169213363728380 0.0972065850428897 0.0410816936778334 0.0513030361185240 0.0188672245311212 0.0008060290709346 0.0028642747296536
0.006776874705415751 0.0127245835856607 0.0025991348450505 0.0026897097401176 0.0033103807085736 0.4795693079009153 0.0029915279639944 0.0205553150069948 0.0181175792334027 0.0035573518829765 0.0642773482785794 0.0156793446294697 0.0048209136779161 0.0019559430972159 0.0045873697212155 0.0036412720848284 0.0111892783359370 0.0066140762409848 0.0183008156305841 0.0278316495787634 0.2949870978568198
0.006707898881442054 0.0228068377299127 0.0019198769843378 0.0042811675769405 0.0192437460683365 0.0021449746509062 0.0133642339766849 0.0187199270312661 0.0047039103287758 0.3876759834750610 0.0150131591175008 0.0039455792122466 0.0239731252177276 0.0032873350821777 0.0458707281065159 0.3799928929686950 0.0220745681717975 0.0210513873913407 0.0065854955187765 0.0009311141040655 0.0024139572869345
0.006096696441230682 0.0141896545918091 0.0013969967035913 0.0009749609281323 0.0015882623254246 0.0291905381708011 0.0013321109521371 0.0011090724988564 0.2555270813299085 0.0017394861459669 0.4649190937586799 0.0648322310257464 0.0016727570745159 0.0011523833747903 0.0026630055076284 0.0017962061333175 0.0028723358942802 0.0105036158958323 0.1394017218125291 0.0006662177477011 0.0024722681283517
0.006037300592808887 0.5848547112745736 0.0230808275396576 0.0048663791913982 0.0068960509014291 0.0024774749502633 0.0821439875185095 0.0029510517842876 0.0066112199212922 0.0047193094539222 0.0086400510936167 0.0039017837150895 0.0060079051731969 0.0108871350260232 0.0048659004175000 0.0048099980028011 0.1447016102331020 0.0532466189569586 0.0413122390897969 0.0007896735045413 0.0022360722520403
0.00580929717467361 0.0175103501828386 0.0014886521407251 0.0008231425718263 0.0012879598598021 0.0045274306689233 0.0010592854595763 0.0007969613175652 0.3999402721862510 0.0012552353049827 0.0548660786980570 0.0107708383511443 0.0012160950472897 0.0008086110737190 0.0012922833664751 0.0012875299899740 0.0022920793324228 0.0130136929496136 0.4846815083211048 0.0002071273216012 0.0008748658561080
0.005761397296914098 0.0621997097691424 0.0032676294384925 0.0725864441685358 0.0329103762561991 0.0038566309234676 0.0519346290534648 0.0283994812065152 0.0059207657586622 0.0439138107788990 0.0083270911782871 0.0044604559945176 0.2859444504990793 0.0063093351375297 0.0363581743131000 0.0262646636133629 0.2104359952580415 0.1004149035988987 0.0101107329164101 0.0013102796218028 0.0050744405155920
0.0057422373458102935 0.0220581199302641 0.0035423960204036 0.0029219090104273 0.0039621034770809 0.2547643415816666 0.0042057150230752 0.0055928826264680 0.0826954824637102 0.0048956050066933 0.3807025277103299 0.0731705147606128 0.0047019038106759 0.0030584728766107 0.0063468724017375 0.0052225672820232 0.0093745969243842 0.0117475104906246 0.0565213849130346 0.0086587241043502 0.0558563695858273
0.0054126861868248515 0.0454378451870974 0.0016414785617274 0.0122335988883662 0.0081901759937424 0.0011811600377999 0.8507174633169117 0.0021846489315586 0.0019077575213590 0.0080436190031914 0.0027915006211737 0.0016160863847307 0.0136812316451839 0.0023032180806168 0.0044076212576720 0.0067934517342390 0.0228722621586154 0.0078804458627058 0.0043452317360007 0.0005289780441822 0.0012422250331255
0.00480723173194462 0.0434956594441753 0.0006748292930333 0.3400601758708615 0.4291434537861282 0.0010918884297854 0.0203469807209795 0.0046387684185300 0.0019991850425304 0.0234678571793513 0.0037095827886955 0.0017027969938362 0.0305510086567597 0.0061568840914092 0.0373755818963984 0.0045317625752475 0.0246137743688537 0.0190865662343954 0.0056825303743800 0.0004398641973084 0.0012308496373410
0.004475764577848798 0.1029712898662836 0.0015967489416939 0.0165311734545177 0.0205141712501987 0.0025048686258175 0.0163706030896796 0.0040664184275602 0.0051093138510078 0.0162302222274455 0.0148868134239310 0.0030087189570217 0.0067644662610267 0.6647007450478528 0.0160540160287694 0.0134815259578686 0.0476936823834116 0.0261553485378408 0.0183287553884688 0.0009776260908087 0.0020534921887955
0.0035465069493142653 0.0087422173072634 0.0019525905036800 0.0017923804016119 0.0022393877908788 0.2998142233712228 0.0021065611737869 0.0323057965420391 0.0055311302174777 0.0025802041619056 0.0215995751048029 0.0030051198494003 0.0041880546671027 0.0012001252916931 0.0033342974524402 0.0027052181079904 0.0077475085253888 0.0051416070629638 0.0091674906828019 0.0190538191448934 0.5657926926406562
0.003295511589854423 0.0237930168505712 0.0010480765820267 0.5213086768856591 0.0628292405961719 0.0015965652025897 0.0306717464276879 0.0155587553219283 0.0026058953320176 0.0222421876441811 0.0042761378008104 0.0018176326566919 0.2192967408707358 0.0031243002564840 0.0175411642094937 0.0076242574561921 0.0357522590897218 0.0215622491897998 0.0042621684703956 0.0007089271974329 0.0023800019594082
0.00316522392234855 0.0414191502721837 0.0036529506464454 0.0157872227158490 0.0064172588434829 0.0022493149319467 0.0155406243594032 0.0031470327946561 0.0042405892232033 0.0135732926880566 0.0054842990695282 0.0031942030198409 0.0298896781017328 0.0041818181880386 0.0057997003271575 0.0063243420427034 0.3341323737458359 0.4868981952101346 0.0152242373670658 0.0007681519817772 0.0020755644709584
0.0029812883917520244 0.3373427940184378 0.0049268946773417 0.0061107034868332 0.0052812642309346 0.0020462217470530 0.4922110950219595 0.0028245983965657 0.0034232231579806 0.0043213035741674 0.0055786290765141 0.0030921630036273 0.0106559813108190 0.0051963808114971 0.0045062592202121 0.0047340422299450 0.0722247771683312 0.0187191312608212 0.0141607059796805 0.0007833423581289 0.0018604892691500
0.0025061216043776656 0.0207077903693332 0.0029729292195910 0.0060524020177349 0.0076952232004399 0.0765093404575499 0.0107565120543015 0.0085293205385592 0.0091921717894570 0.0076558470591069 0.0371666423268840 0.0085845972353579 0.0082795742718239 0.0053901836585939 0.0083840723806251 0.0114501638337238 0.0178146009917098 0.0174448768265310 0.0184810155336094 0.6496093604024553 0.0673233758326124
0.0024582217266181537 0.5612288150674632 0.0122904899718537 0.0022687231067358 0.0030548996917661 0.0013420952685110 0.0415977509897138 0.0015758268443571 0.0022596289291121 0.0024908554303935 0.0029385639268708 0.0018413042378341 0.0045566427460010 0.0027420733464363 0.0034185769364515 0.0025639853224508 0.2988178231264244 0.0376742592611205 0.0158521400438253 0.0003561516968646 0.0011293940558146
0.001385264464805086 0.0137114503031780 0.8613852337849027 0.0039103030321548 0.0047662436629647 0.0044650361518897 0.0094182386156355 0.0041542071053494 0.0057307258797664 0.0051169682674615 0.0102431003471662 0.0035857435825111 0.0057687492041337 0.0037722116911866 0.0046995606615689 0.0089493435354038 0.0223165770523532 0.0113036959498473 0.0103588810898618 0.0020029827607628 0.0043407473219014
