# This script is generated automatically.
# Vector of amino acid stationary distributions.
distributions <- [
                    [0.07371713230787195, 0.008919897645225765, 0.04141494612313704, 0.07991170052788943, 0.01040033750241587, 0.032844224633290356, 0.031306789515958285, 0.021696893877500602, 0.1668027335195181, 0.03914296822873287, 0.015450586969974912, 0.04944855232176988, 0.02325285591873986, 0.09121276843348797, 0.1385773533651023, 0.06911861286023416, 0.05918975497490728, 0.03186951535766079, 0.0033188543068831534, 0.012403521609699293]
                  , [0.0697563321780666, 0.008672742935808664, 0.12874175446667607, 0.08723855930159996, 0.01641670912198681, 0.06490390187437102, 0.037820149903393364, 0.020229093126638408, 0.060831928535419376, 0.031204837884409156, 0.012689897147240645, 0.13236491551770724, 0.02456719458263966, 0.04954133654000644, 0.04332535483729311, 0.09363102550692359, 0.06057453471728927, 0.0291977200581064, 0.005970261576450901, 0.02232175018797309]
                  , [0.038398451594078085, 0.009280521769332287, 0.008917971199759525, 0.014424808282008336, 0.06537046951796507, 0.010749746481107653, 0.012133415552464876, 0.15127572200361114, 0.01655736782721731, 0.3320557186590312, 0.07109032419243293, 0.011444658868317244, 0.011725356746541581, 0.01840611596118393, 0.01868083967220499, 0.02187538988732282, 0.03125566212146506, 0.12599024131495462, 0.0073268276459357035, 0.023040390703065586]
                  , [0.08009593092439504, 0.004820424880228159, 0.1299985326192391, 0.25242180063779385, 0.008289330911530998, 0.02988582628639563, 0.021596535424664148, 0.016917305046889267, 0.07121077083082837, 0.027544778378140428, 0.01173204885285782, 0.04645311425104018, 0.02000906737132688, 0.09247089064960805, 0.03956137797635181, 0.05562869882753105, 0.047823498827378366, 0.030350932831293066, 0.003012618939054418, 0.010176515533453527]
                  , [0.04157693807969168, 0.0098814519997639, 0.005227853005040771, 0.010161224006836805, 0.01708861838360567, 0.006508720987739037, 0.0055732336709104855, 0.2959794285334722, 0.011193362332383503, 0.15618355665651665, 0.03644292000593286, 0.007269253277732618, 0.006561242212446398, 0.010040387986815847, 0.009576239915589167, 0.015307328603534297, 0.03696600390635729, 0.3087164193262478, 0.002131569665345447, 0.007614247444037615]
                  , [0.17406954925708767, 0.013052362419084217, 0.04493027643289388, 0.054629839396592994, 0.02001739508805598, 0.08212790845644521, 0.02105625547419211, 0.034269381391487504, 0.03921068104629076, 0.05349863351180972, 0.018740626098254134, 0.03868088637912624, 0.042014787563521394, 0.040930545115340417, 0.043733309627753125, 0.10803281844177401, 0.07956420879147001, 0.06504702061611074, 0.00854349766382655, 0.0178500172288832]
                  , [0.05020818442585777, 0.005682019013965644, 0.28727144674097027, 0.2120925829427082, 0.006462932559568484, 0.05331284748610547, 0.019677402501337964, 0.008913710008187746, 0.04303094227600371, 0.01506135986868215, 0.00670419175946266, 0.09103408428578795, 0.01813592610746479, 0.04306999304457324, 0.022602202998436408, 0.05496878413878199, 0.03437289825942973, 0.015745202810677976, 0.0029191351540171317, 0.008734153617980694]
                  , [0.07270103929803191, 0.013330463441674552, 0.038977565328265004, 0.06239286137427288, 0.01836127639581469, 0.04013660613784967, 0.045077179148249345, 0.023627555445322804, 0.10012575649003935, 0.053723620740561515, 0.017866372553917775, 0.041857487969659816, 0.03079352148230506, 0.09128508968474765, 0.1561002591063667, 0.0660915856822601, 0.05630267470489482, 0.036812871929563215, 0.012737837914796192, 0.021698375171407033]
                  , [0.11579341035543518, 0.013896933369558629, 0.05523057616854479, 0.0460129487931061, 0.011140646107212649, 0.3260524262590225, 0.0212705764784339, 0.013458574929906557, 0.03806650546848026, 0.022768818900223205, 0.009883203140623164, 0.0570590375088045, 0.02201427205184733, 0.03174038207029295, 0.035871416401550664, 0.09549172078970049, 0.043252916086646324, 0.02441773503841299, 0.004892397036685819, 0.011685503045512104]
                  , [0.13222520042396063, 0.019874275721031984, 0.0412544071860582, 0.04206983240504974, 0.01259245702543776, 0.054573714487291376, 0.024071804755867336, 0.018434020406707448, 0.04200177726305958, 0.028969385210656024, 0.01272875863247882, 0.06800714981953741, 0.03683408463272276, 0.03742833290861902, 0.035280909342103574, 0.2176852023349142, 0.12371172468896376, 0.033294084602306755, 0.0045117426768881645, 0.01445113547634529]
                  , [0.09068348423676306, 0.01962647160894558, 0.014259775442595568, 0.024255246702845713, 0.02217382457974791, 0.018975081389810154, 0.014233057270859538, 0.16752207414143971, 0.02393415773400375, 0.12217412394642498, 0.03405581284633501, 0.019259219545349628, 0.01743638233222066, 0.02352786909854796, 0.023675609487990707, 0.04641417147961936, 0.07314317129661639, 0.2264451314169045, 0.004545515138120135, 0.013659820304859694]
                  , [0.32496097839809274, 0.023579392513919026, 0.0218437519247327, 0.028951529478009493, 0.0070655962765934395, 0.0857056369861315, 0.012089391241849734, 0.015106662192629424, 0.02163076526988983, 0.02118768837357258, 0.010170738591276004, 0.02783089196563798, 0.02522478335023205, 0.022954107398222304, 0.020492862736406745, 0.1958483280349142, 0.08345622296630822, 0.04309346474257534, 0.002311047290297244, 0.006496160268709496]
                  , [0.11319854284479985, 0.005442836447832752, 0.04495844116340322, 0.06477635045636491, 0.010660723746689525, 0.03522797323371176, 0.02215661660453478, 0.018373395160968167, 0.05755120821894263, 0.031993431113, 0.010839533535140772, 0.034353868492636434, 0.26815233937981015, 0.049526969301800616, 0.04299502600979285, 0.0850668418988697, 0.05519502268701545, 0.03348470351368006, 0.004089425156536421, 0.011956751034469965]
                  , [0.11038667474443317, 0.014335192702625132, 0.029500458404054998, 0.04001266199961622, 0.014825230562690746, 0.030245529044198423, 0.02112916242622221, 0.050346577616820404, 0.044897157429349174, 0.049926555333399084, 0.025441874531726066, 0.05206415953585438, 0.020797995002292593, 0.03929488919386278, 0.03467351117044588, 0.14014554363945628, 0.18758775455512727, 0.07683372595468015, 0.003949507572549133, 0.013605838580595957]
                  , [0.08255280692661784, 0.0041254783733075, 0.1468787668796263, 0.17921772458422036, 0.003557045538290881, 0.04478265030781143, 0.028727884322491556, 0.00803267005141389, 0.08589170993219224, 0.01539053075800338, 0.005568970922920302, 0.08492620869246721, 0.020047650374343837, 0.0836102616613935, 0.049897657202788145, 0.0823842078190475, 0.05304611831804346, 0.014482832251912867, 0.0007910192247953435, 0.006087805858312163]
                  , [0.04036317587742003, 0.012838046754232888, 0.013400194536010237, 0.017326315866479987, 0.24365338468690967, 0.016150439751357076, 0.030994146412634836, 0.05394337208130667, 0.018782060693797037, 0.13217010544557625, 0.030616053486810214, 0.020289763913820244, 0.01287174650390992, 0.020348918448816096, 0.020889213915835897, 0.03455017141185771, 0.03158788771941081, 0.05383373765420862, 0.023460947930445016, 0.17193031690916072]
                  , [0.06405386113963335, 0.008462976630479783, 0.022100260411516727, 0.031055605504373297, 0.05549490087530093, 0.025803574109584008, 0.022508621251964553, 0.09231354363398736, 0.03207303065164457, 0.21796256174375925, 0.06035560609373327, 0.02687748033922962, 0.023942541615888355, 0.037824107060487125, 0.03468830711329703, 0.04901369224724648, 0.054701995320814475, 0.09607755125042176, 0.01156804976603378, 0.033121733240604266]
                  , [0.024905189878796325, 0.0066107772985184235, 0.0013256549015308737, 0.0026204154507779524, 0.0070117187281598554, 0.0019836339837243123, 0.0017332437164257037, 0.38409196509994825, 0.0026471664949931973, 0.0972969986254109, 0.01875652807196981, 0.002426112733642976, 0.001625486274518735, 0.0025858133337457426, 0.002572083002255027, 0.005378802584699687, 0.021419063946641087, 0.4126354716903145, 0.00035044009841648144, 0.0020234340855102913]
                  , [0.018637840254878368, 0.007286821622324011, 0.001866962135948138, 0.003252376355646726, 0.06693735676329789, 0.0028916371527946067, 0.0035915016192180115, 0.1634943078439344, 0.003682133016037922, 0.4769151223270773, 0.09537621286175216, 0.0033602601056518123, 0.002515044103393916, 0.005801375946938029, 0.004571985487728432, 0.006747076480812091, 0.01331506712915441, 0.10348495031373185, 0.005267011688467014, 0.011004956791213081]
                  , [0.05191330152286852, 0.0016066872992090261, 0.3053889546457105, 0.3681694587743742, 0.002082830017541429, 0.023961105258451177, 0.010943187830640393, 0.004322994485433923, 0.029518048060232692, 0.008247245025357538, 0.003144271856162667, 0.044036519822543994, 0.009321708998261355, 0.05345363839678383, 0.010904234462756316, 0.03448220587584086, 0.024756342671444283, 0.009948682696995215, 0.0008937092762270034, 0.0029048730231649405]
                  , [0.01727924905923333, 0.0038049136143061793, 0.001601629465614324, 0.002954658047844168, 0.03646050933119942, 0.0020778345837523, 0.0021732761149979994, 0.2746091965841862, 0.003390447810872524, 0.36312555043592176, 0.07428130947319078, 0.0029582284181883223, 0.0017288115289775651, 0.004697504430785703, 0.003231844499485366, 0.005622635141922514, 0.014709586426780176, 0.178866976604844, 0.00048751984258733314, 0.0059383185853101065]
                  , [0.15521754845863237, 0.006893642480006421, 0.12720421618650776, 0.12596943835368168, 0.006304905722175367, 0.09288531699396028, 0.024794132449424335, 0.009444021650254264, 0.033893434558427214, 0.021608225934611508, 0.0071803640405275005, 0.04498980108347593, 0.03944876108704894, 0.059440865725728396, 0.05314946333427073, 0.09550807148587571, 0.06092625448446341, 0.025466554183218124, 0.003557459190102332, 0.00611752259760778]
                  , [0.06634816647559093, 0.011396505837325816, 0.03794731304677781, 0.04495078342389326, 0.08592253147724395, 0.03300744722755691, 0.09048492086117527, 0.028104064652984612, 0.04531383678042585, 0.06011831393286507, 0.01926763808866933, 0.05179200383248172, 0.021002986280786826, 0.04891070113726016, 0.04975744832992776, 0.06703256975459268, 0.05101840532782819, 0.040482512533077226, 0.013304308841751083, 0.13383754215778543]
                  , [0.021265607309091543, 0.0036060479910974058, 0.004552650910448232, 0.00789880074195063, 0.040079236611850914, 0.0049724163189821665, 0.0056428668637417394, 0.126579747566693, 0.010079860605104983, 0.4938134484112432, 0.1300306289589951, 0.007193370647094305, 0.004632571939341793, 0.015773370310368844, 0.009676852378180981, 0.012666546843516327, 0.018859706767932482, 0.07373770048837507, 0.001688446831664613, 0.007250121504326589]
                  , [0.028813016957577455, 0.010677554132525741, 0.010019368368719918, 0.022918049298794246, 0.005670008523207262, 0.015566395044300312, 0.02787760708631467, 0.011013953890845194, 0.2918524927317071, 0.02211647377235548, 0.008883222205293315, 0.032642642289195105, 0.008770283951122768, 0.058470568318773425, 0.3520643979298842, 0.036598286840905055, 0.030565213273650263, 0.014768635069087845, 0.002967290291669977, 0.007744540024070581]
                  , [0.07044929716372557, 0.0007428463041781062, 0.07357001674923587, 0.14828606503961994, 0.004995481691597313, 0.026976815357678995, 0.022234063062547025, 0.0138587815989792, 0.1700975730044241, 0.022742691023882308, 0.009707123068509892, 0.06315495099818816, 0.01556918724828507, 0.10926534214048657, 0.08134611237433367, 0.06598127011715663, 0.06626182034815833, 0.023500999780489258, 0.0015967122263790645, 0.00966285070214493]
                  , [0.08399670246028185, 0.001778844073163426, 0.030258727875479202, 0.019524340540713156, 0.00395377372021979, 0.6585359668489914, 0.007120788785860041, 0.0055577006285171355, 0.01722110848203959, 0.008382922592627887, 0.004102189683930107, 0.03184191785979843, 0.0104440667476218, 0.013155027843159415, 0.014861440594082297, 0.051886602320346926, 0.019800657273739992, 0.011241947136944158, 0.0020717399328982204, 0.004263534599584905]
                  , [0.028878859325386252, 0.007567441738456664, 0.013453163834005424, 0.01496601721737726, 0.23027743392408445, 0.012625351023975795, 0.07173740472117335, 0.016127167578405772, 0.016373262987467763, 0.04376439597288742, 0.010839229361287875, 0.02262887425113956, 0.00908187916067747, 0.02053557774843907, 0.01994541784180322, 0.025697361185975955, 0.020497306635573413, 0.021551982529924834, 0.04981985524944736, 0.343632017712511]
                  , [0.027269184478099305, 0.0007292626252306552, 0.002774427454045314, 0.0048339007000800195, 0.05704933391440832, 0.004580121842685877, 0.0031465580052989564, 0.2284490672216163, 0.0050920717801691325, 0.33971289290378265, 0.06840995319824515, 0.004179766719079819, 0.004788449797496415, 0.0075022407208369685, 0.005390734479325816, 0.008946000831909792, 0.02369427214672199, 0.1856540145755642, 0.005390308394892098, 0.012407438210511261]
                  , [0.02797363629662246, 0.0006298075444688707, 0.0021947402205087685, 0.003690645148189077, 0.00990039632304264, 0.0028068665616094108, 0.0017599319301855104, 0.36855511375042765, 0.003876586488275697, 0.11708022277603987, 0.02570554826051182, 0.0030484477494175247, 0.00285521538249916, 0.003670182192059873, 0.0031254740751259693, 0.006834289260478049, 0.021579467995805263, 0.3915614052252542, 0.0006731643983633698, 0.0024788584211149914]
                  , [0.16719179245554797, 0.004570121047837142, 0.01794124657322665, 0.024907991535161256, 0.005431097671584613, 0.028201119357983855, 0.008847929259249387, 0.011038037478264241, 0.01703139452343229, 0.019583948969157598, 0.0065851627761789695, 0.014774993708300323, 0.4729979590582876, 0.019557840066582836, 0.016216872128744675, 0.08571545159873828, 0.045183344540709255, 0.027755784514272526, 0.002077803063339988, 0.00439010967340062]
                  , [0.05041000946427633, 0.009219046230392092, 0.038599131461054884, 0.04199767274547779, 0.025375994165305678, 0.025892091473456978, 0.22026540604351172, 0.017870283082443882, 0.050951841465345656, 0.03864791873689991, 0.014281335392926042, 0.10405841504537862, 0.013505740648948697, 0.08756995051227566, 0.06242696240346424, 0.06286267983883931, 0.04531862909703498, 0.02539032111438108, 0.0053193348906598395, 0.060037236187926786]
                  , [0.023701900763232857, 0.0066840470950923206, 0.0043017631547899605, 0.0064135976791871215, 0.22041356400550619, 0.006282536818321992, 0.012233208805670932, 0.09386703353780014, 0.007303442543191878, 0.3218108947884931, 0.07328795614809633, 0.007146401605612978, 0.004996841668030872, 0.01001639729143377, 0.008648317093347653, 0.013576063507607193, 0.017085243865591817, 0.06705357689451215, 0.017150824085673397, 0.07802638864880732]
                  , [0.0717101354633558, 0.0008678282974338706, 0.242674740297588, 0.12061576589445126, 0.0034311518108520386, 0.07307174313987885, 0.012715035776141224, 0.0047699931746576245, 0.055972286126248945, 0.009127475596030634, 0.003755687299529578, 0.1502697801849252, 0.018609166290594562, 0.042295012578783146, 0.02156989682766044, 0.09766148436483625, 0.052495506663047316, 0.010174077030559997, 0.0014996135655849345, 0.006713619617840204]
                  , [0.14434386643794575, 0.008242657607601492, 0.013196307997945567, 0.01053760349113751, 0.0033598841300166832, 0.6588869134240415, 0.0054522080541940495, 0.00482422413497345, 0.009653581381615173, 0.007658367516474467, 0.004232454633920639, 0.017065704215352227, 0.006116378973093923, 0.008803681879639806, 0.008869412798888084, 0.05631250245234113, 0.016666295427457716, 0.01121127697974003, 0.0012447154113383993, 0.0033219630522825544]
                  , [0.0642872147842136, 0.010532539889407892, 0.017277862360151962, 0.04432346646454142, 0.02023458572237427, 0.016425908155070636, 0.029551575401376002, 0.06601277819360049, 0.09719751786864869, 0.15653403464746968, 0.06565075420308125, 0.027406024842000443, 0.011169340783457143, 0.08541701725267037, 0.09835017516665741, 0.04310759719136514, 0.055162967938623124, 0.06974960781873252, 0.004620933606005286, 0.016988097710552597]
                  , [0.10878698269790472, 0.011045310004344328, 0.023356917130833037, 0.03356991787935953, 0.019816048832385764, 0.029708301609457085, 0.020660306696894278, 0.03876762746847298, 0.03084522979394841, 0.07139407326132233, 0.019676232836302453, 0.02640283712898008, 0.26047342448276845, 0.03757508978148288, 0.03423065580127232, 0.08358555925879457, 0.06580029424256592, 0.061813771790390534, 0.0069546542187122785, 0.015536765083808161]
                  , [0.013231459235915531, 0.01009873218741418, 0.0035893221873303, 0.00470202613787562, 0.3745549733650986, 0.004478931079593007, 0.028392404834862755, 0.014866868453518554, 0.004890174813118663, 0.05506875339988231, 0.011620747005105283, 0.00720572440196317, 0.002779210743847921, 0.006728035670269246, 0.006201110113900793, 0.010939001161184321, 0.009849521507107493, 0.017605038225222452, 0.03787871565395125, 0.3753192498228387]
                  , [0.03166240320059663, 0.003059183462910298, 0.30850587008447117, 0.06071962585789299, 0.005187731563491872, 0.04240986594412059, 0.03390033357154222, 0.00740649452882249, 0.03437860192003116, 0.010266416235900156, 0.004447493877549932, 0.28999238256594584, 0.006491258061630997, 0.023952229593888878, 0.016511776069813754, 0.06553686919375619, 0.0332905156387623, 0.010736432486425586, 0.0017672406317885113, 0.009777275510658564]
                  , [0.32014340168701566, 0.061592640501804206, 0.008632602595300645, 0.012391883444098646, 0.00924891970951758, 0.03849859423874022, 0.008462417733876175, 0.0342588854478956, 0.0113299206801558, 0.03464844364572756, 0.015932216242431733, 0.015631419937810653, 0.011673933931450746, 0.012891243577409593, 0.012396089604241245, 0.14071481549264198, 0.1201682958189641, 0.12198963681364117, 0.002320237316347796, 0.007074401580928783]
                  , [0.05161343005818914, 0.003491532051373264, 0.06610010364184392, 0.0880069828990565, 0.006828382951843513, 0.042171889905513724, 0.061937537663088627, 0.009088708201004434, 0.15969453732780392, 0.019126470159888824, 0.0070195466969442824, 0.10339898062877158, 0.011807784496357842, 0.10852649483117369, 0.12034984044820937, 0.06610743283872254, 0.04407843223308639, 0.013403636784536389, 0.0035207014003085365, 0.013727574782283708]
                  , [0.03141745224087995, 0.005313707477062195, 0.002413460522705269, 0.0037773335332143246, 0.02562028935590931, 0.004438314722803713, 0.003743666017952506, 0.2679653786071684, 0.002999807892061443, 0.28326265517427085, 0.06185342161329266, 0.0032790283696888544, 0.007127310234213644, 0.005400340187805988, 0.006807881662640108, 0.008716383848106612, 0.020640859118795266, 0.2508452802267943, 0.0018793197611996183, 0.002498109433435019]
                  , [0.0838893954086232, 0.007355415335497357, 0.07284203623792182, 0.03766561121387591, 0.004751215365332198, 0.05947785106103593, 0.020433305985535125, 0.009385072578032182, 0.03647675448104526, 0.01358530088004478, 0.007135900354623562, 0.16646075061582097, 0.012216319797069167, 0.03282767915399286, 0.022590855671730293, 0.2465427866872022, 0.1413793664306858, 0.01683660299254168, 0.0018460782889949212, 0.0063017014603946936]
                  , [0.03742012348511545, 0.0021457240937133156, 0.011775122548722839, 0.035986772915716655, 0.002869911509339154, 0.015545115318745521, 0.01927316060780416, 0.008207087001510014, 0.3458878987436396, 0.01810900373289021, 0.008034822462902732, 0.032170443199134535, 0.007395183809337219, 0.08587188743478774, 0.28507776667465345, 0.033704899047021675, 0.033493771118014534, 0.01280057238056946, 0.0010332695138636815, 0.00319746440251794]
                  , [0.5014547387772439, 0.025977941837907643, 0.0052068345646461385, 0.0068288932025351665, 0.0031496427888728236, 0.08779310493458956, 0.00404687112549803, 0.006371832464616543, 0.005434931061959878, 0.008473520518779061, 0.004882105456581415, 0.009745323910622342, 0.006878624950610074, 0.006347905865650265, 0.006196181936461364, 0.22297723381134488, 0.05617445330145622, 0.0283228958072825, 0.0009429380050362544, 0.002794025678306263]
                  , [0.0578091827708548, 0.0015912620513355237, 0.010635386854505246, 0.015871804394698194, 0.020110004520542554, 0.012550537301291192, 0.006936940780300618, 0.23413642972292562, 0.018794464962928678, 0.14142300032539226, 0.04197160734839908, 0.015990822496366852, 0.011573394732692099, 0.016493705994499945, 0.014688928918889524, 0.030360841349159968, 0.07130732879351576, 0.2627999919203932, 0.003372542722454206, 0.011581822038854814]
                  , [0.04378070332810788, 0.0023065297406644823, 0.017373114343459756, 0.04762504031551303, 0.009637080723897887, 0.01663005566632717, 0.03745582563526993, 0.0200769502544819, 0.22896589191211966, 0.04384126489372804, 0.01758327174474289, 0.035486209652344045, 0.009315771391477578, 0.09416452916293117, 0.251760096852972, 0.037585371303585344, 0.04070640208429614, 0.025576767510808937, 0.004776439383145363, 0.01535268410012686]
                  , [0.15655031994660848, 0.0033129966636781583, 0.060493654687875376, 0.14252427636182455, 0.0025509915705072277, 0.03875917838720256, 0.021544387922599044, 0.0074296550718552035, 0.10883412973187692, 0.020607754850540082, 0.005758748040305857, 0.029919066224210946, 0.012349529786445391, 0.11037354940193059, 0.1193072790102664, 0.0704560412718216, 0.061885706109665296, 0.022806801422009606, 0.0017988360746150783, 0.0027370974641617095]
                  , [0.1344047898779738, 0.0006439693516676656, 0.17667852655914829, 0.2496793831843007, 0.0013905097758751506, 0.036326306793041906, 0.008909347833248954, 0.004097691965020096, 0.07378667595646149, 0.007673711829265467, 0.003086524298364951, 0.04726333335327988, 0.02106586757236453, 0.08020529020233418, 0.02500158242202238, 0.06517622526444776, 0.048686603259692936, 0.014161832452938058, 0.0004415145975936076, 0.0013203134509581715]
                  , [0.03445394379063526, 0.010057719232821637, 0.0017799868077942003, 0.0028532981166846647, 0.022008072264715284, 0.0038178822652336496, 0.0022278241064475316, 0.33016776549074156, 0.0030765290989093847, 0.16732975933858232, 0.0321193508811748, 0.002922088778327474, 0.0024282884065123284, 0.003596527241235349, 0.0029650511339988674, 0.007705677344564271, 0.02254738950034807, 0.33724694179214104, 0.004055414823512079, 0.006640489585620126]
                  , [0.07914391770562273, 0.004748421266693661, 0.048059048163367264, 0.11549113600911705, 0.005200226026372005, 0.01932047814255724, 0.034709330181765495, 0.017177897632141805, 0.1638223784332747, 0.03423168577538358, 0.010822429848131296, 0.053988965280254105, 0.0035915328538290146, 0.12773845434082087, 0.1259710393338935, 0.06181522963373453, 0.05934161203141343, 0.02638921875519848, 0.000864573144810011, 0.007572425441619107]
                  , [0.08061136368222789, 0.011535322616178, 0.014399357351614716, 0.012776167686669644, 0.005232257275955949, 0.021885254791825272, 0.00805558001641805, 0.009355804127271935, 0.012802591415840595, 0.01179474746423135, 0.007217227523065725, 0.03542668257461117, 0.010883722472375255, 0.011769311969995382, 0.012209565161080297, 0.3600252133133388, 0.34801831220899354, 0.019413796076969896, 0.0017934925067104154, 0.004794229764626155]
                  , [0.16793747912774404, 0.030813905675353425, 0.004509272996319941, 0.007930715853652529, 0.00859459586849578, 0.01373143905313644, 0.0046660854425184094, 0.1499302009826369, 0.007004298954140979, 0.07573453716437407, 0.026097308101762286, 0.0071236119839269635, 0.006657132014588577, 0.008153860217111845, 0.0074026581833086386, 0.039503131133825316, 0.08699834270772486, 0.3414638310409194, 0.0013501237901753604, 0.00439746970828415]
                  , [0.11631449302882559, 0.0013597081763829643, 0.04572596553893341, 0.05294211671714859, 0.007546270576336932, 0.03727326389269519, 0.011121947886443878, 0.02041968604508973, 0.07349306064304026, 0.022327661076774204, 0.011339351626419997, 0.07734203464905225, 0.017714229911185052, 0.04515544121150879, 0.03346171161660897, 0.18678883970245447, 0.18805474898895386, 0.039015995803150294, 0.002758676501747462, 0.009844796407248047]
                  , [0.0182791177923001, 0.0012549526722548854, 0.005714946759106114, 0.007206903868333378, 0.35762604696020406, 0.006464684485102696, 0.026447515591482496, 0.019668733606188756, 0.007450565835057732, 0.06374204435491315, 0.018959641169419904, 0.010702773026083849, 0.004131838679285187, 0.009789802937296949, 0.008453915864034423, 0.014368484284437684, 0.013422882854553595, 0.021341778748524932, 0.04782902878222837, 0.3371443417291917]
                  , [0.07548476414360797, 0.003020327681772764, 0.02580143895057743, 0.09178650328497423, 0.008305924111121098, 0.012575271640202838, 0.016090354045445288, 0.09008810065490196, 0.1024221903304954, 0.07252625843842796, 0.021972589415141314, 0.027724332388638813, 0.009279059486607656, 0.07833223673062625, 0.0666789345761085, 0.0467674486155141, 0.10641010996762573, 0.13355185820263196, 0.0022953614560599334, 0.008886935879518786]
                  , [0.1016986296991298, 0.2110969298450216, 0.023187552645145874, 0.027424198356931197, 0.030610146209971465, 0.04176123408609711, 0.02687666305329781, 0.033313668223794564, 0.030507137940382942, 0.05393984170995677, 0.0209834742865031, 0.039916154022893835, 0.021453635084795374, 0.030885079246468584, 0.0347778532475913, 0.11004382698588357, 0.06757973724510372, 0.055043443655290326, 0.009598965676070052, 0.02930182877967112]
                  , [0.15794329523762865, 0.001895846137233131, 0.09237137551177008, 0.12693835358934139, 0.0033921109386422796, 0.034520861348182816, 0.011370049418282449, 0.00727474786203043, 0.061060966236849104, 0.01536608346585816, 0.00490996380640628, 0.03329364583941508, 0.2079283293332096, 0.048185697226634926, 0.02735833189303079, 0.08877048069993854, 0.051985231945631996, 0.020414795341607308, 0.0012430294700123913, 0.0037768046982945168]
                  , [0.3545300870852453, 0.0018867702873735684, 0.020319707329398858, 0.02152415635100159, 0.006453879733516137, 0.08107267129983715, 0.00579791531114613, 0.012992111612359605, 0.018782026690889134, 0.015991753626168434, 0.007099559284656889, 0.026167545723409086, 0.02041294885989164, 0.01632440017942942, 0.011921442906074994, 0.21895490533443446, 0.10792126487196257, 0.04392840025935703, 0.0021706876643717357, 0.005747765589476257]
                  , [0.23771962054696094, 0.0045813072921092384, 0.013200033702162356, 0.019249197127810532, 0.010078872193066546, 0.030218201930301586, 0.007343452078953065, 0.07838705853555016, 0.016167548708379872, 0.051330092256629746, 0.0216983538899733, 0.017869356037158664, 0.021144476754723376, 0.016419818187622885, 0.014647375719537295, 0.08688880794038123, 0.14103481710432447, 0.2027476512230646, 0.0026903342399671013, 0.006583624531323036]
                  , [0.0525668522669761, 0.0034340098795227736, 0.11518950025812319, 0.04950091810533325, 0.0031547236759284798, 0.4329330961191926, 0.01788227419985679, 0.004558138080768876, 0.0405948558263627, 0.008397898199875306, 0.003792154637538351, 0.11702895646253302, 0.006774452891386554, 0.03052237266358767, 0.02462804462668963, 0.05605101354402421, 0.019750173460642086, 0.008078094351963569, 0.00133356346644298, 0.0038289072832517973]
                  , [0.05706278746930559, 0.012773382389103895, 0.023446312042374903, 0.02801660996003122, 0.08360716273762366, 0.03241905205029868, 0.03181069389337783, 0.03014559743269202, 0.030806734465379265, 0.07010053132212841, 0.02294459301318719, 0.028965483368561362, 0.020649754840689753, 0.032667773809498486, 0.03968775318074095, 0.051057187270435594, 0.04413243488910684, 0.04235860575247677, 0.23428299160969437, 0.08306455850329329]
                  , [0.0210889433742742, 0.012742202747200547, 0.00889838708450178, 0.010162405249739484, 0.30744841337237244, 0.009262803820198255, 0.04932885996903483, 0.021914956090426284, 0.011690262391545254, 0.06951154581987064, 0.011211009892334407, 0.018756359198065585, 0.007557702557590276, 0.01535946359769786, 0.012719047817912658, 0.0265601144742496, 0.019222555271581697, 0.024303364105126766, 0.002994089638318249, 0.339267513527959]
                  , [0.09930656847302267, 0.0008877301964765814, 0.11552858062302952, 0.18350899730411196, 0.0015589832046647226, 0.0327613657653441, 0.02239056607977643, 0.0044456516147949494, 0.13470940033107992, 0.01033772195015111, 0.0034345353669739333, 0.07627234513136213, 0.0035962714523488097, 0.10973032178391676, 0.06736029541094078, 0.07032142445358681, 0.049638774557424485, 0.010476500495911001, 0.0004173568768558689, 0.003316608928227505]
                  ]
distribution_weights <- [ 0.027900720797360525, 0.026444564513471363, 0.025653258532884225, 0.023568655852790263, 0.023279340591122813, 0.022296435099497625, 0.021936228018746097, 0.021767620449032615, 0.02158368491843609, 0.020365112028234104, 0.019939761113729637, 0.019769237548905774, 0.019305566732193698, 0.018843811910592003, 0.01846827686895743, 0.018169381631738077, 0.01802185000823878, 0.017640566981273063, 0.017236292012982782, 0.017081096409041964, 0.01691248883932848, 0.016724721318511195, 0.016444986032395647, 0.016351102271987, 0.015670924007801932, 0.015571292262062147, 0.015442920589666655, 0.015339456853706109, 0.014988829748506481, 0.014597966745988865, 0.014281827552776086, 0.014086396051517276, 0.01390054452581037, 0.013791332804518682, 0.013749180912090313, 0.013680205088116616, 0.013670625112564713, 0.01326251815405367, 0.013228030242066821, 0.013160970413203505, 0.013145642452320461, 0.012969370902165458, 0.012946378960840893, 0.01293871498039937, 0.012906143063522902, 0.012890815102639858, 0.01269921559160181, 0.01245971620280425, 0.01221446882867555, 0.012202972858013266, 0.012084181161169676, 0.01201712133230636, 0.011953893493663804, 0.011923237571897716, 0.011555366510704665, 0.01149405466717249, 0.011449986779633738, 0.011421246852978031, 0.01121048739083618, 0.011198991420173896, 0.010907760163396063, 0.010806212422545898, 0.01041534942002828, 0.010060890324607892 ]
# The number of clusters.
n_clusters <- 64
# The base file name of this file (for reproducability).
fn_distributions = "dists_hssp_poisson_allsites_clr_064clusters_rb"
