# This script is generated automatically.
# Vector of amino acid stationary distributions.
distributions <- [
                    [0.08779236808492297, 0.013461754478830591, 0.06037887227299684, 0.07149115913614, 0.019129294422784965, 0.06040945839062498, 0.035731002279740035, 0.027716218004734186, 0.06744261657297038, 0.05819223082809106, 0.017547189236058983, 0.061440659233483116, 0.04849333616163849, 0.0676344950857944, 0.06475210572456691, 0.08749770746511552, 0.0700358790920948, 0.05345784953781478, 0.006959780910951447, 0.02043602308064549]
                  , [0.11790247458935352, 0.01479445204371283, 0.04782695557910334, 0.05087148940151858, 0.014010948003791473, 0.06331923435895419, 0.022805055553924338, 0.020133156751998723, 0.04909638268398209, 0.04281637827524484, 0.013519665298076444, 0.06430383604563389, 0.04370235560587316, 0.047986101944527314, 0.044867400064138224, 0.18012243541892312, 0.0975775435603144, 0.04461254597426938, 0.004729505743456517, 0.015002083103203561]
                  , [0.21079169787183177, 0.012673456352124616, 0.04299680098016026, 0.05477456870279349, 0.014706988083294487, 0.06698384827837982, 0.019388748972202878, 0.026822784517344597, 0.0443085912079575, 0.053697765223561345, 0.01577637421131913, 0.04024156551246178, 0.04377082191022663, 0.04806530843255426, 0.04808938002882987, 0.09751013607980648, 0.0740673861625937, 0.06612565970917633, 0.005468609283610371, 0.013739508479770483]
                  , [0.08051819848713501, 0.006501037881270866, 0.09656619837504016, 0.15359439348502768, 0.010409393398044134, 0.0489213954127997, 0.030182298698354072, 0.018551330826208964, 0.0774265307498469, 0.04343235910657002, 0.0125155488301565, 0.06119144776123775, 0.026690311012385445, 0.07997319785922907, 0.059702533874012316, 0.07342301152119271, 0.06134716501102505, 0.04127061010889007, 0.00417783093522415, 0.013605206666349578]
                  , [0.06661795803046208, 0.006173563322138265, 0.04707031781039806, 0.0799007194515546, 0.011827932578384461, 0.03062363601616858, 0.03997320283806081, 0.024186290271681687, 0.1688534217560696, 0.05128959772521437, 0.015737969387274904, 0.06041019702259714, 0.018536491188844866, 0.08063401255205735, 0.10595884303770564, 0.06684776549975291, 0.06314643715864104, 0.0432328689272973, 0.004013136392174957, 0.01496563903352136]
                  , [0.07744431437749755, 0.010166590948642314, 0.03179654740421665, 0.060743713312183374, 0.014252699390383896, 0.04209862726840194, 0.05202190764005161, 0.020901364839413305, 0.101379810645445, 0.058899224791124916, 0.014592506831603957, 0.04640798856079025, 0.0198962142737631, 0.07834690935913567, 0.17760605517677003, 0.0647982407640593, 0.0583660814243317, 0.045203728018776444, 0.007441701127101994, 0.017635773846307077]
                  , [0.06988000472950619, 0.017730069427220937, 0.02709620473157986, 0.046204649391746545, 0.07645751020551822, 0.02972087443217047, 0.06005685441295684, 0.04888715656685889, 0.05081210902501151, 0.08321452138675485, 0.023804082613971267, 0.04387297171036759, 0.021787015894433836, 0.05219738440072721, 0.0586415001856386, 0.06582459258504147, 0.05892936968295435, 0.060899719373803764, 0.026436739135173713, 0.0775466701085639]
                  , [0.0551511424709687, 0.006447708946992574, 0.022492584022018765, 0.05596840222147206, 0.009390094106508921, 0.03284096513164217, 0.04150949491096247, 0.016489959381323267, 0.20831658493984476, 0.04323344879390977, 0.013291901074674024, 0.04985330495751865, 0.01474533307207331, 0.07189822060633554, 0.21099674919596295, 0.05521929767996379, 0.050305394453448796, 0.026249886057641107, 0.003898604629877373, 0.0117009233468608]
                  , [0.07746746427052, 0.004543795072181014, 0.13970986221430612, 0.239485037339523, 0.0069874866490946975, 0.04331584108538636, 0.022484668001361424, 0.0127843506667439, 0.072526284297147, 0.02372620324208628, 0.008971212169489626, 0.05544357190674036, 0.02090605174146262, 0.07784619471970128, 0.04711008037306498, 0.05910851768755632, 0.0495907450078835, 0.026084171889645794, 0.0026383847909923312, 0.009270076875113234]
                  , [0.0690357252706909, 0.010085140467875772, 0.017595603143936864, 0.038104858716646005, 0.05734881770413897, 0.020365887743666652, 0.02346599576464608, 0.07572943369975572, 0.04736015083259075, 0.20024723637283512, 0.058227619539953875, 0.023213084593062486, 0.020290134890274755, 0.0530765458431776, 0.05483701607215872, 0.05673311170552947, 0.057014873850257934, 0.07680489412824591, 0.009182102502204277, 0.03128176715835211]
                  , [0.10625347470146906, 0.008320496321536329, 0.04514791161357938, 0.057829903104299606, 0.013536902082533941, 0.04618187584290788, 0.021739058359270133, 0.022730966460308533, 0.051810114194686896, 0.056060927105618004, 0.01332282668150937, 0.041465683177771044, 0.18729084793501885, 0.052186246479356664, 0.04906539189894404, 0.09076681304593419, 0.06728103730304971, 0.051124526346601064, 0.005101202978937411, 0.012783794366667873]
                  , [0.09362454824595672, 0.009607444924820534, 0.0356761959257358, 0.05172246799968761, 0.01495660476933821, 0.02959114588722549, 0.019823391548008665, 0.054309099919694945, 0.05637916914332342, 0.05870700047597155, 0.022070984360060292, 0.05373241561689622, 0.02271659638915932, 0.05079838273329801, 0.05070268321547377, 0.10631839397000507, 0.17617947821531313, 0.07373232313367788, 0.005075034923955931, 0.014276638602397201]
                  , [0.06750757858360563, 0.007909914528563681, 0.09684445966191163, 0.0666100912806661, 0.014153991562022222, 0.06383741201126726, 0.05287475922025554, 0.017343591999325336, 0.06838925987492618, 0.03374289569718094, 0.011665881343271471, 0.16332763210319023, 0.01805569380801816, 0.05681029716344737, 0.05464954230524704, 0.09201429881476847, 0.06385796074914205, 0.025401576770267997, 0.005069391072850796, 0.01993377145007187]
                  , [0.05939811856750268, 0.011344494508721473, 0.01974271240814668, 0.023973945373324968, 0.15176617389579103, 0.020589432303937748, 0.06443727519465849, 0.044377152751253236, 0.02531412449071568, 0.0840005044892288, 0.018985683432796763, 0.040843837626794874, 0.014945496746502572, 0.029936375534502582, 0.0327574466664506, 0.057424545198170474, 0.0473605844642799, 0.054156915514984125, 0.023079468253895116, 0.17556571257834222]
                  , [0.10387348668846, 0.012013834539810728, 0.06284194941021004, 0.05898454707606834, 0.014692344976552313, 0.20112112284739012, 0.022180797341310565, 0.01769771969541233, 0.05090987682775791, 0.04019104817979703, 0.012454276685705866, 0.062420065053901755, 0.028332199781630683, 0.04597720356424597, 0.05043127190155917, 0.09523858252918067, 0.05875556038009105, 0.04040272099630593, 0.006229599713679549, 0.015251791810930016]
                  , [0.07605216780503991, 0.006357412828047746, 0.04832151916679439, 0.08547253982270532, 0.011111810361972016, 0.027201925408777076, 0.05450157849899261, 0.019856823054989484, 0.08693385428403984, 0.05744026921050709, 0.016638192876141874, 0.056279478341229754, 0.016603874628232946, 0.17475755458584355, 0.08109934690132047, 0.06463822279219981, 0.05950932289226922, 0.03976528975096954, 0.003825582551671418, 0.013633234238255859]
                  , [0.08456454353485325, 0.011034817335636167, 0.018701511553178455, 0.048375475490762786, 0.023604254464635353, 0.018797138066000838, 0.01870395308096855, 0.11565163818173432, 0.049502983729435214, 0.10187220596144667, 0.045160455759332835, 0.02755078201266454, 0.018785929684547297, 0.048219796012952634, 0.0477836343201868, 0.06043458584925769, 0.0773994259589936, 0.1591738706757876, 0.005892803272506846, 0.018790195055118506]
                  , [0.10431461209085835, 0.00531257918352468, 0.03868993908306185, 0.04956045805676705, 0.009241861059748712, 0.039730793988802006, 0.015172880741395894, 0.018586966561939703, 0.04748698202357318, 0.0443120423209197, 0.00996168480293045, 0.029831747686959245, 0.3158894452463538, 0.044611006361325076, 0.04281443522500694, 0.0723251547195714, 0.053782416599284684, 0.04544578252286771, 0.0038927143798150594, 0.00903649734529456]
                  , [0.07529898966263734, 0.006417179773388929, 0.19346603426253237, 0.11775477210708034, 0.010421137880556756, 0.0679176935528701, 0.04183912168466945, 0.01331899514547844, 0.05371493497310415, 0.023243378871051837, 0.009286751734496711, 0.09156083901716931, 0.025716014020526902, 0.05424703788982683, 0.044858501862691365, 0.07554306489569586, 0.05436997056875806, 0.022897202867812258, 0.00450758996667804, 0.013620789262974945]
                  , [0.05900419249788915, 0.008763181059846614, 0.012933332480297046, 0.020603528060368963, 0.057598999580946365, 0.014377780876354076, 0.01382978157323896, 0.1665258782216686, 0.022050875571857597, 0.2078020293361335, 0.059707613572309415, 0.015810027213961395, 0.014907132133610423, 0.022670126307284096, 0.021693107559032372, 0.03876825353812497, 0.05523283466930239, 0.15638220873619493, 0.006897544483015986, 0.024441572528563063]
                  , [0.06258020210088962, 0.004513282207359239, 0.25334174207737614, 0.16696108274184654, 0.00662643805181954, 0.05439777235314403, 0.0315759929303557, 0.009934871776527753, 0.05121831287220032, 0.016004096051668252, 0.007089972321324268, 0.09204400248757913, 0.01963529839776834, 0.0504909412664521, 0.033761867253317646, 0.06637510426052452, 0.04502494520466706, 0.016662338993900953, 0.0026053895600365888, 0.009156347091242273]
                  , [0.07988393517385509, 0.003079658603716248, 0.06536365255428177, 0.15773991850332306, 0.00488734411338451, 0.0323411491606877, 0.03210045841172502, 0.011937204914544294, 0.1488349669453965, 0.031942878016114715, 0.008490168881676703, 0.04938901013780719, 0.010277953234660103, 0.10408305529546821, 0.10632274438334685, 0.059249754273056496, 0.058396526286777196, 0.026816434155698874, 0.0017359026980679213, 0.007127284256411338]
                  , [0.07144275165860778, 0.009766763461324024, 0.012479962896341507, 0.023190718823914283, 0.02608189363412773, 0.014081124305715599, 0.011216375289116625, 0.20051681518444234, 0.03044584319871844, 0.10926474293038224, 0.04186500633363545, 0.016925007974471617, 0.014824025242190772, 0.019580666659158613, 0.019744193483268058, 0.04265105711289706, 0.06703216868173359, 0.25104549546130944, 0.0043674731297587656, 0.01347791453888591]
                  , [0.24145866090089582, 0.012569850162149667, 0.03625928516478476, 0.042651770526565845, 0.009487782665411905, 0.0692502704918413, 0.014291750458041715, 0.015507878033324714, 0.037375432308132284, 0.03459852955043583, 0.010759607769556994, 0.04401359739153057, 0.04061481528598951, 0.03800550002406276, 0.03256919556395547, 0.1817131728092087, 0.07820282177724637, 0.04808210505303432, 0.003140968273267126, 0.009447005790564294]
                  , [0.04180623825669674, 0.00536527074266035, 0.004835399659833161, 0.007877979590986081, 0.03168386256533506, 0.006261247272130911, 0.005281862131658103, 0.2828614253458407, 0.0084963645415974, 0.19221169912593591, 0.05117593130815805, 0.006210532741265752, 0.006164996381791376, 0.008580700765701228, 0.008146597537083442, 0.014183485186079706, 0.040191947039155615, 0.26807336225579653, 0.002760686181570655, 0.007830411370723276]
                  , [0.05825642079920277, 0.0038838138115298592, 0.22078339024077637, 0.2785692746267346, 0.004413651688563945, 0.04575805879599515, 0.0221942692606076, 0.007160019211387819, 0.0532236040241869, 0.014079511907892469, 0.005908561533617072, 0.060092007730359415, 0.017126541746821954, 0.06474361462905995, 0.0329358150944776, 0.04966799495271328, 0.03919329905007728, 0.01406299047136688, 0.0017968757075032286, 0.006150284717125861]
                  , [0.053438991906611395, 0.008141480694711533, 0.011735269191547968, 0.01770171509608152, 0.06502710802694017, 0.013426670507304115, 0.014770923260981391, 0.1042132740330005, 0.0200434063283777, 0.3157806665797197, 0.07787551657927724, 0.015007366630305434, 0.013656475120632144, 0.03366639553433088, 0.03348729192590654, 0.03796107844651859, 0.04574113867503998, 0.0891947345413489, 0.007251542308464514, 0.021878954612899737]
                  , [0.04220002100554322, 0.010622361401840502, 0.012133386882189196, 0.014277480439727597, 0.2652882310266074, 0.013653231180622137, 0.046649499166813685, 0.0464785852131436, 0.015090102245155529, 0.09685901703470934, 0.021474909935157202, 0.017438477021181013, 0.010362460925714861, 0.017365775734994027, 0.016854965141083415, 0.037861874434351815, 0.028632678520632258, 0.04949651055512813, 0.03845211783347177, 0.1988083143019331]
                  , [0.059114972495175964, 0.008683046204938786, 0.04700185897006585, 0.04962237247021674, 0.04163249493121853, 0.024099564547823638, 0.17410024561845802, 0.018536758466979487, 0.05565344570328275, 0.05364224103775428, 0.013377752411881612, 0.0759232726430441, 0.015485896658555235, 0.06948122695799137, 0.06564307259623843, 0.06116437961270986, 0.050986166128964686, 0.03480694897286431, 0.007818152309134116, 0.07322613126270223]
                  , [0.04917340720929734, 0.006630192298595334, 0.007413277249684655, 0.012812409246844575, 0.038519626294172105, 0.008719753851823428, 0.008127078969440565, 0.23924603246725745, 0.01399726389499731, 0.19344691185314283, 0.05873166859344673, 0.010062294431495672, 0.008727526842020978, 0.01349122243240283, 0.012889168659412548, 0.02686413894101843, 0.051983860696831426, 0.22332585203192756, 0.0038406656945525973, 0.011997648341635574]
                  , [0.044705528468892024, 0.006220316296317533, 0.0071538368674955175, 0.012067017205384077, 0.05993706498145132, 0.008584628873521615, 0.009084304586341161, 0.17751394730229014, 0.014198800352654986, 0.31070528321098106, 0.08146883910030649, 0.009653987677393068, 0.00895517457373743, 0.01611426166087014, 0.014813311216091354, 0.0188608854582567, 0.040213380301372864, 0.13763880568141143, 0.0049123708850851355, 0.017198255300145696]
                  , [0.17773711661142552, 0.004662543799941371, 0.07812911609240736, 0.11487465770040721, 0.005146048244814229, 0.05511567694301085, 0.029937125399609486, 0.009851604283758789, 0.059148678840624226, 0.035698471266054965, 0.007688959633852519, 0.041290546470742574, 0.03184001450939247, 0.08346646996271909, 0.07646540919282305, 0.07742079049242222, 0.0646523246840478, 0.03871682735265061, 0.002414216708262073, 0.005743401811033443]
                  , [0.029786212797457648, 0.006768704017055827, 0.00750953155600468, 0.009269176485765128, 0.3208021369667657, 0.0083553697191701, 0.04197678650966931, 0.0366202332744961, 0.009438468006190562, 0.08953705144277757, 0.018680157138557654, 0.013351319273888298, 0.006763822270247102, 0.012007884003389322, 0.011240873345198665, 0.02581991926050354, 0.016657099914522362, 0.03930209712563057, 0.03852001237372446, 0.2575931445189856]
                  , [0.1671066286292363, 0.00943848782762659, 0.03795922790575591, 0.03891374906698072, 0.008131697911290384, 0.055469958724269956, 0.012773704008265144, 0.015294622833396991, 0.03611271553025992, 0.03262716403599798, 0.01100437328557256, 0.05494350991106038, 0.041735916598016204, 0.036479768570114667, 0.022190162649039325, 0.20273022133600757, 0.15892731778627556, 0.047200087343689176, 0.0030395926469329302, 0.007921093400211585]
                  , [0.09270021219783879, 0.007842563549622417, 0.057175200146186406, 0.04719000742554333, 0.00846302107237859, 0.37778233498081604, 0.017338326451147502, 0.010481588337459918, 0.04507976505037921, 0.017929235105782836, 0.007971967507109596, 0.057456197408641115, 0.02013060901649495, 0.03672220628603673, 0.04614289616937384, 0.07740169767159966, 0.03934611137597528, 0.019932527090320375, 0.004043914105316995, 0.008869619051976264]
                  , [0.0402317432771054, 0.00789791046821418, 0.013399641939884344, 0.01532021702516992, 0.18725061550298502, 0.013862732155838194, 0.06771955123692038, 0.021756464184924763, 0.016473103092365948, 0.061543167598994426, 0.012830613953889783, 0.02939472712727191, 0.010167264197871614, 0.019533964338509402, 0.018396877283463495, 0.037882210416322705, 0.025214042056159878, 0.035260488980767356, 0.050343250363151314, 0.3155214148001902]
                  , [0.09732887248831525, 0.0036154952405572974, 0.029554870957091275, 0.03788668047554646, 0.006216765649372154, 0.029467037511532998, 0.010004110580001273, 0.0115906650403637, 0.03666606913062217, 0.03329728466634875, 0.006510313314685495, 0.0214543719468808, 0.4593891687011564, 0.03498104173504031, 0.031678164479852125, 0.06674672593533224, 0.04201802130241303, 0.03336741252236158, 0.002347583395941777, 0.005879344926584872]
                  , [0.062258313077209165, 0.0017215994816927305, 0.10578515362641727, 0.1292790681097713, 0.005216874147144152, 0.05071535335653036, 0.036332916309398375, 0.009574528211936346, 0.13574172443191945, 0.017362014805702566, 0.0070038193307787955, 0.10188040727549096, 0.014086172139871123, 0.0865193567299575, 0.07130563904826472, 0.08024412167462286, 0.059712642931871354, 0.014869155206064253, 0.0016258426161861878, 0.008765297489170713]
                  , [0.04026239516073361, 0.004706351685815595, 0.0039281125476836026, 0.007544774773728835, 0.0500284098977699, 0.0056454485368601145, 0.005453459987825443, 0.2064593690340802, 0.007845209304943165, 0.3262402802467979, 0.06404711884450737, 0.005561828660029832, 0.005786176188076483, 0.009820677544322795, 0.0091761598274754, 0.01169088791366612, 0.03370125357855946, 0.18829070560848282, 0.0035503223137980963, 0.01026105834484342]
                  , [0.057418437031784605, 0.003026717061293663, 0.034414680442952005, 0.07607398702091824, 0.004406364521960454, 0.016434668455313845, 0.04882334539364684, 0.010935937690518331, 0.17985080147212196, 0.039081511236258436, 0.008572613501580475, 0.050585887233183725, 0.006718351053901099, 0.15535268647438638, 0.1828607533303163, 0.050529266702246334, 0.04803749635413419, 0.017966477871761397, 0.0017705239505796415, 0.007139493201142072]
                  , [0.0695950826616158, 0.0076177274241882205, 0.00759336220024709, 0.014343713131266202, 0.021363617595016992, 0.009944555359668561, 0.006597001353641661, 0.23893317702508618, 0.013887776836669835, 0.10185079975363158, 0.035213961099468755, 0.010111952702367245, 0.01050598873615319, 0.012819653920558992, 0.012209062142175502, 0.029595033662792876, 0.05606522737766063, 0.33061011351560043, 0.002684659542344463, 0.008457533959845838]
                  , [0.042635543218371014, 0.0041041392624560965, 0.014724592560868608, 0.052122030636587026, 0.005185090299201001, 0.01610026102633384, 0.030189642020126466, 0.012548701193168123, 0.3234447920128301, 0.035422835705275595, 0.010633253026532617, 0.04667663679500324, 0.009780011682666793, 0.07391891559358568, 0.210828118819717, 0.043312281343221216, 0.04252283099160994, 0.01692356540411164, 0.0020563495740533086, 0.006870408834281026]
                  , [0.030441711963947012, 0.0028710091909559, 0.00272649430436838, 0.004793664034877371, 0.0440828569800943, 0.003904559010063054, 0.0032486422283541385, 0.2694849332712912, 0.005358421853945385, 0.29077321263204925, 0.06250777404056022, 0.0038265050827287254, 0.00407309797241533, 0.00589978181054015, 0.005199671002792234, 0.008245649676312103, 0.027184381292595323, 0.21522415729297503, 0.002101165629514281, 0.008052310729620774]
                  , [0.08067537194829748, 0.006647748410000134, 0.03734858835982276, 0.04377155427001005, 0.008970030368136471, 0.03432154434379173, 0.015468790670859546, 0.034175431784288834, 0.05262221459752986, 0.03723851683027417, 0.013828541177451872, 0.05789007162515153, 0.016190512712478396, 0.04192440364387443, 0.04425238844265403, 0.1629275316365375, 0.2459891717406134, 0.052899133910910716, 0.003329725323600656, 0.00952872820371658]
                  , [0.07136675565667844, 0.0016307030915566469, 0.14376570591058663, 0.20061985769703333, 0.002784640065397165, 0.039996850190217155, 0.026726025148872512, 0.006028561418015714, 0.11828383164407587, 0.012043062083483446, 0.004933422277378377, 0.08185933543451354, 0.011404654230954199, 0.08735052651676842, 0.0538542309480591, 0.06814144361544024, 0.05181430429509975, 0.01144442897903537, 0.0007289539687610679, 0.0052227068280728825]
                  , [0.10796931903347695, 0.00415006410366573, 0.10750856194809136, 0.11000124551139909, 0.005124416668050667, 0.06365211275714446, 0.019392346119252425, 0.010490375736758598, 0.06445883498353124, 0.017381566196954308, 0.006694322453837349, 0.08263626542542152, 0.038557242702683465, 0.06545935060718379, 0.04265958385133215, 0.13994114170474198, 0.08505266599280588, 0.019459547093055102, 0.001954219710279263, 0.007456817400334803]
                  , [0.04641538700273219, 0.004360940357717756, 0.012731474581954656, 0.038748409740686385, 0.00551517536184481, 0.024346491095111566, 0.03878426211493383, 0.01089012723226082, 0.21053392620917874, 0.03554063270230842, 0.009182698016556825, 0.03984432758141693, 0.008409024222017532, 0.0692334609447437, 0.3243826904230978, 0.04457704813982384, 0.04382192929111612, 0.022307008358737196, 0.002909370546115121, 0.007465616077645913]
                  , [0.03192117152737659, 0.005295601739350988, 0.004609425027394838, 0.007620997521473823, 0.06453169232985342, 0.0056460508883623, 0.006385520699504523, 0.14971417239537457, 0.008376090070520016, 0.42609588125568515, 0.10022336911788296, 0.006857320583170346, 0.005692072287565148, 0.011251200149748163, 0.009389405586509353, 0.011785841927897674, 0.026838789165471545, 0.10071044012000664, 0.003944969098229908, 0.013109988508622057]
                  , [0.026195240075785026, 0.00406811680669407, 0.002293891294404737, 0.004345594241900123, 0.060455469634519254, 0.0034803900600712803, 0.0039041270993201045, 0.17785010570817153, 0.005054908931552261, 0.4411134313598059, 0.09119142870041501, 0.003769441605543088, 0.0035780776847456957, 0.00663838135550909, 0.005607221080485712, 0.007386401142334041, 0.020845012314524063, 0.12019711889761266, 0.003004771449066461, 0.009020870557539539]
                  , [0.03704584916147192, 0.006078266433467919, 0.007646059970086559, 0.011059817103595975, 0.06720134089763374, 0.009210225093349473, 0.01048764859285478, 0.09789519919575505, 0.012193731707441835, 0.44951572471112755, 0.06960755600864593, 0.009284280788616988, 0.01077761730492815, 0.018829968050457686, 0.01583089274488201, 0.029579154338324535, 0.029334554278289404, 0.08344636596514152, 0.006687190490535519, 0.018288557163393372]
                  , [0.22106532419061903, 0.01643903590589173, 0.014148010485923233, 0.034804947243150065, 0.014283143335610381, 0.04407943285256511, 0.01229526766334749, 0.07372355000318395, 0.02092482753920844, 0.07153073670057611, 0.03515176006311207, 0.01741717148139707, 0.028779319473132146, 0.023047548343621962, 0.021628967193812552, 0.07726889362673281, 0.08579492256212401, 0.17299882404767733, 0.004063997691663278, 0.010554319596651202]
                  , [0.05022966391452243, 0.002154986450482268, 0.2688684255529686, 0.3209026696250129, 0.002633126968641103, 0.0332973530455397, 0.01258894942117041, 0.004754680598594038, 0.04372148333657289, 0.00919877927244721, 0.004025233794304252, 0.057891394841808934, 0.018286257254039637, 0.05667069972621356, 0.02025703986671993, 0.04606963320365214, 0.03334282887713747, 0.00975433794869506, 0.0010478078939270485, 0.004304648407550413]
                  , [0.07131807647852706, 0.0074938792622058475, 0.02090122231953501, 0.046269152117607334, 0.009428334257526375, 0.036784367754789854, 0.05853591214064444, 0.01360437675252581, 0.08789811074851452, 0.056213402169655084, 0.011390487585455909, 0.03796005419576357, 0.016881463968802857, 0.09386430308346329, 0.27796200939193627, 0.053188772777010125, 0.05070327483321022, 0.03318186715513634, 0.004913882604833025, 0.01150705040285704]
                  , [0.07636957338057103, 0.005785444521362238, 0.0626802679107586, 0.04624371351849009, 0.00737669731882801, 0.05585081839466003, 0.04062316010956483, 0.015069481267726092, 0.05622614925880449, 0.0211575561843372, 0.00967395652724225, 0.16425303739158362, 0.016828407270631635, 0.053585081153190474, 0.041831583826729385, 0.16459140429709815, 0.12276685490098868, 0.025369554026659323, 0.0026903002067262993, 0.01102695853404747]
                  , [0.0455361707731612, 0.008823530767833598, 0.008839125388772637, 0.012132660627680503, 0.1928128815289344, 0.011304633579115155, 0.025007251267578974, 0.08281506811529757, 0.013091450712016662, 0.21473397681566805, 0.05946457369549069, 0.0137395706144263, 0.008960587309407542, 0.016398432909673823, 0.01567584634692983, 0.03318853470071279, 0.033682489054945364, 0.07408226147884782, 0.016990302729331414, 0.1127206515841757]
                  , [0.37034754985168594, 0.012563015339049764, 0.027198637097746368, 0.04268314701366922, 0.008839662492811401, 0.07450851917495471, 0.012259246829678824, 0.019714058946885556, 0.03347417959095158, 0.0380982677685778, 0.011841745772317912, 0.020755258849366305, 0.027009454544162367, 0.0335921455299341, 0.032507656319246986, 0.09990477775878129, 0.0621163922292113, 0.06178097815364589, 0.0027935845797233453, 0.00801172215759938]
                  , [0.05184076345310226, 0.005933746343956744, 0.004789778085444264, 0.008170438880621954, 0.018709048242932493, 0.006051643019391844, 0.004457484903815175, 0.3019955780915349, 0.008694079500031527, 0.09380637251711123, 0.03451350990119937, 0.006853196002096102, 0.006204978449824434, 0.007304962063790375, 0.007244737415223773, 0.021730531752769407, 0.04889049457200939, 0.35455205410450974, 0.0020071410909438562, 0.0062494616096911305]
                  , [0.06014068060092772, 0.00300490935791956, 0.1822214115342946, 0.09131174054649588, 0.005329276945765616, 0.06761433992128384, 0.0327361193224094, 0.008427892059252935, 0.06292737794877658, 0.012253908920540462, 0.005825314358213686, 0.1681744056259535, 0.01459734980207744, 0.04762821554712403, 0.03629978146703463, 0.11250567077603243, 0.06452887487298903, 0.013148578367453756, 0.002131849396295654, 0.009192302629159307]
                  , [0.35545445832472355, 0.02350708402824744, 0.014103676440384981, 0.026466470349295217, 0.00622881973257551, 0.07018396808792492, 0.008620647875032356, 0.012112463023745098, 0.0167155107759634, 0.022606148588032875, 0.008592873125063667, 0.029438234730941308, 0.028827570431588248, 0.018169293924636336, 0.014407252486772297, 0.21041104148408993, 0.07759316667733103, 0.04859515816405992, 0.00209055295640644, 0.005875608793185478]
                  , [0.04898416213445018, 0.004833064803841771, 0.002610718838058541, 0.005027029675392312, 0.025584998644043587, 0.004658732497362795, 0.003398564466858574, 0.25788925911751037, 0.0045795319021465775, 0.1914145895478013, 0.04027868655287161, 0.003791866762323662, 0.004499578480025292, 0.006023195993646478, 0.005713946620515024, 0.010529763957850833, 0.03551866543584289, 0.3389396362058361, 0.00181731249321679, 0.003906695870405225]
                  , [0.15174005312618086, 0.005966036676751072, 0.03896445511964086, 0.032982248628359384, 0.005906322274173414, 0.4491562150564023, 0.009643527607605815, 0.007679064360390733, 0.028399818494690882, 0.012427599275319591, 0.005987126681952343, 0.03812724471680931, 0.01554380989688768, 0.02266885270660123, 0.026598808556239473, 0.08487180338879381, 0.033026763837198915, 0.021808499276493157, 0.0026133025884120115, 0.005888447731097556]
                  , [0.048861472695405, 0.0026716121272013765, 0.34368979326834104, 0.17386522071324628, 0.0038075963506852364, 0.04845690914487162, 0.02330730871091688, 0.0058554414349777225, 0.04163481885245096, 0.009838412128459229, 0.00453843554681756, 0.10688586000455079, 0.012791236245448773, 0.04149583236166673, 0.022739973188222507, 0.054569356337140294, 0.03747686451163117, 0.010406416577412585, 0.0015832608650430617, 0.005524178935511139]
                  , [0.04031309795290216, 0.0052201596634349305, 0.003011977736307464, 0.005041008595438968, 0.014977752361391117, 0.003956130151732638, 0.0030416872792937847, 0.33511435713572546, 0.005033245424006062, 0.08258607199320067, 0.027110015639628025, 0.004562485110241821, 0.0037972797369761582, 0.004850787492479109, 0.004484116314131902, 0.015787160627174456, 0.036030663191395355, 0.39942612829138624, 0.0015077690456149705, 0.004148106257538608]
                  , [0.07909906316701734, 0.008671140117092191, 0.03695987729356116, 0.032302771227930516, 0.006008696053805841, 0.039362286560884883, 0.01150100409494885, 0.011152010045531605, 0.03533893247246187, 0.014457545559470958, 0.007978627221771117, 0.06033274930121635, 0.013297753527390585, 0.026764950072207732, 0.028689366536486887, 0.2843615596593257, 0.2646783210205291, 0.030149436392143902, 0.002442614334618321, 0.006451295341605227]
                  , [0.10180699702770493, 0.0037523186441202993, 0.0297152311373639, 0.019826999143519815, 0.004222041969470687, 0.6207710895906379, 0.0074693548369881265, 0.005137956703764131, 0.02098547743133614, 0.00824205971732103, 0.004177546921360513, 0.0355041509815701, 0.009031533565443648, 0.016041317613972518, 0.018633737200363903, 0.05568235836903386, 0.022412294154435266, 0.010476214110145885, 0.0018140672038964, 0.004297253677551238]
                  , [0.0640074154894332, 0.003192290015986081, 0.03771374612993414, 0.08006224181172047, 0.006145434502334128, 0.022569134741676364, 0.017994419619695865, 0.022386435999314575, 0.27424351411409614, 0.04018975298433162, 0.013580812814386632, 0.05884951056759409, 0.01307027891726021, 0.08199237455994322, 0.09614748860588643, 0.05622911196663589, 0.06322018887375098, 0.03780254132961337, 0.0021129675910244398, 0.008490339365382241]
                  , [0.2062003929296884, 0.010147862163524497, 0.048834903714855965, 0.04839607843846283, 0.009123095978585594, 0.215649960024931, 0.014963349680466717, 0.012423184550701832, 0.03831912335249549, 0.03218802204228083, 0.009154152976782695, 0.04313252872409909, 0.03576044359543318, 0.036616820008742515, 0.04053076692732178, 0.09284205263246602, 0.052689815847539394, 0.040552673495037196, 0.0039333619642970925, 0.008541410952287975]
                  , [0.03295757441790966, 0.0037603869189487397, 0.008351486434917278, 0.03004216449817657, 0.003780143670078399, 0.017501038032027294, 0.025952888802827815, 0.008443390272685425, 0.35364724568893835, 0.025033846666177487, 0.007524862856997174, 0.03537162946636848, 0.006765457536953918, 0.049601499751929075, 0.30584717058810656, 0.03318729449388688, 0.03245779081874817, 0.013652441995292058, 0.0016821546065660807, 0.004439532482464762]
                  , [0.026870930574399928, 0.00550783927251715, 0.008256914113998856, 0.009675059963547774, 0.23145896369526897, 0.008401438876709235, 0.06801553464761846, 0.014907896853609654, 0.009786740381798619, 0.048176529009945505, 0.008651798668159955, 0.015470635606043703, 0.0062883062864119935, 0.012898401821544938, 0.012337199513880594, 0.024647003971156274, 0.015741424865469252, 0.02516771827797806, 0.04062980788432684, 0.4071098557156142]
                  , [0.021794186413201855, 0.003529476768117287, 0.0019009897241870348, 0.003262179853885545, 0.042803067683856645, 0.002431586491036014, 0.002747515621880297, 0.2341615504584764, 0.0033067920294174405, 0.4186373496479792, 0.07516113248028634, 0.0029340847664630965, 0.0025622199354787202, 0.0050336548175724865, 0.0043253672430490905, 0.005134595729541493, 0.016709395948556614, 0.14662508996846635, 0.0015673682234787294, 0.005372396195069535]
                  , [0.0507817176966386, 0.0032711438901071245, 0.30011185177867455, 0.08937905233096863, 0.005333701205176223, 0.05402558379890347, 0.03768027524271718, 0.007728634360294303, 0.044445250735636384, 0.011300997643852562, 0.005044063591799768, 0.181685191534023, 0.010854874605435955, 0.037941239375789144, 0.025591772289959326, 0.0674464443609955, 0.04474148036651546, 0.012086279475236581, 0.0022591810939921577, 0.00829126462328377]
                  , [0.029555090580513747, 0.004147553234178257, 0.0029260822953561163, 0.004577125416106123, 0.02416329405661187, 0.003668896936923243, 0.0032905759167025897, 0.3847955472756544, 0.0054413610431244255, 0.16039502989548396, 0.040915605293237865, 0.004370628909300793, 0.003497345675048743, 0.005131883027009309, 0.00483462303471627, 0.00874111307234517, 0.03247153125497939, 0.270160445848001, 0.001637174438043053, 0.005279092796663724]
                  , [0.04881104193767665, 0.0021717028411149157, 0.030297609504414267, 0.018754373758364702, 0.0027064524743878843, 0.7337231175782255, 0.005517623472007942, 0.003987043673183209, 0.016946327589555058, 0.005823920596971554, 0.0029785894579417815, 0.03239339654753856, 0.005581744949639094, 0.012614814286128255, 0.01444644134851616, 0.03640001137804959, 0.015071513968836475, 0.007566006877312545, 0.0013265330957864274, 0.0028817346643494383]
                  , [0.06259627993981548, 0.004427399167521067, 0.055976492942601534, 0.035633906168663916, 0.005131850516733941, 0.5317103636321522, 0.013023739989043841, 0.006453024717466423, 0.03547378634996424, 0.010242475559781477, 0.004977457614447679, 0.06655488087645879, 0.009517145467435551, 0.02673020857146146, 0.030890754769059794, 0.056211856725435626, 0.025432462806713938, 0.01095972602999446, 0.0023246714540610036, 0.005731516701187753]
                  , [0.07354850102908728, 0.0021854391802673383, 0.12764150992041967, 0.34098062521682476, 0.003200774830539243, 0.030956244796809078, 0.014675429128158418, 0.007731541940851319, 0.07048355232486071, 0.013985256703065744, 0.005701573046022193, 0.039848173514370804, 0.009850964352319259, 0.1107529887518252, 0.03681114891512995, 0.04278996911092484, 0.03846541734646932, 0.024851440686675108, 0.0012542986904463115, 0.004285150514933562]
                  , [0.17797726756178214, 0.002353920852555487, 0.11718099288268222, 0.2035080875690686, 0.0029449777167569495, 0.04215173815606491, 0.01636622931280057, 0.007208495378288311, 0.053684336786221226, 0.015502723131356588, 0.004782538219121287, 0.038383516636379233, 0.027092105050272874, 0.08434546225876782, 0.05746265590267146, 0.06395473196169556, 0.051956389666551916, 0.02896608321528025, 0.001107628078715118, 0.003070119662967412]
                  , [0.0783571289127999, 0.004506601846535967, 0.11140302440758411, 0.07677048832795677, 0.005861565062156374, 0.2077876521061124, 0.033442281588898344, 0.008803524402074844, 0.06484701165827207, 0.01458249272264895, 0.0067205817856687685, 0.10223227972217272, 0.018779345751937373, 0.0506156561488262, 0.04934907527108914, 0.0898577008460595, 0.050803539935319844, 0.014457120717666513, 0.002776443062169441, 0.008046485724050747]
                  , [0.09510211653356432, 0.014944816124100856, 0.039831440063736887, 0.03515481480734355, 0.011135259817949333, 0.05581804891913533, 0.015874691268463026, 0.014819938379410114, 0.041450017579308336, 0.0369999149528166, 0.01088376470851459, 0.06876270254416764, 0.03474789801833348, 0.031416841014459594, 0.03547539432749785, 0.29766977849313425, 0.11447490390104763, 0.03034652921552899, 0.003848134911183584, 0.011242994420303876]
                  , [0.03907033990313958, 0.0030607850609690465, 0.001815457722358299, 0.0030259612941503414, 0.01601649154358782, 0.003048870691471924, 0.0020990482958269745, 0.31174054394330564, 0.0030533926736686463, 0.14565022149712994, 0.030773588745090834, 0.0028474014095302095, 0.003099141015995982, 0.003259810505988788, 0.002931029075655786, 0.007336806698800349, 0.028284087651995908, 0.38871722759041283, 0.0009836408119137997, 0.0031861538690072314]
                  , [0.11775589651072244, 0.002442774150993201, 0.19930811255612044, 0.14726724781497683, 0.0030738542261768316, 0.08841558313849639, 0.015875635173430755, 0.0055688461273984274, 0.044500435250800614, 0.010998623345212765, 0.0041450933749019574, 0.07254083969214002, 0.031008266214709538, 0.058647009686726405, 0.03872356405731702, 0.09186799150265083, 0.05104960487228453, 0.011387739548379449, 0.001447564939645996, 0.003975317816915556]
                  , [0.06658434387982734, 0.0014715427762125302, 0.0701634731002146, 0.20667059911058586, 0.0026195538618179544, 0.028322721329826224, 0.022470280177097544, 0.007241212414017564, 0.20290629724620746, 0.015262768193355737, 0.005709679109177912, 0.05220748121896499, 0.006300125042483656, 0.10579554839517008, 0.08896588481654635, 0.048712526059985314, 0.04701416954567374, 0.01562926800612076, 0.000857166552112489, 0.005095359164602206]
                  , [0.24920906752338304, 0.011567255407473345, 0.013246329437584733, 0.02716871350282004, 0.008518175590879246, 0.04269028715749012, 0.007933815131729999, 0.05031701552823832, 0.016199282975882825, 0.04440204580281622, 0.0174789470999861, 0.02562008068212631, 0.018760270460238954, 0.018033137719177725, 0.015045025066204464, 0.12247017385245768, 0.17957744222135574, 0.12242795654205472, 0.0025313559329725923, 0.0068036223651278165]
                  , [0.021107916283626443, 0.005667820393910261, 0.004977515709874862, 0.006042476433080793, 0.36411783262160846, 0.005523693187091027, 0.03721148855351508, 0.0230560281832883, 0.006589823897267275, 0.056951131155346474, 0.010833483107198404, 0.00940380529128404, 0.004102366444683305, 0.007314021259454842, 0.008226659227474453, 0.02119835081347023, 0.011479294156501186, 0.026267336433606795, 0.030720962988112468, 0.33920799385960554]
                  , [0.08854743258920598, 0.004799346618861966, 0.038635168857765266, 0.057612504995684044, 0.005403874468970392, 0.042915299558365705, 0.03630991904627972, 0.012282108628952012, 0.13877067616468713, 0.0233004027547258, 0.008418475711246832, 0.06932856876795976, 0.012740299680210093, 0.07416445129685621, 0.11862682067451588, 0.13486725759936352, 0.09596878217537522, 0.028554453300372328, 0.0018282981769508926, 0.006925858933651221]
                  , [0.01987631236761652, 0.0025311369231554278, 0.0017038134491558022, 0.0026620120777714196, 0.01718848335622282, 0.002221392159640476, 0.0019143659130660053, 0.4232092081535748, 0.0034247119681381512, 0.1598087904997712, 0.032405970790439304, 0.002750742589717762, 0.002246872505729448, 0.0031523905847974007, 0.0030651449786135965, 0.0049358898937008925, 0.019307136983864957, 0.2938084075062164, 0.0007872725741877477, 0.0029999447246197262]
                  , [0.07195638682136564, 0.006187168235527338, 0.012150232968571918, 0.034079860429486346, 0.010877217248800653, 0.011944232714820952, 0.01075078735585245, 0.12716175247727715, 0.042181822643146606, 0.06892083663174124, 0.03806898924046837, 0.03672936141063582, 0.010283071680669883, 0.034921500899284384, 0.037385071689537204, 0.0679227645977962, 0.19857586665356777, 0.16753027712614532, 0.002723888913836638, 0.009648910261467908]
                  , [0.03845994999150078, 0.0015790954845333808, 0.3380473974654622, 0.3670081091705998, 0.0021102214623749892, 0.026251497156415633, 0.0077284114823491425, 0.004089969580912036, 0.0298696633811474, 0.006401435085074254, 0.0027180649177145156, 0.04376551347706788, 0.009300618596251847, 0.046596839202527905, 0.008053081030516471, 0.032206080845878664, 0.024412182891372286, 0.007834647426591965, 0.0007838846243080939, 0.0027833367274005976]
                  , [0.21972909959868256, 0.006370402867981058, 0.015816903401426472, 0.025905362559321608, 0.004703746162364825, 0.049787490113772044, 0.006288609672831981, 0.01292972389487127, 0.021071092919051158, 0.022348694621035243, 0.00805983087240612, 0.03950570765724033, 0.03192174144679243, 0.019537217439608585, 0.011325996130884109, 0.2235952245690681, 0.2258605105410439, 0.04901453963189425, 0.0017736098890852054, 0.0044544960106386935]
