# This script is generated automatically.
# Vector of amino acid stationary distributions.
distributions <- [
                    [0.07008559837007414, 0.010387762168911612, 0.03902584918938336, 0.06915678477712747, 0.014006222738189461, 0.035713049413772936, 0.03872179422797614, 0.022204125420332788, 0.1362960403482318, 0.045908644215770046, 0.016728223335111862, 0.04640552180377336, 0.02660077709686287, 0.0933065875425655, 0.1553626582433168, 0.06650468641319045, 0.05668567063639009, 0.033111775973759604, 0.006826347706574611, 0.01696188037868499]
                  , [0.08108807527611761, 0.006416485316493237, 0.15532763486819054, 0.19087083376530078, 0.009302780252099348, 0.04772553719217911, 0.02615808733624384, 0.015038097630803554, 0.0612191931860024, 0.026364511237034944, 0.010414580011747734, 0.0643838060054646, 0.026041213982524743, 0.0716356409960958, 0.043389479568324646, 0.0702661847347414, 0.052105771097691024, 0.02670077349182982, 0.003881481777747014, 0.011669832273367814]
                  , [0.15700339194389237, 0.015637239354895943, 0.037207965163028454, 0.04822632256471442, 0.016890755521440856, 0.0493064218450337, 0.021179435479389306, 0.039056415582881004, 0.04204989367958237, 0.049331447511831855, 0.02057862280835109, 0.04454701008306247, 0.036581155794988815, 0.039782882135799696, 0.037735908039766994, 0.1370375213714289, 0.11761253776057357, 0.06918913216510672, 0.005480492076321937, 0.015565449117909585]
                  , [0.03301786265008078, 0.008640728765598129, 0.001913128449460205, 0.003546561978071595, 0.010337891848846086, 0.003161622348117292, 0.002411794970946077, 0.34832801050504686, 0.003480671234935106, 0.12166891555625779, 0.025742939837408, 0.003185211852087595, 0.0027567105450187453, 0.003767318394548649, 0.0036905061025981514, 0.007739310951485056, 0.02533710672243071, 0.38737391185465114, 0.0008453568246823084, 0.0030544386077295594]
                  , [0.0319378280231771, 0.006033605255758271, 0.007196112633598241, 0.012127013860950598, 0.053068040166617904, 0.008451649419488354, 0.009156478221308538, 0.1518604284664566, 0.014768105720105095, 0.38428201525121397, 0.08998847857051744, 0.009939175649347987, 0.008575007037061644, 0.0176436425836902, 0.015418134841962756, 0.018445695198694715, 0.028024139944942645, 0.11295663356958616, 0.004461134708638448, 0.015666680876883193]
                  , [0.14368853956562724, 0.013709258895605042, 0.06089152006402062, 0.05606318927834667, 0.012319428400313415, 0.1886437088889174, 0.024328582220666507, 0.015851446328117594, 0.04076895596434952, 0.027889860872537125, 0.011282610181274147, 0.05710471255851222, 0.03135520725784503, 0.03972560287734496, 0.04237675803797588, 0.12327796217821875, 0.06088959156041689, 0.030924237088542948, 0.005763235010448387, 0.013145592770919822]
                  , [0.13488167625602485, 0.006337821854457769, 0.02663564636595812, 0.037708907486374066, 0.010032108553389749, 0.03145297464222897, 0.015559823350464998, 0.018709331951977572, 0.03083285684106408, 0.03340737754715804, 0.010615157996698274, 0.023319253138698915, 0.36820726430970935, 0.03267776203893618, 0.02815346598995816, 0.08687326470073764, 0.05422412075479001, 0.03755686270454906, 0.0038014301608702435, 0.009012893355953944]
                  , [0.06782601253571188, 0.007804250493184998, 0.009939676943509322, 0.016984135341529396, 0.01749918283229365, 0.01229817786159274, 0.00843929848319896, 0.23199295269919562, 0.017331424046823588, 0.12374560004232504, 0.03220946855115199, 0.013378253527300196, 0.012985718914686703, 0.015960301591413352, 0.015481547529349932, 0.029773851110969207, 0.06268141997148378, 0.29092296211928825, 0.0030967835433726716, 0.009648981861618947]
                  , [0.03294553647806399, 0.00448642280595642, 0.01149833860320924, 0.029894709076786676, 0.004810565998548261, 0.015203358189803545, 0.026900789354719117, 0.010998111650777133, 0.3066480597851653, 0.0236136987230772, 0.009971653588255774, 0.0336059464626685, 0.007880501358527556, 0.07382738475555067, 0.3177904289381332, 0.03432947341588063, 0.03207354896100573, 0.014976334346806395, 0.0020643097621779864, 0.006480827744886767]
                  , [0.05323934884773556, 0.0024430131102579277, 0.3005958378082662, 0.31168870358358347, 0.003013868148914382, 0.03022011625703541, 0.013775860545101685, 0.005704836614333, 0.03641887092298579, 0.010369486017043513, 0.004340254406857113, 0.05979429564037191, 0.01219012863486914, 0.05262305655691196, 0.015050960329107067, 0.04201289627157384, 0.028980407767516828, 0.012032494801280042, 0.0011954571480025061, 0.004310106588252676]
                  , [0.09748190846102063, 0.004013915341486212, 0.02518053731785056, 0.017035136892932894, 0.003864871376377437, 0.6602701253351899, 0.007204236648401525, 0.005318926226642357, 0.015402138857391064, 0.008461312346234734, 0.004212480743719359, 0.028655426367195622, 0.008340241645271302, 0.01234835465110516, 0.013166800205209024, 0.05369623730926167, 0.01862086492997289, 0.011112949179622142, 0.0016659350849491568, 0.003947601080166431]
                  , [0.1030750479584146, 0.004993319605588499, 0.05789227545192361, 0.13061401404985873, 0.0037564384756354867, 0.029619097368314896, 0.02904463061671032, 0.011748016993036054, 0.1429102885045125, 0.02475393415143433, 0.008034299137542448, 0.05041371417069499, 0.007514827416348558, 0.12051336108143992, 0.11338258264081383, 0.07145831523850064, 0.06194145329802119, 0.022348575514838896, 0.001129253785061762, 0.004856554541308863]
                  , [0.01657623546201795, 0.00428956135800203, 0.005419455712957383, 0.006723109045149148, 0.34193840847694795, 0.0059932481608441675, 0.03521960046509957, 0.015619166777086808, 0.007008045670071745, 0.05208489917204175, 0.012535357889273915, 0.010211251639683836, 0.003961562833408468, 0.009397080734692916, 0.008494511188324115, 0.013590708969914001, 0.012198557513949205, 0.0183189944840329, 0.04358424472116772, 0.37683599972533444]
                  , [0.06939164464059813, 0.011499389024129034, 0.02062384077792622, 0.03086721201204488, 0.05176506553808537, 0.025351353546202333, 0.023139507859823744, 0.09594291323169908, 0.033859785574849886, 0.2009333483980299, 0.05617864645045031, 0.026361091890466985, 0.024365764187154353, 0.038072065249198865, 0.037252141398224005, 0.05051833119465579, 0.05754872698703844, 0.1041482304340206, 0.010845949330324327, 0.03133499227507797]
                  , [0.06615456952868994, 0.001035754335933553, 0.06710435532382877, 0.12287214124142701, 0.0059354193263309075, 0.03007028765108778, 0.02876764565867406, 0.013041269445476815, 0.17657674820185662, 0.02265634343630142, 0.00916321605658177, 0.07293834985339284, 0.012703285138078469, 0.10642170161600582, 0.09381862277457524, 0.07065384984119341, 0.06480952858189826, 0.021963671462796066, 0.0019536639824462125, 0.011359576543425098]
                  , [0.05352378978569377, 0.006841286239258423, 0.15070254453494172, 0.06050712243782553, 0.011375337571305337, 0.051392419027295716, 0.044459892897841864, 0.014764886960793193, 0.05309392514838582, 0.02094880061478805, 0.009401351411691858, 0.23044981959428246, 0.01436601413489261, 0.039144903055394406, 0.0324346799626375, 0.10338280129713937, 0.05983768636221543, 0.0206052504831649, 0.003781846918721553, 0.01898564156173053]
                  , [0.4414138108215289, 0.027318915502048943, 0.008520231570049854, 0.011290685322531307, 0.0047202365962749, 0.09120116537601819, 0.006247856242085737, 0.009860205129762026, 0.009176443128313477, 0.01300090615703061, 0.0070173174658582, 0.014498529865226763, 0.01145238147287185, 0.010131816696348848, 0.009711945442053749, 0.21193977183977367, 0.06984401670510844, 0.03703173100146813, 0.001450245672776066, 0.0041717879928702215]
                  , [0.05729964020821577, 0.002502527936151632, 0.23185393324983078, 0.08717633598962823, 0.0037454893300118744, 0.1383181588793134, 0.021494743981798976, 0.005472463096116709, 0.04599375255224875, 0.009557943031941428, 0.004171472317178011, 0.1792728984150369, 0.010740872513843626, 0.03626299559819416, 0.024754692928576873, 0.08525127008997017, 0.03854960223239312, 0.009900512013369563, 0.0016693728489686774, 0.0060113227872112]
                  , [0.11916207004971364, 0.0008527432598386399, 0.15593401413249025, 0.21458131860639632, 0.0016692334608089296, 0.038956659127790276, 0.014241073775790768, 0.004436725237872798, 0.0899609063549523, 0.009420307694177997, 0.0033711726692787366, 0.06303086107516587, 0.013083715060351463, 0.09009958442157984, 0.038673321027794555, 0.07423052239290868, 0.05273362616275237, 0.012755801133752841, 0.0005130920670939656, 0.0022932522894897824]
                  , [0.022917013870338333, 0.004629282602870946, 0.001938563782558096, 0.0034181181836882993, 0.05983736348723952, 0.003485737688841263, 0.0031916845615140733, 0.20484902076863296, 0.0036451953668119753, 0.41007713158140424, 0.07865270419222502, 0.0032012580518105322, 0.0029976044856226025, 0.0056443885668539945, 0.00451334576792945, 0.007174686770426213, 0.016126957711158726, 0.14641862973781652, 0.007061112868320383, 0.010220199953936634]
                  , [0.059888459403843304, 0.009981365218762533, 0.03995976890402912, 0.04864767218815221, 0.04367293964132781, 0.029746345718515387, 0.15510924466925904, 0.02281801418229242, 0.05400090140808786, 0.049934751865223996, 0.017167725504445636, 0.07371808053541704, 0.017461173066928178, 0.07384570758123735, 0.06385187083992606, 0.06454738594107891, 0.048883401556132626, 0.03304849460344996, 0.00891837516874016, 0.0847983220031506]
                  , [0.10078523750199217, 0.012840824624454716, 0.026262002920869765, 0.022080442543306603, 0.006115366854061112, 0.03474395331806966, 0.013372006056064513, 0.011425465327319662, 0.02304096653148598, 0.015701014799266493, 0.00880617287403416, 0.06293982272046406, 0.015326973631435339, 0.021262263573340767, 0.018810021924078046, 0.31899743449128226, 0.25554016251943673, 0.023463454794024848, 0.0021693699098069095, 0.006317043085206305]
                  , [0.032279185485043174, 0.01408297443424339, 0.01372024800958021, 0.016214077252441294, 0.2628784387018852, 0.014484224462670036, 0.05139207004336276, 0.02959172063453465, 0.0177876468089183, 0.08040053368925185, 0.01666216595187623, 0.02442249794757005, 0.011317141488241483, 0.020815355836556877, 0.0198378552246364, 0.03539637798123182, 0.026674335099455607, 0.03336231927376496, 0.00915051327127027, 0.26953031840346525]
                  , [0.03113148780336751, 0.0007068023332448165, 0.0027932674260829258, 0.004577269039888079, 0.01824781404714685, 0.004008530908771515, 0.0024069173194780774, 0.33259349497934176, 0.004924094081028458, 0.17162172717042812, 0.038861505907303216, 0.004157007242298845, 0.004011138566284179, 0.00526688979310591, 0.004357612682756939, 0.008935239005488513, 0.02645992050446144, 0.3291076748501772, 0.0014437247636379924, 0.00438788157570778]
                  , [0.018011508088220586, 0.0040880518831757535, 0.001895870024385642, 0.003337778238142946, 0.04001337545699096, 0.0023987386468908006, 0.002773370344957848, 0.23115922283148468, 0.0038207104060662524, 0.41630239938050906, 0.08865360716546578, 0.0033106307086055602, 0.0023273380237086145, 0.0057864177710310275, 0.004094234190328433, 0.00639145142812416, 0.01470519396183722, 0.14459701800705607, 0.0006606384232220512, 0.005672445019796679]
                  , [0.07345431738733892, 0.004892078750749777, 0.022921137359276304, 0.06940085706422201, 0.012271048577457087, 0.014785633826048227, 0.021805560233613835, 0.07918634823256918, 0.10684868967332656, 0.09856611135756162, 0.036289551054080736, 0.030535952739217737, 0.01000545343658254, 0.08575078085005387, 0.08182072139126911, 0.04977305085874094, 0.08615112112930251, 0.10010541858873492, 0.003068359356718578, 0.012367808133135727]
                  , [0.16077947296112027, 0.0026727967655940524, 0.09435293861125517, 0.12402131238939558, 0.004116089741857229, 0.04604328292011246, 0.014139670686992062, 0.008529308213487047, 0.0610688658403197, 0.01772167155817309, 0.005830946191898305, 0.03989027885557474, 0.13765822995254287, 0.05607686458857059, 0.0370939173301942, 0.09997297749728615, 0.06077985648082959, 0.022894303435390784, 0.0017245365817679511, 0.004632679397638308]
                  , [0.2446204242983123, 0.03131346217748919, 0.00782716960119032, 0.01247564757281305, 0.009992237209407987, 0.024409417981523844, 0.007251784749390328, 0.08351443708322226, 0.010778831370177072, 0.05771097431477113, 0.024122291803587746, 0.012475916013821066, 0.011040523492601057, 0.012389177206186984, 0.011523075339719918, 0.07973016000663934, 0.12267459475803395, 0.22767905025060375, 0.00215111089638005, 0.006319713874128788]
                  , [0.02749754012732216, 0.007119497279445961, 0.005538248423111054, 0.007996190171240454, 0.23686907007658176, 0.0077789079941383895, 0.01486569892124923, 0.08661576775867993, 0.009200988289852658, 0.2735748140376185, 0.06290250943850657, 0.009117702746282267, 0.006082659415449964, 0.011951638836175567, 0.01052943915913967, 0.01718537188363394, 0.02030477257792808, 0.06793200680108623, 0.018652648624523576, 0.09828452743803434]
                  , [0.2602232142795726, 0.0017037507927815355, 0.02762972383162344, 0.03185033283525419, 0.007566492808332104, 0.05668666519504977, 0.007313787498108734, 0.021966554778683863, 0.03066430063877453, 0.022731474715432066, 0.010355032624383092, 0.03706722422845241, 0.02157031791769832, 0.02403520705943172, 0.017443807598851044, 0.19660819394300913, 0.15502914517319202, 0.05975951304881828, 0.002532293302383194, 0.007262967730167952]
                  , [0.05671408055633065, 0.011989647114860846, 0.0237294718470821, 0.027568391001399264, 0.12048373000772261, 0.029894163979826877, 0.03980086642521725, 0.03158646493437392, 0.02981707601266734, 0.07366583569980653, 0.02246984316298719, 0.030154491566785263, 0.019798155806290893, 0.03238805116657581, 0.037409833156800534, 0.04948045395619242, 0.04271238221315175, 0.04339699123846524, 0.1488358003184374, 0.12810426983502604]
                  , [0.11958268221700029, 0.17494059029201767, 0.02263136360396022, 0.02742720414371324, 0.026746647723170744, 0.0429156260006963, 0.026028493397379983, 0.03428005548080314, 0.030315486989960585, 0.05287612411187133, 0.02095047123693543, 0.03975974030153527, 0.02208004746569209, 0.03102892409638676, 0.03476793345074728, 0.1225161975361629, 0.0771433494315117, 0.060009128350467816, 0.008540918677600758, 0.02545901549238643]
                  ]
distribution_weights <- [ 0.05163990021497465, 0.04852257617038561, 0.04798992952969984, 0.0416728936507754, 0.04062867631561804, 0.03952697912714927, 0.038902364721165233, 0.03666256643713045, 0.03494583481822954, 0.03437295228022578, 0.03401657718969501, 0.03160242335061561, 0.03148746364399278, 0.0314165718249087, 0.030299546675556885, 0.030029391364993236, 0.029973827506792203, 0.029176773540873925, 0.02876483459214212, 0.027906468782691665, 0.026992539115040178, 0.02691973130084572, 0.026262544977985216, 0.026214645100225704, 0.026053701510953743, 0.025478902977839602, 0.023802407256256684, 0.023059001153429057, 0.021284789681216734, 0.019853541333762516, 0.01902583144607815, 0.015513812408750733 ]
# The number of clusters.
n_clusters <- 32
# The base file name of this file (for reproducability).
fn_distributions = "dists_hssp_poisson_allsites_clr_032clusters_rb"
