# This script is generated automatically.
# Vector of amino acid stationary distributions.
distributions <- [
                    [0.08877997011513518, 0.012289649675013673, 0.05097131059642556, 0.059991165082821755, 0.02615421019873611, 0.06112537511607378, 0.0459773787236348, 0.04301920306359099, 0.057301745970893575, 0.0648498645616356, 0.017690588728924043, 0.05965086451899217, 0.03829362404882585, 0.06015901583070286, 0.0581792036385121, 0.07939395394329955, 0.06865897179921059, 0.061448448629601124, 0.008237660214984384, 0.03782779554298624]
                  , [0.14862243891799637, 0.01034371357104145, 0.0412318532919843, 0.04623040539409204, 0.008979583303492251, 0.0609952089269097, 0.01478039431121132, 0.02144576106688607, 0.04483440044133836, 0.03757096593131018, 0.011962953403103247, 0.05847241538694184, 0.03596249696214129, 0.042943396205511374, 0.03848297826467617, 0.17233894732227964, 0.13691775027701764, 0.05558694953778052, 0.0032189161597459062, 0.009078471324540292]
                  , [0.07030229496824841, 0.005097119161311367, 0.04217592833562821, 0.07677850236507622, 0.00809964582860693, 0.035398557844316926, 0.04376126157406718, 0.017531037889844375, 0.15213895925050114, 0.04765495342933692, 0.01221152900009845, 0.05574316300092741, 0.013672646971146587, 0.09754260503242305, 0.14662520303253565, 0.06270138080174212, 0.06065337776385697, 0.03817718257054909, 0.0031750919047604403, 0.010559559275022461]
                  , [0.08825198364334268, 0.004111097835642147, 0.13999943669611117, 0.1632380381996458, 0.006317194043306559, 0.05866315557522924, 0.031103908982164467, 0.011200413403712656, 0.07206404339050687, 0.021195360443714954, 0.007911171908000433, 0.07229914935535825, 0.030427501477774208, 0.07474329827492442, 0.05164494091537901, 0.07558424023482571, 0.05709938513218048, 0.02320762801435463, 0.002444017406956289, 0.008494035066869805]
                  , [0.05893435079637936, 0.008054306378049823, 0.010913406271220059, 0.018350711413471867, 0.06725934286427789, 0.012883101655109013, 0.01397117506488164, 0.11749826154041752, 0.023519396654789967, 0.25205435483917893, 0.07815371237849913, 0.01459274504065952, 0.012023619840337342, 0.03751934499483931, 0.03319226623973524, 0.03881568419383863, 0.050645065779435706, 0.1090359964533422, 0.0068270192399130505, 0.0357561383616237]
                  , [0.03444438777637696, 0.007570087965185449, 0.00928311734231637, 0.011178145298445791, 0.2694203687556317, 0.01046462220494259, 0.05147850808746844, 0.041586431784484186, 0.01174642601577387, 0.09255551857811693, 0.019032110964181007, 0.015411324197474438, 0.007829173502485104, 0.014486090887794621, 0.013559852469914663, 0.031495106441937815, 0.020469580983430758, 0.04210555908907552, 0.04414146848027737, 0.2517421191746864]
                  , [0.06863077900700294, 0.007492542639013952, 0.007927050442024934, 0.014979842512479071, 0.028995982241610194, 0.009846953598881075, 0.0075311021817521685, 0.22508006778922424, 0.016124258173134478, 0.127156158331302, 0.0453017575479034, 0.011030991458109589, 0.009759218741726987, 0.014268131638142181, 0.013723885683240308, 0.03433317817582418, 0.06817874165900877, 0.27686621208360496, 0.003098940603309101, 0.009674205492705567]
                  , [0.07118661297671668, 0.00235117317528491, 0.24606352018718922, 0.2457636248467488, 0.003202407271186345, 0.0477260836233755, 0.017632936756866793, 0.005665050847144454, 0.050870171012831214, 0.010358950928331173, 0.004374834790119351, 0.06981299328758943, 0.023932844873931606, 0.05940290273190448, 0.02940731222628418, 0.05531349447585762, 0.03950974006699105, 0.011670283014669845, 0.001276894868915967, 0.0044781680380613295]
                  , [0.036530544517658615, 0.003966327279924335, 0.0030011048991277433, 0.005264083067552334, 0.04024272777469828, 0.004399696646643878, 0.003803419296558589, 0.2660312475049793, 0.005713035527000515, 0.2670192107016581, 0.06591495996930476, 0.0044727946874928365, 0.004345089477211278, 0.006733458620217897, 0.006087553582145474, 0.009599467449299634, 0.03137093623967386, 0.2260696374382967, 0.0022504580918378866, 0.007184247228717795]
                  , [0.3473281881008068, 0.01614958028368762, 0.02563972782205271, 0.03167968267150217, 0.005295014258345955, 0.08581161653595852, 0.007523153035864372, 0.010431574300267931, 0.02371600932528705, 0.021149879645207925, 0.007107087672059113, 0.031087709099995794, 0.027233106696874447, 0.0244268697191824, 0.015822372211452832, 0.18426420622017076, 0.08147392410132501, 0.047278658990065385, 0.0017678516106996128, 0.0048137876991936925]
                  , [0.11549938931888089, 0.005531111281521306, 0.055325443548526476, 0.039189667383529844, 0.005624904320226243, 0.43882462269975203, 0.011965174890400868, 0.0073031769987531, 0.03521581037073397, 0.011894912715413273, 0.005727236341878221, 0.0580826250076051, 0.012829434267058291, 0.02898456561527757, 0.031170421610785093, 0.07935639631113342, 0.0340221284441768, 0.015015253300506832, 0.00251029454972798, 0.005927431024112736]
                  , [0.049998536422412254, 0.0032486958118248727, 0.01783910450237254, 0.05274732564634011, 0.004310619509369983, 0.02457866589455329, 0.03574405811134852, 0.009950767463696044, 0.2590565492095672, 0.03219150627003582, 0.008119876920500757, 0.04640860079763561, 0.007458121860064539, 0.0904199611282169, 0.24362533630853903, 0.045183238497871425, 0.0445436014387564, 0.01687445915975516, 0.0018745600959632356, 0.00582641495117628]
                  , [0.029726007468177988, 0.004662852229468733, 0.003929802328016373, 0.006274787732815369, 0.08741796582726312, 0.005298479790458656, 0.006078824942706485, 0.11844628380608892, 0.007172182795646274, 0.450443680264163, 0.10058776273376382, 0.00583957474288354, 0.00497152634436159, 0.010877431853465423, 0.008026325996193998, 0.01130586928001784, 0.0237277641235368, 0.08387856967462454, 0.004609481031667599, 0.02672482703467991]
                  , [0.04248560266967753, 0.00422255496192214, 0.00236892676576767, 0.0040288961514217785, 0.015297216824223735, 0.0035085126322510073, 0.0024948511188947215, 0.32661285773799814, 0.004145093772955187, 0.10137717720088554, 0.02910182400840447, 0.0036410486677137676, 0.003161107913907689, 0.00397677115068254, 0.0038659275793026015, 0.012211491182547895, 0.03432624607007961, 0.3986523793603631, 0.0011135265686434432, 0.003407987662357363]
                  , [0.1253276636514112, 0.004534450824574896, 0.044802051153362485, 0.05683198320818643, 0.007116177361903956, 0.04130712362022531, 0.012795195254105112, 0.013651192650795934, 0.0470028424107135, 0.037196041625274845, 0.007956695468103268, 0.03154331256852839, 0.2951031521253979, 0.04375350816566638, 0.03904556301791481, 0.0849524417371444, 0.05635636581943225, 0.04100136993903941, 0.0028741072531447086, 0.006848762145075011]
                  , [0.11497563669147878, 0.0012346729141271345, 0.08357097450259968, 0.201328756921827, 0.002099189045109689, 0.03379318946294622, 0.014054178025676276, 0.006013651147314082, 0.13640656099473156, 0.012230142258168064, 0.004370371202161256, 0.05035318591034985, 0.009010974440320226, 0.11978103477087813, 0.06571285517797562, 0.06194613278790262, 0.05604802706586017, 0.023198863810692395, 0.0007476154559825369, 0.0031239874138987785]
                  , [0.05904359208576753, 0.0035007737154877237, 0.1393808617617943, 0.061007059194894415, 0.0057238957493174454, 0.07245471779778999, 0.04250939847878221, 0.008214656761554712, 0.060218379500770525, 0.012052248112934913, 0.005746921531394678, 0.23079835021104883, 0.010309234403269111, 0.04576807387015135, 0.03610336457211358, 0.11683124382865664, 0.06638801983175548, 0.012528175413526662, 0.0021068161053991964, 0.009314217073590413]
                  , [0.016532725243281088, 0.00214603687814319, 0.0014781367489440822, 0.0023685131814167163, 0.04979268132242074, 0.0019607784539786757, 0.002038033723302842, 0.14996998177990264, 0.002593565335069651, 0.5481607196514168, 0.1003377221928964, 0.002457661824261109, 0.0018671479315301588, 0.0044883483082371785, 0.002928955977415941, 0.004687982797893239, 0.013589763129467042, 0.08642804453158977, 0.0013916444489912012, 0.004781556539841637]
                  , [0.014549271332641165, 0.0029592939543716537, 0.0032258998881900787, 0.003943381333902302, 0.3682516297271099, 0.003548301130333112, 0.03493982478841232, 0.016513190691982448, 0.004287101087877826, 0.048626578528766236, 0.008966794464274157, 0.006369268742002114, 0.002292398867820902, 0.005349635891717801, 0.004657181386503583, 0.013245673516341408, 0.007743005784097195, 0.017774136674398942, 0.03140030683015735, 0.40135712537909946]
                  , [0.26303649951867625, 0.031076470878819495, 0.0064675451627286655, 0.01128336611299716, 0.007339302368792617, 0.030377618843293243, 0.005240075954174778, 0.07903333196364715, 0.009017828197649612, 0.05631851337254042, 0.02696944103297449, 0.008902849789063916, 0.010132538293403263, 0.010029319848234162, 0.009017728368954574, 0.06503568845440393, 0.11600881270717701, 0.24832351009685558, 0.0017177160000178978, 0.004671843035595733]
                  , [0.020525185016172464, 0.0018512763777257962, 0.0012230927975018552, 0.0020744250149179865, 0.023296258081794235, 0.0018483247494386367, 0.0015409470438402127, 0.3547272473215919, 0.0022465923646834886, 0.2596259241712246, 0.045999244958201214, 0.002011003746670275, 0.001598703632216481, 0.0027491883968141307, 0.002369649533828811, 0.003807436300062197, 0.015817185313884957, 0.25316535060269857, 0.0007966573507423032, 0.002726307225989721]
                  , [0.07003242506680243, 0.002167630619486858, 0.02163102846463309, 0.013678312960754582, 0.001955403680194379, 0.76180524412687, 0.0037268752332600312, 0.00287321875980728, 0.012268668757658259, 0.004387389247424932, 0.0023391763918250573, 0.023095471504830028, 0.0038041367169957827, 0.008814365495921317, 0.01028916417631608, 0.034886340393308346, 0.01264193969454208, 0.006731922463646216, 0.0008678968853808959, 0.0020033893603423076]
                  , [0.07839524718043792, 0.005954506261307871, 0.026873091665611856, 0.02108938937663283, 0.0036956398413120635, 0.029947740442701157, 0.006122440311657192, 0.00836615002062155, 0.026437123718410036, 0.00971833492669012, 0.005498222982766531, 0.04960769829408045, 0.009229301156494105, 0.017408498814665392, 0.015073154576191943, 0.3181771501174387, 0.3365541095432682, 0.026863319653076326, 0.0013234767866519346, 0.003665404329983721]
                  , [0.05627536884754647, 0.000965030138202257, 0.29065648558592455, 0.39499129239092784, 0.0014778395644312503, 0.026233906181590664, 0.006670519188002613, 0.0028661226586910614, 0.03611998606858453, 0.005216859905981646, 0.002219658015923678, 0.03918085777818324, 0.008650828768021208, 0.05142330555433455, 0.010311713766431835, 0.03198656362929629, 0.02473711329177633, 0.007624861963807397, 0.0005770260946900374, 0.0018146606076526648]
                  , [0.019211501405867505, 0.0016928589108768648, 0.0009781028604457685, 0.0016346525631907771, 0.007763737473752652, 0.0012931483348121527, 0.001043947795461292, 0.4101001545839263, 0.001523706709771399, 0.07535006921570235, 0.015397073283987702, 0.0014429391495553246, 0.001033285858716286, 0.0016551663662791136, 0.0015406139222751511, 0.0029266311604651644, 0.01550329228090951, 0.43832471370620263, 0.00030691204463842176, 0.0012774923731636784]
                  , [0.5425374459803836, 0.020041406926172126, 0.004684933155036994, 0.005831432597287024, 0.002257053289528539, 0.08132662223215398, 0.0027454314466025674, 0.004794692832481393, 0.0044071401466302205, 0.006325299274493324, 0.0033711636752355176, 0.009652173821253822, 0.00603992829065197, 0.005222585937951303, 0.004474268633737634, 0.20818349803524064, 0.05340044198767384, 0.03201674231250595, 0.0006968488879950885, 0.001990890536984413]
                  , [0.034529650088626164, 0.0013703236209442458, 0.38376006076967195, 0.07408651022624387, 0.002358849239553818, 0.054584436376651196, 0.022668830983422296, 0.0034869211669929082, 0.036625041471258474, 0.005543867892181598, 0.0025081339283822696, 0.23241401300263057, 0.0050435215711384495, 0.02636045221288908, 0.014936014205101822, 0.05680930568914755, 0.03205215930070413, 0.0059956560720415475, 0.0009953873137925294, 0.003870864868625528]
                  , [0.04516038917878648, 0.00584571997285186, 0.03325955443293232, 0.03636582702485301, 0.04240589928951642, 0.01601902564789124, 0.25707755305894536, 0.011862437118666129, 0.04435687341230984, 0.04276035251404477, 0.009692026105395895, 0.08839114340984515, 0.008779600872164683, 0.08792489901786447, 0.06187949441356621, 0.048649206220591, 0.03916678268899248, 0.017867490166610267, 0.005107147687045279, 0.09742857776712693]
                  , [0.02585199137477957, 0.0021159084826824614, 0.00538868036914048, 0.022895317835179962, 0.002397255389528912, 0.014276403851167869, 0.02163891136850934, 0.0053129260460758445, 0.3690131949695381, 0.0172578342691566, 0.0046004492827394555, 0.02672064909268497, 0.003822717900927319, 0.052111143805557626, 0.3650300825991959, 0.025134990272347054, 0.02483100260852112, 0.00771430460549056, 0.0010416376387719674, 0.0028445982380047555]
                  , [0.1152946376418465, 0.0021086776620388827, 0.022156021506857467, 0.028086190951579243, 0.003381250635446469, 0.021470018612832965, 0.005477687915613146, 0.006831801439078498, 0.022076882732623666, 0.020013762578803142, 0.003863617898422735, 0.008960793640479865, 0.5833401908915404, 0.020740576676857896, 0.01782815213932281, 0.05824550731075679, 0.03234611145879588, 0.02373674568461634, 0.0012361253252941376, 0.002805247297193238]
                  , [0.022014514364291884, 0.003136622829790933, 0.006450623132447556, 0.007886976913450867, 0.08149235904044658, 0.010794890729768136, 0.009624154285273218, 0.009680205597653365, 0.007999053298845043, 0.039188242309999906, 0.008857680047372727, 0.00862806982834229, 0.005655480289507172, 0.008844587143042437, 0.011873740005483571, 0.019229583608746537, 0.01816438226884907, 0.019410311932632412, 0.6270824365956845, 0.07398608577837154]
                  , [0.014081475305768837, 0.8576070489137321, 0.0040406652301477365, 0.004877657625302996, 0.004581648314196845, 0.009594482246748451, 0.004301755268941695, 0.005980840836210974, 0.005255341751126342, 0.010528810757438027, 0.0036860331984566183, 0.005928170509164598, 0.003917087190007051, 0.00483166603441151, 0.009252275539598795, 0.02279807974279289, 0.01156845615767412, 0.010692319075144029, 0.0020482935620753967, 0.004427892741060978]
                  ]
distribution_weights <- [ 0.1357195136438012, 0.07470656534884523, 0.06850448917654361, 0.0671613766041669, 0.04904947482574024, 0.04425757105467867, 0.039126536149079745, 0.037804499522917215, 0.034871111008924704, 0.034037653135909195, 0.03356057035342446, 0.03305283164917363, 0.03300493177141412, 0.030029391364993236, 0.02992401163392231, 0.029136537643555935, 0.028054000406190962, 0.02142274132916413, 0.02074256306497906, 0.017675054893259913, 0.01735316771471599, 0.016795613137595273, 0.016550365763466572, 0.01485854208100061, 0.013724272975655366, 0.0122585367162143, 0.011768041967956899, 0.010833036354091224, 0.010516897160878445, 0.009313652231559505, 0.002766696939389411, 0.0014197523767919345 ]
# The number of clusters.
n_clusters <- 32
# The base file name of this file (for reproducability).
fn_distributions = "dists_hssp_poisson_allsites_lclr_032clusters_rb"
