# This script is generated automatically.
# Vector of amino acid stationary distributions.
distributions <- [
                    [0.08469139180933208, 0.00433027335741579, 0.10168977374189912, 0.12987654257166126, 0.00703822649704431, 0.04748232408305066, 0.03112075138911277, 0.013651131057682852, 0.10988076099996345, 0.02531450339091382, 0.009905757224459154, 0.08023807993547637, 0.018959797995787418, 0.08601521175591, 0.07356667491353053, 0.07975866050797396, 0.05970579716872411, 0.024253630275574218, 0.0026458634062915126, 0.009874847918196828]
                  , [0.19990028906117543, 0.016091588849418074, 0.03306221443072311, 0.03816855915256487, 0.013079612558367018, 0.08813368403559037, 0.01869762358662488, 0.026033006944892065, 0.03433386480936122, 0.037034798339502094, 0.01566092819095421, 0.04269960012911097, 0.03974293312355561, 0.033462447467292, 0.032451165325309485, 0.15858712331294444, 0.10107263803142373, 0.05482986232848845, 0.004676982981758426, 0.012281077340943759]
                  , [0.0415368625202113, 0.0062018897418143265, 0.004659641523164248, 0.008105535288287254, 0.03135131613148345, 0.0066174681443485345, 0.005583981051162441, 0.24932477923234303, 0.00879079546853904, 0.25224572262403633, 0.05863333070189452, 0.0070706831500051545, 0.006114824383194669, 0.010328727626476429, 0.009059832762243194, 0.01550890715580155, 0.033821066051076154, 0.23304411710620715, 0.0027558994333167675, 0.009244619904394511]
                  , [0.03804153297926268, 0.01037685343173345, 0.01393137231053412, 0.017587027184170507, 0.23160244973700767, 0.015401424256231214, 0.04910556761305911, 0.03541692073401405, 0.019536779736068693, 0.09993134789650998, 0.02497229402870226, 0.02324458879765313, 0.010987874434467724, 0.023736289905153172, 0.02323826764614097, 0.033595759458631566, 0.029500173225411687, 0.04067523747236743, 0.03159937570128589, 0.22751886345159467]
                  ]
distribution_weights <- [ 0.3674131383616709, 0.28757362211211634, 0.23162081690367525, 0.11339242262253747 ]
# The number of clusters.
n_clusters <- 4
# The base file name of this file (for reproducability).
fn_distributions = "dists_hssp_poisson_allsites_clr_004clusters_rb"
