# This script is generated automatically.
# Vector of amino acid stationary distributions.
distributions <- [
                    [0.057545237989936215, 0.006902244151098042, 0.03579457300996909, 0.06598426613547943, 0.012250873648043866, 0.028212947013236678, 0.028552329906579854, 0.023322183408651092, 0.21301175579238127, 0.03789433622001112, 0.015383859050863617, 0.046291722556389976, 0.019381737309484462, 0.06638139051588633, 0.19304136158376864, 0.05342087394536652, 0.0479425265647784, 0.030364993591698683, 0.003691607310047158, 0.014629180296329517]
                  , [0.07332405839326586, 0.012704808976396932, 0.057114068345261323, 0.10004408412097318, 0.015916732901201994, 0.033551240609225166, 0.03881987869666401, 0.028231443464845993, 0.10214888958351524, 0.05178733155961916, 0.019538324192811547, 0.05548691508626154, 0.023434724111392323, 0.11676058735194897, 0.07713163356430836, 0.07288630209801261, 0.05989099905589997, 0.03823218191219209, 0.004982389344904038, 0.018013406631299717]
                  , [0.06455194460998054, 0.011659861174448805, 0.11581310858050164, 0.07075789286154839, 0.015010515479194032, 0.062472645168862695, 0.04683179589879294, 0.018283321735891266, 0.06097047319746865, 0.02899683157272873, 0.01259044569741768, 0.17392842339869524, 0.02078451140523277, 0.0480291821352542, 0.0466243764677947, 0.09218065496571033, 0.058573283148505226, 0.026976816136872174, 0.005187194380948052, 0.019776721984151806]
                  , [0.07671487206558335, 0.004881248115292478, 0.1310233396627856, 0.22726579637153144, 0.010047147394304193, 0.035170259803335456, 0.02473242996009594, 0.01803939690056294, 0.07704077676630362, 0.027524037622186824, 0.011389181447107098, 0.05305743223427069, 0.026144390622445363, 0.07865384022439693, 0.04455422009068696, 0.059060145050551974, 0.04912633116891797, 0.028818101030373293, 0.003964468075374026, 0.012792585393893862]
                  , [0.03175629886789565, 0.006679968122296683, 0.008864484869358136, 0.015584044278769107, 0.06184670785598338, 0.008771963294222855, 0.01118341602219482, 0.1445762531416731, 0.021057305977246126, 0.37763818885541395, 0.08064950864169058, 0.011779304231931586, 0.00921108094985697, 0.019448154791897387, 0.018828250058629273, 0.01871353852128355, 0.025286664787476983, 0.09846152952376368, 0.0058755926133686525, 0.02378774459504752]
                  , [0.13391066000230387, 0.02368321729278734, 0.04646667338325265, 0.049127369569549016, 0.013872366952101546, 0.06097375892161204, 0.025617665678109143, 0.019390084192284128, 0.04554555714755442, 0.0303105501597636, 0.012646085419762443, 0.05990220166618246, 0.036883775315873675, 0.039600381451371736, 0.03959218731983623, 0.19790126266241598, 0.10720924806270707, 0.03543821040351768, 0.006141617147634557, 0.015787127251380324]
                  , [0.11063166428018396, 0.016680177736385998, 0.06264888230410735, 0.06233366538668536, 0.019139593988534577, 0.18935409608133946, 0.026522204314468473, 0.024512046208597756, 0.051199643539871, 0.03766922195357504, 0.01619814731328065, 0.06248460585392912, 0.027726748161773142, 0.039983330465889, 0.039449871500108716, 0.09745277191866517, 0.05325489110580668, 0.03667949240277835, 0.006057882787675787, 0.02002106269634441]
                  , [0.05693413866229556, 0.008902979593377325, 0.2329772851848735, 0.17824416321599507, 0.008237002138128937, 0.04969856601512221, 0.022702634758703783, 0.014436218862375129, 0.052007609972733244, 0.019894659697325928, 0.009412712310888974, 0.09812601853516484, 0.018632053538022247, 0.04844032177921342, 0.027173682813128514, 0.07574648114922192, 0.045940166631276175, 0.021020796943107514, 0.001885792238498115, 0.00958671596054766]
                  , [0.061200016963883636, 0.017784067153054486, 0.031124997468204116, 0.05049981370237096, 0.01845660223429591, 0.03595385431906635, 0.03516514709368476, 0.02467508631974292, 0.13914794139433864, 0.04840604186208313, 0.01768556530023843, 0.0416700173335877, 0.029338270291612664, 0.06905707164467434, 0.19724076196143114, 0.0626003845592289, 0.051018180336478335, 0.0337914768726858, 0.012873479798464246, 0.0223112233908737]
                  , [0.08115474245898716, 0.003929657999009108, 0.170703256624547, 0.2842285186409046, 0.004192793562996236, 0.03057143862569814, 0.017723541935571848, 0.009234840378883042, 0.06479912974313015, 0.018132873833337376, 0.008207354665187292, 0.04650377958414084, 0.025066055335826308, 0.08122759441478448, 0.03514198076726515, 0.05175173706383937, 0.04035074442480349, 0.01996149914053871, 0.00184993599375821, 0.0052685248067916015]
                  , [0.06155804544544225, 0.0018092854322389375, 0.25851331148921275, 0.15067925756962225, 0.006343263909463974, 0.052585197131843224, 0.023028805680370884, 0.009382084846513285, 0.052040472157109156, 0.01586577930702296, 0.00686690702685441, 0.11471540656075678, 0.026152027569892405, 0.04586865283436316, 0.02724621842890083, 0.07128073703578718, 0.04553392181717471, 0.017688240193887157, 0.0028644989669917137, 0.009977886596552039]
                  , [0.04007100164779488, 0.012592702278078214, 0.008874945620929083, 0.014872679418781816, 0.028829631934179083, 0.01005415715326628, 0.009486541299947972, 0.2517554099832849, 0.017258739187881164, 0.18144636738272318, 0.0470652511409696, 0.011578905875064018, 0.011353270468619175, 0.014873670232908196, 0.014632081541840211, 0.02113142346358356, 0.03993390155126707, 0.24548884908691668, 0.004649020908242244, 0.014051449823722507]
                  , [0.34124461938914524, 0.021023412881893678, 0.027171989562174877, 0.03956803155882512, 0.008979703869357644, 0.07167833896134962, 0.01251243708176972, 0.023179812220892118, 0.030018450153576615, 0.027604972955237693, 0.01305679688573657, 0.024872267451729796, 0.023691104825126225, 0.026427428313755327, 0.023599828038184063, 0.14574354733131623, 0.0701013209983676, 0.05908348497342262, 0.002459333994723082, 0.007983118553416026]
                  , [0.11904951093520855, 0.02084728298608327, 0.026734730296043414, 0.03412372905993788, 0.01456858592342915, 0.03289805372914428, 0.019647390832252833, 0.042332964625551445, 0.0371697314627502, 0.04344688167899424, 0.023109394700121286, 0.04145394381315693, 0.02719368769753024, 0.03135172511905016, 0.03279210722925517, 0.1627562464715205, 0.20584581511394742, 0.06736974635653312, 0.004421621177142933, 0.01288685079234685]
                  , [0.06746631187263304, 0.012579059308393363, 0.044630331420357515, 0.04975258490708095, 0.048379924972973005, 0.03678166979928269, 0.14864306950270467, 0.025435406199318018, 0.04724923958932022, 0.053994413448295545, 0.018344651443365275, 0.055630753354739174, 0.0256463884361178, 0.060600873985434005, 0.06353954258108215, 0.06087019096659663, 0.049432363467736856, 0.03764876513274218, 0.017075522609796178, 0.07629893700203086]
                  , [0.025285026519830372, 0.014458537145679134, 0.008612905331806961, 0.011716694286034814, 0.2971053337877865, 0.008905221586071838, 0.03838050476235901, 0.03852242371802186, 0.013631633250499172, 0.11356699247493984, 0.03037667971250003, 0.014702506471511263, 0.00693340673345186, 0.014547182523531424, 0.014760183577109643, 0.020496792197862768, 0.019927552628227964, 0.0361574632115365, 0.03187622200674981, 0.24003673807448905]
                  , [0.12722403598535914, 0.01039421675298608, 0.1370512963549026, 0.12626757059854185, 0.008719185164870703, 0.08413004639582548, 0.03178702673768246, 0.012224385599211842, 0.034115270971892875, 0.026101098645206475, 0.0081444448274912, 0.05321878767613099, 0.04268337853836968, 0.05898273029349755, 0.053734263239737186, 0.08600541467393547, 0.05781682234700545, 0.02689314388784457, 0.004613496483932737, 0.009893384825575481]
                  , [0.03727148524721363, 0.013402204486393265, 0.019609209698952173, 0.023757042883876065, 0.22385980637577776, 0.01920639482560091, 0.052648937589616876, 0.02726173125521906, 0.026275636301657853, 0.06511793993474704, 0.017728387135967867, 0.02894367038441847, 0.016843065366341795, 0.02675882119534798, 0.02648681330691146, 0.03652971763557724, 0.029470909916360227, 0.031787801110700085, 0.02486047703270882, 0.25217994831661156]
                  , [0.117400311364266, 0.018950142053854157, 0.04245108075074802, 0.060722164373338675, 0.02617032621906278, 0.04898396705973184, 0.023600088323277847, 0.05212692143735446, 0.05316905834171016, 0.07516957093030552, 0.025329467678337807, 0.04319307121460674, 0.039668872997515196, 0.044292052079800505, 0.04890735545458302, 0.09200378810789038, 0.0814712697858363, 0.07432192012630975, 0.008244893978952275, 0.023823677722518508]
                  , [0.09822449654665441, 0.016952325353057327, 0.05367602264349732, 0.03639760533775546, 0.008307980457729238, 0.43008628606517163, 0.017455513667548193, 0.009951020495409338, 0.03444466401480032, 0.016971035430302213, 0.0071741393104169, 0.0609091384822861, 0.01532060688106287, 0.024731794842297785, 0.027251064890131075, 0.08121321888876586, 0.03220751439510782, 0.017792375203130473, 0.0027611450060064375, 0.008172052088869036]
                  , [0.21353154950374217, 0.003935732530062723, 0.04518467609597086, 0.04551784174936297, 0.013083310505499919, 0.08629062023114027, 0.012292579165957343, 0.02663158330670145, 0.04160152953362398, 0.03386411170538443, 0.012470007387046284, 0.04186730572976557, 0.04844434347735315, 0.03223018409485094, 0.02831566418499223, 0.1421734376199991, 0.09495549651685728, 0.060517668424454975, 0.005342374056542753, 0.011749984180691609]
                  , [0.0992326967967739, 0.012509171528872801, 0.053564574517063084, 0.06935258139023008, 0.020478099304622667, 0.050348053936179395, 0.038098264323943594, 0.023349606545531667, 0.0508055796505194, 0.04254286881132497, 0.015494837878679004, 0.043186485683587544, 0.1658246169436075, 0.05380349579778256, 0.04890287679632902, 0.08495117735386226, 0.057746373866336735, 0.03962557909840834, 0.008663992870044237, 0.021519066906300965]
                  , [0.05341071799003943, 0.014403610281824644, 0.01858509626177378, 0.027414882154821876, 0.04106033452791733, 0.01861438549686356, 0.018682258155602233, 0.13089651957476414, 0.03209435052063493, 0.23669719595558342, 0.08083043653475516, 0.024110277719301822, 0.016978323458466192, 0.03214390988371661, 0.02870006738598836, 0.04005589358848665, 0.04548552620639115, 0.11303223359922783, 0.004822098053669753, 0.02198188265017129]
                  , [0.24378152684409468, 0.0153721335799076, 0.04699509127518148, 0.05792193949836807, 0.011650162157360582, 0.08202197351558072, 0.022974954417877714, 0.02254914009248081, 0.025368008785106484, 0.04102692642995953, 0.01301769816252274, 0.024241995831984657, 0.04206717985079705, 0.041529984453566225, 0.05446407855381025, 0.10351895220717296, 0.07299729938279416, 0.06162676948295412, 0.00669523860719016, 0.010178946871290243]
                  , [0.06330609746754201, 0.010889495869826541, 0.08700126060754276, 0.13053248784007232, 0.007447314653848776, 0.047091546200785143, 0.04115352280802809, 0.010933939752426933, 0.1203489337367588, 0.02624863979004265, 0.009117787866595044, 0.06917356855590624, 0.019702294817060245, 0.1010079233100768, 0.10098601376055974, 0.07270342286748507, 0.04667542844144619, 0.01872399196309566, 0.005225649598327751, 0.011730680092572873]
                  , [0.08065417896704541, 0.0031563313824355304, 0.06461470644172956, 0.08476295496221757, 0.017529989193018732, 0.049714046395552956, 0.033403102954961225, 0.02301268289316924, 0.09890698679217028, 0.04160156399515017, 0.01557657567250151, 0.06394367537570804, 0.032503985224232014, 0.08746789828054907, 0.08516541908076755, 0.07975893420158042, 0.07004709253009214, 0.03618183245648502, 0.00911507515429589, 0.022882968046337916]
                  , [0.08140290640701814, 0.0032994228389359994, 0.07399185723340809, 0.12662397721752616, 0.008504792769164384, 0.0324513983880801, 0.02989712832044163, 0.01724432814723695, 0.13075814598509153, 0.029112226784500705, 0.01073701885158399, 0.06809521626571995, 0.027751332477961608, 0.09613973337911567, 0.07698801899520145, 0.08152213507404461, 0.06500080238000336, 0.02683855268401431, 0.0011607908269499197, 0.012480214974001442]
                  , [0.24353306261910362, 0.013600739690339547, 0.025488100487600886, 0.0280073008053525, 0.006752386830040102, 0.35584382623924604, 0.012457761568445294, 0.009798164675466401, 0.020541603395303882, 0.016287469693034365, 0.007691735562600045, 0.025131276725431584, 0.016802930682310754, 0.02020839603117645, 0.021345560381083144, 0.10666147365960768, 0.03679306236931204, 0.0246680700047313, 0.002507336992054108, 0.005879741587760192]
                  , [0.09195465212373252, 0.003824530054560416, 0.025008948968330495, 0.03498218372501224, 0.010967087912569236, 0.02451053912550822, 0.01656084602596643, 0.016140674152378257, 0.04010221376798259, 0.03056566286108035, 0.00931501646955326, 0.02580942685057151, 0.44117650608906406, 0.037581495220580394, 0.03162357138436347, 0.07280487086730097, 0.0418231739261045, 0.028276362431248432, 0.004378648931881827, 0.012593589112210549]
                  , [0.12781509562834434, 0.016660679018524353, 0.031106407476682727, 0.04302398675657363, 0.012170437826694648, 0.03829346166801018, 0.0184545593502477, 0.024582442967164036, 0.04119969870016343, 0.038488947706807074, 0.014321598788381063, 0.03919182977291534, 0.21887643476907265, 0.03727609658045142, 0.028548630995878257, 0.12553963556821282, 0.0859821624037848, 0.04313005559443095, 0.003689384992953742, 0.011648453434706845]
                  , [0.026378443462858624, 0.006191621889285717, 0.009324333369281195, 0.012519735678322597, 0.267817495263939, 0.009904142593329533, 0.058254628969281574, 0.019336596106670757, 0.010934163476602558, 0.05672245035707289, 0.009374194668959914, 0.0128962732104201, 0.010209776020185052, 0.01749116742874303, 0.017126325287097365, 0.018532169322691205, 0.017985645674181778, 0.024513071080643253, 0.06925965367749187, 0.32522811246294203]
                  , [0.06888132471449528, 0.010686624655072162, 0.00970255420328041, 0.02003973776145733, 0.015829356814814535, 0.01095093595160957, 0.007969348148581237, 0.23330349092429328, 0.017654504543903524, 0.12907579471516487, 0.03183971018151998, 0.010866580455178484, 0.011458355622387405, 0.016529486959824664, 0.015960431174456675, 0.025776689249128605, 0.051756461014871344, 0.3032980623912789, 0.0016941518716216382, 0.006726398647060047]
                  , [0.07487220779460503, 0.0028184042344215755, 0.02195470947662775, 0.016774096677667633, 0.004097273308336016, 0.718868969874433, 0.008376606450991732, 0.005126693778542681, 0.013160795732286781, 0.007651084960990044, 0.0037309193629884024, 0.021690342501829548, 0.009825348722030265, 0.01158347748011077, 0.014338797900897744, 0.0345032203981092, 0.015472171395368143, 0.00972013192811415, 0.0016396535308393595, 0.0037950944908103053]
                  , [0.04420109186938227, 0.006410968749781442, 0.3055381811460709, 0.16386632851354785, 0.005224329946108347, 0.06033045722611913, 0.034452847396509875, 0.005953309472053998, 0.03771954235984713, 0.010739298406490289, 0.004450380990479617, 0.12529242516238887, 0.015465191751084857, 0.04227317010533184, 0.02713999651110719, 0.05752449745237044, 0.030507543033667324, 0.011253160833081532, 0.00318890833346915, 0.008468370741107917]
                  , [0.05577130996293625, 0.01624356889916034, 0.01742817355119595, 0.02589915278877805, 0.06294290486598132, 0.02245533330596546, 0.022673077683688585, 0.09888048163033954, 0.023068487347410644, 0.2411141852559372, 0.052300295954520216, 0.018408198815434495, 0.03417059005939197, 0.03312495935520282, 0.03592063994866054, 0.04062637665552229, 0.04429693168181034, 0.10874038621636706, 0.01494247265070657, 0.030992473370990196]
                  , [0.11429395518725687, 0.11925717937966968, 0.029563929182324925, 0.036445440330010175, 0.02762630588186632, 0.04602106002710254, 0.02768149259958757, 0.04507585199822421, 0.037435693283313275, 0.06679835645498623, 0.024434823613017083, 0.041920434425276154, 0.02548395892392308, 0.03837858549782325, 0.0417234760849289, 0.09741039834314384, 0.07329146249084927, 0.07137496661937798, 0.009138402258195866, 0.026644227419123014]
                  , [0.028743812796153696, 0.007474221816709787, 0.0032673701979055634, 0.0062916571439756725, 0.010334076211225946, 0.003136123835646786, 0.0035943322996707153, 0.3721607379067548, 0.006632711405918432, 0.11223049628695884, 0.026793188872295527, 0.005628342331083121, 0.0019473922758718675, 0.005819374926045452, 0.005230525836121812, 0.008780259100126102, 0.03173054269132737, 0.35518531095130657, 0.0006843920750376543, 0.004335131039864061]
                  , [0.025411477983854437, 0.013754272357774636, 0.004990316214676256, 0.007919465435158254, 0.05723123541042855, 0.006457690270451973, 0.008219344880493779, 0.1426179259117869, 0.009569594709194674, 0.43343231037504043, 0.10677427944642355, 0.009444638932596932, 0.0068669200685143525, 0.012583784919412293, 0.008198712358064597, 0.016547384650643232, 0.02065398918450087, 0.09287807229803594, 0.002564230449098164, 0.013884354143850324]
                  , [0.2566300704930895, 0.022035468996025976, 0.014275129784826273, 0.023496566981454022, 0.011881287970024608, 0.03415839899275642, 0.011698843861133604, 0.07909609486286756, 0.017342925449159545, 0.054969809711506605, 0.019698152241773983, 0.015054579238020404, 0.022757489319828933, 0.019338828289929163, 0.019273745553808987, 0.06973419783372763, 0.08469584980845822, 0.2119505517109367, 0.0033605538033479243, 0.008551455097323937]
                  , [0.0879340268072674, 0.006832895841860703, 0.043093347647467896, 0.04681710943790066, 0.016499840094568126, 0.033390371205397125, 0.019577630470038018, 0.046515206836957555, 0.057807559467002265, 0.043531522817396535, 0.017076071247547512, 0.06925533856993357, 0.023160740274895526, 0.037464492842610955, 0.0357015487136088, 0.13019068881850088, 0.1963493105208512, 0.06668216680290544, 0.00566972990981729, 0.016450401673472618]
                  , [0.14837473067636445, 0.01578415523029452, 0.0526189860825395, 0.062824540331788, 0.01195186872941914, 0.05754102328126637, 0.01994181379106306, 0.02919020721830253, 0.04969900141817561, 0.03593905573594184, 0.016637513162443014, 0.06467360152422691, 0.028988670925273394, 0.04589617657693009, 0.03373229228058905, 0.16293136700350103, 0.10326584105231411, 0.04601315055248461, 0.0019061006116579007, 0.01208990381542491]
                  , [0.0781569452979565, 0.004274309792787001, 0.01036955493918431, 0.012870656011728137, 0.023569439943674147, 0.015008381208495788, 0.0061942396955276475, 0.21704295319178127, 0.01318845069650566, 0.12161335051175211, 0.0374752129841695, 0.013368323184745215, 0.02095534068543937, 0.013678507749394473, 0.011871737509752643, 0.03185868801588727, 0.05940050309717578, 0.29260240991801734, 0.0047322200586708526, 0.011768775507355186]
                  , [0.13552240699522064, 0.004498567189119733, 0.09538111253980902, 0.0856003188349399, 0.007913327082615372, 0.05782792667269134, 0.010975641443216432, 0.012131642125686416, 0.060684479113875714, 0.020232577573977957, 0.008478650135168667, 0.08228065959238, 0.030473855305881252, 0.0534169686877406, 0.028753200793167618, 0.16158057563232398, 0.10369177031840261, 0.026081316564434406, 0.004415790357256349, 0.010059213042092048]
                  , [0.11906585882652758, 0.006608936305610586, 0.08386851199416163, 0.11918084875589359, 0.007562519803462134, 0.03006062214092999, 0.01879671307961708, 0.015209742829427452, 0.052939994312480386, 0.0239521160995878, 0.008273559495675068, 0.039523921352653445, 0.21484654148845206, 0.051006166705116394, 0.028535540413157354, 0.08958465325466507, 0.05379018057648855, 0.026699633656735486, 0.002425719835222106, 0.008068219074136391]
                  , [0.12600014014535388, 0.00957312523523498, 0.0454769835545534, 0.07303413338387543, 0.011628215120644316, 0.04541206357979825, 0.05072659174910557, 0.016221525336708054, 0.06131424241245774, 0.051091047395668526, 0.012465735824667446, 0.026632814228944354, 0.024133352805064137, 0.10003684494482738, 0.17733699798203378, 0.05780947762528231, 0.055218094252003254, 0.03636081406348742, 0.006505032799285211, 0.01302276756100447]
                  , [0.11240424105307797, 0.008361083400187125, 0.052336953867817164, 0.03949746762832601, 0.011969698905946782, 0.35661278451947775, 0.019425046458259054, 0.01244334665485318, 0.029227432838621604, 0.02056877589664531, 0.0092127404413099, 0.048681574745364053, 0.02695620353672568, 0.027017887587794425, 0.03600380678281934, 0.09575312658078991, 0.04388619181255438, 0.025089498308352696, 0.010853270398659524, 0.013698868582418247]
                  , [0.06327504535554018, 0.010678824828303913, 0.21813049114123045, 0.1428853525517776, 0.016561220932327807, 0.06381582948662079, 0.024626073419138052, 0.015992803165782287, 0.04458096842793455, 0.0289434632508438, 0.01198504212318998, 0.0921705924330091, 0.028609231154389236, 0.039212364723277396, 0.03132741370560358, 0.06750846169676916, 0.04357901087170448, 0.025877964093522166, 0.009771692930964698, 0.020468153708070553]
                  , [0.060357143750526816, 0.0042018869329508495, 0.16129383850023127, 0.21844598847575047, 0.003499113345206054, 0.037639488691044456, 0.026111851185000774, 0.006875158530198623, 0.10609516974896584, 0.014046784852277143, 0.007629847842203928, 0.0885250507572513, 0.011489584098927762, 0.07624667295886033, 0.049781525149682405, 0.06733809515164826, 0.0392718983939257, 0.01181822898696944, 0.0006116334744623595, 0.008721039173916369]
                  , [0.1661162245049154, 0.006745473898425226, 0.03181376827354059, 0.04344466505279228, 0.0063736852650399895, 0.03912428431659376, 0.01379073041301459, 0.012335149385595422, 0.019133863062482638, 0.026919390659053872, 0.007368086416647526, 0.014676592132414908, 0.3976739231215136, 0.026575849397477706, 0.03616429069162443, 0.07121597676509134, 0.04057917923513174, 0.031556226667703254, 0.0034676780249747073, 0.00492496271596674]
                  , [0.17982084822880148, 0.020006633842698705, 0.03939365057082205, 0.03358670208922457, 0.005422486593578387, 0.11350429211682825, 0.017148417825025616, 0.009105925904502179, 0.02337535821205557, 0.016022234678988122, 0.008003550367260064, 0.06370728675247155, 0.021758783320356165, 0.02896067610480527, 0.021483374764096657, 0.2580364251474836, 0.11113571400621533, 0.02151914528472469, 0.0022096435281254295, 0.00579885066193611]
                  , [0.08271063248664448, 0.009993724095745681, 0.06263960214926924, 0.0501691632475571, 0.0052564114622771305, 0.04999267011091762, 0.03606638687420442, 0.012730796969871455, 0.05778465711375747, 0.01830040829989469, 0.008741488221337102, 0.1504484346709721, 0.01676921719868298, 0.0528461413119895, 0.03611909726076993, 0.19111260924811266, 0.12744512542719671, 0.02031834721134516, 0.0019951396165625193, 0.008559947022891938]
                  , [0.07702709968842056, 0.008382282910471535, 0.041228061206507106, 0.09841966746884774, 0.0036225804483170066, 0.03016059231263721, 0.02788291634966024, 0.01448013275495626, 0.19215436200339733, 0.028965043240994127, 0.013424494518719137, 0.04935113609915227, 0.011987778572546518, 0.10290013067898177, 0.1459144901959748, 0.06915795418545768, 0.05648543070375791, 0.022617881104747294, 0.001106602403684082, 0.00473136315276953]
                  , [0.06203038667463413, 0.008876205119779495, 0.023697578288009034, 0.05689963995700563, 0.02497450976515287, 0.019339513807661655, 0.029927785241921134, 0.0851745500228669, 0.09289188606441554, 0.1329934865119167, 0.03363601376027358, 0.029646220496224084, 0.02129205442325608, 0.06522622707821345, 0.089750325776388, 0.04562244764264324, 0.05698434845533844, 0.0927400533414745, 0.0068184639713220994, 0.021478303601503386]
                  , [0.11171685099653704, 0.0055169953225746695, 0.09809932687474358, 0.15962221179891264, 0.004074507584638502, 0.0369029477688035, 0.04074440474516519, 0.009700007463141523, 0.07604558632049295, 0.02366944354372373, 0.006218695595359339, 0.060911131014460246, 0.006568278530805007, 0.11972805363011983, 0.07486235545795811, 0.07842980291645472, 0.05816114157498821, 0.019764325287483623, 0.001967517819377938, 0.007296415754259669]
                  , [0.42225839558983524, 0.022132142611982108, 0.012319603919522104, 0.01634125266958064, 0.003196317034503823, 0.07956439541572377, 0.006142035912413554, 0.007065922175095189, 0.011878776926677184, 0.009639264250680867, 0.005747434519877689, 0.01755150232121712, 0.010793528876837422, 0.0122009819392087, 0.010624503430449269, 0.2516116482347259, 0.06806671004999826, 0.02842935216550965, 0.0010393816204557404, 0.0033968503357056272]
                  , [0.05617773845140183, 0.016477611465572597, 0.01656333565280175, 0.024192727723617195, 0.14352736550798798, 0.021466812990222052, 0.03662618109893496, 0.05892541355165294, 0.023995446219359, 0.13674721667158565, 0.03441205911100852, 0.021240672086697523, 0.015865993533322152, 0.02941501195806859, 0.03328844282787958, 0.039274050117400164, 0.038911633640188646, 0.06492778279216804, 0.07620180670870959, 0.11176269789142111]
                  , [0.04356989055499303, 0.015168589977671884, 0.003301122407868325, 0.00585360162147374, 0.023787552345561076, 0.004489535177968884, 0.00404568813616188, 0.29164633600105455, 0.005570918349589209, 0.15656109679604654, 0.04305178840613882, 0.005016071846118114, 0.009991377965336114, 0.006621454955906535, 0.005415146915845613, 0.0117931706864252, 0.03377483642660832, 0.3168471490216738, 0.001724515306983173, 0.011770157100575147]
                  , [0.06085641334271021, 0.0009476502717627265, 0.27646739072537874, 0.34159321300580164, 0.0017535610197010798, 0.020817445361378795, 0.017167944418601797, 0.0031279281448708253, 0.0473725858561349, 0.006624136762304134, 0.002331408374124212, 0.054340468646855274, 0.01186980757496154, 0.06083896586218055, 0.014624943436060162, 0.039779318871247624, 0.02623472810431514, 0.008677614987905723, 0.0005426868096903453, 0.004031788424014207]
                  , [0.08693929213899605, 0.010379585437767467, 0.024418976743278774, 0.03189378716552597, 0.02960509803475623, 0.03054718011830411, 0.025790830992414058, 0.035952086951055055, 0.03408282588293929, 0.09573153287605266, 0.02194649954855298, 0.028718121935006738, 0.23155229664239635, 0.043209488415399365, 0.04009095713846731, 0.08698003448662903, 0.06160713808416632, 0.04858594846646401, 0.010343385905752211, 0.021624933036075954]
                  , [0.04388968154841627, 0.002036938270338545, 0.11682455000440044, 0.10024547714309376, 0.010920115544219271, 0.03716775150430298, 0.04913693109055909, 0.013383313454665419, 0.11975014217880214, 0.021193609115003894, 0.008627827228116378, 0.1560062868284798, 0.014388278907636977, 0.07085275334497959, 0.06027405560554529, 0.07697130288833018, 0.05399274605598053, 0.016697773508203336, 0.0039377570703627756, 0.023702708708563173]
                  , [0.09481594616880853, 0.0060829533268852015, 0.2200878384908564, 0.16167843170702373, 0.0023304339798041343, 0.08266488991534872, 0.022621688969705973, 0.004963542913278736, 0.041668668463728666, 0.009814873223825413, 0.0035652343720004335, 0.08592736944136556, 0.03076022692131558, 0.053733139931094444, 0.028326460163424032, 0.09021072871198015, 0.04635989636931196, 0.010169242693358276, 0.001056483515920408, 0.0031619507209636475]
                  , [0.09460227254561522, 0.03278954987128362, 0.014387782728919902, 0.023802615669956055, 0.026583952522709755, 0.02147899586124502, 0.018108060807521278, 0.14599182331686592, 0.02371306725061677, 0.12865457779249748, 0.029079246578341277, 0.017935915816129584, 0.015943675237475932, 0.025916985606098737, 0.02898900751729591, 0.04903004820356534, 0.06438401590758286, 0.2146801076574785, 0.00750291155326494, 0.016425387555535974]
                  , [0.07285736457000484, 0.0004969861729351569, 0.12359292179026415, 0.16550326106218868, 0.003819306458618218, 0.03927849211873913, 0.027273451791695467, 0.0068840086945530995, 0.12082722725290257, 0.01727444323800456, 0.005265315027508103, 0.07879975856289034, 0.01764351535132243, 0.10194500554488503, 0.06408070551155821, 0.07116338664689463, 0.0556925409329638, 0.01672844813367426, 0.0028875056876508038, 0.007986355450746488]
                  , [0.07814410736763058, 0.0020597274100950767, 0.11656350011130776, 0.11247073263982427, 0.003550358522243766, 0.07081932164284627, 0.038514244634451134, 0.00564577503225179, 0.10948368217802115, 0.013154628227267854, 0.004448481183694346, 0.0999490714245175, 0.025309950537011332, 0.0752375875992601, 0.08035128158704118, 0.08831434121279065, 0.058674692735270914, 0.010808903977058621, 0.0015063004551564801, 0.004993311522259202]
                  , [0.04214805578841255, 0.01223988549870804, 0.003497520454690433, 0.00777928189156647, 0.029681703289044657, 0.005809629833938478, 0.0069609634834869065, 0.23333054431154795, 0.008841028077787715, 0.2742315958786157, 0.0644885835572151, 0.00469439584557346, 0.004916394390711136, 0.012390174983254136, 0.014441463216775365, 0.014366996544270264, 0.03103840811760329, 0.21957203954306762, 0.003838816351959703, 0.005732518941771063]
                  , [0.06059017647226833, 0.009793979226115369, 0.07484470408388665, 0.08526763208412165, 0.041705296325102066, 0.03399681234901142, 0.10478572137792318, 0.024457351485204525, 0.07248726554967619, 0.04639541864275418, 0.0161290276483758, 0.07408860598235319, 0.017900057380355095, 0.06739365742719476, 0.04883127164375385, 0.0660206774619668, 0.05152948411755577, 0.033739850342279984, 0.004476642765415244, 0.06556636763468593]
                  , [0.031920141901741944, 0.005089811847536971, 0.006720196458481358, 0.012042131832897651, 0.0379285483363159, 0.007223707561434086, 0.007606790390108467, 0.1503364887774262, 0.016588672523474606, 0.39716737321371665, 0.11682778278844802, 0.009813550351841779, 0.0061446664162685275, 0.01986405647602008, 0.016902120343958483, 0.01649151116402627, 0.027796243657498894, 0.10317555942916252, 0.0012615285902166336, 0.009099117939425149]
                  , [0.021505609377473686, 0.007258984002150407, 0.0021801978078878747, 0.005541282368125533, 0.041784456118827105, 0.0024226886192853783, 0.003840005526380006, 0.2431827751749581, 0.006396289948650954, 0.3617842463682187, 0.07939014826066106, 0.004495163044954297, 0.0021564307282669424, 0.008978378253660201, 0.006299445449410001, 0.00715491557970967, 0.019649363235606086, 0.16066807509112524, 0.004174749968579501, 0.011136795076069395]
                  , [0.038766971029602276, 0.013124743363072745, 0.009406606320073996, 0.01421010807758812, 0.15758852532856785, 0.011428362691715535, 0.023619596552424606, 0.11069009703210908, 0.015633851536856855, 0.23281876242050728, 0.05346831136753846, 0.01425349229663574, 0.009554810256137811, 0.016967572447311362, 0.017633952746992733, 0.026155395869148026, 0.03350545369999706, 0.10027513279429845, 0.014558459242096249, 0.08633979492732588]
                  , [0.02853865191571205, 0.0032257755744887723, 0.004886345685480212, 0.008245912037477566, 0.040738236303522156, 0.006127128826370702, 0.006785281097310403, 0.28745454387286756, 0.010283321758632322, 0.21885172956404547, 0.04448258090409044, 0.00663849198084219, 0.004044632399846106, 0.007041385330966124, 0.008730190786844205, 0.014386296923026497, 0.02949972901198804, 0.24966200481875886, 0.0025607379638767163, 0.017817023243853577]
                  , [0.05223316814155908, 0.0008808020322705329, 0.039967459774626304, 0.10275067437652588, 0.006453890409509247, 0.024649117015593233, 0.025969217748448018, 0.025167818662100366, 0.2074363859103662, 0.034768447314325435, 0.01910711421498073, 0.054365895339031835, 0.011974247983833368, 0.09689736845517917, 0.1387798678377455, 0.05869701752211837, 0.05715660792159788, 0.028008390151616568, 0.002382226249448911, 0.012354282939123468]
                  , [0.03076811524236312, 0.019255381356367996, 0.0033925940581871488, 0.0056904426225154285, 0.16570011538455515, 0.0065809611053905355, 0.012018593076606292, 0.1151719567933593, 0.006254177311821831, 0.32536725058259297, 0.08268877341072986, 0.00659615935160957, 0.004366049485372776, 0.009329224067315928, 0.007499899751011288, 0.013641369053588124, 0.01865940274211667, 0.09087274812224785, 0.018795567424296705, 0.057351219057950986]
                  , [0.052101888516722566, 0.01199525715741238, 0.026163249482903758, 0.027311379298095455, 0.12694102724922124, 0.02992172867321644, 0.04321119491705769, 0.025506242029655193, 0.03191404937638907, 0.0576661315627025, 0.018021407700466854, 0.030927800086354824, 0.019960157897536742, 0.03091644260662071, 0.037596442006580334, 0.049051246526241724, 0.03981167542367526, 0.03727367509602995, 0.14490308091059517, 0.1588059234825222]
                  , [0.15499556596965405, 0.001317256234132854, 0.09207291285252722, 0.14063188193271492, 0.002240825424729323, 0.028072455951732828, 0.01152215039761855, 0.005034372239936919, 0.0749694922771192, 0.012897897359041415, 0.003647211987877537, 0.026408904002888058, 0.22762851224227706, 0.05216712596258592, 0.031255290327127726, 0.07120882040442651, 0.04347062526488375, 0.016788969974245695, 0.0008810601193012461, 0.0027886690751789916]
                  , [0.07433306149604457, 0.01749722980128839, 0.03355758241929195, 0.042970875187781775, 0.035328512995647446, 0.045112200488556825, 0.0327405679123927, 0.03265374641699757, 0.045483106807561104, 0.06905410774213104, 0.024440866319573876, 0.037046601903544654, 0.029610015867153807, 0.04798381820127813, 0.057915412989729756, 0.07071448176516894, 0.06149766921902173, 0.04718330082484415, 0.16015318524277378, 0.03472365639921779]
                  , [0.03198525881668349, 0.00242630357234164, 0.010159804810950274, 0.013700869872861943, 0.26059610017445856, 0.01427492764885481, 0.03616186940137286, 0.04063297046076049, 0.014512904597156784, 0.122614736559459, 0.038218710658059714, 0.019673957439924616, 0.010704941236731111, 0.019703989991592306, 0.019116598530041627, 0.02686644416526501, 0.02472001114356487, 0.04226568372905523, 0.02573744141291006, 0.22592647577795563]
                  , [0.032112514010372094, 0.0016631314542019625, 0.011001628837717603, 0.026494014879284197, 0.006897467151309987, 0.013953700363709892, 0.03713961243720989, 0.011190981691555196, 0.2692079413321607, 0.033265144846577506, 0.00986959427534851, 0.02910558351347743, 0.006720527824963491, 0.07716532023340611, 0.34854149919226957, 0.024855210933663732, 0.02826480922064971, 0.0173968695499106, 0.002334559598537524, 0.012819888653674213]
                  , [0.05701957247468815, 0.004227950664774562, 0.017427553259188096, 0.02210251927495424, 0.053757016491776215, 0.022370340621543146, 0.013494907417831832, 0.12915319195102096, 0.027773426195625325, 0.23114590843039803, 0.056157280620179925, 0.023358962814698316, 0.018662552940943506, 0.026263641906724974, 0.025745759788098156, 0.040456718325026626, 0.05551995999583111, 0.12224086995803801, 0.023193404641221514, 0.029928462227437384]
                  , [0.11331011051396757, 0.003790225470422778, 0.11153667204313027, 0.1785875143454566, 0.002915174500472208, 0.03169765363678744, 0.0199185491923715, 0.011627257617278113, 0.08331132666209447, 0.016199910998537848, 0.004139822790055071, 0.06421164046096262, 0.01956931004214927, 0.09806297141138764, 0.041925111385838515, 0.09313386239984175, 0.07866593434791483, 0.023818304321607132, 0.0005043328039036381, 0.003074315055820769]
                  , [0.03297996637706721, 0.001959910354110791, 0.0043459768447700504, 0.007858591355224308, 0.029782037390438932, 0.007115424549671949, 0.0038271104147617517, 0.25531079237583787, 0.008400822696930575, 0.24184606716411955, 0.06409765202025751, 0.006076978019462515, 0.009399363719274377, 0.011563486237444276, 0.009421950817484639, 0.013923256825382025, 0.03601646753475541, 0.24865860828821812, 0.003069614304342369, 0.00434592271044559]
                  , [0.04650134996623396, 0.0039052459422949746, 0.06534904389367473, 0.030087613695356757, 0.002968987401285167, 0.6373898715858061, 0.011390453746783314, 0.004023288373875829, 0.024730392722620665, 0.0072970016469193115, 0.0033509357226136384, 0.06375631285239297, 0.005344168160700882, 0.01741029947270759, 0.01480442318173664, 0.03734231814222734, 0.012782020672895373, 0.006957933802386618, 0.0013521204301353107, 0.0032562185873526244]
                  , [0.11258436378783296, 0.026125068784023285, 0.0053626755745468, 0.01011946581253909, 0.009094314470287959, 0.00804978369098112, 0.005549798197802008, 0.18290760126289518, 0.012225308857624616, 0.06975878187564079, 0.02714851862277656, 0.010484698760516302, 0.007406030530870401, 0.011015698473013943, 0.008814186288887745, 0.043258041797559446, 0.1111201337491182, 0.3312227925000019, 0.0015807154895540456, 0.006172021473527675]
                  , [0.09871255097815892, 0.0038907158929685094, 0.09218626347708984, 0.09862947698031045, 0.006936299432372964, 0.2852633976782934, 0.015540550075969406, 0.01198928240998059, 0.06339240044923294, 0.016925442254746036, 0.0074873661175842736, 0.06584778364212074, 0.01603392381621509, 0.03909646415680791, 0.029742914405743434, 0.07874313188203175, 0.038616263599440384, 0.019681542773414586, 0.0024529690891040602, 0.008831260888414556]
                  , [0.042915186600733866, 0.008219259608388227, 0.007602805575431234, 0.011698040809406448, 0.05934647691197895, 0.012127487117134215, 0.012545006167188955, 0.10141338992198431, 0.008910569580577692, 0.4172714950633376, 0.08132802406146222, 0.0068991547037494366, 0.011335019132211183, 0.019540145181159436, 0.02254860187653921, 0.01772844633209979, 0.02443182757937811, 0.10455763683978653, 0.017205064114102508, 0.012376362823350112]
                  , [0.01564991037195435, 0.00868294165758945, 0.0026271458442900988, 0.004095752143586124, 0.06191470738199539, 0.003958368920842725, 0.0035589520367932544, 0.13141621181992735, 0.003542561927490583, 0.5215175361876423, 0.0996312505689194, 0.003439102880461799, 0.004694844187673653, 0.0058485631176471205, 0.007151676690949718, 0.0069724235185991265, 0.012432675354077017, 0.08917296784216909, 0.008044603260210611, 0.0056478042871809745]
                  , [0.03687280990587634, 0.005076422556970123, 0.02368060315713809, 0.07019860893235866, 0.005844363927459415, 0.024979809117454708, 0.03134522110191161, 0.011029524368055982, 0.23112887170100374, 0.026644089084717444, 0.012164292774255838, 0.03942431694601162, 0.019442646741720786, 0.12316468386217992, 0.22303979547090302, 0.04306740927944431, 0.039046632562678964, 0.01566596169790332, 0.01027684245138369, 0.007907094360572806]
                  , [0.0837831862869323, 0.009676749763750861, 0.024529728181612823, 0.026934271039711657, 0.005408040688496977, 0.024012425347953625, 0.012996553652723536, 0.011416368047603785, 0.028022272654959598, 0.013783996905963743, 0.007864913679584693, 0.03570160844928815, 0.010383921422888343, 0.023408864528962545, 0.023061986197399117, 0.30409664421904997, 0.3213520928100275, 0.02566925781288689, 0.0023921729243314405, 0.005504945385872286]
                  , [0.03223297558671244, 0.0017616288137873096, 0.40436724455499706, 0.11520399651407912, 0.0022398490889530727, 0.043248528994467725, 0.02197019113808303, 0.0038637502710984206, 0.028653751389419668, 0.006806726565810591, 0.002816167830374789, 0.19326315908472674, 0.005882816635527604, 0.028812856463487854, 0.014152128160930802, 0.057323550670930534, 0.026602741703433744, 0.007462857327168087, 0.0007821940220923437, 0.0025528851839189304]
